RequestTime,ResponseTime,StatusCode,URL
1704042401032090581,1704042402070466292,200,http://172.169.8.253:31112/function/opt-66b-submod-0-latency-25.cdgp
1704042401033503425,1704042401993053443,200,http://172.169.8.253:31112/function/opt-66b-submod-0-latency-25.cdgp
1704042401033627276,1704042401905728545,200,http://172.169.8.253:31112/function/opt-66b-submod-0-latency-25.cdgp
1704042401033720879,1704042401792728653,200,http://172.169.8.253:31112/function/opt-66b-submod-0-latency-25.cdgp
1704042401033899814,1704042402147753122,200,http://172.169.8.253:31112/function/opt-66b-submod-0-latency-25.cdgp
1704042401034011250,1704042401904834464,200,http://172.169.8.253:31112/function/opt-66b-submod-0-latency-25.cdgp
1704042401034091392,1704042401821520710,200,http://172.169.8.253:31112/function/opt-66b-submod-0-latency-25.cdgp
1704042401158499839,1704042402396847464,200,http://172.169.8.253:31112/function/opt-66b-submod-0-latency-25.cdgp
1704042401158601042,1704042402565272514,200,http://172.169.8.253:31112/function/opt-66b-submod-0-latency-25.cdgp
1704042401158701745,1704042402059601260,200,http://172.169.8.253:31112/function/opt-66b-submod-0-latency-25.cdgp
1704042401158793761,1704042402425135879,200,http://172.169.8.253:31112/function/opt-66b-submod-0-latency-25.cdgp
1704042401158859411,1704042402704409252,200,http://172.169.8.253:31112/function/opt-66b-submod-0-latency-25.cdgp
1704042401158931298,1704042402220236724,200,http://172.169.8.253:31112/function/opt-66b-submod-0-latency-25.cdgp
1704042401159015483,1704042402183933474,200,http://172.169.8.253:31112/function/opt-66b-submod-0-latency-25.cdgp
1704042401159076698,1704042402483538564,200,http://172.169.8.253:31112/function/opt-66b-submod-0-latency-25.cdgp
1704042401159142906,1704042402483031912,200,http://172.169.8.253:31112/function/opt-66b-submod-0-latency-25.cdgp
1704042401159207586,1704042402566708385,200,http://172.169.8.253:31112/function/opt-66b-submod-0-latency-25.cdgp
1704042401159278392,1704042402400978444,200,http://172.169.8.253:31112/function/opt-66b-submod-0-latency-25.cdgp
1704042401255405424,1704042402186463220,200,http://172.169.8.253:31112/function/opt-66b-submod-0-latency-25.cdgp
1704042401255496948,1704042402407829431,200,http://172.169.8.253:31112/function/opt-66b-submod-0-latency-25.cdgp
1704042401255566283,1704042402385341476,200,http://172.169.8.253:31112/function/opt-66b-submod-0-latency-25.cdgp
1704042401255605432,1704042402826196652,200,http://172.169.8.253:31112/function/opt-66b-submod-0-latency-25.cdgp
1704042401258128013,1704042402486794233,200,http://172.169.8.253:31112/function/opt-66b-submod-0-latency-25.cdgp
1704042401258207254,1704042402565506271,200,http://172.169.8.253:31112/function/opt-66b-submod-0-latency-25.cdgp
1704042401262534602,1704042402587994748,200,http://172.169.8.253:31112/function/opt-66b-submod-0-latency-25.cdgp
1704042402380496789,1704042403536423334,200,http://172.169.8.253:31112/function/opt-66b-submod-0-latency-25.cdgp
1704042402438922450,1704042403535356677,200,http://172.169.8.253:31112/function/opt-66b-submod-0-latency-25.cdgp
1704042402439005737,1704042403314702250,200,http://172.169.8.253:31112/function/opt-66b-submod-0-latency-25.cdgp
1704042402439123786,1704042403428302404,200,http://172.169.8.253:31112/function/opt-66b-submod-0-latency-25.cdgp
1704042402511255069,1704042404711511666,200,http://172.169.8.253:31112/function/opt-66b-submod-0-latency-25.cdgp
1704042402511379053,1704042404963432050,200,http://172.169.8.253:31112/function/opt-66b-submod-0-latency-25.cdgp
1704042402511456200,1704042404329037354,200,http://172.169.8.253:31112/function/opt-66b-submod-0-latency-25.cdgp
1704042402511541587,1704042404162441650,200,http://172.169.8.253:31112/function/opt-66b-submod-0-latency-25.cdgp
1704042402511618130,1704042404995348037,200,http://172.169.8.253:31112/function/opt-66b-submod-0-latency-25.cdgp
1704042402511712513,1704042404506165794,200,http://172.169.8.253:31112/function/opt-66b-submod-0-latency-25.cdgp
1704042402511805699,1704042404788602365,200,http://172.169.8.253:31112/function/opt-66b-submod-0-latency-25.cdgp
1704042402511886235,1704042404547283778,200,http://172.169.8.253:31112/function/opt-66b-submod-0-latency-25.cdgp
1704042402511966661,1704042403974376880,200,http://172.169.8.253:31112/function/opt-66b-submod-0-latency-25.cdgp
1704042402512057829,1704042405774744362,200,http://172.169.8.253:31112/function/opt-66b-submod-0-latency-25.cdgp
1704042402512173380,1704042403884429398,200,http://172.169.8.253:31112/function/opt-66b-submod-0-latency-25.cdgp
1704042402640420972,1704042405731638704,200,http://172.169.8.253:31112/function/opt-66b-submod-0-latency-25.cdgp
1704042402640504395,1704042404786313111,200,http://172.169.8.253:31112/function/opt-66b-submod-0-latency-25.cdgp
1704042402640657185,1704042406284317373,200,http://172.169.8.253:31112/function/opt-66b-submod-0-latency-25.cdgp
1704042402640720636,1704042403973118670,200,http://172.169.8.253:31112/function/opt-66b-submod-0-latency-25.cdgp
1704042402640829409,1704042407066593301,200,http://172.169.8.253:31112/function/opt-66b-submod-0-latency-25.cdgp
1704042402640910593,1704042405735184285,200,http://172.169.8.253:31112/function/opt-66b-submod-0-latency-25.cdgp
1704042402640985699,1704042406933554843,200,http://172.169.8.253:31112/function/opt-66b-submod-0-latency-25.cdgp
1704042402641023492,1704042404699802465,200,http://172.169.8.253:31112/function/opt-66b-submod-0-latency-25.cdgp
1704042402641131281,1704042403839603786,200,http://172.169.8.253:31112/function/opt-66b-submod-0-latency-25.cdgp
1704042402641239822,1704042404246493249,200,http://172.169.8.253:31112/function/opt-66b-submod-0-latency-25.cdgp
1704042402641360189,1704042404716331092,200,http://172.169.8.253:31112/function/opt-66b-submod-0-latency-25.cdgp
1704042402641416374,1704042404738954435,200,http://172.169.8.253:31112/function/opt-66b-submod-0-latency-25.cdgp
1704042402641508355,1704042405637332537,200,http://172.169.8.253:31112/function/opt-66b-submod-0-latency-25.cdgp
1704042402641570572,1704042404917443208,200,http://172.169.8.253:31112/function/opt-66b-submod-0-latency-25.cdgp
1704042402641626936,1704042405938225268,200,http://172.169.8.253:31112/function/opt-66b-submod-0-latency-25.cdgp
1704042402641726982,1704042407332290075,200,http://172.169.8.253:31112/function/opt-66b-submod-0-latency-25.cdgp
1704042402645822970,1704042406002332048,200,http://172.169.8.253:31112/function/opt-66b-submod-0-latency-25.cdgp
1704042402646578446,1704042407334645139,200,http://172.169.8.253:31112/function/opt-66b-submod-0-latency-25.cdgp
1704042402646826040,1704042405733407030,200,http://172.169.8.253:31112/function/opt-66b-submod-0-latency-25.cdgp
1704042402646845956,1704042404770070528,200,http://172.169.8.253:31112/function/opt-66b-submod-0-latency-25.cdgp
1704042402649943638,1704042404470841794,200,http://172.169.8.253:31112/function/opt-66b-submod-0-latency-25.cdgp
1704042402650706483,1704042404713283945,200,http://172.169.8.253:31112/function/opt-66b-submod-0-latency-25.cdgp
1704042402650841457,1704042405679858889,200,http://172.169.8.253:31112/function/opt-66b-submod-0-latency-25.cdgp
1704042402650955698,1704042404919291551,200,http://172.169.8.253:31112/function/opt-66b-submod-0-latency-25.cdgp
1704042402651047522,1704042404714031128,200,http://172.169.8.253:31112/function/opt-66b-submod-0-latency-25.cdgp
1704042402651102650,1704042405735344478,200,http://172.169.8.253:31112/function/opt-66b-submod-0-latency-25.cdgp
1704042402651214290,1704042404359115050,200,http://172.169.8.253:31112/function/opt-66b-submod-0-latency-25.cdgp
1704042402651293932,1704042407336872731,200,http://172.169.8.253:31112/function/opt-66b-submod-0-latency-25.cdgp
1704042402651424977,1704042404952167558,200,http://172.169.8.253:31112/function/opt-66b-submod-0-latency-25.cdgp
1704042402651509110,1704042405738126345,200,http://172.169.8.253:31112/function/opt-66b-submod-0-latency-25.cdgp
1704042402651591622,1704042405737086121,200,http://172.169.8.253:31112/function/opt-66b-submod-0-latency-25.cdgp
1704042402651691543,1704042404239157375,200,http://172.169.8.253:31112/function/opt-66b-submod-0-latency-25.cdgp
1704042402651752785,1704042404306869753,200,http://172.169.8.253:31112/function/opt-66b-submod-0-latency-25.cdgp
1704042402651831629,1704042405736940803,200,http://172.169.8.253:31112/function/opt-66b-submod-0-latency-25.cdgp
1704042402651938448,1704042406002285793,200,http://172.169.8.253:31112/function/opt-66b-submod-0-latency-25.cdgp
1704042402652005613,1704042405191673958,200,http://172.169.8.253:31112/function/opt-66b-submod-0-latency-25.cdgp
1704042402652067079,1704042406381650126,200,http://172.169.8.253:31112/function/opt-66b-submod-0-latency-25.cdgp
1704042402652160177,1704042405729529503,200,http://172.169.8.253:31112/function/opt-66b-submod-0-latency-25.cdgp
1704042402652234715,1704042405731441015,200,http://172.169.8.253:31112/function/opt-66b-submod-0-latency-25.cdgp
1704042402652306366,1704042405727984221,200,http://172.169.8.253:31112/function/opt-66b-submod-0-latency-25.cdgp
1704042402652347077,1704042409565660775,200,http://172.169.8.253:31112/function/opt-66b-submod-0-latency-25.cdgp
1704042402652430332,1704042410231396739,200,http://172.169.8.253:31112/function/opt-66b-submod-0-latency-25.cdgp
1704042402652512094,1704042410185421829,200,http://172.169.8.253:31112/function/opt-66b-submod-0-latency-25.cdgp
1704042402652643465,1704042406323908820,200,http://172.169.8.253:31112/function/opt-66b-submod-0-latency-25.cdgp
1704042402652718876,1704042407342996970,200,http://172.169.8.253:31112/function/opt-66b-submod-0-latency-25.cdgp
1704042402652802482,1704042407335342681,200,http://172.169.8.253:31112/function/opt-66b-submod-0-latency-25.cdgp
1704042402652880068,1704042406261635522,200,http://172.169.8.253:31112/function/opt-66b-submod-0-latency-25.cdgp
1704042402653043420,1704042405223739174,200,http://172.169.8.253:31112/function/opt-66b-submod-0-latency-25.cdgp
1704042402653177013,1704042410185973794,200,http://172.169.8.253:31112/function/opt-66b-submod-0-latency-25.cdgp
1704042402653309972,1704042407334536774,200,http://172.169.8.253:31112/function/opt-66b-submod-0-latency-25.cdgp
1704042402653515949,1704042407333167326,200,http://172.169.8.253:31112/function/opt-66b-submod-0-latency-25.cdgp
1704042402653696416,1704042410192595798,200,http://172.169.8.253:31112/function/opt-66b-submod-0-latency-25.cdgp
1704042402653939113,1704042410370398746,200,http://172.169.8.253:31112/function/opt-66b-submod-0-latency-25.cdgp
1704042402654130282,1704042407452139905,200,http://172.169.8.253:31112/function/opt-66b-submod-0-latency-25.cdgp
1704042402654426199,1704042405130187222,200,http://172.169.8.253:31112/function/opt-66b-submod-0-latency-25.cdgp
1704042402656338956,1704042405494996291,200,http://172.169.8.253:31112/function/opt-66b-submod-0-latency-25.cdgp
1704042402656601197,1704042405914211127,200,http://172.169.8.253:31112/function/opt-66b-submod-0-latency-25.cdgp
1704042402657132979,1704042410370458748,200,http://172.169.8.253:31112/function/opt-66b-submod-0-latency-25.cdgp
1704042402657349463,1704042407341965979,200,http://172.169.8.253:31112/function/opt-66b-submod-0-latency-25.cdgp
1704042402657716067,1704042409565329992,200,http://172.169.8.253:31112/function/opt-66b-submod-0-latency-25.cdgp
1704042402657999192,1704042405673635500,200,http://172.169.8.253:31112/function/opt-66b-submod-0-latency-25.cdgp
1704042402704516830,1704042407332327696,200,http://172.169.8.253:31112/function/opt-66b-submod-0-latency-25.cdgp
1704042402704605213,1704042410192467121,200,http://172.169.8.253:31112/function/opt-66b-submod-0-latency-25.cdgp
1704042402704714629,1704042407335051532,200,http://172.169.8.253:31112/function/opt-66b-submod-0-latency-25.cdgp
1704042402704799872,1704042406721443305,200,http://172.169.8.253:31112/function/opt-66b-submod-0-latency-25.cdgp
1704042402704906611,1704042404669884700,200,http://172.169.8.253:31112/function/opt-66b-submod-0-latency-25.cdgp
1704042402705006302,1704042405940396827,200,http://172.169.8.253:31112/function/opt-66b-submod-0-latency-25.cdgp
1704042402705104623,1704042406381458145,200,http://172.169.8.253:31112/function/opt-66b-submod-0-latency-25.cdgp
1704042402705433918,1704042404957319553,200,http://172.169.8.253:31112/function/opt-66b-submod-0-latency-25.cdgp
1704042402706022116,1704042407328242501,200,http://172.169.8.253:31112/function/opt-66b-submod-0-latency-25.cdgp
1704042402706040702,1704042410185983023,200,http://172.169.8.253:31112/function/opt-66b-submod-0-latency-25.cdgp
1704042402706053098,1704042406641610526,200,http://172.169.8.253:31112/function/opt-66b-submod-0-latency-25.cdgp
1704042402706579517,1704042410185940967,200,http://172.169.8.253:31112/function/opt-66b-submod-0-latency-25.cdgp
1704042402707383771,1704042407327254941,200,http://172.169.8.253:31112/function/opt-66b-submod-0-latency-25.cdgp
1704042402707443632,1704042406922785942,200,http://172.169.8.253:31112/function/opt-66b-submod-0-latency-25.cdgp
1704042402707497290,1704042407326377536,200,http://172.169.8.253:31112/function/opt-66b-submod-0-latency-25.cdgp
1704042402708255181,1704042409641619659,200,http://172.169.8.253:31112/function/opt-66b-submod-0-latency-25.cdgp
1704042402708438618,1704042405564910213,200,http://172.169.8.253:31112/function/opt-66b-submod-0-latency-25.cdgp
1704042402708540799,1704042407342360999,200,http://172.169.8.253:31112/function/opt-66b-submod-0-latency-25.cdgp
1704042402708657201,1704042410185022298,200,http://172.169.8.253:31112/function/opt-66b-submod-0-latency-25.cdgp
1704042402708742742,1704042405534094491,200,http://172.169.8.253:31112/function/opt-66b-submod-0-latency-25.cdgp
1704042402708813373,1704042406958047740,200,http://172.169.8.253:31112/function/opt-66b-submod-0-latency-25.cdgp
1704042402708910784,1704042410185746893,200,http://172.169.8.253:31112/function/opt-66b-submod-0-latency-25.cdgp
1704042402708998949,1704042406589002349,200,http://172.169.8.253:31112/function/opt-66b-submod-0-latency-25.cdgp
1704042402709080360,1704042410185224999,200,http://172.169.8.253:31112/function/opt-66b-submod-0-latency-25.cdgp
1704042402709148448,1704042410185004299,200,http://172.169.8.253:31112/function/opt-66b-submod-0-latency-25.cdgp
1704042402709228823,1704042406707192922,200,http://172.169.8.253:31112/function/opt-66b-submod-0-latency-25.cdgp
1704042402709324684,1704042406383157571,200,http://172.169.8.253:31112/function/opt-66b-submod-0-latency-25.cdgp
1704042402709414245,1704042410184775604,200,http://172.169.8.253:31112/function/opt-66b-submod-0-latency-25.cdgp
1704042402709502337,1704042405935524891,200,http://172.169.8.253:31112/function/opt-66b-submod-0-latency-25.cdgp
1704042402709585642,1704042407336298011,200,http://172.169.8.253:31112/function/opt-66b-submod-0-latency-25.cdgp
1704042402709665636,1704042405564045512,200,http://172.169.8.253:31112/function/opt-66b-submod-0-latency-25.cdgp
1704042402709720380,1704042405464138899,200,http://172.169.8.253:31112/function/opt-66b-submod-0-latency-25.cdgp
1704042402709814759,1704042404952171631,200,http://172.169.8.253:31112/function/opt-66b-submod-0-latency-25.cdgp
1704042402709889409,1704042409564960965,200,http://172.169.8.253:31112/function/opt-66b-submod-0-latency-25.cdgp
1704042402709972172,1704042407335732727,200,http://172.169.8.253:31112/function/opt-66b-submod-0-latency-25.cdgp
1704042402710059824,1704042407342080190,200,http://172.169.8.253:31112/function/opt-66b-submod-0-latency-25.cdgp
1704042402710120239,1704042407336768806,200,http://172.169.8.253:31112/function/opt-66b-submod-0-latency-25.cdgp
1704042402710191102,1704042410370064932,200,http://172.169.8.253:31112/function/opt-66b-submod-0-latency-25.cdgp
1704042402710248595,1704042407334117347,200,http://172.169.8.253:31112/function/opt-66b-submod-0-latency-25.cdgp
1704042404540481060,1704042410370680686,200,http://172.169.8.253:31112/function/opt-66b-submod-0-latency-25.cdgp
1704042404540669507,1704042413493856732,200,http://172.169.8.253:31112/function/opt-66b-submod-0-latency-25.cdgp
1704042404540758237,1704042410186038672,200,http://172.169.8.253:31112/function/opt-66b-submod-0-latency-25.cdgp
1704042404540812812,1704042410369565820,200,http://172.169.8.253:31112/function/opt-66b-submod-0-latency-25.cdgp
1704042404540885112,1704042410193542199,200,http://172.169.8.253:31112/function/opt-66b-submod-0-latency-25.cdgp
1704042404540949111,1704042410370548775,200,http://172.169.8.253:31112/function/opt-66b-submod-0-latency-25.cdgp
1704042404542801891,1704042406090266146,200,http://172.169.8.253:31112/function/opt-66b-submod-0-latency-25.cdgp
1704042404542886053,1704042410369425223,200,http://172.169.8.253:31112/function/opt-66b-submod-0-latency-25.cdgp
1704042404542982503,1704042413519453057,200,http://172.169.8.253:31112/function/opt-66b-submod-0-latency-25.cdgp
1704042404543050801,1704042413488334794,200,http://172.169.8.253:31112/function/opt-66b-submod-0-latency-25.cdgp
1704042404543131470,1704042413582213895,200,http://172.169.8.253:31112/function/opt-66b-submod-0-latency-25.cdgp
1704042404543258168,1704042406767033463,200,http://172.169.8.253:31112/function/opt-66b-submod-0-latency-25.cdgp
1704042404543357952,1704042413582463980,200,http://172.169.8.253:31112/function/opt-66b-submod-0-latency-25.cdgp
1704042404543488700,1704042406518436321,200,http://172.169.8.253:31112/function/opt-66b-submod-0-latency-25.cdgp
1704042404543574304,1704042408008674279,200,http://172.169.8.253:31112/function/opt-66b-submod-0-latency-25.cdgp
1704042404543638023,1704042413573253839,200,http://172.169.8.253:31112/function/opt-66b-submod-0-latency-25.cdgp
1704042404543715218,1704042410370480739,200,http://172.169.8.253:31112/function/opt-66b-submod-0-latency-25.cdgp
1704042404543796204,1704042406550280171,200,http://172.169.8.253:31112/function/opt-66b-submod-0-latency-25.cdgp
1704042404543821499,1704042413451663995,200,http://172.169.8.253:31112/function/opt-66b-submod-0-latency-25.cdgp
1704042404543916382,1704042407329303858,200,http://172.169.8.253:31112/function/opt-66b-submod-0-latency-25.cdgp
1704042404543988139,1704042407186467771,200,http://172.169.8.253:31112/function/opt-66b-submod-0-latency-25.cdgp
1704042404544026718,1704042407961632273,200,http://172.169.8.253:31112/function/opt-66b-submod-0-latency-25.cdgp
1704042404544121078,1704042406720881945,200,http://172.169.8.253:31112/function/opt-66b-submod-0-latency-25.cdgp
1704042404544223567,1704042413452312164,200,http://172.169.8.253:31112/function/opt-66b-submod-0-latency-25.cdgp
1704042404544290175,1704042406567809328,200,http://172.169.8.253:31112/function/opt-66b-submod-0-latency-25.cdgp
1704042404544329078,1704042413518452332,200,http://172.169.8.253:31112/function/opt-66b-submod-0-latency-25.cdgp
1704042404544394026,1704042410369640602,200,http://172.169.8.253:31112/function/opt-66b-submod-0-latency-25.cdgp
1704042404544469075,1704042413446829734,200,http://172.169.8.253:31112/function/opt-66b-submod-0-latency-25.cdgp
1704042404544710948,1704042413516500850,200,http://172.169.8.253:31112/function/opt-66b-submod-0-latency-25.cdgp
1704042404544839413,1704042406178979113,200,http://172.169.8.253:31112/function/opt-66b-submod-0-latency-25.cdgp
1704042404544941161,1704042413453334031,200,http://172.169.8.253:31112/function/opt-66b-submod-0-latency-25.cdgp
1704042404545036256,1704042413583275995,200,http://172.169.8.253:31112/function/opt-66b-submod-0-latency-25.cdgp
1704042404545116890,1704042406323805618,200,http://172.169.8.253:31112/function/opt-66b-submod-0-latency-25.cdgp
1704042404545217851,1704042413583265770,200,http://172.169.8.253:31112/function/opt-66b-submod-0-latency-25.cdgp
1704042404545335671,1704042410370757271,200,http://172.169.8.253:31112/function/opt-66b-submod-0-latency-25.cdgp
1704042405749214759,1704042407963243950,200,http://172.169.8.253:31112/function/opt-66b-submod-0-latency-25.cdgp
1704042405749373504,1704042408263458942,200,http://172.169.8.253:31112/function/opt-66b-submod-0-latency-25.cdgp
1704042405749533414,1704042408239298204,200,http://172.169.8.253:31112/function/opt-66b-submod-0-latency-25.cdgp
1704042405749662454,1704042413623373214,200,http://172.169.8.253:31112/function/opt-66b-submod-0-latency-25.cdgp
1704042405768793078,1704042412952135036,200,http://172.169.8.253:31112/function/opt-66b-submod-0-latency-25.cdgp
1704042405768869149,1704042413487303741,200,http://172.169.8.253:31112/function/opt-66b-submod-0-latency-25.cdgp
1704042405772600355,1704042413515549897,200,http://172.169.8.253:31112/function/opt-66b-submod-0-latency-25.cdgp
1704042405984908710,1704042408279477324,200,http://172.169.8.253:31112/function/opt-66b-submod-0-latency-25.cdgp
1704042405984994585,1704042415417047518,500,http://172.169.8.253:31112/function/opt-66b-submod-0-latency-25.cdgp
1704042405985143810,1704042409343736669,200,http://172.169.8.253:31112/function/opt-66b-submod-0-latency-25.cdgp
1704042405985237431,1704042415449111795,500,http://172.169.8.253:31112/function/opt-66b-submod-0-latency-25.cdgp
1704042405985339741,1704042408245452836,200,http://172.169.8.253:31112/function/opt-66b-submod-0-latency-25.cdgp
1704042405985424409,1704042408248940556,200,http://172.169.8.253:31112/function/opt-66b-submod-0-latency-25.cdgp
1704042405985504579,1704042414981798961,500,http://172.169.8.253:31112/function/opt-66b-submod-0-latency-25.cdgp
1704042405985617093,1704042415832042113,500,http://172.169.8.253:31112/function/opt-66b-submod-0-latency-25.cdgp
1704042405985673396,1704042415449263929,500,http://172.169.8.253:31112/function/opt-66b-submod-0-latency-25.cdgp
1704042405985780391,1704042409427572445,200,http://172.169.8.253:31112/function/opt-66b-submod-0-latency-25.cdgp
1704042405985871527,1704042409185335504,200,http://172.169.8.253:31112/function/opt-66b-submod-0-latency-25.cdgp
1704042405985933668,1704042408231742094,200,http://172.169.8.253:31112/function/opt-66b-submod-0-latency-25.cdgp
1704042405985978708,1704042409168517020,200,http://172.169.8.253:31112/function/opt-66b-submod-0-latency-25.cdgp
1704042405986053771,1704042407535075528,200,http://172.169.8.253:31112/function/opt-66b-submod-0-latency-25.cdgp
1704042405986159178,1704042408849733081,200,http://172.169.8.253:31112/function/opt-66b-submod-0-latency-25.cdgp
1704042405986233334,1704042409332225848,200,http://172.169.8.253:31112/function/opt-66b-submod-0-latency-25.cdgp
1704042405986314263,1704042408210410946,200,http://172.169.8.253:31112/function/opt-66b-submod-0-latency-25.cdgp
1704042405986398220,1704042415090777190,500,http://172.169.8.253:31112/function/opt-66b-submod-0-latency-25.cdgp
1704042405986477906,1704042415569822896,500,http://172.169.8.253:31112/function/opt-66b-submod-0-latency-25.cdgp
1704042405986549238,1704042415570016414,500,http://172.169.8.253:31112/function/opt-66b-submod-0-latency-25.cdgp
1704042405986646008,1704042408863622190,200,http://172.169.8.253:31112/function/opt-66b-submod-0-latency-25.cdgp
1704042405986713508,1704042415295092570,500,http://172.169.8.253:31112/function/opt-66b-submod-0-latency-25.cdgp
1704042406113771969,1704042415255600218,500,http://172.169.8.253:31112/function/opt-66b-submod-0-latency-25.cdgp
1704042406113965225,1704042409332185366,200,http://172.169.8.253:31112/function/opt-66b-submod-0-latency-25.cdgp
1704042406114043854,1704042415860433140,500,http://172.169.8.253:31112/function/opt-66b-submod-0-latency-25.cdgp
1704042406114121848,1704042415611472427,500,http://172.169.8.253:31112/function/opt-66b-submod-0-latency-25.cdgp
1704042406114272024,1704042408589782941,200,http://172.169.8.253:31112/function/opt-66b-submod-0-latency-25.cdgp
1704042406114340445,1704042415448341392,500,http://172.169.8.253:31112/function/opt-66b-submod-0-latency-25.cdgp
1704042406114403295,1704042410428696903,200,http://172.169.8.253:31112/function/opt-66b-submod-0-latency-25.cdgp
1704042406114443801,1704042413582836464,200,http://172.169.8.253:31112/function/opt-66b-submod-0-latency-25.cdgp
1704042406114575502,1704042415686770941,500,http://172.169.8.253:31112/function/opt-66b-submod-0-latency-25.cdgp
1704042406114636868,1704042408962529545,200,http://172.169.8.253:31112/function/opt-66b-submod-0-latency-25.cdgp
1704042406114729463,1704042410720685472,200,http://172.169.8.253:31112/function/opt-66b-submod-0-latency-25.cdgp
1704042406114819995,1704042408852861933,200,http://172.169.8.253:31112/function/opt-66b-submod-0-latency-25.cdgp
1704042406132549563,1704042408156156172,200,http://172.169.8.253:31112/function/opt-66b-submod-0-latency-25.cdgp
1704042406132713619,1704042415860408957,500,http://172.169.8.253:31112/function/opt-66b-submod-0-latency-25.cdgp
1704042406132837884,1704042409890213889,200,http://172.169.8.253:31112/function/opt-66b-submod-0-latency-25.cdgp
1704042406132923387,1704042408209075236,200,http://172.169.8.253:31112/function/opt-66b-submod-0-latency-25.cdgp
1704042406132999735,1704042415860789912,500,http://172.169.8.253:31112/function/opt-66b-submod-0-latency-25.cdgp
1704042406133078011,1704042410389413050,200,http://172.169.8.253:31112/function/opt-66b-submod-0-latency-25.cdgp
1704042406133154541,1704042415255885967,500,http://172.169.8.253:31112/function/opt-66b-submod-0-latency-25.cdgp
1704042406133189007,1704042415677389193,500,http://172.169.8.253:31112/function/opt-66b-submod-0-latency-25.cdgp
1704042406133245124,1704042415677479501,500,http://172.169.8.253:31112/function/opt-66b-submod-0-latency-25.cdgp
1704042406133316131,1704042411368969209,200,http://172.169.8.253:31112/function/opt-66b-submod-0-latency-25.cdgp
1704042406133400366,1704042415677625576,500,http://172.169.8.253:31112/function/opt-66b-submod-0-latency-25.cdgp
1704042406133466428,1704042415677368689,500,http://172.169.8.253:31112/function/opt-66b-submod-0-latency-25.cdgp
1704042406133554542,1704042415291021994,500,http://172.169.8.253:31112/function/opt-66b-submod-0-latency-25.cdgp
1704042406356716698,1704042408647638159,200,http://172.169.8.253:31112/function/opt-66b-submod-0-latency-25.cdgp
1704042406356803037,1704042408323443635,200,http://172.169.8.253:31112/function/opt-66b-submod-0-latency-25.cdgp
1704042406356921372,1704042413448146753,200,http://172.169.8.253:31112/function/opt-66b-submod-0-latency-25.cdgp
1704042406356996446,1704042408963184274,200,http://172.169.8.253:31112/function/opt-66b-submod-0-latency-25.cdgp
1704042406357053016,1704042408208537089,200,http://172.169.8.253:31112/function/opt-66b-submod-0-latency-25.cdgp
1704042406357122407,1704042408345655730,200,http://172.169.8.253:31112/function/opt-66b-submod-0-latency-25.cdgp
1704042406357143345,1704042410389660400,200,http://172.169.8.253:31112/function/opt-66b-submod-0-latency-25.cdgp
1704042406357242695,1704042408864133490,200,http://172.169.8.253:31112/function/opt-66b-submod-0-latency-25.cdgp
1704042406357301104,1704042408598291707,200,http://172.169.8.253:31112/function/opt-66b-submod-0-latency-25.cdgp
1704042406357318868,1704042413451127050,200,http://172.169.8.253:31112/function/opt-66b-submod-0-latency-25.cdgp
1704042406357401333,1704042409437515258,200,http://172.169.8.253:31112/function/opt-66b-submod-0-latency-25.cdgp
1704042406357419364,1704042408211038706,200,http://172.169.8.253:31112/function/opt-66b-submod-0-latency-25.cdgp
1704042406357506008,1704042408480242620,200,http://172.169.8.253:31112/function/opt-66b-submod-0-latency-25.cdgp
1704042406357564160,1704042415686798086,500,http://172.169.8.253:31112/function/opt-66b-submod-0-latency-25.cdgp
1704042406357657982,1704042410907954075,200,http://172.169.8.253:31112/function/opt-66b-submod-0-latency-25.cdgp
1704042406357689785,1704042415449401990,500,http://172.169.8.253:31112/function/opt-66b-submod-0-latency-25.cdgp
1704042406357791210,1704042415859584158,500,http://172.169.8.253:31112/function/opt-66b-submod-0-latency-25.cdgp
1704042406357821877,1704042408893989521,200,http://172.169.8.253:31112/function/opt-66b-submod-0-latency-25.cdgp
1704042406723408079,1704042413907094786,200,http://172.169.8.253:31112/function/opt-66b-submod-0-latency-25.cdgp
1704042406736004350,1704042415903446318,500,http://172.169.8.253:31112/function/opt-66b-submod-0-latency-25.cdgp
1704042406736117643,1704042411431284789,200,http://172.169.8.253:31112/function/opt-66b-submod-0-latency-25.cdgp
1704042406736209238,1704042407917876415,200,http://172.169.8.253:31112/function/opt-66b-submod-0-latency-25.cdgp
1704042406736273855,1704042415861890544,500,http://172.169.8.253:31112/function/opt-66b-submod-0-latency-25.cdgp
1704042406820780204,1704042410908037492,200,http://172.169.8.253:31112/function/opt-66b-submod-0-latency-25.cdgp
1704042406820891065,1704042408862744434,200,http://172.169.8.253:31112/function/opt-66b-submod-0-latency-25.cdgp
1704042406820955019,1704042415907606306,500,http://172.169.8.253:31112/function/opt-66b-submod-0-latency-25.cdgp
1704042406821017065,1704042410389280248,200,http://172.169.8.253:31112/function/opt-66b-submod-0-latency-25.cdgp
1704042406821094484,1704042415862484423,500,http://172.169.8.253:31112/function/opt-66b-submod-0-latency-25.cdgp
1704042406821153266,1704042415861066056,500,http://172.169.8.253:31112/function/opt-66b-submod-0-latency-25.cdgp
1704042406822704210,1704042415920620393,500,http://172.169.8.253:31112/function/opt-66b-submod-0-latency-25.cdgp
1704042406822803270,1704042413820440127,200,http://172.169.8.253:31112/function/opt-66b-submod-0-latency-25.cdgp
1704042406822889440,1704042416330287387,500,http://172.169.8.253:31112/function/opt-66b-submod-0-latency-25.cdgp
1704042406822966565,1704042415835878337,500,http://172.169.8.253:31112/function/opt-66b-submod-0-latency-25.cdgp
1704042406840813703,1704042409188276620,200,http://172.169.8.253:31112/function/opt-66b-submod-0-latency-25.cdgp
1704042406840916148,1704042408384759935,200,http://172.169.8.253:31112/function/opt-66b-submod-0-latency-25.cdgp
1704042406841015012,1704042408849455719,200,http://172.169.8.253:31112/function/opt-66b-submod-0-latency-25.cdgp
1704042406841064516,1704042412190143322,200,http://172.169.8.253:31112/function/opt-66b-submod-0-latency-25.cdgp
1704042406841174210,1704042413582623987,200,http://172.169.8.253:31112/function/opt-66b-submod-0-latency-25.cdgp
1704042406841284767,1704042410888298404,200,http://172.169.8.253:31112/function/opt-66b-submod-0-latency-25.cdgp
1704042406841403122,1704042416111467268,500,http://172.169.8.253:31112/function/opt-66b-submod-0-latency-25.cdgp
1704042406841491396,1704042411267005684,200,http://172.169.8.253:31112/function/opt-66b-submod-0-latency-25.cdgp
1704042406841544240,1704042409792121151,200,http://172.169.8.253:31112/function/opt-66b-submod-0-latency-25.cdgp
1704042406841633775,1704042410428653116,200,http://172.169.8.253:31112/function/opt-66b-submod-0-latency-25.cdgp
1704042406841700283,1704042409809637585,200,http://172.169.8.253:31112/function/opt-66b-submod-0-latency-25.cdgp
1704042406946755491,1704042413535396512,200,http://172.169.8.253:31112/function/opt-66b-submod-0-latency-25.cdgp
1704042407169422673,1704042416567754704,500,http://172.169.8.253:31112/function/opt-66b-submod-0-latency-25.cdgp
1704042407169511766,1704042410389648966,200,http://172.169.8.253:31112/function/opt-66b-submod-0-latency-25.cdgp
1704042407169604294,1704042413492041605,200,http://172.169.8.253:31112/function/opt-66b-submod-0-latency-25.cdgp
1704042407170023454,1704042413867567031,200,http://172.169.8.253:31112/function/opt-66b-submod-0-latency-25.cdgp
1704042407170086811,1704042416750482538,500,http://172.169.8.253:31112/function/opt-66b-submod-0-latency-25.cdgp
1704042407615954319,1704042409810781106,200,http://172.169.8.253:31112/function/opt-66b-submod-0-latency-25.cdgp
1704042407616124415,1704042410428634560,200,http://172.169.8.253:31112/function/opt-66b-submod-0-latency-25.cdgp
1704042407616217113,1704042417184329082,504,http://172.169.8.253:31112/function/opt-66b-submod-0-latency-25.cdgp
1704042408365449578,1704042411388039138,200,http://172.169.8.253:31112/function/opt-66b-submod-0-latency-25.cdgp
1704042408365559019,1704042410780216748,200,http://172.169.8.253:31112/function/opt-66b-submod-0-latency-25.cdgp
1704042408365652000,1704042411395224372,200,http://172.169.8.253:31112/function/opt-66b-submod-0-latency-25.cdgp
1704042408365742048,1704042411388081185,200,http://172.169.8.253:31112/function/opt-66b-submod-0-latency-25.cdgp
1704042408382995222,1704042410519949281,200,http://172.169.8.253:31112/function/opt-66b-submod-0-latency-25.cdgp
1704042408383095041,1704042411229634381,200,http://172.169.8.253:31112/function/opt-66b-submod-0-latency-25.cdgp
1704042408383248518,1704042413427243310,200,http://172.169.8.253:31112/function/opt-66b-submod-0-latency-25.cdgp
1704042408383318532,1704042411431300932,200,http://172.169.8.253:31112/function/opt-66b-submod-0-latency-25.cdgp
1704042408383338264,1704042413069370900,200,http://172.169.8.253:31112/function/opt-66b-submod-0-latency-25.cdgp
1704042408383409419,1704042417988233535,500,http://172.169.8.253:31112/function/opt-66b-submod-0-latency-25.cdgp
1704042408383519679,1704042417908285740,500,http://172.169.8.253:31112/function/opt-66b-submod-0-latency-25.cdgp
1704042408383583403,1704042417908157924,500,http://172.169.8.253:31112/function/opt-66b-submod-0-latency-25.cdgp
1704042408383610953,1704042412193427918,200,http://172.169.8.253:31112/function/opt-66b-submod-0-latency-25.cdgp
1704042408383696420,1704042418030746922,500,http://172.169.8.253:31112/function/opt-66b-submod-0-latency-25.cdgp
1704042408383774662,1704042418031088168,500,http://172.169.8.253:31112/function/opt-66b-submod-0-latency-25.cdgp
1704042408383819402,1704042418093153317,500,http://172.169.8.253:31112/function/opt-66b-submod-0-latency-25.cdgp
1704042408383930673,1704042418112203329,500,http://172.169.8.253:31112/function/opt-66b-submod-0-latency-25.cdgp
1704042408384009793,1704042418214520293,500,http://172.169.8.253:31112/function/opt-66b-submod-0-latency-25.cdgp
1704042408384092783,1704042414884326193,200,http://172.169.8.253:31112/function/opt-66b-submod-0-latency-25.cdgp
1704042408384155961,1704042413424095960,200,http://172.169.8.253:31112/function/opt-66b-submod-0-latency-25.cdgp
1704042408384189818,1704042412262002200,200,http://172.169.8.253:31112/function/opt-66b-submod-0-latency-25.cdgp
1704042408384248044,1704042417907597517,500,http://172.169.8.253:31112/function/opt-66b-submod-0-latency-25.cdgp
1704042408384318967,1704042412198153131,200,http://172.169.8.253:31112/function/opt-66b-submod-0-latency-25.cdgp
1704042408384352827,1704042418196498645,500,http://172.169.8.253:31112/function/opt-66b-submod-0-latency-25.cdgp
1704042408384428971,1704042412154923607,200,http://172.169.8.253:31112/function/opt-66b-submod-0-latency-25.cdgp
1704042408384506145,1704042413067156944,200,http://172.169.8.253:31112/function/opt-66b-submod-0-latency-25.cdgp
1704042408384590569,1704042411388114847,200,http://172.169.8.253:31112/function/opt-66b-submod-0-latency-25.cdgp
1704042408384696548,1704042417983187167,500,http://172.169.8.253:31112/function/opt-66b-submod-0-latency-25.cdgp
1704042408384758776,1704042418112188019,500,http://172.169.8.253:31112/function/opt-66b-submod-0-latency-25.cdgp
1704042408384840015,1704042410888170794,200,http://172.169.8.253:31112/function/opt-66b-submod-0-latency-25.cdgp
1704042408384908060,1704042418093664431,500,http://172.169.8.253:31112/function/opt-66b-submod-0-latency-25.cdgp
1704042408384963406,1704042411225416867,200,http://172.169.8.253:31112/function/opt-66b-submod-0-latency-25.cdgp
1704042408385012722,1704042418197038400,500,http://172.169.8.253:31112/function/opt-66b-submod-0-latency-25.cdgp
1704042408385080765,1704042417907691474,500,http://172.169.8.253:31112/function/opt-66b-submod-0-latency-25.cdgp
1704042408385119690,1704042418112204465,500,http://172.169.8.253:31112/function/opt-66b-submod-0-latency-25.cdgp
1704042408385231060,1704042410886914912,200,http://172.169.8.253:31112/function/opt-66b-submod-0-latency-25.cdgp
1704042408385298751,1704042411369103431,200,http://172.169.8.253:31112/function/opt-66b-submod-0-latency-25.cdgp
1704042408385334124,1704042418204895261,500,http://172.169.8.253:31112/function/opt-66b-submod-0-latency-25.cdgp
1704042408385445333,1704042418128087515,500,http://172.169.8.253:31112/function/opt-66b-submod-0-latency-25.cdgp
1704042408902100565,1704042418283222702,500,http://172.169.8.253:31112/function/opt-66b-submod-0-latency-25.cdgp
1704042408902190320,1704042418247111419,500,http://172.169.8.253:31112/function/opt-66b-submod-0-latency-25.cdgp
1704042408902334973,1704042412190044242,200,http://172.169.8.253:31112/function/opt-66b-submod-0-latency-25.cdgp
1704042408902401280,1704042410887493743,200,http://172.169.8.253:31112/function/opt-66b-submod-0-latency-25.cdgp
1704042408902480473,1704042418241890170,500,http://172.169.8.253:31112/function/opt-66b-submod-0-latency-25.cdgp
1704042408902569118,1704042413426567296,200,http://172.169.8.253:31112/function/opt-66b-submod-0-latency-25.cdgp
1704042408941111545,1704042418097952483,500,http://172.169.8.253:31112/function/opt-66b-submod-0-latency-25.cdgp
1704042408941198774,1704042418128054910,500,http://172.169.8.253:31112/function/opt-66b-submod-0-latency-25.cdgp
1704042409095828897,1704042412265708830,200,http://172.169.8.253:31112/function/opt-66b-submod-0-latency-25.cdgp
1704042409095952710,1704042414881359876,200,http://172.169.8.253:31112/function/opt-66b-submod-0-latency-25.cdgp
1704042409096101151,1704042418250776854,500,http://172.169.8.253:31112/function/opt-66b-submod-0-latency-25.cdgp
1704042409096165353,1704042418730583972,500,http://172.169.8.253:31112/function/opt-66b-submod-0-latency-25.cdgp
1704042409096239950,1704042418785256061,500,http://172.169.8.253:31112/function/opt-66b-submod-0-latency-25.cdgp
1704042409096327991,1704042411842552099,200,http://172.169.8.253:31112/function/opt-66b-submod-0-latency-25.cdgp
1704042409096443143,1704042418783357237,500,http://172.169.8.253:31112/function/opt-66b-submod-0-latency-25.cdgp
1704042409096554194,1704042418780520868,500,http://172.169.8.253:31112/function/opt-66b-submod-0-latency-25.cdgp
1704042409096649420,1704042418247128847,500,http://172.169.8.253:31112/function/opt-66b-submod-0-latency-25.cdgp
1704042409096710203,1704042411682868416,200,http://172.169.8.253:31112/function/opt-66b-submod-0-latency-25.cdgp
1704042409096790962,1704042418778678100,500,http://172.169.8.253:31112/function/opt-66b-submod-0-latency-25.cdgp
1704042409096883903,1704042413426644907,200,http://172.169.8.253:31112/function/opt-66b-submod-0-latency-25.cdgp
1704042409096959571,1704042411387815912,200,http://172.169.8.253:31112/function/opt-66b-submod-0-latency-25.cdgp
1704042409097046684,1704042418781970999,500,http://172.169.8.253:31112/function/opt-66b-submod-0-latency-25.cdgp
1704042409126602205,1704042418889684061,500,http://172.169.8.253:31112/function/opt-66b-submod-0-latency-25.cdgp
1704042409126655940,1704042413825852751,200,http://172.169.8.253:31112/function/opt-66b-submod-0-latency-25.cdgp
1704042409126748819,1704042418881210559,500,http://172.169.8.253:31112/function/opt-66b-submod-0-latency-25.cdgp
1704042409126819077,1704042418826135384,500,http://172.169.8.253:31112/function/opt-66b-submod-0-latency-25.cdgp
1704042409126900813,1704042418786982018,500,http://172.169.8.253:31112/function/opt-66b-submod-0-latency-25.cdgp
1704042409126970803,1704042418786629108,500,http://172.169.8.253:31112/function/opt-66b-submod-0-latency-25.cdgp
1704042409126991590,1704042414482968411,200,http://172.169.8.253:31112/function/opt-66b-submod-0-latency-25.cdgp
1704042409127058441,1704042418868468911,500,http://172.169.8.253:31112/function/opt-66b-submod-0-latency-25.cdgp
1704042409127124756,1704042415570289471,200,http://172.169.8.253:31112/function/opt-66b-submod-0-latency-25.cdgp
1704042409127154553,1704042413826785814,200,http://172.169.8.253:31112/function/opt-66b-submod-0-latency-25.cdgp
1704042409127221081,1704042418872015269,500,http://172.169.8.253:31112/function/opt-66b-submod-0-latency-25.cdgp
1704042409127338526,1704042414883651019,200,http://172.169.8.253:31112/function/opt-66b-submod-0-latency-25.cdgp
1704042409127368015,1704042412154380139,200,http://172.169.8.253:31112/function/opt-66b-submod-0-latency-25.cdgp
1704042409127521235,1704042413422716650,200,http://172.169.8.253:31112/function/opt-66b-submod-0-latency-25.cdgp
1704042409127604517,1704042414406456280,200,http://172.169.8.253:31112/function/opt-66b-submod-0-latency-25.cdgp
1704042409127662515,1704042412196595122,200,http://172.169.8.253:31112/function/opt-66b-submod-0-latency-25.cdgp
1704042409127758045,1704042413829199803,200,http://172.169.8.253:31112/function/opt-66b-submod-0-latency-25.cdgp
1704042409127828634,1704042418787712589,500,http://172.169.8.253:31112/function/opt-66b-submod-0-latency-25.cdgp
1704042409127901815,1704042418887664522,500,http://172.169.8.253:31112/function/opt-66b-submod-0-latency-25.cdgp
1704042409127972196,1704042418872441922,500,http://172.169.8.253:31112/function/opt-66b-submod-0-latency-25.cdgp
1704042409128003942,1704042412792734211,200,http://172.169.8.253:31112/function/opt-66b-submod-0-latency-25.cdgp
1704042409128063848,1704042411225434257,200,http://172.169.8.253:31112/function/opt-66b-submod-0-latency-25.cdgp
1704042409128147222,1704042418873116933,500,http://172.169.8.253:31112/function/opt-66b-submod-0-latency-25.cdgp
1704042409128225638,1704042418875917550,500,http://172.169.8.253:31112/function/opt-66b-submod-0-latency-25.cdgp
1704042409128277572,1704042418788425056,500,http://172.169.8.253:31112/function/opt-66b-submod-0-latency-25.cdgp
1704042409128330031,1704042418787272401,500,http://172.169.8.253:31112/function/opt-66b-submod-0-latency-25.cdgp
1704042409128435382,1704042418881720715,500,http://172.169.8.253:31112/function/opt-66b-submod-0-latency-25.cdgp
1704042409128508832,1704042413425053224,200,http://172.169.8.253:31112/function/opt-66b-submod-0-latency-25.cdgp
1704042409128582125,1704042412857070053,200,http://172.169.8.253:31112/function/opt-66b-submod-0-latency-25.cdgp
1704042409128663397,1704042418876641812,500,http://172.169.8.253:31112/function/opt-66b-submod-0-latency-25.cdgp
1704042409128683715,1704042418876353304,500,http://172.169.8.253:31112/function/opt-66b-submod-0-latency-25.cdgp
1704042409128709482,1704042414452479362,200,http://172.169.8.253:31112/function/opt-66b-submod-0-latency-25.cdgp
1704042409128811030,1704042418889117028,500,http://172.169.8.253:31112/function/opt-66b-submod-0-latency-25.cdgp
1704042409128903954,1704042412261600077,200,http://172.169.8.253:31112/function/opt-66b-submod-0-latency-25.cdgp
1704042409128985800,1704042413421613666,200,http://172.169.8.253:31112/function/opt-66b-submod-0-latency-25.cdgp
1704042409129046784,1704042414406454541,200,http://172.169.8.253:31112/function/opt-66b-submod-0-latency-25.cdgp
1704042409651016836,1704042413423607171,200,http://172.169.8.253:31112/function/opt-66b-submod-0-latency-25.cdgp
1704042409651103955,1704042418971383479,500,http://172.169.8.253:31112/function/opt-66b-submod-0-latency-25.cdgp
1704042409975134211,1704042419516647469,500,http://172.169.8.253:31112/function/opt-66b-submod-0-latency-25.cdgp
1704042409975252069,1704042415835768483,200,http://172.169.8.253:31112/function/opt-66b-submod-0-latency-25.cdgp
1704042409975427880,1704042413573597153,200,http://172.169.8.253:31112/function/opt-66b-submod-0-latency-25.cdgp
1704042409978037895,1704042419861901490,500,http://172.169.8.253:31112/function/opt-66b-submod-0-latency-25.cdgp
1704042409978115572,1704042419602237775,500,http://172.169.8.253:31112/function/opt-66b-submod-0-latency-25.cdgp
1704042409978134038,1704042419978564702,500,http://172.169.8.253:31112/function/opt-66b-submod-0-latency-25.cdgp
1704042409978203978,1704042414737770896,200,http://172.169.8.253:31112/function/opt-66b-submod-0-latency-25.cdgp
1704042409978302192,1704042419816648612,500,http://172.169.8.253:31112/function/opt-66b-submod-0-latency-25.cdgp
1704042409978338727,1704042412197075672,200,http://172.169.8.253:31112/function/opt-66b-submod-0-latency-25.cdgp
1704042409978405585,1704042419860292302,500,http://172.169.8.253:31112/function/opt-66b-submod-0-latency-25.cdgp
1704042409978487229,1704042414881524881,200,http://172.169.8.253:31112/function/opt-66b-submod-0-latency-25.cdgp
1704042409978578570,1704042419602485448,500,http://172.169.8.253:31112/function/opt-66b-submod-0-latency-25.cdgp
1704042409978645046,1704042416567001264,200,http://172.169.8.253:31112/function/opt-66b-submod-0-latency-25.cdgp
1704042409978708817,1704042419980012016,500,http://172.169.8.253:31112/function/opt-66b-submod-0-latency-25.cdgp
1704042409978796067,1704042413828719194,200,http://172.169.8.253:31112/function/opt-66b-submod-0-latency-25.cdgp
1704042409978879442,1704042414882368968,200,http://172.169.8.253:31112/function/opt-66b-submod-0-latency-25.cdgp
1704042409978915919,1704042419604055855,500,http://172.169.8.253:31112/function/opt-66b-submod-0-latency-25.cdgp
1704042409978975294,1704042413829021431,200,http://172.169.8.253:31112/function/opt-66b-submod-0-latency-25.cdgp
1704042409979029841,1704042416615865203,200,http://172.169.8.253:31112/function/opt-66b-submod-0-latency-25.cdgp
1704042409979111302,1704042419980035132,500,http://172.169.8.253:31112/function/opt-66b-submod-0-latency-25.cdgp
1704042409979174033,1704042419810779608,500,http://172.169.8.253:31112/function/opt-66b-submod-0-latency-25.cdgp
1704042409979236379,1704042419814321877,500,http://172.169.8.253:31112/function/opt-66b-submod-0-latency-25.cdgp
1704042409979299226,1704042419979974652,500,http://172.169.8.253:31112/function/opt-66b-submod-0-latency-25.cdgp
1704042409979357573,1704042419517278399,500,http://172.169.8.253:31112/function/opt-66b-submod-0-latency-25.cdgp
1704042409979392855,1704042419791001472,500,http://172.169.8.253:31112/function/opt-66b-submod-0-latency-25.cdgp
1704042409979414468,1704042419791118395,500,http://172.169.8.253:31112/function/opt-66b-submod-0-latency-25.cdgp
1704042409979522414,1704042419619960326,500,http://172.169.8.253:31112/function/opt-66b-submod-0-latency-25.cdgp
1704042409979590238,1704042419810323533,500,http://172.169.8.253:31112/function/opt-66b-submod-0-latency-25.cdgp
1704042409979654113,1704042419980006402,500,http://172.169.8.253:31112/function/opt-66b-submod-0-latency-25.cdgp
1704042409979709474,1704042412853868156,200,http://172.169.8.253:31112/function/opt-66b-submod-0-latency-25.cdgp
1704042409979782951,1704042419793964482,504,http://172.169.8.253:31112/function/opt-66b-submod-0-latency-25.cdgp
1704042409979855551,1704042415836542272,200,http://172.169.8.253:31112/function/opt-66b-submod-0-latency-25.cdgp
1704042409979886920,1704042418879984054,500,http://172.169.8.253:31112/function/opt-66b-submod-0-latency-25.cdgp
1704042409979935325,1704042418883916433,500,http://172.169.8.253:31112/function/opt-66b-submod-0-latency-25.cdgp
1704042409980017874,1704042419601732044,500,http://172.169.8.253:31112/function/opt-66b-submod-0-latency-25.cdgp
1704042409980081208,1704042412792750044,200,http://172.169.8.253:31112/function/opt-66b-submod-0-latency-25.cdgp
1704042409980157385,1704042419791037633,500,http://172.169.8.253:31112/function/opt-66b-submod-0-latency-25.cdgp
1704042409980196241,1704042414896814306,200,http://172.169.8.253:31112/function/opt-66b-submod-0-latency-25.cdgp
1704042409980253729,1704042419980821866,500,http://172.169.8.253:31112/function/opt-66b-submod-0-latency-25.cdgp
1704042409980316961,1704042419791143548,500,http://172.169.8.253:31112/function/opt-66b-submod-0-latency-25.cdgp
1704042409980377557,1704042419619476079,500,http://172.169.8.253:31112/function/opt-66b-submod-0-latency-25.cdgp
1704042409980422904,1704042416567540163,200,http://172.169.8.253:31112/function/opt-66b-submod-0-latency-25.cdgp
1704042409980513762,1704042419860943626,500,http://172.169.8.253:31112/function/opt-66b-submod-0-latency-25.cdgp
1704042409980578776,1704042417907265840,200,http://172.169.8.253:31112/function/opt-66b-submod-0-latency-25.cdgp
1704042409980681619,1704042419861296659,500,http://172.169.8.253:31112/function/opt-66b-submod-0-latency-25.cdgp
1704042409980957299,1704042419982284939,500,http://172.169.8.253:31112/function/opt-66b-submod-0-latency-25.cdgp
1704042409981548867,1704042414483209118,200,http://172.169.8.253:31112/function/opt-66b-submod-0-latency-25.cdgp
1704042409981642482,1704042419982317580,500,http://172.169.8.253:31112/function/opt-66b-submod-0-latency-25.cdgp
1704042409981757959,1704042419981993536,500,http://172.169.8.253:31112/function/opt-66b-submod-0-latency-25.cdgp
1704042409981937144,1704042419982295358,500,http://172.169.8.253:31112/function/opt-66b-submod-0-latency-25.cdgp
1704042409982019210,1704042419605062657,500,http://172.169.8.253:31112/function/opt-66b-submod-0-latency-25.cdgp
1704042409982140230,1704042419982449487,500,http://172.169.8.253:31112/function/opt-66b-submod-0-latency-25.cdgp
1704042409982257026,1704042419982479853,500,http://172.169.8.253:31112/function/opt-66b-submod-0-latency-25.cdgp
1704042409982663445,1704042415233467247,200,http://172.169.8.253:31112/function/opt-66b-submod-0-latency-25.cdgp
1704042409982830158,1704042419983502143,500,http://172.169.8.253:31112/function/opt-66b-submod-0-latency-25.cdgp
1704042409982983210,1704042419983447852,500,http://172.169.8.253:31112/function/opt-66b-submod-0-latency-25.cdgp
1704042409983056138,1704042418921591476,500,http://172.169.8.253:31112/function/opt-66b-submod-0-latency-25.cdgp
1704042409983159701,1704042412953257617,200,http://172.169.8.253:31112/function/opt-66b-submod-0-latency-25.cdgp
1704042409983247182,1704042419625231792,500,http://172.169.8.253:31112/function/opt-66b-submod-0-latency-25.cdgp
1704042409983330863,1704042419983519090,500,http://172.169.8.253:31112/function/opt-66b-submod-0-latency-25.cdgp
1704042409983398696,1704042417887558040,200,http://172.169.8.253:31112/function/opt-66b-submod-0-latency-25.cdgp
1704042409983476391,1704042419983655399,500,http://172.169.8.253:31112/function/opt-66b-submod-0-latency-25.cdgp
1704042409983555004,1704042419516788760,200,http://172.169.8.253:31112/function/opt-66b-submod-0-latency-25.cdgp
1704042409985540052,1704042415678761985,200,http://172.169.8.253:31112/function/opt-66b-submod-0-latency-25.cdgp
1704042409985582258,1704042412730982811,200,http://172.169.8.253:31112/function/opt-66b-submod-0-latency-25.cdgp
1704042409985596779,1704042420012813966,500,http://172.169.8.253:31112/function/opt-66b-submod-0-latency-25.cdgp
1704042409985607445,1704042416869099991,200,http://172.169.8.253:31112/function/opt-66b-submod-0-latency-25.cdgp
1704042409985617981,1704042420012837115,500,http://172.169.8.253:31112/function/opt-66b-submod-0-latency-25.cdgp
1704042409985627954,1704042413827555630,200,http://172.169.8.253:31112/function/opt-66b-submod-0-latency-25.cdgp
1704042409985680616,1704042419859842523,500,http://172.169.8.253:31112/function/opt-66b-submod-0-latency-25.cdgp
1704042409985690126,1704042420013049730,500,http://172.169.8.253:31112/function/opt-66b-submod-0-latency-25.cdgp
1704042409985699876,1704042420013070689,500,http://172.169.8.253:31112/function/opt-66b-submod-0-latency-25.cdgp
1704042409985709462,1704042419604030057,500,http://172.169.8.253:31112/function/opt-66b-submod-0-latency-25.cdgp
1704042409985724208,1704042413511967642,200,http://172.169.8.253:31112/function/opt-66b-submod-0-latency-25.cdgp
1704042409985734108,1704042417952225093,200,http://172.169.8.253:31112/function/opt-66b-submod-0-latency-25.cdgp
1704042409985743775,1704042413156048641,200,http://172.169.8.253:31112/function/opt-66b-submod-0-latency-25.cdgp
1704042409985753083,1704042413829443846,200,http://172.169.8.253:31112/function/opt-66b-submod-0-latency-25.cdgp
1704042409986073444,1704042417887687077,200,http://172.169.8.253:31112/function/opt-66b-submod-0-latency-25.cdgp
1704042409986083372,1704042414698504527,200,http://172.169.8.253:31112/function/opt-66b-submod-0-latency-25.cdgp
1704042410068206971,1704042420069594576,500,http://172.169.8.253:31112/function/opt-66b-submod-0-latency-25.cdgp
1704042410068289194,1704042420069521806,500,http://172.169.8.253:31112/function/opt-66b-submod-0-latency-25.cdgp
1704042410068387901,1704042420069490729,500,http://172.169.8.253:31112/function/opt-66b-submod-0-latency-25.cdgp
1704042410068525916,1704042420069639860,500,http://172.169.8.253:31112/function/opt-66b-submod-0-latency-25.cdgp
1704042410068584082,1704042415663824767,200,http://172.169.8.253:31112/function/opt-66b-submod-0-latency-25.cdgp
1704042410068664040,1704042420040720871,200,http://172.169.8.253:31112/function/opt-66b-submod-0-latency-25.cdgp
1704042410068721333,1704042420047798621,500,http://172.169.8.253:31112/function/opt-66b-submod-0-latency-25.cdgp
1704042410068757095,1704042419517006368,200,http://172.169.8.253:31112/function/opt-66b-submod-0-latency-25.cdgp
1704042410068825838,1704042420069608941,500,http://172.169.8.253:31112/function/opt-66b-submod-0-latency-25.cdgp
1704042410068894332,1704042420042317348,500,http://172.169.8.253:31112/function/opt-66b-submod-0-latency-25.cdgp
1704042410068938444,1704042420069630796,500,http://172.169.8.253:31112/function/opt-66b-submod-0-latency-25.cdgp
1704042410069008754,1704042420042158607,500,http://172.169.8.253:31112/function/opt-66b-submod-0-latency-25.cdgp
1704042410069093388,1704042420037925745,500,http://172.169.8.253:31112/function/opt-66b-submod-0-latency-25.cdgp
1704042410082253117,1704042413830830950,200,http://172.169.8.253:31112/function/opt-66b-submod-0-latency-25.cdgp
1704042410082330719,1704042420043224601,500,http://172.169.8.253:31112/function/opt-66b-submod-0-latency-25.cdgp
1704042410086004223,1704042415835191817,200,http://172.169.8.253:31112/function/opt-66b-submod-0-latency-25.cdgp
1704042410086081770,1704042413444906860,200,http://172.169.8.253:31112/function/opt-66b-submod-0-latency-25.cdgp
1704042410479811631,1704042419790726813,500,http://172.169.8.253:31112/function/opt-66b-submod-0-latency-25.cdgp
1704042410494937770,1704042420116143248,500,http://172.169.8.253:31112/function/opt-66b-submod-0-latency-25.cdgp
1704042410495052180,1704042420153444654,500,http://172.169.8.253:31112/function/opt-66b-submod-0-latency-25.cdgp
1704042410495139741,1704042420153684434,500,http://172.169.8.253:31112/function/opt-66b-submod-0-latency-25.cdgp
1704042410495201543,1704042413074090520,200,http://172.169.8.253:31112/function/opt-66b-submod-0-latency-25.cdgp
1704042410495318196,1704042420113533487,500,http://172.169.8.253:31112/function/opt-66b-submod-0-latency-25.cdgp
1704042410564112430,1704042420510919185,500,http://172.169.8.253:31112/function/opt-66b-submod-0-latency-25.cdgp
1704042410564229264,1704042413490281748,200,http://172.169.8.253:31112/function/opt-66b-submod-0-latency-25.cdgp
1704042410564309190,1704042420258613314,500,http://172.169.8.253:31112/function/opt-66b-submod-0-latency-25.cdgp
1704042410564396355,1704042420146887942,500,http://172.169.8.253:31112/function/opt-66b-submod-0-latency-25.cdgp
1704042410564495559,1704042415449289773,200,http://172.169.8.253:31112/function/opt-66b-submod-0-latency-25.cdgp
1704042410564661533,1704042414452385232,200,http://172.169.8.253:31112/function/opt-66b-submod-0-latency-25.cdgp
1704042410564719516,1704042420507392853,500,http://172.169.8.253:31112/function/opt-66b-submod-0-latency-25.cdgp
1704042410567670206,1704042414138928313,200,http://172.169.8.253:31112/function/opt-66b-submod-0-latency-25.cdgp
1704042410567757830,1704042420568927530,500,http://172.169.8.253:31112/function/opt-66b-submod-0-latency-25.cdgp
1704042410567836494,1704042420513030979,500,http://172.169.8.253:31112/function/opt-66b-submod-0-latency-25.cdgp
1704042410567930344,1704042420517297023,500,http://172.169.8.253:31112/function/opt-66b-submod-0-latency-25.cdgp
1704042410568011134,1704042420143702849,500,http://172.169.8.253:31112/function/opt-66b-submod-0-latency-25.cdgp
1704042410568074212,1704042415861478763,200,http://172.169.8.253:31112/function/opt-66b-submod-0-latency-25.cdgp
1704042410568159950,1704042420146167684,500,http://172.169.8.253:31112/function/opt-66b-submod-0-latency-25.cdgp
1704042410568239202,1704042415835261893,200,http://172.169.8.253:31112/function/opt-66b-submod-0-latency-25.cdgp
1704042410568343958,1704042420507655193,500,http://172.169.8.253:31112/function/opt-66b-submod-0-latency-25.cdgp
1704042410568431755,1704042420512008404,500,http://172.169.8.253:31112/function/opt-66b-submod-0-latency-25.cdgp
1704042410568516123,1704042420517055467,500,http://172.169.8.253:31112/function/opt-66b-submod-0-latency-25.cdgp
1704042410568601533,1704042413827911936,200,http://172.169.8.253:31112/function/opt-66b-submod-0-latency-25.cdgp
1704042410572270556,1704042420316648552,500,http://172.169.8.253:31112/function/opt-66b-submod-0-latency-25.cdgp
1704042410572365523,1704042420516714741,500,http://172.169.8.253:31112/function/opt-66b-submod-0-latency-25.cdgp
1704042410572440362,1704042420509008594,500,http://172.169.8.253:31112/function/opt-66b-submod-0-latency-25.cdgp
1704042410572544042,1704042420507627170,500,http://172.169.8.253:31112/function/opt-66b-submod-0-latency-25.cdgp
1704042410572614667,1704042420508874222,500,http://172.169.8.253:31112/function/opt-66b-submod-0-latency-25.cdgp
1704042410572687468,1704042420046933065,500,http://172.169.8.253:31112/function/opt-66b-submod-0-latency-25.cdgp
1704042410572774890,1704042412835476478,200,http://172.169.8.253:31112/function/opt-66b-submod-0-latency-25.cdgp
1704042410572843241,1704042420343775869,500,http://172.169.8.253:31112/function/opt-66b-submod-0-latency-25.cdgp
1704042410572938423,1704042416340287568,200,http://172.169.8.253:31112/function/opt-66b-submod-0-latency-25.cdgp
1704042410573006917,1704042420041126205,200,http://172.169.8.253:31112/function/opt-66b-submod-0-latency-25.cdgp
1704042410573112710,1704042415707236926,200,http://172.169.8.253:31112/function/opt-66b-submod-0-latency-25.cdgp
1704042410573203529,1704042420517797748,500,http://172.169.8.253:31112/function/opt-66b-submod-0-latency-25.cdgp
1704042410573286309,1704042420508993760,500,http://172.169.8.253:31112/function/opt-66b-submod-0-latency-25.cdgp
1704042410573370190,1704042420323131088,500,http://172.169.8.253:31112/function/opt-66b-submod-0-latency-25.cdgp
1704042410573447023,1704042420520973793,500,http://172.169.8.253:31112/function/opt-66b-submod-0-latency-25.cdgp
1704042410573498751,1704042415201555340,200,http://172.169.8.253:31112/function/opt-66b-submod-0-latency-25.cdgp
1704042410573594974,1704042420044221375,500,http://172.169.8.253:31112/function/opt-66b-submod-0-latency-25.cdgp
1704042410573663129,1704042420524957903,500,http://172.169.8.253:31112/function/opt-66b-submod-0-latency-25.cdgp
1704042410573717560,1704042420524305462,500,http://172.169.8.253:31112/function/opt-66b-submod-0-latency-25.cdgp
1704042410573798073,1704042420345641277,500,http://172.169.8.253:31112/function/opt-66b-submod-0-latency-25.cdgp
1704042410573842259,1704042420526505247,500,http://172.169.8.253:31112/function/opt-66b-submod-0-latency-25.cdgp
1704042410573947715,1704042420524962060,500,http://172.169.8.253:31112/function/opt-66b-submod-0-latency-25.cdgp
1704042410573996220,1704042420525328114,500,http://172.169.8.253:31112/function/opt-66b-submod-0-latency-25.cdgp
1704042410574075355,1704042419430642700,200,http://172.169.8.253:31112/function/opt-66b-submod-0-latency-25.cdgp
1704042410574152497,1704042420526342370,500,http://172.169.8.253:31112/function/opt-66b-submod-0-latency-25.cdgp
1704042410574233468,1704042420326281173,500,http://172.169.8.253:31112/function/opt-66b-submod-0-latency-25.cdgp
1704042410574312676,1704042420520812665,500,http://172.169.8.253:31112/function/opt-66b-submod-0-latency-25.cdgp
1704042410574369163,1704042420322078704,500,http://172.169.8.253:31112/function/opt-66b-submod-0-latency-25.cdgp
1704042410574418925,1704042413448321564,200,http://172.169.8.253:31112/function/opt-66b-submod-0-latency-25.cdgp
1704042410574485277,1704042415677665528,200,http://172.169.8.253:31112/function/opt-66b-submod-0-latency-25.cdgp
1704042410574587584,1704042420320014651,500,http://172.169.8.253:31112/function/opt-66b-submod-0-latency-25.cdgp
1704042410574659786,1704042417356214529,200,http://172.169.8.253:31112/function/opt-66b-submod-0-latency-25.cdgp
1704042410574733484,1704042420521827401,500,http://172.169.8.253:31112/function/opt-66b-submod-0-latency-25.cdgp
1704042410574828257,1704042420525819142,500,http://172.169.8.253:31112/function/opt-66b-submod-0-latency-25.cdgp
1704042410574868352,1704042420521496453,500,http://172.169.8.253:31112/function/opt-66b-submod-0-latency-25.cdgp
1704042411004985046,1704042420525817615,500,http://172.169.8.253:31112/function/opt-66b-submod-0-latency-25.cdgp
1704042411005095371,1704042413514718559,200,http://172.169.8.253:31112/function/opt-66b-submod-0-latency-25.cdgp
1704042411005209072,1704042420710629253,500,http://172.169.8.253:31112/function/opt-66b-submod-0-latency-25.cdgp
1704042411005279989,1704042420562456519,500,http://172.169.8.253:31112/function/opt-66b-submod-0-latency-25.cdgp
1704042411005342718,1704042420711079835,500,http://172.169.8.253:31112/function/opt-66b-submod-0-latency-25.cdgp
1704042411005423638,1704042420047802537,500,http://172.169.8.253:31112/function/opt-66b-submod-0-latency-25.cdgp
1704042411005490960,1704042420323848857,500,http://172.169.8.253:31112/function/opt-66b-submod-0-latency-25.cdgp
1704042411072248623,1704042420321243683,500,http://172.169.8.253:31112/function/opt-66b-submod-0-latency-25.cdgp
1704042411072368041,1704042421072747339,500,http://172.169.8.253:31112/function/opt-66b-submod-0-latency-25.cdgp
1704042411072438436,1704042414944528340,200,http://172.169.8.253:31112/function/opt-66b-submod-0-latency-25.cdgp
1704042411072520921,1704042420562143559,500,http://172.169.8.253:31112/function/opt-66b-submod-0-latency-25.cdgp
1704042411072641364,1704042414897498214,200,http://172.169.8.253:31112/function/opt-66b-submod-0-latency-25.cdgp
1704042411072749066,1704042421074052675,500,http://172.169.8.253:31112/function/opt-66b-submod-0-latency-25.cdgp
1704042411072815043,1704042420143370839,500,http://172.169.8.253:31112/function/opt-66b-submod-0-latency-25.cdgp
1704042411072870025,1704042420562465948,500,http://172.169.8.253:31112/function/opt-66b-submod-0-latency-25.cdgp
1704042411072946769,1704042421074237285,500,http://172.169.8.253:31112/function/opt-66b-submod-0-latency-25.cdgp
1704042411073008080,1704042421074228174,500,http://172.169.8.253:31112/function/opt-66b-submod-0-latency-25.cdgp
1704042411073033028,1704042421074261897,500,http://172.169.8.253:31112/function/opt-66b-submod-0-latency-25.cdgp
1704042411073144295,1704042420683744768,500,http://172.169.8.253:31112/function/opt-66b-submod-0-latency-25.cdgp
1704042411073175571,1704042414406867131,200,http://172.169.8.253:31112/function/opt-66b-submod-0-latency-25.cdgp
1704042411073333722,1704042420042648125,500,http://172.169.8.253:31112/function/opt-66b-submod-0-latency-25.cdgp
1704042411073415460,1704042420150804797,500,http://172.169.8.253:31112/function/opt-66b-submod-0-latency-25.cdgp
1704042411073517217,1704042421074031069,500,http://172.169.8.253:31112/function/opt-66b-submod-0-latency-25.cdgp
1704042411073608481,1704042413826964174,200,http://172.169.8.253:31112/function/opt-66b-submod-0-latency-25.cdgp
1704042411073657493,1704042414883265920,200,http://172.169.8.253:31112/function/opt-66b-submod-0-latency-25.cdgp
1704042411073733047,1704042421074261595,500,http://172.169.8.253:31112/function/opt-66b-submod-0-latency-25.cdgp
1704042411073816479,1704042414905941569,200,http://172.169.8.253:31112/function/opt-66b-submod-0-latency-25.cdgp
1704042411073913598,1704042414188021734,200,http://172.169.8.253:31112/function/opt-66b-submod-0-latency-25.cdgp
1704042411073989033,1704042421074415648,500,http://172.169.8.253:31112/function/opt-66b-submod-0-latency-25.cdgp
1704042411074063825,1704042419516993603,200,http://172.169.8.253:31112/function/opt-66b-submod-0-latency-25.cdgp
1704042411074120315,1704042414883974330,200,http://172.169.8.253:31112/function/opt-66b-submod-0-latency-25.cdgp
1704042411074190884,1704042415861718397,200,http://172.169.8.253:31112/function/opt-66b-submod-0-latency-25.cdgp
1704042411074246350,1704042421074444666,500,http://172.169.8.253:31112/function/opt-66b-submod-0-latency-25.cdgp
1704042411074317510,1704042416567194890,200,http://172.169.8.253:31112/function/opt-66b-submod-0-latency-25.cdgp
1704042411074344889,1704042420939149386,500,http://172.169.8.253:31112/function/opt-66b-submod-0-latency-25.cdgp
1704042411074405396,1704042421074503400,500,http://172.169.8.253:31112/function/opt-66b-submod-0-latency-25.cdgp
1704042411074463084,1704042421074572848,500,http://172.169.8.253:31112/function/opt-66b-submod-0-latency-25.cdgp
1704042411074533821,1704042421074646291,500,http://172.169.8.253:31112/function/opt-66b-submod-0-latency-25.cdgp
1704042411074616152,1704042421074767801,500,http://172.169.8.253:31112/function/opt-66b-submod-0-latency-25.cdgp
1704042411074703679,1704042421074874489,500,http://172.169.8.253:31112/function/opt-66b-submod-0-latency-25.cdgp
1704042411093594943,1704042421094515955,500,http://172.169.8.253:31112/function/opt-66b-submod-0-latency-25.cdgp
1704042411093663438,1704042421094401578,500,http://172.169.8.253:31112/function/opt-66b-submod-0-latency-25.cdgp
1704042411094331863,1704042421094574644,500,http://172.169.8.253:31112/function/opt-66b-submod-0-latency-25.cdgp
1704042411094419516,1704042420146773966,500,http://172.169.8.253:31112/function/opt-66b-submod-0-latency-25.cdgp
1704042411094514198,1704042414883341355,200,http://172.169.8.253:31112/function/opt-66b-submod-0-latency-25.cdgp
1704042411094846618,1704042417908272593,200,http://172.169.8.253:31112/function/opt-66b-submod-0-latency-25.cdgp
1704042411094940622,1704042421095781360,500,http://172.169.8.253:31112/function/opt-66b-submod-0-latency-25.cdgp
1704042411095013648,1704042421095825329,500,http://172.169.8.253:31112/function/opt-66b-submod-0-latency-25.cdgp
1704042411095110950,1704042421095713383,500,http://172.169.8.253:31112/function/opt-66b-submod-0-latency-25.cdgp
1704042411095190838,1704042421095809273,500,http://172.169.8.253:31112/function/opt-66b-submod-0-latency-25.cdgp
1704042411095281319,1704042421095804050,500,http://172.169.8.253:31112/function/opt-66b-submod-0-latency-25.cdgp
1704042411095345565,1704042421095682182,500,http://172.169.8.253:31112/function/opt-66b-submod-0-latency-25.cdgp
1704042411095424812,1704042420329675087,500,http://172.169.8.253:31112/function/opt-66b-submod-0-latency-25.cdgp
1704042411095471939,1704042416567446651,200,http://172.169.8.253:31112/function/opt-66b-submod-0-latency-25.cdgp
1704042411095539645,1704042416265073006,200,http://172.169.8.253:31112/function/opt-66b-submod-0-latency-25.cdgp
1704042411095620394,1704042421096012035,500,http://172.169.8.253:31112/function/opt-66b-submod-0-latency-25.cdgp
1704042411095685093,1704042421096022461,500,http://172.169.8.253:31112/function/opt-66b-submod-0-latency-25.cdgp
1704042411095726537,1704042421096025666,500,http://172.169.8.253:31112/function/opt-66b-submod-0-latency-25.cdgp
1704042411095789977,1704042420327676477,500,http://172.169.8.253:31112/function/opt-66b-submod-0-latency-25.cdgp
1704042411097366002,1704042421097861004,500,http://172.169.8.253:31112/function/opt-66b-submod-0-latency-25.cdgp
1704042411097457503,1704042421097879402,500,http://172.169.8.253:31112/function/opt-66b-submod-0-latency-25.cdgp
1704042411097543979,1704042421097796666,500,http://172.169.8.253:31112/function/opt-66b-submod-0-latency-25.cdgp
1704042411097623259,1704042413831159816,200,http://172.169.8.253:31112/function/opt-66b-submod-0-latency-25.cdgp
1704042411097718886,1704042421097963955,500,http://172.169.8.253:31112/function/opt-66b-submod-0-latency-25.cdgp
1704042411097792729,1704042421097973720,500,http://172.169.8.253:31112/function/opt-66b-submod-0-latency-25.cdgp
1704042411151096328,1704042421152177956,500,http://172.169.8.253:31112/function/opt-66b-submod-0-latency-25.cdgp
1704042411156219741,1704042421157944759,500,http://172.169.8.253:31112/function/opt-66b-submod-0-latency-25.cdgp
1704042411156318256,1704042417224111225,200,http://172.169.8.253:31112/function/opt-66b-submod-0-latency-25.cdgp
1704042411156434438,1704042421158595210,500,http://172.169.8.253:31112/function/opt-66b-submod-0-latency-25.cdgp
1704042411156490397,1704042421158693216,500,http://172.169.8.253:31112/function/opt-66b-submod-0-latency-25.cdgp
1704042411156569894,1704042421158353037,500,http://172.169.8.253:31112/function/opt-66b-submod-0-latency-25.cdgp
1704042411156648832,1704042421158278451,500,http://172.169.8.253:31112/function/opt-66b-submod-0-latency-25.cdgp
1704042411156713948,1704042421158581274,500,http://172.169.8.253:31112/function/opt-66b-submod-0-latency-25.cdgp
1704042411156801135,1704042417356083091,200,http://172.169.8.253:31112/function/opt-66b-submod-0-latency-25.cdgp
1704042411156884423,1704042421158398760,500,http://172.169.8.253:31112/function/opt-66b-submod-0-latency-25.cdgp
1704042411156978387,1704042417356143335,200,http://172.169.8.253:31112/function/opt-66b-submod-0-latency-25.cdgp
1704042411157037789,1704042421157628552,500,http://172.169.8.253:31112/function/opt-66b-submod-0-latency-25.cdgp
1704042411157106116,1704042420142503984,200,http://172.169.8.253:31112/function/opt-66b-submod-0-latency-25.cdgp
1704042411157167740,1704042421157481997,500,http://172.169.8.253:31112/function/opt-66b-submod-0-latency-25.cdgp
1704042411157227381,1704042421157694141,500,http://172.169.8.253:31112/function/opt-66b-submod-0-latency-25.cdgp
1704042411157308058,1704042418880226706,200,http://172.169.8.253:31112/function/opt-66b-submod-0-latency-25.cdgp
1704042411157350440,1704042421158360094,500,http://172.169.8.253:31112/function/opt-66b-submod-0-latency-25.cdgp
1704042411157418430,1704042417950685711,200,http://172.169.8.253:31112/function/opt-66b-submod-0-latency-25.cdgp
1704042411157496886,1704042421157698103,500,http://172.169.8.253:31112/function/opt-66b-submod-0-latency-25.cdgp
1704042411157578846,1704042414483682072,200,http://172.169.8.253:31112/function/opt-66b-submod-0-latency-25.cdgp
1704042411157636010,1704042421158383385,500,http://172.169.8.253:31112/function/opt-66b-submod-0-latency-25.cdgp
1704042411157725823,1704042418242192749,200,http://172.169.8.253:31112/function/opt-66b-submod-0-latency-25.cdgp
1704042411157770980,1704042421157950749,500,http://172.169.8.253:31112/function/opt-66b-submod-0-latency-25.cdgp
1704042411157822824,1704042418880857382,200,http://172.169.8.253:31112/function/opt-66b-submod-0-latency-25.cdgp
1704042411157904594,1704042421158792995,500,http://172.169.8.253:31112/function/opt-66b-submod-0-latency-25.cdgp
1704042411157976174,1704042421158602518,500,http://172.169.8.253:31112/function/opt-66b-submod-0-latency-25.cdgp
1704042411158039285,1704042421158671804,500,http://172.169.8.253:31112/function/opt-66b-submod-0-latency-25.cdgp
1704042411158129349,1704042421158675797,500,http://172.169.8.253:31112/function/opt-66b-submod-0-latency-25.cdgp
1704042411158222981,1704042415861275868,200,http://172.169.8.253:31112/function/opt-66b-submod-0-latency-25.cdgp
1704042411158305318,1704042421158806349,500,http://172.169.8.253:31112/function/opt-66b-submod-0-latency-25.cdgp
1704042411158379335,1704042421158802344,500,http://172.169.8.253:31112/function/opt-66b-submod-0-latency-25.cdgp
1704042411166314564,1704042421142768318,500,http://172.169.8.253:31112/function/opt-66b-submod-0-latency-25.cdgp
1704042411166415367,1704042421166563513,500,http://172.169.8.253:31112/function/opt-66b-submod-0-latency-25.cdgp
1704042411166500567,1704042421166574705,500,http://172.169.8.253:31112/function/opt-66b-submod-0-latency-25.cdgp
1704042411166608735,1704042421167858239,500,http://172.169.8.253:31112/function/opt-66b-submod-0-latency-25.cdgp
1704042411166690679,1704042416340333072,200,http://172.169.8.253:31112/function/opt-66b-submod-0-latency-25.cdgp
1704042411166773408,1704042420366204351,500,http://172.169.8.253:31112/function/opt-66b-submod-0-latency-25.cdgp
1704042411166892697,1704042421167817412,500,http://172.169.8.253:31112/function/opt-66b-submod-0-latency-25.cdgp
1704042411166972100,1704042421167871099,500,http://172.169.8.253:31112/function/opt-66b-submod-0-latency-25.cdgp
1704042411167030307,1704042420326780898,500,http://172.169.8.253:31112/function/opt-66b-submod-0-latency-25.cdgp
1704042411167125203,1704042415860048686,200,http://172.169.8.253:31112/function/opt-66b-submod-0-latency-25.cdgp
1704042411167209736,1704042421167844345,500,http://172.169.8.253:31112/function/opt-66b-submod-0-latency-25.cdgp
1704042411221120006,1704042421222559401,500,http://172.169.8.253:31112/function/opt-66b-submod-0-latency-25.cdgp
1704042411221210061,1704042421222496659,500,http://172.169.8.253:31112/function/opt-66b-submod-0-latency-25.cdgp
1704042411221337465,1704042418879545925,200,http://172.169.8.253:31112/function/opt-66b-submod-0-latency-25.cdgp
1704042411221404430,1704042421144525011,500,http://172.169.8.253:31112/function/opt-66b-submod-0-latency-25.cdgp
1704042411221480824,1704042421222549354,500,http://172.169.8.253:31112/function/opt-66b-submod-0-latency-25.cdgp
1704042411221549399,1704042421222669267,500,http://172.169.8.253:31112/function/opt-66b-submod-0-latency-25.cdgp
1704042411221627203,1704042421222406617,500,http://172.169.8.253:31112/function/opt-66b-submod-0-latency-25.cdgp
1704042411221693521,1704042421164295528,200,http://172.169.8.253:31112/function/opt-66b-submod-0-latency-25.cdgp
1704042411221775986,1704042416566821577,200,http://172.169.8.253:31112/function/opt-66b-submod-0-latency-25.cdgp
1704042411221807129,1704042421222502223,500,http://172.169.8.253:31112/function/opt-66b-submod-0-latency-25.cdgp
1704042411221893744,1704042421222213552,500,http://172.169.8.253:31112/function/opt-66b-submod-0-latency-25.cdgp
1704042411221991705,1704042421222401561,500,http://172.169.8.253:31112/function/opt-66b-submod-0-latency-25.cdgp
1704042411353340416,1704042421355151949,500,http://172.169.8.253:31112/function/opt-66b-submod-0-latency-25.cdgp
1704042411353389503,1704042421355133491,500,http://172.169.8.253:31112/function/opt-66b-submod-0-latency-25.cdgp
1704042411353491324,1704042421355299983,500,http://172.169.8.253:31112/function/opt-66b-submod-0-latency-25.cdgp
1704042411353562506,1704042421355055697,500,http://172.169.8.253:31112/function/opt-66b-submod-0-latency-25.cdgp
1704042411353603836,1704042421355200275,500,http://172.169.8.253:31112/function/opt-66b-submod-0-latency-25.cdgp
1704042411353683459,1704042421355407778,500,http://172.169.8.253:31112/function/opt-66b-submod-0-latency-25.cdgp
1704042411353766042,1704042421170080621,500,http://172.169.8.253:31112/function/opt-66b-submod-0-latency-25.cdgp
1704042411353824096,1704042417223828649,200,http://172.169.8.253:31112/function/opt-66b-submod-0-latency-25.cdgp
1704042411353894355,1704042421355438447,500,http://172.169.8.253:31112/function/opt-66b-submod-0-latency-25.cdgp
1704042411353976836,1704042421354723144,500,http://172.169.8.253:31112/function/opt-66b-submod-0-latency-25.cdgp
1704042411354045480,1704042421355148402,500,http://172.169.8.253:31112/function/opt-66b-submod-0-latency-25.cdgp
1704042411354091554,1704042421355422466,500,http://172.169.8.253:31112/function/opt-66b-submod-0-latency-25.cdgp
1704042411354181435,1704042421164840764,500,http://172.169.8.253:31112/function/opt-66b-submod-0-latency-25.cdgp
1704042411354250412,1704042421354999719,500,http://172.169.8.253:31112/function/opt-66b-submod-0-latency-25.cdgp
1704042411354329160,1704042421164771274,200,http://172.169.8.253:31112/function/opt-66b-submod-0-latency-25.cdgp
1704042411354355487,1704042421355442596,500,http://172.169.8.253:31112/function/opt-66b-submod-0-latency-25.cdgp
1704042411354434935,1704042421355274479,500,http://172.169.8.253:31112/function/opt-66b-submod-0-latency-25.cdgp
1704042411354509522,1704042421355289929,500,http://172.169.8.253:31112/function/opt-66b-submod-0-latency-25.cdgp
1704042411354535256,1704042418876645140,200,http://172.169.8.253:31112/function/opt-66b-submod-0-latency-25.cdgp
1704042411354624318,1704042421355428775,500,http://172.169.8.253:31112/function/opt-66b-submod-0-latency-25.cdgp
1704042411354707610,1704042415687303465,200,http://172.169.8.253:31112/function/opt-66b-submod-0-latency-25.cdgp
1704042411625955159,1704042421626212626,500,http://172.169.8.253:31112/function/opt-66b-submod-0-latency-25.cdgp
1704042411626053331,1704042418920100876,200,http://172.169.8.253:31112/function/opt-66b-submod-0-latency-25.cdgp
1704042411626219589,1704042421419034899,500,http://172.169.8.253:31112/function/opt-66b-submod-0-latency-25.cdgp
1704042411676000809,1704042421677115729,500,http://172.169.8.253:31112/function/opt-66b-submod-0-latency-25.cdgp
1704042411676091971,1704042421627603182,500,http://172.169.8.253:31112/function/opt-66b-submod-0-latency-25.cdgp
1704042411676195039,1704042421677127815,500,http://172.169.8.253:31112/function/opt-66b-submod-0-latency-25.cdgp
1704042411676313977,1704042421626030573,500,http://172.169.8.253:31112/function/opt-66b-submod-0-latency-25.cdgp
1704042411676381192,1704042421677110283,500,http://172.169.8.253:31112/function/opt-66b-submod-0-latency-25.cdgp
1704042411676457121,1704042421632319188,500,http://172.169.8.253:31112/function/opt-66b-submod-0-latency-25.cdgp
1704042411676524249,1704042421677109965,500,http://172.169.8.253:31112/function/opt-66b-submod-0-latency-25.cdgp
1704042411676541025,1704042421677141747,500,http://172.169.8.253:31112/function/opt-66b-submod-0-latency-25.cdgp
1704042411676630186,1704042421626577644,500,http://172.169.8.253:31112/function/opt-66b-submod-0-latency-25.cdgp
1704042411679477474,1704042421680392597,500,http://172.169.8.253:31112/function/opt-66b-submod-0-latency-25.cdgp
1704042411679557525,1704042421680440668,500,http://172.169.8.253:31112/function/opt-66b-submod-0-latency-25.cdgp
1704042411679724982,1704042421680374321,500,http://172.169.8.253:31112/function/opt-66b-submod-0-latency-25.cdgp
1704042411682504382,1704042421683691799,500,http://172.169.8.253:31112/function/opt-66b-submod-0-latency-25.cdgp
1704042411682964795,1704042421143262743,500,http://172.169.8.253:31112/function/opt-66b-submod-0-latency-25.cdgp
1704042411683068147,1704042421629541055,500,http://172.169.8.253:31112/function/opt-66b-submod-0-latency-25.cdgp
1704042411683174527,1704042421671130364,500,http://172.169.8.253:31112/function/opt-66b-submod-0-latency-25.cdgp
1704042411683250816,1704042421683857847,500,http://172.169.8.253:31112/function/opt-66b-submod-0-latency-25.cdgp
1704042411683291883,1704042421683701860,500,http://172.169.8.253:31112/function/opt-66b-submod-0-latency-25.cdgp
1704042411684463799,1704042416382465670,200,http://172.169.8.253:31112/function/opt-66b-submod-0-latency-25.cdgp
1704042411684555943,1704042421684787801,500,http://172.169.8.253:31112/function/opt-66b-submod-0-latency-25.cdgp
1704042411684632364,1704042418880833441,200,http://172.169.8.253:31112/function/opt-66b-submod-0-latency-25.cdgp
1704042411684698863,1704042421629030290,500,http://172.169.8.253:31112/function/opt-66b-submod-0-latency-25.cdgp
1704042411684792826,1704042421684959757,500,http://172.169.8.253:31112/function/opt-66b-submod-0-latency-25.cdgp
1704042411684873832,1704042421165497461,500,http://172.169.8.253:31112/function/opt-66b-submod-0-latency-25.cdgp
1704042411684961641,1704042421686004447,500,http://172.169.8.253:31112/function/opt-66b-submod-0-latency-25.cdgp
1704042411685040543,1704042421630684510,500,http://172.169.8.253:31112/function/opt-66b-submod-0-latency-25.cdgp
1704042411685130605,1704042421630860296,500,http://172.169.8.253:31112/function/opt-66b-submod-0-latency-25.cdgp
1704042411685207724,1704042414697486382,200,http://172.169.8.253:31112/function/opt-66b-submod-0-latency-25.cdgp
1704042411685252315,1704042417394516610,200,http://172.169.8.253:31112/function/opt-66b-submod-0-latency-25.cdgp
1704042411685338109,1704042421686003764,500,http://172.169.8.253:31112/function/opt-66b-submod-0-latency-25.cdgp
1704042411685428384,1704042421686032255,500,http://172.169.8.253:31112/function/opt-66b-submod-0-latency-25.cdgp
1704042411685507215,1704042418031165212,200,http://172.169.8.253:31112/function/opt-66b-submod-0-latency-25.cdgp
1704042411685570366,1704042421629875135,500,http://172.169.8.253:31112/function/opt-66b-submod-0-latency-25.cdgp
1704042411685633595,1704042421165176024,500,http://172.169.8.253:31112/function/opt-66b-submod-0-latency-25.cdgp
1704042411685715279,1704042421631347888,500,http://172.169.8.253:31112/function/opt-66b-submod-0-latency-25.cdgp
1704042411685841248,1704042421634450154,500,http://172.169.8.253:31112/function/opt-66b-submod-0-latency-25.cdgp
1704042411685967650,1704042421629738211,500,http://172.169.8.253:31112/function/opt-66b-submod-0-latency-25.cdgp
1704042411686019221,1704042421686185476,500,http://172.169.8.253:31112/function/opt-66b-submod-0-latency-25.cdgp
1704042411686107376,1704042421686249026,500,http://172.169.8.253:31112/function/opt-66b-submod-0-latency-25.cdgp
1704042411686183704,1704042421143305903,500,http://172.169.8.253:31112/function/opt-66b-submod-0-latency-25.cdgp
1704042411686300012,1704042421631370241,500,http://172.169.8.253:31112/function/opt-66b-submod-0-latency-25.cdgp
1704042411686367479,1704042421687106663,500,http://172.169.8.253:31112/function/opt-66b-submod-0-latency-25.cdgp
1704042411686398104,1704042421687130461,500,http://172.169.8.253:31112/function/opt-66b-submod-0-latency-25.cdgp
1704042411686471515,1704042421633697258,500,http://172.169.8.253:31112/function/opt-66b-submod-0-latency-25.cdgp
1704042411686557272,1704042421628178206,500,http://172.169.8.253:31112/function/opt-66b-submod-0-latency-25.cdgp
1704042411686642161,1704042421687129754,500,http://172.169.8.253:31112/function/opt-66b-submod-0-latency-25.cdgp
1704042411686705920,1704042416869289335,200,http://172.169.8.253:31112/function/opt-66b-submod-0-latency-25.cdgp
1704042411686737258,1704042417908635609,200,http://172.169.8.253:31112/function/opt-66b-submod-0-latency-25.cdgp
1704042411686852072,1704042416901874929,200,http://172.169.8.253:31112/function/opt-66b-submod-0-latency-25.cdgp
1704042411853352558,1704042421772029668,500,http://172.169.8.253:31112/function/opt-66b-submod-0-latency-25.cdgp
1704042411853431809,1704042417887556596,200,http://172.169.8.253:31112/function/opt-66b-submod-0-latency-25.cdgp
1704042411853507834,1704042418960597911,200,http://172.169.8.253:31112/function/opt-66b-submod-0-latency-25.cdgp
1704042411853587759,1704042421854208840,500,http://172.169.8.253:31112/function/opt-66b-submod-0-latency-25.cdgp
1704042411853660351,1704042421854258028,500,http://172.169.8.253:31112/function/opt-66b-submod-0-latency-25.cdgp
1704042411853687035,1704042421854186785,500,http://172.169.8.253:31112/function/opt-66b-submod-0-latency-25.cdgp
1704042411853789054,1704042421854192673,500,http://172.169.8.253:31112/function/opt-66b-submod-0-latency-25.cdgp
1704042411853839001,1704042417179680071,200,http://172.169.8.253:31112/function/opt-66b-submod-0-latency-25.cdgp
1704042411853914363,1704042417224142441,200,http://172.169.8.253:31112/function/opt-66b-submod-0-latency-25.cdgp
1704042411853982042,1704042421854225651,500,http://172.169.8.253:31112/function/opt-66b-submod-0-latency-25.cdgp
1704042411854093839,1704042418883485553,200,http://172.169.8.253:31112/function/opt-66b-submod-0-latency-25.cdgp
1704042411854225092,1704042421854384497,500,http://172.169.8.253:31112/function/opt-66b-submod-0-latency-25.cdgp
1704042411854380163,1704042421771558696,500,http://172.169.8.253:31112/function/opt-66b-submod-0-latency-25.cdgp
1704042411854688157,1704042421855074809,500,http://172.169.8.253:31112/function/opt-66b-submod-0-latency-25.cdgp
1704042411854775886,1704042421722609394,200,http://172.169.8.253:31112/function/opt-66b-submod-0-latency-25.cdgp
1704042411854883140,1704042421760384165,500,http://172.169.8.253:31112/function/opt-66b-submod-0-latency-25.cdgp
1704042411854968536,1704042416567747921,200,http://172.169.8.253:31112/function/opt-66b-submod-0-latency-25.cdgp
1704042411855055934,1704042421856412317,500,http://172.169.8.253:31112/function/opt-66b-submod-0-latency-25.cdgp
1704042411855132346,1704042421856485450,500,http://172.169.8.253:31112/function/opt-66b-submod-0-latency-25.cdgp
1704042411855226991,1704042416616871732,200,http://172.169.8.253:31112/function/opt-66b-submod-0-latency-25.cdgp
1704042411855317730,1704042421757675011,500,http://172.169.8.253:31112/function/opt-66b-submod-0-latency-25.cdgp
1704042411855374227,1704042421856468710,500,http://172.169.8.253:31112/function/opt-66b-submod-0-latency-25.cdgp
1704042411855447440,1704042421856387382,500,http://172.169.8.253:31112/function/opt-66b-submod-0-latency-25.cdgp
1704042411855557219,1704042421856534719,500,http://172.169.8.253:31112/function/opt-66b-submod-0-latency-25.cdgp
1704042411855730733,1704042421856397186,500,http://172.169.8.253:31112/function/opt-66b-submod-0-latency-25.cdgp
1704042411855839996,1704042421856398934,500,http://172.169.8.253:31112/function/opt-66b-submod-0-latency-25.cdgp
1704042411856074301,1704042421759553842,500,http://172.169.8.253:31112/function/opt-66b-submod-0-latency-25.cdgp
1704042411856195184,1704042421759376368,500,http://172.169.8.253:31112/function/opt-66b-submod-0-latency-25.cdgp
1704042411992744555,1704042421760711602,500,http://172.169.8.253:31112/function/opt-66b-submod-0-latency-25.cdgp
1704042413515374731,1704042419007499390,200,http://172.169.8.253:31112/function/opt-66b-submod-0-latency-25.cdgp
1704042413515487330,1704042423019470071,500,http://172.169.8.253:31112/function/opt-66b-submod-0-latency-25.cdgp
1704042413515569109,1704042423039390347,500,http://172.169.8.253:31112/function/opt-66b-submod-0-latency-25.cdgp
1704042413515651425,1704042422891461710,500,http://172.169.8.253:31112/function/opt-66b-submod-0-latency-25.cdgp
1704042413515722112,1704042422999003096,500,http://172.169.8.253:31112/function/opt-66b-submod-0-latency-25.cdgp
1704042413515744854,1704042422999346008,500,http://172.169.8.253:31112/function/opt-66b-submod-0-latency-25.cdgp
1704042413515817547,1704042422999119458,500,http://172.169.8.253:31112/function/opt-66b-submod-0-latency-25.cdgp
1704042413515903172,1704042418867578689,200,http://172.169.8.253:31112/function/opt-66b-submod-0-latency-25.cdgp
1704042413515963819,1704042423023480734,500,http://172.169.8.253:31112/function/opt-66b-submod-0-latency-25.cdgp
1704042413581921018,1704042422991439980,500,http://172.169.8.253:31112/function/opt-66b-submod-0-latency-25.cdgp
1704042413876238534,1704042423117079692,500,http://172.169.8.253:31112/function/opt-66b-submod-0-latency-25.cdgp
1704042413876348736,1704042423484094928,500,http://172.169.8.253:31112/function/opt-66b-submod-0-latency-25.cdgp
1704042413876434889,1704042418788124754,200,http://172.169.8.253:31112/function/opt-66b-submod-0-latency-25.cdgp
1704042413876525005,1704042421763138548,200,http://172.169.8.253:31112/function/opt-66b-submod-0-latency-25.cdgp
1704042413876897155,1704042423255492923,500,http://172.169.8.253:31112/function/opt-66b-submod-0-latency-25.cdgp
1704042413876988666,1704042423276838171,500,http://172.169.8.253:31112/function/opt-66b-submod-0-latency-25.cdgp
1704042413877073308,1704042423196293804,500,http://172.169.8.253:31112/function/opt-66b-submod-0-latency-25.cdgp
1704042413877416609,1704042418919282326,200,http://172.169.8.253:31112/function/opt-66b-submod-0-latency-25.cdgp
1704042413877895308,1704042418880381935,200,http://172.169.8.253:31112/function/opt-66b-submod-0-latency-25.cdgp
1704042413878017562,1704042422511490935,500,http://172.169.8.253:31112/function/opt-66b-submod-0-latency-25.cdgp
1704042413878191450,1704042418875791274,200,http://172.169.8.253:31112/function/opt-66b-submod-0-latency-25.cdgp
1704042413878360655,1704042423686706659,500,http://172.169.8.253:31112/function/opt-66b-submod-0-latency-25.cdgp
1704042413878476078,1704042423277291101,500,http://172.169.8.253:31112/function/opt-66b-submod-0-latency-25.cdgp
1704042413878632013,1704042423614963419,500,http://172.169.8.253:31112/function/opt-66b-submod-0-latency-25.cdgp
1704042413878692490,1704042423485396486,500,http://172.169.8.253:31112/function/opt-66b-submod-0-latency-25.cdgp
1704042413878825742,1704042417356070350,200,http://172.169.8.253:31112/function/opt-66b-submod-0-latency-25.cdgp
1704042413878925762,1704042423612899048,500,http://172.169.8.253:31112/function/opt-66b-submod-0-latency-25.cdgp
1704042413879016624,1704042418788440284,200,http://172.169.8.253:31112/function/opt-66b-submod-0-latency-25.cdgp
1704042413879148435,1704042423710129904,500,http://172.169.8.253:31112/function/opt-66b-submod-0-latency-25.cdgp
1704042413879246652,1704042421722747467,200,http://172.169.8.253:31112/function/opt-66b-submod-0-latency-25.cdgp
1704042413879350777,1704042418781584704,200,http://172.169.8.253:31112/function/opt-66b-submod-0-latency-25.cdgp
1704042413879476762,1704042423618309413,500,http://172.169.8.253:31112/function/opt-66b-submod-0-latency-25.cdgp
1704042413879581358,1704042423259675523,500,http://172.169.8.253:31112/function/opt-66b-submod-0-latency-25.cdgp
1704042413879668775,1704042418780640814,200,http://172.169.8.253:31112/function/opt-66b-submod-0-latency-25.cdgp
1704042413879764762,1704042423614525939,500,http://172.169.8.253:31112/function/opt-66b-submod-0-latency-25.cdgp
1704042413879846167,1704042423705678964,500,http://172.169.8.253:31112/function/opt-66b-submod-0-latency-25.cdgp
1704042413879916482,1704042423707054321,500,http://172.169.8.253:31112/function/opt-66b-submod-0-latency-25.cdgp
1704042413880002191,1704042423109987358,500,http://172.169.8.253:31112/function/opt-66b-submod-0-latency-25.cdgp
1704042413880118781,1704042423707034768,500,http://172.169.8.253:31112/function/opt-66b-submod-0-latency-25.cdgp
1704042413880209365,1704042423484752743,500,http://172.169.8.253:31112/function/opt-66b-submod-0-latency-25.cdgp
1704042413880352036,1704042423707783062,500,http://172.169.8.253:31112/function/opt-66b-submod-0-latency-25.cdgp
1704042413880425013,1704042423276460782,500,http://172.169.8.253:31112/function/opt-66b-submod-0-latency-25.cdgp
1704042413880519121,1704042423617520031,500,http://172.169.8.253:31112/function/opt-66b-submod-0-latency-25.cdgp
1704042413880715787,1704042421721897509,200,http://172.169.8.253:31112/function/opt-66b-submod-0-latency-25.cdgp
1704042413880804332,1704042423613827689,500,http://172.169.8.253:31112/function/opt-66b-submod-0-latency-25.cdgp
1704042413880911598,1704042423617126372,500,http://172.169.8.253:31112/function/opt-66b-submod-0-latency-25.cdgp
1704042413881047040,1704042423255363776,500,http://172.169.8.253:31112/function/opt-66b-submod-0-latency-25.cdgp
1704042413881141897,1704042423708204074,500,http://172.169.8.253:31112/function/opt-66b-submod-0-latency-25.cdgp
1704042413881210286,1704042423710658210,500,http://172.169.8.253:31112/function/opt-66b-submod-0-latency-25.cdgp
1704042413881307761,1704042423835760965,500,http://172.169.8.253:31112/function/opt-66b-submod-0-latency-25.cdgp
1704042413881381105,1704042423615993107,500,http://172.169.8.253:31112/function/opt-66b-submod-0-latency-25.cdgp
1704042413881445124,1704042423705006810,500,http://172.169.8.253:31112/function/opt-66b-submod-0-latency-25.cdgp
1704042413881469499,1704042423619346541,500,http://172.169.8.253:31112/function/opt-66b-submod-0-latency-25.cdgp
1704042413882332293,1704042418886413280,200,http://172.169.8.253:31112/function/opt-66b-submod-0-latency-25.cdgp
1704042413882474076,1704042417951584983,200,http://172.169.8.253:31112/function/opt-66b-submod-0-latency-25.cdgp
1704042413882551036,1704042423708699448,500,http://172.169.8.253:31112/function/opt-66b-submod-0-latency-25.cdgp
1704042413882636559,1704042418241551309,200,http://172.169.8.253:31112/function/opt-66b-submod-0-latency-25.cdgp
1704042413882708690,1704042423483864903,500,http://172.169.8.253:31112/function/opt-66b-submod-0-latency-25.cdgp
1704042413882788433,1704042418788902423,200,http://172.169.8.253:31112/function/opt-66b-submod-0-latency-25.cdgp
1704042414048778506,1704042418882937602,200,http://172.169.8.253:31112/function/opt-66b-submod-0-latency-25.cdgp
1704042414048886037,1704042423714182130,500,http://172.169.8.253:31112/function/opt-66b-submod-0-latency-25.cdgp
1704042414048982163,1704042423711742891,500,http://172.169.8.253:31112/function/opt-66b-submod-0-latency-25.cdgp
1704042414049027842,1704042423724822461,500,http://172.169.8.253:31112/function/opt-66b-submod-0-latency-25.cdgp
1704042414049125140,1704042423709590423,500,http://172.169.8.253:31112/function/opt-66b-submod-0-latency-25.cdgp
1704042414049191380,1704042418877631286,200,http://172.169.8.253:31112/function/opt-66b-submod-0-latency-25.cdgp
1704042414049258711,1704042423109956480,500,http://172.169.8.253:31112/function/opt-66b-submod-0-latency-25.cdgp
1704042414049283251,1704042423834002051,500,http://172.169.8.253:31112/function/opt-66b-submod-0-latency-25.cdgp
1704042414422935247,1704042423759396826,500,http://172.169.8.253:31112/function/opt-66b-submod-0-latency-25.cdgp
1704042414423095939,1704042423879476078,500,http://172.169.8.253:31112/function/opt-66b-submod-0-latency-25.cdgp
1704042414771619855,1704042423851080825,500,http://172.169.8.253:31112/function/opt-66b-submod-0-latency-25.cdgp
1704042414771715633,1704042418789362004,200,http://172.169.8.253:31112/function/opt-66b-submod-0-latency-25.cdgp
1704042414771797313,1704042421729668639,200,http://172.169.8.253:31112/function/opt-66b-submod-0-latency-25.cdgp
1704042414771881998,1704042423415612346,500,http://172.169.8.253:31112/function/opt-66b-submod-0-latency-25.cdgp
1704042414771949090,1704042423851276834,500,http://172.169.8.253:31112/function/opt-66b-submod-0-latency-25.cdgp
1704042414771996824,1704042424159261897,500,http://172.169.8.253:31112/function/opt-66b-submod-0-latency-25.cdgp
1704042414772074235,1704042417356092517,200,http://172.169.8.253:31112/function/opt-66b-submod-0-latency-25.cdgp
1704042415124830607,1704042424502523105,500,http://172.169.8.253:31112/function/opt-66b-submod-0-latency-25.cdgp
1704042415124991149,1704042424557171013,500,http://172.169.8.253:31112/function/opt-66b-submod-0-latency-25.cdgp
1704042415125073600,1704042424500626785,500,http://172.169.8.253:31112/function/opt-66b-submod-0-latency-25.cdgp
1704042415125142893,1704042424163601882,500,http://172.169.8.253:31112/function/opt-66b-submod-0-latency-25.cdgp
1704042415125202911,1704042424395862099,500,http://172.169.8.253:31112/function/opt-66b-submod-0-latency-25.cdgp
1704042415125249193,1704042418912779296,200,http://172.169.8.253:31112/function/opt-66b-submod-0-latency-25.cdgp
1704042415125343036,1704042424540764433,500,http://172.169.8.253:31112/function/opt-66b-submod-0-latency-25.cdgp
1704042415125459501,1704042420439827593,200,http://172.169.8.253:31112/function/opt-66b-submod-0-latency-25.cdgp
1704042415125535139,1704042423461835761,500,http://172.169.8.253:31112/function/opt-66b-submod-0-latency-25.cdgp
1704042415125642078,1704042424480377437,500,http://172.169.8.253:31112/function/opt-66b-submod-0-latency-25.cdgp
1704042415125714715,1704042420368137268,200,http://172.169.8.253:31112/function/opt-66b-submod-0-latency-25.cdgp
1704042415125774882,1704042424542139756,500,http://172.169.8.253:31112/function/opt-66b-submod-0-latency-25.cdgp
1704042415139258943,1704042424532244618,500,http://172.169.8.253:31112/function/opt-66b-submod-0-latency-25.cdgp
1704042415139363325,1704042424292783440,500,http://172.169.8.253:31112/function/opt-66b-submod-0-latency-25.cdgp
1704042415139524316,1704042424212414474,500,http://172.169.8.253:31112/function/opt-66b-submod-0-latency-25.cdgp
1704042415139591735,1704042424438876593,500,http://172.169.8.253:31112/function/opt-66b-submod-0-latency-25.cdgp
1704042415139636620,1704042424596324453,500,http://172.169.8.253:31112/function/opt-66b-submod-0-latency-25.cdgp
1704042415296924852,1704042424435153236,500,http://172.169.8.253:31112/function/opt-66b-submod-0-latency-25.cdgp
1704042415297127231,1704042424516374346,500,http://172.169.8.253:31112/function/opt-66b-submod-0-latency-25.cdgp
1704042415297234214,1704042424712490449,500,http://172.169.8.253:31112/function/opt-66b-submod-0-latency-25.cdgp
1704042415297324208,1704042424590726539,500,http://172.169.8.253:31112/function/opt-66b-submod-0-latency-25.cdgp
1704042415297420396,1704042420084067363,200,http://172.169.8.253:31112/function/opt-66b-submod-0-latency-25.cdgp
1704042415297578061,1704042425281330548,500,http://172.169.8.253:31112/function/opt-66b-submod-0-latency-25.cdgp
1704042415297678967,1704042423704055472,500,http://172.169.8.253:31112/function/opt-66b-submod-0-latency-25.cdgp
1704042415297862086,1704042424477343735,500,http://172.169.8.253:31112/function/opt-66b-submod-0-latency-25.cdgp
1704042415297979579,1704042424589039729,500,http://172.169.8.253:31112/function/opt-66b-submod-0-latency-25.cdgp
1704042415298094082,1704042424714289024,500,http://172.169.8.253:31112/function/opt-66b-submod-0-latency-25.cdgp
1704042415298189653,1704042421719355318,200,http://172.169.8.253:31112/function/opt-66b-submod-0-latency-25.cdgp
1704042415298290040,1704042424757179850,500,http://172.169.8.253:31112/function/opt-66b-submod-0-latency-25.cdgp
1704042415298392880,1704042424947080794,500,http://172.169.8.253:31112/function/opt-66b-submod-0-latency-25.cdgp
1704042415298485877,1704042420325031008,200,http://172.169.8.253:31112/function/opt-66b-submod-0-latency-25.cdgp
1704042415298566298,1704042425282513286,500,http://172.169.8.253:31112/function/opt-66b-submod-0-latency-25.cdgp
1704042415298616481,1704042424988514979,500,http://172.169.8.253:31112/function/opt-66b-submod-0-latency-25.cdgp
1704042415298711835,1704042424724259194,500,http://172.169.8.253:31112/function/opt-66b-submod-0-latency-25.cdgp
1704042415298785864,1704042424708301072,500,http://172.169.8.253:31112/function/opt-66b-submod-0-latency-25.cdgp
1704042415298901241,1704042424216082907,200,http://172.169.8.253:31112/function/opt-66b-submod-0-latency-25.cdgp
1704042415299027117,1704042420328524933,200,http://172.169.8.253:31112/function/opt-66b-submod-0-latency-25.cdgp
1704042415305683944,1704042424194269805,200,http://172.169.8.253:31112/function/opt-66b-submod-0-latency-25.cdgp
1704042415305767112,1704042424439474309,500,http://172.169.8.253:31112/function/opt-66b-submod-0-latency-25.cdgp
1704042415361203115,1704042420369537590,200,http://172.169.8.253:31112/function/opt-66b-submod-0-latency-25.cdgp
1704042415361250144,1704042424684430358,500,http://172.169.8.253:31112/function/opt-66b-submod-0-latency-25.cdgp
1704042415361363364,1704042424433739989,500,http://172.169.8.253:31112/function/opt-66b-submod-0-latency-25.cdgp
1704042415361457774,1704042424886943059,500,http://172.169.8.253:31112/function/opt-66b-submod-0-latency-25.cdgp
1704042415361483093,1704042425068953411,500,http://172.169.8.253:31112/function/opt-66b-submod-0-latency-25.cdgp
1704042415361571856,1704042421940100040,200,http://172.169.8.253:31112/function/opt-66b-submod-0-latency-25.cdgp
1704042415361647182,1704042424770362037,500,http://172.169.8.253:31112/function/opt-66b-submod-0-latency-25.cdgp
1704042415361720874,1704042425070648987,500,http://172.169.8.253:31112/function/opt-66b-submod-0-latency-25.cdgp
1704042415361756543,1704042425050054414,500,http://172.169.8.253:31112/function/opt-66b-submod-0-latency-25.cdgp
1704042415361839860,1704042423534208301,200,http://172.169.8.253:31112/function/opt-66b-submod-0-latency-25.cdgp
1704042415361946485,1704042418882755980,200,http://172.169.8.253:31112/function/opt-66b-submod-0-latency-25.cdgp
1704042415362039500,1704042425284928454,500,http://172.169.8.253:31112/function/opt-66b-submod-0-latency-25.cdgp
1704042415362116163,1704042418960794329,200,http://172.169.8.253:31112/function/opt-66b-submod-0-latency-25.cdgp
1704042415369241192,1704042425088413378,500,http://172.169.8.253:31112/function/opt-66b-submod-0-latency-25.cdgp
1704042415369333406,1704042424730591809,500,http://172.169.8.253:31112/function/opt-66b-submod-0-latency-25.cdgp
1704042415369492920,1704042425285269365,500,http://172.169.8.253:31112/function/opt-66b-submod-0-latency-25.cdgp
1704042415369645036,1704042424952456150,500,http://172.169.8.253:31112/function/opt-66b-submod-0-latency-25.cdgp
1704042415369751988,1704042424438946960,500,http://172.169.8.253:31112/function/opt-66b-submod-0-latency-25.cdgp
1704042415369842067,1704042424944262510,500,http://172.169.8.253:31112/function/opt-66b-submod-0-latency-25.cdgp
1704042415369959169,1704042424683225540,500,http://172.169.8.253:31112/function/opt-66b-submod-0-latency-25.cdgp
1704042415370034885,1704042424936406827,500,http://172.169.8.253:31112/function/opt-66b-submod-0-latency-25.cdgp
1704042415370126719,1704042424641182775,500,http://172.169.8.253:31112/function/opt-66b-submod-0-latency-25.cdgp
1704042415370279748,1704042420330571469,200,http://172.169.8.253:31112/function/opt-66b-submod-0-latency-25.cdgp
1704042415370389091,1704042420367806535,200,http://172.169.8.253:31112/function/opt-66b-submod-0-latency-25.cdgp
1704042415370527989,1704042424434445414,500,http://172.169.8.253:31112/function/opt-66b-submod-0-latency-25.cdgp
1704042415370613846,1704042424730131019,500,http://172.169.8.253:31112/function/opt-66b-submod-0-latency-25.cdgp
1704042415370684037,1704042424885003207,500,http://172.169.8.253:31112/function/opt-66b-submod-0-latency-25.cdgp
1704042415370770901,1704042420366291224,200,http://172.169.8.253:31112/function/opt-66b-submod-0-latency-25.cdgp
1704042415370847092,1704042425099024161,500,http://172.169.8.253:31112/function/opt-66b-submod-0-latency-25.cdgp
1704042415370954414,1704042424895934384,500,http://172.169.8.253:31112/function/opt-66b-submod-0-latency-25.cdgp
1704042415744447667,1704042425065695398,500,http://172.169.8.253:31112/function/opt-66b-submod-0-latency-25.cdgp
1704042415744550656,1704042425162717508,500,http://172.169.8.253:31112/function/opt-66b-submod-0-latency-25.cdgp
1704042415744736848,1704042425240583109,500,http://172.169.8.253:31112/function/opt-66b-submod-0-latency-25.cdgp
1704042415744804938,1704042420042154896,200,http://172.169.8.253:31112/function/opt-66b-submod-0-latency-25.cdgp
1704042415744848813,1704042425006756939,500,http://172.169.8.253:31112/function/opt-66b-submod-0-latency-25.cdgp
1704042415744959329,1704042425090658740,500,http://172.169.8.253:31112/function/opt-66b-submod-0-latency-25.cdgp
1704042415745021169,1704042424446782610,500,http://172.169.8.253:31112/function/opt-66b-submod-0-latency-25.cdgp
1704042415745082538,1704042424436360616,500,http://172.169.8.253:31112/function/opt-66b-submod-0-latency-25.cdgp
1704042415745102578,1704042425223508636,500,http://172.169.8.253:31112/function/opt-66b-submod-0-latency-25.cdgp
1704042415745222875,1704042418779033464,200,http://172.169.8.253:31112/function/opt-66b-submod-0-latency-25.cdgp
1704042415752262779,1704042425073016327,500,http://172.169.8.253:31112/function/opt-66b-submod-0-latency-25.cdgp
1704042415752347164,1704042424434899691,500,http://172.169.8.253:31112/function/opt-66b-submod-0-latency-25.cdgp
1704042415752443583,1704042424986419852,500,http://172.169.8.253:31112/function/opt-66b-submod-0-latency-25.cdgp
1704042415752514756,1704042425216673424,500,http://172.169.8.253:31112/function/opt-66b-submod-0-latency-25.cdgp
1704042415752595326,1704042420041646339,200,http://172.169.8.253:31112/function/opt-66b-submod-0-latency-25.cdgp
1704042415944835570,1704042425225368770,500,http://172.169.8.253:31112/function/opt-66b-submod-0-latency-25.cdgp
1704042415944914516,1704042418915664048,200,http://172.169.8.253:31112/function/opt-66b-submod-0-latency-25.cdgp
1704042416029255149,1704042425116123034,500,http://172.169.8.253:31112/function/opt-66b-submod-0-latency-25.cdgp
1704042416029355608,1704042424436492647,500,http://172.169.8.253:31112/function/opt-66b-submod-0-latency-25.cdgp
1704042416029426997,1704042425574144810,500,http://172.169.8.253:31112/function/opt-66b-submod-0-latency-25.cdgp
1704042416029492004,1704042425504785529,500,http://172.169.8.253:31112/function/opt-66b-submod-0-latency-25.cdgp
1704042416029552402,1704042425372061608,500,http://172.169.8.253:31112/function/opt-66b-submod-0-latency-25.cdgp
1704042416029591585,1704042425380924966,500,http://172.169.8.253:31112/function/opt-66b-submod-0-latency-25.cdgp
1704042416029672358,1704042425179051271,500,http://172.169.8.253:31112/function/opt-66b-submod-0-latency-25.cdgp
1704042416029748943,1704042425183682848,500,http://172.169.8.253:31112/function/opt-66b-submod-0-latency-25.cdgp
1704042416029843080,1704042425641686650,500,http://172.169.8.253:31112/function/opt-66b-submod-0-latency-25.cdgp
1704042416029920624,1704042425507625196,500,http://172.169.8.253:31112/function/opt-66b-submod-0-latency-25.cdgp
1704042416029975547,1704042424512924016,500,http://172.169.8.253:31112/function/opt-66b-submod-0-latency-25.cdgp
1704042416030045104,1704042425379009435,500,http://172.169.8.253:31112/function/opt-66b-submod-0-latency-25.cdgp
1704042416080355549,1704042425641882152,500,http://172.169.8.253:31112/function/opt-66b-submod-0-latency-25.cdgp
1704042416080438203,1704042425504686463,500,http://172.169.8.253:31112/function/opt-66b-submod-0-latency-25.cdgp
1704042416080553711,1704042425266562110,500,http://172.169.8.253:31112/function/opt-66b-submod-0-latency-25.cdgp
1704042416080628790,1704042418820608890,200,http://172.169.8.253:31112/function/opt-66b-submod-0-latency-25.cdgp
1704042416080720049,1704042420148963169,200,http://172.169.8.253:31112/function/opt-66b-submod-0-latency-25.cdgp
1704042416081050559,1704042425641989608,500,http://172.169.8.253:31112/function/opt-66b-submod-0-latency-25.cdgp
1704042416081120455,1704042425574123027,500,http://172.169.8.253:31112/function/opt-66b-submod-0-latency-25.cdgp
1704042416081133337,1704042425185175501,500,http://172.169.8.253:31112/function/opt-66b-submod-0-latency-25.cdgp
1704042416081214165,1704042425267974340,500,http://172.169.8.253:31112/function/opt-66b-submod-0-latency-25.cdgp
1704042416081298240,1704042426043442966,500,http://172.169.8.253:31112/function/opt-66b-submod-0-latency-25.cdgp
1704042416081376195,1704042425251859127,500,http://172.169.8.253:31112/function/opt-66b-submod-0-latency-25.cdgp
1704042416081404280,1704042425274244683,500,http://172.169.8.253:31112/function/opt-66b-submod-0-latency-25.cdgp
1704042416081491222,1704042425372634784,500,http://172.169.8.253:31112/function/opt-66b-submod-0-latency-25.cdgp
1704042416081574418,1704042418868299126,200,http://172.169.8.253:31112/function/opt-66b-submod-0-latency-25.cdgp
1704042416081660713,1704042418240770324,200,http://172.169.8.253:31112/function/opt-66b-submod-0-latency-25.cdgp
1704042416081765970,1704042425370315002,500,http://172.169.8.253:31112/function/opt-66b-submod-0-latency-25.cdgp
1704042416081866342,1704042425641895440,500,http://172.169.8.253:31112/function/opt-66b-submod-0-latency-25.cdgp
1704042416081950895,1704042425636423417,500,http://172.169.8.253:31112/function/opt-66b-submod-0-latency-25.cdgp
1704042416082029984,1704042425635190138,500,http://172.169.8.253:31112/function/opt-66b-submod-0-latency-25.cdgp
1704042416082160568,1704042422198669093,200,http://172.169.8.253:31112/function/opt-66b-submod-0-latency-25.cdgp
1704042416082248278,1704042426043575513,500,http://172.169.8.253:31112/function/opt-66b-submod-0-latency-25.cdgp
1704042416082308120,1704042425374978641,500,http://172.169.8.253:31112/function/opt-66b-submod-0-latency-25.cdgp
1704042416099588928,1704042425435799918,500,http://172.169.8.253:31112/function/opt-66b-submod-0-latency-25.cdgp
1704042416099673971,1704042423743665080,200,http://172.169.8.253:31112/function/opt-66b-submod-0-latency-25.cdgp
1704042416142832751,1704042425238859509,500,http://172.169.8.253:31112/function/opt-66b-submod-0-latency-25.cdgp
1704042416143671410,1704042425504795859,500,http://172.169.8.253:31112/function/opt-66b-submod-0-latency-25.cdgp
1704042416143774255,1704042426023436613,500,http://172.169.8.253:31112/function/opt-66b-submod-0-latency-25.cdgp
1704042416159577048,1704042425712110047,500,http://172.169.8.253:31112/function/opt-66b-submod-0-latency-25.cdgp
1704042416159658844,1704042425711266128,500,http://172.169.8.253:31112/function/opt-66b-submod-0-latency-25.cdgp
1704042416159763807,1704042425711539265,500,http://172.169.8.253:31112/function/opt-66b-submod-0-latency-25.cdgp
1704042416159835078,1704042424674206504,500,http://172.169.8.253:31112/function/opt-66b-submod-0-latency-25.cdgp
1704042416159899182,1704042424978085257,500,http://172.169.8.253:31112/function/opt-66b-submod-0-latency-25.cdgp
1704042416160856572,1704042420083756080,200,http://172.169.8.253:31112/function/opt-66b-submod-0-latency-25.cdgp
1704042416160948585,1704042426017248811,500,http://172.169.8.253:31112/function/opt-66b-submod-0-latency-25.cdgp
1704042416161025456,1704042426023928864,500,http://172.169.8.253:31112/function/opt-66b-submod-0-latency-25.cdgp
1704042416161084168,1704042425711279410,500,http://172.169.8.253:31112/function/opt-66b-submod-0-latency-25.cdgp
1704042416161186751,1704042425712095408,500,http://172.169.8.253:31112/function/opt-66b-submod-0-latency-25.cdgp
1704042416161274987,1704042425711912371,500,http://172.169.8.253:31112/function/opt-66b-submod-0-latency-25.cdgp
1704042416161359315,1704042419603702538,200,http://172.169.8.253:31112/function/opt-66b-submod-0-latency-25.cdgp
1704042416161425790,1704042426017414606,500,http://172.169.8.253:31112/function/opt-66b-submod-0-latency-25.cdgp
1704042416161473665,1704042425256497577,500,http://172.169.8.253:31112/function/opt-66b-submod-0-latency-25.cdgp
1704042416161585136,1704042421928559996,200,http://172.169.8.253:31112/function/opt-66b-submod-0-latency-25.cdgp
1704042416161676118,1704042425641071720,500,http://172.169.8.253:31112/function/opt-66b-submod-0-latency-25.cdgp
1704042416170925400,1704042420043545443,200,http://172.169.8.253:31112/function/opt-66b-submod-0-latency-25.cdgp
1704042416171011549,1704042424190294695,200,http://172.169.8.253:31112/function/opt-66b-submod-0-latency-25.cdgp
1704042416171077270,1704042424191829552,200,http://172.169.8.253:31112/function/opt-66b-submod-0-latency-25.cdgp
1704042416387189695,1704042424940759407,500,http://172.169.8.253:31112/function/opt-66b-submod-0-latency-25.cdgp
1704042416387280774,1704042426023420960,500,http://172.169.8.253:31112/function/opt-66b-submod-0-latency-25.cdgp
1704042416387352117,1704042425923341881,500,http://172.169.8.253:31112/function/opt-66b-submod-0-latency-25.cdgp
1704042416387420141,1704042425880217820,500,http://172.169.8.253:31112/function/opt-66b-submod-0-latency-25.cdgp
1704042416387503885,1704042418241596042,200,http://172.169.8.253:31112/function/opt-66b-submod-0-latency-25.cdgp
1704042416389093515,1704042426024173979,500,http://172.169.8.253:31112/function/opt-66b-submod-0-latency-25.cdgp
1704042416389186522,1704042426221219792,500,http://172.169.8.253:31112/function/opt-66b-submod-0-latency-25.cdgp
1704042416389269595,1704042425879634463,500,http://172.169.8.253:31112/function/opt-66b-submod-0-latency-25.cdgp
1704042416389337691,1704042426169162454,500,http://172.169.8.253:31112/function/opt-66b-submod-0-latency-25.cdgp
1704042416389417495,1704042423713637345,200,http://172.169.8.253:31112/function/opt-66b-submod-0-latency-25.cdgp
1704042416389435014,1704042426043864346,500,http://172.169.8.253:31112/function/opt-66b-submod-0-latency-25.cdgp
1704042416389525179,1704042426044516957,500,http://172.169.8.253:31112/function/opt-66b-submod-0-latency-25.cdgp
1704042416389606376,1704042426044195690,500,http://172.169.8.253:31112/function/opt-66b-submod-0-latency-25.cdgp
1704042416389677039,1704042426176745757,500,http://172.169.8.253:31112/function/opt-66b-submod-0-latency-25.cdgp
1704042416389771667,1704042426023801784,500,http://172.169.8.253:31112/function/opt-66b-submod-0-latency-25.cdgp
1704042416389864411,1704042425152339670,500,http://172.169.8.253:31112/function/opt-66b-submod-0-latency-25.cdgp
1704042416389977675,1704042424232509935,200,http://172.169.8.253:31112/function/opt-66b-submod-0-latency-25.cdgp
1704042416390075158,1704042425154311922,500,http://172.169.8.253:31112/function/opt-66b-submod-0-latency-25.cdgp
1704042416390230923,1704042426170729713,500,http://172.169.8.253:31112/function/opt-66b-submod-0-latency-25.cdgp
1704042416390348941,1704042425880542472,500,http://172.169.8.253:31112/function/opt-66b-submod-0-latency-25.cdgp
1704042416390429323,1704042426043886228,500,http://172.169.8.253:31112/function/opt-66b-submod-0-latency-25.cdgp
1704042416390562538,1704042419624830571,200,http://172.169.8.253:31112/function/opt-66b-submod-0-latency-25.cdgp
1704042416390659235,1704042426024302258,500,http://172.169.8.253:31112/function/opt-66b-submod-0-latency-25.cdgp
1704042416390727076,1704042426044275926,500,http://172.169.8.253:31112/function/opt-66b-submod-0-latency-25.cdgp
1704042416390814548,1704042426023948992,500,http://172.169.8.253:31112/function/opt-66b-submod-0-latency-25.cdgp
1704042416390893081,1704042426230345704,500,http://172.169.8.253:31112/function/opt-66b-submod-0-latency-25.cdgp
1704042416390973363,1704042418920904402,200,http://172.169.8.253:31112/function/opt-66b-submod-0-latency-25.cdgp
1704042416391092141,1704042426044745892,500,http://172.169.8.253:31112/function/opt-66b-submod-0-latency-25.cdgp
1704042416391205171,1704042426169054896,500,http://172.169.8.253:31112/function/opt-66b-submod-0-latency-25.cdgp
1704042416398514961,1704042425880027888,500,http://172.169.8.253:31112/function/opt-66b-submod-0-latency-25.cdgp
1704042416398612445,1704042426044725715,500,http://172.169.8.253:31112/function/opt-66b-submod-0-latency-25.cdgp
1704042416398698861,1704042426171144708,500,http://172.169.8.253:31112/function/opt-66b-submod-0-latency-25.cdgp
1704042416398763488,1704042422198716411,200,http://172.169.8.253:31112/function/opt-66b-submod-0-latency-25.cdgp
1704042416398855995,1704042425030163806,500,http://172.169.8.253:31112/function/opt-66b-submod-0-latency-25.cdgp
1704042416399181115,1704042426133477366,500,http://172.169.8.253:31112/function/opt-66b-submod-0-latency-25.cdgp
1704042416403722791,1704042426168461557,500,http://172.169.8.253:31112/function/opt-66b-submod-0-latency-25.cdgp
1704042416403820589,1704042421961773578,200,http://172.169.8.253:31112/function/opt-66b-submod-0-latency-25.cdgp
1704042416403917611,1704042426175593894,500,http://172.169.8.253:31112/function/opt-66b-submod-0-latency-25.cdgp
1704042416403992662,1704042426404427288,500,http://172.169.8.253:31112/function/opt-66b-submod-0-latency-25.cdgp
1704042416557923280,1704042426364095503,500,http://172.169.8.253:31112/function/opt-66b-submod-0-latency-25.cdgp
1704042416558037449,1704042426044173816,500,http://172.169.8.253:31112/function/opt-66b-submod-0-latency-25.cdgp
1704042416558121109,1704042422198969927,200,http://172.169.8.253:31112/function/opt-66b-submod-0-latency-25.cdgp
1704042416558202060,1704042426481858963,500,http://172.169.8.253:31112/function/opt-66b-submod-0-latency-25.cdgp
1704042416558290026,1704042426479960827,500,http://172.169.8.253:31112/function/opt-66b-submod-0-latency-25.cdgp
1704042416558379984,1704042426479830373,500,http://172.169.8.253:31112/function/opt-66b-submod-0-latency-25.cdgp
1704042416558464938,1704042426559439917,500,http://172.169.8.253:31112/function/opt-66b-submod-0-latency-25.cdgp
1704042416558523429,1704042421729710552,200,http://172.169.8.253:31112/function/opt-66b-submod-0-latency-25.cdgp
1704042416558604477,1704042419517307226,200,http://172.169.8.253:31112/function/opt-66b-submod-0-latency-25.cdgp
1704042416558683697,1704042423718693832,200,http://172.169.8.253:31112/function/opt-66b-submod-0-latency-25.cdgp
1704042416558772498,1704042419517034557,200,http://172.169.8.253:31112/function/opt-66b-submod-0-latency-25.cdgp
1704042416558852514,1704042421961758760,200,http://172.169.8.253:31112/function/opt-66b-submod-0-latency-25.cdgp
1704042416558968700,1704042422154332376,200,http://172.169.8.253:31112/function/opt-66b-submod-0-latency-25.cdgp
1704042416559057175,1704042424176960831,200,http://172.169.8.253:31112/function/opt-66b-submod-0-latency-25.cdgp
1704042416559129855,1704042426559471517,500,http://172.169.8.253:31112/function/opt-66b-submod-0-latency-25.cdgp
1704042416559158616,1704042426478909339,500,http://172.169.8.253:31112/function/opt-66b-submod-0-latency-25.cdgp
1704042416559250644,1704042423761365243,200,http://172.169.8.253:31112/function/opt-66b-submod-0-latency-25.cdgp
1704042416559326520,1704042426364319227,500,http://172.169.8.253:31112/function/opt-66b-submod-0-latency-25.cdgp
1704042416559433975,1704042426427792357,500,http://172.169.8.253:31112/function/opt-66b-submod-0-latency-25.cdgp
1704042416559521174,1704042423668238479,200,http://172.169.8.253:31112/function/opt-66b-submod-0-latency-25.cdgp
1704042416559613638,1704042426363521777,500,http://172.169.8.253:31112/function/opt-66b-submod-0-latency-25.cdgp
1704042416559682411,1704042424168977566,200,http://172.169.8.253:31112/function/opt-66b-submod-0-latency-25.cdgp
1704042416559724628,1704042426481601120,500,http://172.169.8.253:31112/function/opt-66b-submod-0-latency-25.cdgp
1704042416559802540,1704042426481301948,500,http://172.169.8.253:31112/function/opt-66b-submod-0-latency-25.cdgp
1704042416559875677,1704042426364558051,500,http://172.169.8.253:31112/function/opt-66b-submod-0-latency-25.cdgp
1704042416559967928,1704042420548547764,200,http://172.169.8.253:31112/function/opt-66b-submod-0-latency-25.cdgp
1704042416560032637,1704042426480693730,500,http://172.169.8.253:31112/function/opt-66b-submod-0-latency-25.cdgp
1704042416560122831,1704042425503045521,500,http://172.169.8.253:31112/function/opt-66b-submod-0-latency-25.cdgp
1704042416560200914,1704042423713384578,200,http://172.169.8.253:31112/function/opt-66b-submod-0-latency-25.cdgp
1704042416560262764,1704042426132590675,500,http://172.169.8.253:31112/function/opt-66b-submod-0-latency-25.cdgp
1704042416560329225,1704042426133065756,500,http://172.169.8.253:31112/function/opt-66b-submod-0-latency-25.cdgp
1704042416560389763,1704042425509816441,500,http://172.169.8.253:31112/function/opt-66b-submod-0-latency-25.cdgp
1704042416560469472,1704042426364341191,500,http://172.169.8.253:31112/function/opt-66b-submod-0-latency-25.cdgp
1704042416560536721,1704042426447390624,500,http://172.169.8.253:31112/function/opt-66b-submod-0-latency-25.cdgp
1704042416560621524,1704042426427422112,500,http://172.169.8.253:31112/function/opt-66b-submod-0-latency-25.cdgp
1704042416560688032,1704042426480587106,500,http://172.169.8.253:31112/function/opt-66b-submod-0-latency-25.cdgp
1704042416560764462,1704042421730045344,200,http://172.169.8.253:31112/function/opt-66b-submod-0-latency-25.cdgp
1704042416560840273,1704042425880051362,500,http://172.169.8.253:31112/function/opt-66b-submod-0-latency-25.cdgp
1704042416560942404,1704042426364596179,500,http://172.169.8.253:31112/function/opt-66b-submod-0-latency-25.cdgp
1704042416561025429,1704042421675658434,200,http://172.169.8.253:31112/function/opt-66b-submod-0-latency-25.cdgp
1704042416561104190,1704042421962893711,200,http://172.169.8.253:31112/function/opt-66b-submod-0-latency-25.cdgp
1704042416561243286,1704042425491546505,500,http://172.169.8.253:31112/function/opt-66b-submod-0-latency-25.cdgp
1704042416561324894,1704042426431111677,500,http://172.169.8.253:31112/function/opt-66b-submod-0-latency-25.cdgp
1704042416664905598,1704042426623277519,500,http://172.169.8.253:31112/function/opt-66b-submod-0-latency-25.cdgp
1704042416665020818,1704042422198566823,200,http://172.169.8.253:31112/function/opt-66b-submod-0-latency-25.cdgp
1704042416665091759,1704042426447791114,500,http://172.169.8.253:31112/function/opt-66b-submod-0-latency-25.cdgp
1704042416665338414,1704042426596688206,500,http://172.169.8.253:31112/function/opt-66b-submod-0-latency-25.cdgp
1704042416665418659,1704042419604774488,200,http://172.169.8.253:31112/function/opt-66b-submod-0-latency-25.cdgp
1704042416667054819,1704042426597555613,500,http://172.169.8.253:31112/function/opt-66b-submod-0-latency-25.cdgp
1704042416667179521,1704042426667895405,500,http://172.169.8.253:31112/function/opt-66b-submod-0-latency-25.cdgp
1704042416711792012,1704042420047990625,200,http://172.169.8.253:31112/function/opt-66b-submod-0-latency-25.cdgp
1704042416711834807,1704042425635199482,500,http://172.169.8.253:31112/function/opt-66b-submod-0-latency-25.cdgp
1704042416711945467,1704042426713469392,500,http://172.169.8.253:31112/function/opt-66b-submod-0-latency-25.cdgp
1704042416712087799,1704042426625977778,500,http://172.169.8.253:31112/function/opt-66b-submod-0-latency-25.cdgp
1704042416712151306,1704042421962456793,200,http://172.169.8.253:31112/function/opt-66b-submod-0-latency-25.cdgp
1704042416712208530,1704042426446535284,500,http://172.169.8.253:31112/function/opt-66b-submod-0-latency-25.cdgp
1704042416712286192,1704042426713941562,500,http://172.169.8.253:31112/function/opt-66b-submod-0-latency-25.cdgp
1704042416712350510,1704042426713830376,500,http://172.169.8.253:31112/function/opt-66b-submod-0-latency-25.cdgp
1704042416712357691,1704042426453575451,500,http://172.169.8.253:31112/function/opt-66b-submod-0-latency-25.cdgp
1704042416712430435,1704042426713764436,500,http://172.169.8.253:31112/function/opt-66b-submod-0-latency-25.cdgp
1704042416712510961,1704042426713598584,500,http://172.169.8.253:31112/function/opt-66b-submod-0-latency-25.cdgp
1704042416712614619,1704042426452688924,500,http://172.169.8.253:31112/function/opt-66b-submod-0-latency-25.cdgp
1704042416712692859,1704042422510425646,200,http://172.169.8.253:31112/function/opt-66b-submod-0-latency-25.cdgp
1704042416712799326,1704042426713615150,500,http://172.169.8.253:31112/function/opt-66b-submod-0-latency-25.cdgp
1704042416712870810,1704042426713856530,500,http://172.169.8.253:31112/function/opt-66b-submod-0-latency-25.cdgp
1704042416712939340,1704042426713230286,500,http://172.169.8.253:31112/function/opt-66b-submod-0-latency-25.cdgp
1704042416713010819,1704042426713490211,500,http://172.169.8.253:31112/function/opt-66b-submod-0-latency-25.cdgp
1704042416713081943,1704042426713486076,500,http://172.169.8.253:31112/function/opt-66b-submod-0-latency-25.cdgp
1704042416713137018,1704042426450964481,500,http://172.169.8.253:31112/function/opt-66b-submod-0-latency-25.cdgp
1704042416713236321,1704042426594908331,200,http://172.169.8.253:31112/function/opt-66b-submod-0-latency-25.cdgp
1704042416713315550,1704042426714155927,500,http://172.169.8.253:31112/function/opt-66b-submod-0-latency-25.cdgp
1704042416713381072,1704042423533484032,200,http://172.169.8.253:31112/function/opt-66b-submod-0-latency-25.cdgp
1704042416713425407,1704042426713938436,500,http://172.169.8.253:31112/function/opt-66b-submod-0-latency-25.cdgp
1704042416713514822,1704042426713946747,500,http://172.169.8.253:31112/function/opt-66b-submod-0-latency-25.cdgp
1704042416713591186,1704042426713951536,500,http://172.169.8.253:31112/function/opt-66b-submod-0-latency-25.cdgp
1704042416713694416,1704042426713845975,500,http://172.169.8.253:31112/function/opt-66b-submod-0-latency-25.cdgp
1704042416713781219,1704042426714168880,500,http://172.169.8.253:31112/function/opt-66b-submod-0-latency-25.cdgp
1704042416713851499,1704042426714160471,500,http://172.169.8.253:31112/function/opt-66b-submod-0-latency-25.cdgp
1704042416713946501,1704042426592427235,200,http://172.169.8.253:31112/function/opt-66b-submod-0-latency-25.cdgp
1704042416714029679,1704042420048060230,200,http://172.169.8.253:31112/function/opt-66b-submod-0-latency-25.cdgp
1704042416714095061,1704042421144980358,200,http://172.169.8.253:31112/function/opt-66b-submod-0-latency-25.cdgp
1704042416714177266,1704042426714535052,500,http://172.169.8.253:31112/function/opt-66b-submod-0-latency-25.cdgp
1704042416714255480,1704042423485375648,200,http://172.169.8.253:31112/function/opt-66b-submod-0-latency-25.cdgp
1704042416714339812,1704042426714537072,500,http://172.169.8.253:31112/function/opt-66b-submod-0-latency-25.cdgp
1704042416714424799,1704042426714723408,500,http://172.169.8.253:31112/function/opt-66b-submod-0-latency-25.cdgp
1704042416714504744,1704042426714660772,500,http://172.169.8.253:31112/function/opt-66b-submod-0-latency-25.cdgp
1704042416714580282,1704042426447764201,200,http://172.169.8.253:31112/function/opt-66b-submod-0-latency-25.cdgp
1704042416714636899,1704042426714843238,500,http://172.169.8.253:31112/function/opt-66b-submod-0-latency-25.cdgp
1704042416714727450,1704042426714856606,500,http://172.169.8.253:31112/function/opt-66b-submod-0-latency-25.cdgp
1704042416714820528,1704042426716105889,500,http://172.169.8.253:31112/function/opt-66b-submod-0-latency-25.cdgp
1704042416714909559,1704042426716161527,500,http://172.169.8.253:31112/function/opt-66b-submod-0-latency-25.cdgp
1704042416715008441,1704042426716097228,500,http://172.169.8.253:31112/function/opt-66b-submod-0-latency-25.cdgp
1704042416715080501,1704042426715977123,500,http://172.169.8.253:31112/function/opt-66b-submod-0-latency-25.cdgp
1704042416715174000,1704042426715965134,500,http://172.169.8.253:31112/function/opt-66b-submod-0-latency-25.cdgp
1704042416715251074,1704042422203209306,200,http://172.169.8.253:31112/function/opt-66b-submod-0-latency-25.cdgp
1704042416715280245,1704042426716098741,500,http://172.169.8.253:31112/function/opt-66b-submod-0-latency-25.cdgp
1704042416715361639,1704042426715658686,500,http://172.169.8.253:31112/function/opt-66b-submod-0-latency-25.cdgp
1704042416715438314,1704042426716178099,500,http://172.169.8.253:31112/function/opt-66b-submod-0-latency-25.cdgp
1704042416715542011,1704042426716284907,500,http://172.169.8.253:31112/function/opt-66b-submod-0-latency-25.cdgp
1704042416715625398,1704042424394104853,200,http://172.169.8.253:31112/function/opt-66b-submod-0-latency-25.cdgp
1704042416715711003,1704042426427888283,500,http://172.169.8.253:31112/function/opt-66b-submod-0-latency-25.cdgp
1704042416715781952,1704042426716176020,500,http://172.169.8.253:31112/function/opt-66b-submod-0-latency-25.cdgp
1704042416715863427,1704042423461285324,200,http://172.169.8.253:31112/function/opt-66b-submod-0-latency-25.cdgp
1704042416715952806,1704042426716279344,500,http://172.169.8.253:31112/function/opt-66b-submod-0-latency-25.cdgp
1704042416716021084,1704042426716291127,500,http://172.169.8.253:31112/function/opt-66b-submod-0-latency-25.cdgp
1704042416716097535,1704042423485868967,200,http://172.169.8.253:31112/function/opt-66b-submod-0-latency-25.cdgp
1704042416716190369,1704042423535221927,200,http://172.169.8.253:31112/function/opt-66b-submod-0-latency-25.cdgp
1704042416716288593,1704042426716828311,500,http://172.169.8.253:31112/function/opt-66b-submod-0-latency-25.cdgp
1704042416716349558,1704042426716843649,500,http://172.169.8.253:31112/function/opt-66b-submod-0-latency-25.cdgp
1704042416716420888,1704042420148771581,200,http://172.169.8.253:31112/function/opt-66b-submod-0-latency-25.cdgp
1704042416724914752,1704042426726259383,500,http://172.169.8.253:31112/function/opt-66b-submod-0-latency-25.cdgp
1704042416725004423,1704042422402229226,200,http://172.169.8.253:31112/function/opt-66b-submod-0-latency-25.cdgp
1704042416725096524,1704042421142892081,200,http://172.169.8.253:31112/function/opt-66b-submod-0-latency-25.cdgp
1704042416725185364,1704042426726246571,500,http://172.169.8.253:31112/function/opt-66b-submod-0-latency-25.cdgp
1704042416725291819,1704042426447112494,500,http://172.169.8.253:31112/function/opt-66b-submod-0-latency-25.cdgp
1704042416725337536,1704042423534833273,200,http://172.169.8.253:31112/function/opt-66b-submod-0-latency-25.cdgp
1704042416725437507,1704042426726032979,500,http://172.169.8.253:31112/function/opt-66b-submod-0-latency-25.cdgp
1704042416725518446,1704042426726019134,500,http://172.169.8.253:31112/function/opt-66b-submod-0-latency-25.cdgp
1704042416725611379,1704042426726250104,500,http://172.169.8.253:31112/function/opt-66b-submod-0-latency-25.cdgp
1704042416738927743,1704042426739806659,500,http://172.169.8.253:31112/function/opt-66b-submod-0-latency-25.cdgp
1704042416738992232,1704042426739795046,500,http://172.169.8.253:31112/function/opt-66b-submod-0-latency-25.cdgp
1704042416739141592,1704042426739827188,500,http://172.169.8.253:31112/function/opt-66b-submod-0-latency-25.cdgp
1704042416739214503,1704042423724825412,200,http://172.169.8.253:31112/function/opt-66b-submod-0-latency-25.cdgp
1704042416739289871,1704042426739801115,500,http://172.169.8.253:31112/function/opt-66b-submod-0-latency-25.cdgp
1704042416750760710,1704042426752788460,500,http://172.169.8.253:31112/function/opt-66b-submod-0-latency-25.cdgp
1704042416750896932,1704042422510287677,200,http://172.169.8.253:31112/function/opt-66b-submod-0-latency-25.cdgp
1704042416750979023,1704042426752805111,500,http://172.169.8.253:31112/function/opt-66b-submod-0-latency-25.cdgp
1704042416751053591,1704042426449611460,200,http://172.169.8.253:31112/function/opt-66b-submod-0-latency-25.cdgp
1704042416751118168,1704042426752802263,500,http://172.169.8.253:31112/function/opt-66b-submod-0-latency-25.cdgp
1704042416751238539,1704042426752763224,500,http://172.169.8.253:31112/function/opt-66b-submod-0-latency-25.cdgp
1704042416751337331,1704042426752317756,500,http://172.169.8.253:31112/function/opt-66b-submod-0-latency-25.cdgp
1704042416751430781,1704042426752487186,500,http://172.169.8.253:31112/function/opt-66b-submod-0-latency-25.cdgp
1704042416751495041,1704042426753017202,500,http://172.169.8.253:31112/function/opt-66b-submod-0-latency-25.cdgp
1704042416751544496,1704042426752784540,500,http://172.169.8.253:31112/function/opt-66b-submod-0-latency-25.cdgp
1704042416751627014,1704042426752959996,500,http://172.169.8.253:31112/function/opt-66b-submod-0-latency-25.cdgp
1704042416751701392,1704042426752940387,500,http://172.169.8.253:31112/function/opt-66b-submod-0-latency-25.cdgp
1704042416751738025,1704042426752289494,500,http://172.169.8.253:31112/function/opt-66b-submod-0-latency-25.cdgp
1704042416751836950,1704042426753029746,500,http://172.169.8.253:31112/function/opt-66b-submod-0-latency-25.cdgp
1704042416751904833,1704042426752772451,500,http://172.169.8.253:31112/function/opt-66b-submod-0-latency-25.cdgp
1704042416752052243,1704042421730653376,200,http://172.169.8.253:31112/function/opt-66b-submod-0-latency-25.cdgp
1704042416752150273,1704042426752950864,500,http://172.169.8.253:31112/function/opt-66b-submod-0-latency-25.cdgp
1704042416752232887,1704042426753203948,500,http://172.169.8.253:31112/function/opt-66b-submod-0-latency-25.cdgp
1704042416752298400,1704042421164747256,200,http://172.169.8.253:31112/function/opt-66b-submod-0-latency-25.cdgp
1704042416752392459,1704042426449483133,200,http://172.169.8.253:31112/function/opt-66b-submod-0-latency-25.cdgp
1704042416752443805,1704042426752963015,500,http://172.169.8.253:31112/function/opt-66b-submod-0-latency-25.cdgp
1704042416752526285,1704042423711283269,200,http://172.169.8.253:31112/function/opt-66b-submod-0-latency-25.cdgp
1704042416752587769,1704042426753226300,500,http://172.169.8.253:31112/function/opt-66b-submod-0-latency-25.cdgp
1704042416752649105,1704042426753227273,500,http://172.169.8.253:31112/function/opt-66b-submod-0-latency-25.cdgp
1704042416752687619,1704042419861233344,200,http://172.169.8.253:31112/function/opt-66b-submod-0-latency-25.cdgp
1704042416752765016,1704042426753209927,500,http://172.169.8.253:31112/function/opt-66b-submod-0-latency-25.cdgp
1704042416752849174,1704042426752944793,500,http://172.169.8.253:31112/function/opt-66b-submod-0-latency-25.cdgp
1704042416795656492,1704042426796930881,500,http://172.169.8.253:31112/function/opt-66b-submod-0-latency-25.cdgp
1704042416795746833,1704042426796721200,500,http://172.169.8.253:31112/function/opt-66b-submod-0-latency-25.cdgp
1704042416795849800,1704042426796730689,500,http://172.169.8.253:31112/function/opt-66b-submod-0-latency-25.cdgp
1704042416795916279,1704042419860081091,200,http://172.169.8.253:31112/function/opt-66b-submod-0-latency-25.cdgp
1704042416795948355,1704042426796941527,500,http://172.169.8.253:31112/function/opt-66b-submod-0-latency-25.cdgp
1704042416878348203,1704042426878994187,500,http://172.169.8.253:31112/function/opt-66b-submod-0-latency-25.cdgp
1704042416878503923,1704042426878982007,500,http://172.169.8.253:31112/function/opt-66b-submod-0-latency-25.cdgp
1704042417500637123,1704042427147412674,500,http://172.169.8.253:31112/function/opt-66b-submod-0-latency-25.cdgp
1704042417500803987,1704042426593131586,200,http://172.169.8.253:31112/function/opt-66b-submod-0-latency-25.cdgp
1704042417500882263,1704042427143680223,500,http://172.169.8.253:31112/function/opt-66b-submod-0-latency-25.cdgp
1704042417500950679,1704042421170018466,200,http://172.169.8.253:31112/function/opt-66b-submod-0-latency-25.cdgp
1704042417650225852,1704042427296883745,500,http://172.169.8.253:31112/function/opt-66b-submod-0-latency-25.cdgp
1704042417650326198,1704042423724642006,200,http://172.169.8.253:31112/function/opt-66b-submod-0-latency-25.cdgp
1704042417650434376,1704042427509291470,500,http://172.169.8.253:31112/function/opt-66b-submod-0-latency-25.cdgp
1704042417650480843,1704042427297516721,500,http://172.169.8.253:31112/function/opt-66b-submod-0-latency-25.cdgp
1704042417663014347,1704042421661673018,200,http://172.169.8.253:31112/function/opt-66b-submod-0-latency-25.cdgp
1704042417663081176,1704042427307356614,500,http://172.169.8.253:31112/function/opt-66b-submod-0-latency-25.cdgp
1704042417663112852,1704042427307802834,500,http://172.169.8.253:31112/function/opt-66b-submod-0-latency-25.cdgp
1704042417663238783,1704042427528223040,500,http://172.169.8.253:31112/function/opt-66b-submod-0-latency-25.cdgp
1704042417664936170,1704042427535770582,500,http://172.169.8.253:31112/function/opt-66b-submod-0-latency-25.cdgp
1704042417665031218,1704042427527272640,500,http://172.169.8.253:31112/function/opt-66b-submod-0-latency-25.cdgp
1704042417665113874,1704042427515242019,500,http://172.169.8.253:31112/function/opt-66b-submod-0-latency-25.cdgp
1704042417665197150,1704042427665938002,500,http://172.169.8.253:31112/function/opt-66b-submod-0-latency-25.cdgp
1704042417665258780,1704042427497538282,500,http://172.169.8.253:31112/function/opt-66b-submod-0-latency-25.cdgp
1704042417665332296,1704042427502379650,500,http://172.169.8.253:31112/function/opt-66b-submod-0-latency-25.cdgp
1704042417665412020,1704042427528121476,500,http://172.169.8.253:31112/function/opt-66b-submod-0-latency-25.cdgp
1704042417665499180,1704042427665929100,500,http://172.169.8.253:31112/function/opt-66b-submod-0-latency-25.cdgp
1704042417665590062,1704042427526604881,500,http://172.169.8.253:31112/function/opt-66b-submod-0-latency-25.cdgp
1704042417665673373,1704042427536634234,500,http://172.169.8.253:31112/function/opt-66b-submod-0-latency-25.cdgp
1704042417665765012,1704042427533419261,500,http://172.169.8.253:31112/function/opt-66b-submod-0-latency-25.cdgp
1704042417665916150,1704042427666096661,500,http://172.169.8.253:31112/function/opt-66b-submod-0-latency-25.cdgp
1704042417666046947,1704042427535233725,500,http://172.169.8.253:31112/function/opt-66b-submod-0-latency-25.cdgp
1704042417666145728,1704042427436529374,500,http://172.169.8.253:31112/function/opt-66b-submod-0-latency-25.cdgp
1704042417666217634,1704042427534503699,500,http://172.169.8.253:31112/function/opt-66b-submod-0-latency-25.cdgp
1704042417666292908,1704042427498117877,500,http://172.169.8.253:31112/function/opt-66b-submod-0-latency-25.cdgp
1704042417666378307,1704042427504691192,500,http://172.169.8.253:31112/function/opt-66b-submod-0-latency-25.cdgp
1704042417666474811,1704042427505414474,500,http://172.169.8.253:31112/function/opt-66b-submod-0-latency-25.cdgp
1704042417666585583,1704042427667052781,500,http://172.169.8.253:31112/function/opt-66b-submod-0-latency-25.cdgp
1704042417666660595,1704042427537026291,500,http://172.169.8.253:31112/function/opt-66b-submod-0-latency-25.cdgp
1704042417666729865,1704042427501726676,500,http://172.169.8.253:31112/function/opt-66b-submod-0-latency-25.cdgp
1704042417666806063,1704042427501409681,500,http://172.169.8.253:31112/function/opt-66b-submod-0-latency-25.cdgp
1704042417666865414,1704042427506068837,500,http://172.169.8.253:31112/function/opt-66b-submod-0-latency-25.cdgp
1704042417666963544,1704042427502773575,500,http://172.169.8.253:31112/function/opt-66b-submod-0-latency-25.cdgp
1704042417667054164,1704042427668407969,500,http://172.169.8.253:31112/function/opt-66b-submod-0-latency-25.cdgp
1704042417667139661,1704042427534776102,500,http://172.169.8.253:31112/function/opt-66b-submod-0-latency-25.cdgp
1704042417667232379,1704042427536114142,500,http://172.169.8.253:31112/function/opt-66b-submod-0-latency-25.cdgp
1704042417667306074,1704042426590253876,200,http://172.169.8.253:31112/function/opt-66b-submod-0-latency-25.cdgp
1704042417667392166,1704042427498744429,500,http://172.169.8.253:31112/function/opt-66b-submod-0-latency-25.cdgp
1704042417667446708,1704042427668377490,500,http://172.169.8.253:31112/function/opt-66b-submod-0-latency-25.cdgp
1704042417667509048,1704042424189916390,200,http://172.169.8.253:31112/function/opt-66b-submod-0-latency-25.cdgp
1704042417667558207,1704042427533916772,500,http://172.169.8.253:31112/function/opt-66b-submod-0-latency-25.cdgp
1704042417667629350,1704042427506121960,500,http://172.169.8.253:31112/function/opt-66b-submod-0-latency-25.cdgp
1704042417667698547,1704042427537420867,500,http://172.169.8.253:31112/function/opt-66b-submod-0-latency-25.cdgp
1704042417667782435,1704042427532963631,500,http://172.169.8.253:31112/function/opt-66b-submod-0-latency-25.cdgp
1704042417667861870,1704042423571653737,200,http://172.169.8.253:31112/function/opt-66b-submod-0-latency-25.cdgp
1704042417667933681,1704042427527784199,500,http://172.169.8.253:31112/function/opt-66b-submod-0-latency-25.cdgp
1704042417668008201,1704042424710318517,200,http://172.169.8.253:31112/function/opt-66b-submod-0-latency-25.cdgp
1704042417668088434,1704042427668388653,500,http://172.169.8.253:31112/function/opt-66b-submod-0-latency-25.cdgp
1704042417668171091,1704042427532576754,500,http://172.169.8.253:31112/function/opt-66b-submod-0-latency-25.cdgp
1704042417861403123,1704042422510645613,200,http://172.169.8.253:31112/function/opt-66b-submod-0-latency-25.cdgp
1704042417861521763,1704042427862410594,500,http://172.169.8.253:31112/function/opt-66b-submod-0-latency-25.cdgp
1704042417861591756,1704042427862414100,500,http://172.169.8.253:31112/function/opt-66b-submod-0-latency-25.cdgp
1704042417861657113,1704042427643152796,500,http://172.169.8.253:31112/function/opt-66b-submod-0-latency-25.cdgp
1704042417861694015,1704042427567021558,500,http://172.169.8.253:31112/function/opt-66b-submod-0-latency-25.cdgp
1704042417861780814,1704042427862431683,500,http://172.169.8.253:31112/function/opt-66b-submod-0-latency-25.cdgp
1704042417861850810,1704042423751918648,200,http://172.169.8.253:31112/function/opt-66b-submod-0-latency-25.cdgp
1704042417861940857,1704042421164938033,200,http://172.169.8.253:31112/function/opt-66b-submod-0-latency-25.cdgp
1704042417861974319,1704042427568886691,500,http://172.169.8.253:31112/function/opt-66b-submod-0-latency-25.cdgp
1704042417873167737,1704042427641841732,500,http://172.169.8.253:31112/function/opt-66b-submod-0-latency-25.cdgp
1704042417873252136,1704042427873562067,500,http://172.169.8.253:31112/function/opt-66b-submod-0-latency-25.cdgp
1704042417873327161,1704042427644274704,500,http://172.169.8.253:31112/function/opt-66b-submod-0-latency-25.cdgp
1704042417873396546,1704042427638005356,500,http://172.169.8.253:31112/function/opt-66b-submod-0-latency-25.cdgp
1704042417886827330,1704042427635470220,500,http://172.169.8.253:31112/function/opt-66b-submod-0-latency-25.cdgp
1704042417886939073,1704042427887969234,500,http://172.169.8.253:31112/function/opt-66b-submod-0-latency-25.cdgp
1704042417887086455,1704042427888162002,500,http://172.169.8.253:31112/function/opt-66b-submod-0-latency-25.cdgp
1704042417887215129,1704042427888130591,500,http://172.169.8.253:31112/function/opt-66b-submod-0-latency-25.cdgp
1704042417887416739,1704042427642394098,500,http://172.169.8.253:31112/function/opt-66b-submod-0-latency-25.cdgp
1704042417887515889,1704042427887934366,500,http://172.169.8.253:31112/function/opt-66b-submod-0-latency-25.cdgp
1704042417887616796,1704042427639895956,500,http://172.169.8.253:31112/function/opt-66b-submod-0-latency-25.cdgp
1704042417905946437,1704042427635494498,500,http://172.169.8.253:31112/function/opt-66b-submod-0-latency-25.cdgp
1704042417964833579,1704042427718092065,500,http://172.169.8.253:31112/function/opt-66b-submod-0-latency-25.cdgp
1704042417964957678,1704042427966297235,500,http://172.169.8.253:31112/function/opt-66b-submod-0-latency-25.cdgp
1704042417966097326,1704042427721385850,500,http://172.169.8.253:31112/function/opt-66b-submod-0-latency-25.cdgp
1704042417966193357,1704042427966543381,500,http://172.169.8.253:31112/function/opt-66b-submod-0-latency-25.cdgp
1704042417967242735,1704042427721495027,500,http://172.169.8.253:31112/function/opt-66b-submod-0-latency-25.cdgp
1704042417967417128,1704042427722689933,500,http://172.169.8.253:31112/function/opt-66b-submod-0-latency-25.cdgp
1704042417967479272,1704042427702013924,500,http://172.169.8.253:31112/function/opt-66b-submod-0-latency-25.cdgp
1704042417967532984,1704042427747570870,500,http://172.169.8.253:31112/function/opt-66b-submod-0-latency-25.cdgp
1704042417967615829,1704042427701382387,500,http://172.169.8.253:31112/function/opt-66b-submod-0-latency-25.cdgp
1704042417967688642,1704042423759567996,200,http://172.169.8.253:31112/function/opt-66b-submod-0-latency-25.cdgp
1704042417967749853,1704042427703068145,500,http://172.169.8.253:31112/function/opt-66b-submod-0-latency-25.cdgp
1704042417967825346,1704042427968406547,500,http://172.169.8.253:31112/function/opt-66b-submod-0-latency-25.cdgp
1704042417967941905,1704042427720484622,500,http://172.169.8.253:31112/function/opt-66b-submod-0-latency-25.cdgp
1704042417968010304,1704042427708134892,500,http://172.169.8.253:31112/function/opt-66b-submod-0-latency-25.cdgp
1704042417968078436,1704042427729791040,500,http://172.169.8.253:31112/function/opt-66b-submod-0-latency-25.cdgp
1704042417968141072,1704042427699530401,500,http://172.169.8.253:31112/function/opt-66b-submod-0-latency-25.cdgp
1704042417968214574,1704042427968507874,500,http://172.169.8.253:31112/function/opt-66b-submod-0-latency-25.cdgp
1704042417968253919,1704042427596703899,500,http://172.169.8.253:31112/function/opt-66b-submod-0-latency-25.cdgp
1704042417968347718,1704042427968519035,500,http://172.169.8.253:31112/function/opt-66b-submod-0-latency-25.cdgp
1704042419107451861,1704042428401784636,500,http://172.169.8.253:31112/function/opt-66b-submod-0-latency-25.cdgp
1704042419110715114,1704042429046436689,500,http://172.169.8.253:31112/function/opt-66b-submod-0-latency-25.cdgp
1704042419110847355,1704042428731236523,500,http://172.169.8.253:31112/function/opt-66b-submod-0-latency-25.cdgp
1704042419110948979,1704042429045977650,500,http://172.169.8.253:31112/function/opt-66b-submod-0-latency-25.cdgp
1704042419111028311,1704042429111932367,500,http://172.169.8.253:31112/function/opt-66b-submod-0-latency-25.cdgp
1704042419111764508,1704042429047099657,500,http://172.169.8.253:31112/function/opt-66b-submod-0-latency-25.cdgp
1704042419111872967,1704042429047163437,500,http://172.169.8.253:31112/function/opt-66b-submod-0-latency-25.cdgp
1704042419111943425,1704042429048929486,500,http://172.169.8.253:31112/function/opt-66b-submod-0-latency-25.cdgp
1704042419112082941,1704042428372063858,500,http://172.169.8.253:31112/function/opt-66b-submod-0-latency-25.cdgp
1704042419112175812,1704042429113226949,500,http://172.169.8.253:31112/function/opt-66b-submod-0-latency-25.cdgp
1704042419112240902,1704042429113110501,500,http://172.169.8.253:31112/function/opt-66b-submod-0-latency-25.cdgp
1704042419112310715,1704042428372335481,500,http://172.169.8.253:31112/function/opt-66b-submod-0-latency-25.cdgp
1704042419112338012,1704042428345387245,500,http://172.169.8.253:31112/function/opt-66b-submod-0-latency-25.cdgp
1704042419112441752,1704042429050325988,500,http://172.169.8.253:31112/function/opt-66b-submod-0-latency-25.cdgp
1704042419112577660,1704042429049004141,500,http://172.169.8.253:31112/function/opt-66b-submod-0-latency-25.cdgp
1704042419112668895,1704042428727133035,500,http://172.169.8.253:31112/function/opt-66b-submod-0-latency-25.cdgp
1704042419112703932,1704042428726601417,500,http://172.169.8.253:31112/function/opt-66b-submod-0-latency-25.cdgp
1704042419112807310,1704042425574036276,200,http://172.169.8.253:31112/function/opt-66b-submod-0-latency-25.cdgp
1704042419112869923,1704042425641226068,200,http://172.169.8.253:31112/function/opt-66b-submod-0-latency-25.cdgp
1704042419112957361,1704042425641232252,200,http://172.169.8.253:31112/function/opt-66b-submod-0-latency-25.cdgp
1704042419113024925,1704042429051293698,500,http://172.169.8.253:31112/function/opt-66b-submod-0-latency-25.cdgp
1704042419113110053,1704042428156482505,200,http://172.169.8.253:31112/function/opt-66b-submod-0-latency-25.cdgp
1704042419113145651,1704042422455062975,200,http://172.169.8.253:31112/function/opt-66b-submod-0-latency-25.cdgp
1704042419113227346,1704042429048349154,500,http://172.169.8.253:31112/function/opt-66b-submod-0-latency-25.cdgp
1704042419113321588,1704042429038754516,500,http://172.169.8.253:31112/function/opt-66b-submod-0-latency-25.cdgp
1704042419113453705,1704042429114211339,500,http://172.169.8.253:31112/function/opt-66b-submod-0-latency-25.cdgp
1704042419113583314,1704042429051492594,500,http://172.169.8.253:31112/function/opt-66b-submod-0-latency-25.cdgp
1704042419113687955,1704042429047992001,500,http://172.169.8.253:31112/function/opt-66b-submod-0-latency-25.cdgp
1704042419113781616,1704042428726765130,500,http://172.169.8.253:31112/function/opt-66b-submod-0-latency-25.cdgp
1704042419113862871,1704042429042887149,500,http://172.169.8.253:31112/function/opt-66b-submod-0-latency-25.cdgp
1704042419113952924,1704042428296100122,500,http://172.169.8.253:31112/function/opt-66b-submod-0-latency-25.cdgp
1704042419114038153,1704042429114229487,500,http://172.169.8.253:31112/function/opt-66b-submod-0-latency-25.cdgp
1704042419114120859,1704042426448621289,200,http://172.169.8.253:31112/function/opt-66b-submod-0-latency-25.cdgp
1704042419114204401,1704042429114317875,500,http://172.169.8.253:31112/function/opt-66b-submod-0-latency-25.cdgp
1704042419114305308,1704042429048735175,500,http://172.169.8.253:31112/function/opt-66b-submod-0-latency-25.cdgp
1704042419114390714,1704042429039696512,500,http://172.169.8.253:31112/function/opt-66b-submod-0-latency-25.cdgp
1704042419155077203,1704042429125871032,500,http://172.169.8.253:31112/function/opt-66b-submod-0-latency-25.cdgp
1704042419155166388,1704042425711785715,200,http://172.169.8.253:31112/function/opt-66b-submod-0-latency-25.cdgp
1704042419155282645,1704042429156545511,500,http://172.169.8.253:31112/function/opt-66b-submod-0-latency-25.cdgp
1704042419155358488,1704042429156565904,500,http://172.169.8.253:31112/function/opt-66b-submod-0-latency-25.cdgp
1704042419155452231,1704042425707552224,200,http://172.169.8.253:31112/function/opt-66b-submod-0-latency-25.cdgp
1704042419155497552,1704042429127709414,500,http://172.169.8.253:31112/function/opt-66b-submod-0-latency-25.cdgp
1704042419155594562,1704042429156527628,500,http://172.169.8.253:31112/function/opt-66b-submod-0-latency-25.cdgp
1704042419155636082,1704042422510717471,200,http://172.169.8.253:31112/function/opt-66b-submod-0-latency-25.cdgp
1704042419155696967,1704042429125584675,500,http://172.169.8.253:31112/function/opt-66b-submod-0-latency-25.cdgp
1704042419155785199,1704042429125982061,500,http://172.169.8.253:31112/function/opt-66b-submod-0-latency-25.cdgp
1704042419155819323,1704042429135081353,500,http://172.169.8.253:31112/function/opt-66b-submod-0-latency-25.cdgp
1704042419155911962,1704042429138830059,500,http://172.169.8.253:31112/function/opt-66b-submod-0-latency-25.cdgp
1704042419156014161,1704042429127538321,500,http://172.169.8.253:31112/function/opt-66b-submod-0-latency-25.cdgp
1704042419156096638,1704042429156689779,500,http://172.169.8.253:31112/function/opt-66b-submod-0-latency-25.cdgp
1704042419156149666,1704042429156544252,500,http://172.169.8.253:31112/function/opt-66b-submod-0-latency-25.cdgp
1704042419156234241,1704042429156668495,500,http://172.169.8.253:31112/function/opt-66b-submod-0-latency-25.cdgp
1704042419156274772,1704042429156757934,500,http://172.169.8.253:31112/function/opt-66b-submod-0-latency-25.cdgp
1704042419159038391,1704042429160147051,500,http://172.169.8.253:31112/function/opt-66b-submod-0-latency-25.cdgp
1704042419159119650,1704042429160272893,500,http://172.169.8.253:31112/function/opt-66b-submod-0-latency-25.cdgp
1704042419159203301,1704042429160271686,500,http://172.169.8.253:31112/function/opt-66b-submod-0-latency-25.cdgp
1704042419159286045,1704042429129727479,500,http://172.169.8.253:31112/function/opt-66b-submod-0-latency-25.cdgp
1704042419159341911,1704042429160258212,500,http://172.169.8.253:31112/function/opt-66b-submod-0-latency-25.cdgp
1704042419159409433,1704042429127801815,500,http://172.169.8.253:31112/function/opt-66b-submod-0-latency-25.cdgp
1704042419159491760,1704042422444089866,200,http://172.169.8.253:31112/function/opt-66b-submod-0-latency-25.cdgp
1704042419159570078,1704042425712083777,200,http://172.169.8.253:31112/function/opt-66b-submod-0-latency-25.cdgp
1704042419159673163,1704042429160238991,500,http://172.169.8.253:31112/function/opt-66b-submod-0-latency-25.cdgp
1704042419159770369,1704042429160253251,500,http://172.169.8.253:31112/function/opt-66b-submod-0-latency-25.cdgp
1704042419159855098,1704042429131552212,500,http://172.169.8.253:31112/function/opt-66b-submod-0-latency-25.cdgp
1704042419159948298,1704042429160352151,500,http://172.169.8.253:31112/function/opt-66b-submod-0-latency-25.cdgp
1704042419160041305,1704042429160368448,500,http://172.169.8.253:31112/function/opt-66b-submod-0-latency-25.cdgp
1704042419160177305,1704042426591803184,200,http://172.169.8.253:31112/function/opt-66b-submod-0-latency-25.cdgp
1704042419160265386,1704042429160441279,500,http://172.169.8.253:31112/function/opt-66b-submod-0-latency-25.cdgp
1704042419160366088,1704042429160576051,500,http://172.169.8.253:31112/function/opt-66b-submod-0-latency-25.cdgp
1704042419160448084,1704042429160655583,500,http://172.169.8.253:31112/function/opt-66b-submod-0-latency-25.cdgp
1704042419160528849,1704042429136057937,500,http://172.169.8.253:31112/function/opt-66b-submod-0-latency-25.cdgp
1704042419160601986,1704042429160720005,500,http://172.169.8.253:31112/function/opt-66b-submod-0-latency-25.cdgp
1704042419160680176,1704042429129462531,500,http://172.169.8.253:31112/function/opt-66b-submod-0-latency-25.cdgp
1704042419160753780,1704042429161257033,500,http://172.169.8.253:31112/function/opt-66b-submod-0-latency-25.cdgp
1704042419160822902,1704042429161236898,500,http://172.169.8.253:31112/function/opt-66b-submod-0-latency-25.cdgp
1704042419160912226,1704042429161238040,500,http://172.169.8.253:31112/function/opt-66b-submod-0-latency-25.cdgp
1704042419161043973,1704042425641527900,200,http://172.169.8.253:31112/function/opt-66b-submod-0-latency-25.cdgp
1704042419161131415,1704042429137797632,500,http://172.169.8.253:31112/function/opt-66b-submod-0-latency-25.cdgp
1704042419161235231,1704042429131517943,500,http://172.169.8.253:31112/function/opt-66b-submod-0-latency-25.cdgp
1704042419161345619,1704042429129871531,500,http://172.169.8.253:31112/function/opt-66b-submod-0-latency-25.cdgp
1704042419161412586,1704042429135055330,500,http://172.169.8.253:31112/function/opt-66b-submod-0-latency-25.cdgp
1704042419176192222,1704042429176420241,500,http://172.169.8.253:31112/function/opt-66b-submod-0-latency-25.cdgp
1704042419176304223,1704042429176492508,500,http://172.169.8.253:31112/function/opt-66b-submod-0-latency-25.cdgp
1704042419176399103,1704042429136339190,500,http://172.169.8.253:31112/function/opt-66b-submod-0-latency-25.cdgp
1704042419176498175,1704042429177614116,500,http://172.169.8.253:31112/function/opt-66b-submod-0-latency-25.cdgp
1704042419176547547,1704042429133756267,500,http://172.169.8.253:31112/function/opt-66b-submod-0-latency-25.cdgp
1704042419176656633,1704042429177627391,500,http://172.169.8.253:31112/function/opt-66b-submod-0-latency-25.cdgp
1704042419176730804,1704042429135534022,500,http://172.169.8.253:31112/function/opt-66b-submod-0-latency-25.cdgp
1704042419209597396,1704042429210819871,500,http://172.169.8.253:31112/function/opt-66b-submod-0-latency-25.cdgp
1704042419209719789,1704042429210852154,500,http://172.169.8.253:31112/function/opt-66b-submod-0-latency-25.cdgp
1704042419417970504,1704042429418832523,500,http://172.169.8.253:31112/function/opt-66b-submod-0-latency-25.cdgp
1704042419418136175,1704042429175120104,500,http://172.169.8.253:31112/function/opt-66b-submod-0-latency-25.cdgp
1704042419418242237,1704042425707631176,200,http://172.169.8.253:31112/function/opt-66b-submod-0-latency-25.cdgp
1704042419418313099,1704042426448506198,200,http://172.169.8.253:31112/function/opt-66b-submod-0-latency-25.cdgp
1704042419418423082,1704042428726622609,500,http://172.169.8.253:31112/function/opt-66b-submod-0-latency-25.cdgp
1704042419418503082,1704042428731912434,500,http://172.169.8.253:31112/function/opt-66b-submod-0-latency-25.cdgp
1704042420393796325,1704042429763583431,500,http://172.169.8.253:31112/function/opt-66b-submod-0-latency-25.cdgp
1704042420394028329,1704042424395682698,200,http://172.169.8.253:31112/function/opt-66b-submod-0-latency-25.cdgp
1704042420394181448,1704042426823401003,200,http://172.169.8.253:31112/function/opt-66b-submod-0-latency-25.cdgp
1704042420394270215,1704042428895232506,200,http://172.169.8.253:31112/function/opt-66b-submod-0-latency-25.cdgp
1704042420394396982,1704042430134079790,500,http://172.169.8.253:31112/function/opt-66b-submod-0-latency-25.cdgp
1704042420394484347,1704042429863517367,500,http://172.169.8.253:31112/function/opt-66b-submod-0-latency-25.cdgp
1704042420394559805,1704042429876408937,500,http://172.169.8.253:31112/function/opt-66b-submod-0-latency-25.cdgp
1704042420394655668,1704042429876206138,500,http://172.169.8.253:31112/function/opt-66b-submod-0-latency-25.cdgp
1704042420394745660,1704042429919528617,500,http://172.169.8.253:31112/function/opt-66b-submod-0-latency-25.cdgp
1704042420394814013,1704042426023285178,200,http://172.169.8.253:31112/function/opt-66b-submod-0-latency-25.cdgp
1704042420408029081,1704042429875680740,500,http://172.169.8.253:31112/function/opt-66b-submod-0-latency-25.cdgp
1704042420408119059,1704042428149544939,200,http://172.169.8.253:31112/function/opt-66b-submod-0-latency-25.cdgp
1704042420417629814,1704042426624953022,200,http://172.169.8.253:31112/function/opt-66b-submod-0-latency-25.cdgp
1704042420417669286,1704042428850473242,200,http://172.169.8.253:31112/function/opt-66b-submod-0-latency-25.cdgp
1704042420575347925,1704042430026790195,500,http://172.169.8.253:31112/function/opt-66b-submod-0-latency-25.cdgp
1704042420575510289,1704042429999847357,500,http://172.169.8.253:31112/function/opt-66b-submod-0-latency-25.cdgp
1704042420575592079,1704042429919673041,500,http://172.169.8.253:31112/function/opt-66b-submod-0-latency-25.cdgp
1704042420575646884,1704042430027411907,500,http://172.169.8.253:31112/function/opt-66b-submod-0-latency-25.cdgp
1704042420575724826,1704042427350726287,200,http://172.169.8.253:31112/function/opt-66b-submod-0-latency-25.cdgp
1704042420575781009,1704042429954110236,500,http://172.169.8.253:31112/function/opt-66b-submod-0-latency-25.cdgp
1704042420575848413,1704042430028383460,500,http://172.169.8.253:31112/function/opt-66b-submod-0-latency-25.cdgp
1704042420575872023,1704042430035095892,500,http://172.169.8.253:31112/function/opt-66b-submod-0-latency-25.cdgp
1704042420575940746,1704042429954605212,500,http://172.169.8.253:31112/function/opt-66b-submod-0-latency-25.cdgp
1704042420576030624,1704042429988634477,500,http://172.169.8.253:31112/function/opt-66b-submod-0-latency-25.cdgp
1704042420576096758,1704042427354321675,200,http://172.169.8.253:31112/function/opt-66b-submod-0-latency-25.cdgp
1704042420576195543,1704042430028189517,500,http://172.169.8.253:31112/function/opt-66b-submod-0-latency-25.cdgp
1704042420626145604,1704042423715950042,200,http://172.169.8.253:31112/function/opt-66b-submod-0-latency-25.cdgp
1704042420626244486,1704042424592457865,200,http://172.169.8.253:31112/function/opt-66b-submod-0-latency-25.cdgp
1704042420626362980,1704042430028485347,500,http://172.169.8.253:31112/function/opt-66b-submod-0-latency-25.cdgp
1704042420626473972,1704042430028715679,500,http://172.169.8.253:31112/function/opt-66b-submod-0-latency-25.cdgp
1704042420626516799,1704042428150642343,200,http://172.169.8.253:31112/function/opt-66b-submod-0-latency-25.cdgp
1704042420626596190,1704042429989230323,500,http://172.169.8.253:31112/function/opt-66b-submod-0-latency-25.cdgp
1704042420626650620,1704042430131584666,500,http://172.169.8.253:31112/function/opt-66b-submod-0-latency-25.cdgp
1704042420661736363,1704042430132444845,500,http://172.169.8.253:31112/function/opt-66b-submod-0-latency-25.cdgp
1704042420663554684,1704042430131971256,500,http://172.169.8.253:31112/function/opt-66b-submod-0-latency-25.cdgp
1704042420666766088,1704042427396791450,200,http://172.169.8.253:31112/function/opt-66b-submod-0-latency-25.cdgp
1704042420678806586,1704042429604801578,200,http://172.169.8.253:31112/function/opt-66b-submod-0-latency-25.cdgp
1704042420678905694,1704042430132471008,500,http://172.169.8.253:31112/function/opt-66b-submod-0-latency-25.cdgp
1704042420678974024,1704042430136329964,500,http://172.169.8.253:31112/function/opt-66b-submod-0-latency-25.cdgp
1704042420679068463,1704042429983539460,500,http://172.169.8.253:31112/function/opt-66b-submod-0-latency-25.cdgp
1704042420695529138,1704042430206464251,500,http://172.169.8.253:31112/function/opt-66b-submod-0-latency-25.cdgp
1704042420695609953,1704042427391466588,200,http://172.169.8.253:31112/function/opt-66b-submod-0-latency-25.cdgp
1704042420695641921,1704042428144213667,200,http://172.169.8.253:31112/function/opt-66b-submod-0-latency-25.cdgp
1704042420695738639,1704042430483603197,500,http://172.169.8.253:31112/function/opt-66b-submod-0-latency-25.cdgp
1704042420695802471,1704042430202944764,500,http://172.169.8.253:31112/function/opt-66b-submod-0-latency-25.cdgp
1704042420695865073,1704042430113551981,500,http://172.169.8.253:31112/function/opt-66b-submod-0-latency-25.cdgp
1704042420695932808,1704042430136362991,500,http://172.169.8.253:31112/function/opt-66b-submod-0-latency-25.cdgp
1704042420695978183,1704042430206346879,500,http://172.169.8.253:31112/function/opt-66b-submod-0-latency-25.cdgp
1704042420696056736,1704042430203120772,500,http://172.169.8.253:31112/function/opt-66b-submod-0-latency-25.cdgp
1704042420696090056,1704042430113042812,500,http://172.169.8.253:31112/function/opt-66b-submod-0-latency-25.cdgp
1704042420696162131,1704042430138788178,500,http://172.169.8.253:31112/function/opt-66b-submod-0-latency-25.cdgp
1704042420708225023,1704042430708923964,500,http://172.169.8.253:31112/function/opt-66b-submod-0-latency-25.cdgp
1704042420708306657,1704042430708886889,500,http://172.169.8.253:31112/function/opt-66b-submod-0-latency-25.cdgp
1704042420708344539,1704042430708891447,500,http://172.169.8.253:31112/function/opt-66b-submod-0-latency-25.cdgp
1704042420708424539,1704042430175331679,500,http://172.169.8.253:31112/function/opt-66b-submod-0-latency-25.cdgp
1704042420708491838,1704042430708913284,500,http://172.169.8.253:31112/function/opt-66b-submod-0-latency-25.cdgp
1704042420708556612,1704042430642385450,500,http://172.169.8.253:31112/function/opt-66b-submod-0-latency-25.cdgp
1704042420708584210,1704042430599510504,500,http://172.169.8.253:31112/function/opt-66b-submod-0-latency-25.cdgp
1704042420708668952,1704042430599495067,500,http://172.169.8.253:31112/function/opt-66b-submod-0-latency-25.cdgp
1704042420708795459,1704042430642262538,500,http://172.169.8.253:31112/function/opt-66b-submod-0-latency-25.cdgp
1704042420708909975,1704042430709108888,500,http://172.169.8.253:31112/function/opt-66b-submod-0-latency-25.cdgp
1704042420708956023,1704042424435444635,200,http://172.169.8.253:31112/function/opt-66b-submod-0-latency-25.cdgp
1704042420709032289,1704042430709244426,500,http://172.169.8.253:31112/function/opt-66b-submod-0-latency-25.cdgp
1704042420711546726,1704042430712606405,500,http://172.169.8.253:31112/function/opt-66b-submod-0-latency-25.cdgp
1704042420711640032,1704042430712683906,500,http://172.169.8.253:31112/function/opt-66b-submod-0-latency-25.cdgp
1704042420711727363,1704042430712621284,500,http://172.169.8.253:31112/function/opt-66b-submod-0-latency-25.cdgp
1704042420711821641,1704042430712583212,500,http://172.169.8.253:31112/function/opt-66b-submod-0-latency-25.cdgp
1704042420711920329,1704042430600862075,500,http://172.169.8.253:31112/function/opt-66b-submod-0-latency-25.cdgp
1704042420712001872,1704042430712627841,500,http://172.169.8.253:31112/function/opt-66b-submod-0-latency-25.cdgp
1704042420712093948,1704042429509282899,200,http://172.169.8.253:31112/function/opt-66b-submod-0-latency-25.cdgp
1704042420712191427,1704042430712691806,500,http://172.169.8.253:31112/function/opt-66b-submod-0-latency-25.cdgp
1704042420713391945,1704042430131432483,500,http://172.169.8.253:31112/function/opt-66b-submod-0-latency-25.cdgp
1704042420713482961,1704042430715097218,500,http://172.169.8.253:31112/function/opt-66b-submod-0-latency-25.cdgp
1704042420713570417,1704042430715109359,500,http://172.169.8.253:31112/function/opt-66b-submod-0-latency-25.cdgp
1704042420713661622,1704042430679172654,500,http://172.169.8.253:31112/function/opt-66b-submod-0-latency-25.cdgp
1704042420713747155,1704042430714803565,500,http://172.169.8.253:31112/function/opt-66b-submod-0-latency-25.cdgp
1704042420713850740,1704042430715089502,500,http://172.169.8.253:31112/function/opt-66b-submod-0-latency-25.cdgp
1704042420713942592,1704042430600145425,500,http://172.169.8.253:31112/function/opt-66b-submod-0-latency-25.cdgp
1704042420714013620,1704042430714835009,500,http://172.169.8.253:31112/function/opt-66b-submod-0-latency-25.cdgp
1704042420736083597,1704042426024726996,200,http://172.169.8.253:31112/function/opt-66b-submod-0-latency-25.cdgp
1704042420736278612,1704042430737284108,500,http://172.169.8.253:31112/function/opt-66b-submod-0-latency-25.cdgp
1704042420736413117,1704042428892737634,200,http://172.169.8.253:31112/function/opt-66b-submod-0-latency-25.cdgp
1704042420738977103,1704042430739749553,500,http://172.169.8.253:31112/function/opt-66b-submod-0-latency-25.cdgp
1704042420739045305,1704042430739638510,500,http://172.169.8.253:31112/function/opt-66b-submod-0-latency-25.cdgp
1704042420739090259,1704042430599465790,500,http://172.169.8.253:31112/function/opt-66b-submod-0-latency-25.cdgp
1704042420739163329,1704042430739632248,500,http://172.169.8.253:31112/function/opt-66b-submod-0-latency-25.cdgp
1704042420739238023,1704042430599970344,500,http://172.169.8.253:31112/function/opt-66b-submod-0-latency-25.cdgp
1704042420739304186,1704042430679010074,500,http://172.169.8.253:31112/function/opt-66b-submod-0-latency-25.cdgp
1704042420739401970,1704042430739781322,500,http://172.169.8.253:31112/function/opt-66b-submod-0-latency-25.cdgp
1704042420739636603,1704042430739888501,500,http://172.169.8.253:31112/function/opt-66b-submod-0-latency-25.cdgp
1704042420739729983,1704042429612620678,200,http://172.169.8.253:31112/function/opt-66b-submod-0-latency-25.cdgp
1704042420739749286,1704042430739896289,500,http://172.169.8.253:31112/function/opt-66b-submod-0-latency-25.cdgp
1704042420739815993,1704042430739994504,500,http://172.169.8.253:31112/function/opt-66b-submod-0-latency-25.cdgp
1704042420739899146,1704042423713036309,200,http://172.169.8.253:31112/function/opt-66b-submod-0-latency-25.cdgp
1704042420739949190,1704042430740497986,500,http://172.169.8.253:31112/function/opt-66b-submod-0-latency-25.cdgp
1704042420740029826,1704042430740210138,500,http://172.169.8.253:31112/function/opt-66b-submod-0-latency-25.cdgp
1704042420740116893,1704042430740542419,500,http://172.169.8.253:31112/function/opt-66b-submod-0-latency-25.cdgp
1704042420740150159,1704042430740531643,500,http://172.169.8.253:31112/function/opt-66b-submod-0-latency-25.cdgp
1704042420740258560,1704042430740590409,500,http://172.169.8.253:31112/function/opt-66b-submod-0-latency-25.cdgp
1704042420740337295,1704042430740620002,500,http://172.169.8.253:31112/function/opt-66b-submod-0-latency-25.cdgp
1704042420740366624,1704042430740525187,500,http://172.169.8.253:31112/function/opt-66b-submod-0-latency-25.cdgp
1704042420740474892,1704042430740608633,500,http://172.169.8.253:31112/function/opt-66b-submod-0-latency-25.cdgp
1704042420740578534,1704042430740708244,500,http://172.169.8.253:31112/function/opt-66b-submod-0-latency-25.cdgp
1704042420740648297,1704042430740940528,500,http://172.169.8.253:31112/function/opt-66b-submod-0-latency-25.cdgp
1704042420740736822,1704042430131551318,500,http://172.169.8.253:31112/function/opt-66b-submod-0-latency-25.cdgp
1704042420740768571,1704042430740946839,500,http://172.169.8.253:31112/function/opt-66b-submod-0-latency-25.cdgp
1704042420740847922,1704042430741071847,500,http://172.169.8.253:31112/function/opt-66b-submod-0-latency-25.cdgp
1704042420740928408,1704042430376776001,200,http://172.169.8.253:31112/function/opt-66b-submod-0-latency-25.cdgp
1704042420740953946,1704042429603613557,200,http://172.169.8.253:31112/function/opt-66b-submod-0-latency-25.cdgp
1704042420741019027,1704042430741157339,500,http://172.169.8.253:31112/function/opt-66b-submod-0-latency-25.cdgp
1704042420741089238,1704042430741330171,500,http://172.169.8.253:31112/function/opt-66b-submod-0-latency-25.cdgp
1704042420741162855,1704042430741343149,500,http://172.169.8.253:31112/function/opt-66b-submod-0-latency-25.cdgp
1704042420741242293,1704042430741528794,500,http://172.169.8.253:31112/function/opt-66b-submod-0-latency-25.cdgp
1704042420741305150,1704042430741513345,500,http://172.169.8.253:31112/function/opt-66b-submod-0-latency-25.cdgp
1704042420741379244,1704042430741516934,500,http://172.169.8.253:31112/function/opt-66b-submod-0-latency-25.cdgp
1704042420741408634,1704042430741585726,500,http://172.169.8.253:31112/function/opt-66b-submod-0-latency-25.cdgp
1704042420741507814,1704042430621166177,500,http://172.169.8.253:31112/function/opt-66b-submod-0-latency-25.cdgp
1704042420741557554,1704042430741693010,500,http://172.169.8.253:31112/function/opt-66b-submod-0-latency-25.cdgp
1704042420741628255,1704042430741733547,500,http://172.169.8.253:31112/function/opt-66b-submod-0-latency-25.cdgp
1704042420741663412,1704042430134556684,500,http://172.169.8.253:31112/function/opt-66b-submod-0-latency-25.cdgp
1704042420741728122,1704042430742929380,500,http://172.169.8.253:31112/function/opt-66b-submod-0-latency-25.cdgp
1704042420741815545,1704042426023787955,200,http://172.169.8.253:31112/function/opt-66b-submod-0-latency-25.cdgp
1704042420741968390,1704042430599858682,500,http://172.169.8.253:31112/function/opt-66b-submod-0-latency-25.cdgp
1704042420742044496,1704042430742937718,500,http://172.169.8.253:31112/function/opt-66b-submod-0-latency-25.cdgp
1704042421348486313,1704042431057603181,500,http://172.169.8.253:31112/function/opt-66b-submod-0-latency-25.cdgp
1704042421348612661,1704042431057630523,500,http://172.169.8.253:31112/function/opt-66b-submod-0-latency-25.cdgp
1704042421348747632,1704042431110526042,500,http://172.169.8.253:31112/function/opt-66b-submod-0-latency-25.cdgp
1704042421348823600,1704042431110962460,500,http://172.169.8.253:31112/function/opt-66b-submod-0-latency-25.cdgp
1704042421348886401,1704042431110721366,500,http://172.169.8.253:31112/function/opt-66b-submod-0-latency-25.cdgp
1704042421348956147,1704042431232172357,500,http://172.169.8.253:31112/function/opt-66b-submod-0-latency-25.cdgp
1704042421349000600,1704042431110749221,500,http://172.169.8.253:31112/function/opt-66b-submod-0-latency-25.cdgp
1704042421349085863,1704042431057462671,500,http://172.169.8.253:31112/function/opt-66b-submod-0-latency-25.cdgp
1704042421349181964,1704042429606227983,200,http://172.169.8.253:31112/function/opt-66b-submod-0-latency-25.cdgp
1704042421349254364,1704042429613455963,200,http://172.169.8.253:31112/function/opt-66b-submod-0-latency-25.cdgp
1704042421375567903,1704042431110982033,500,http://172.169.8.253:31112/function/opt-66b-submod-0-latency-25.cdgp
1704042421375654235,1704042431111177459,500,http://172.169.8.253:31112/function/opt-66b-submod-0-latency-25.cdgp
1704042421375679840,1704042431111670410,500,http://172.169.8.253:31112/function/opt-66b-submod-0-latency-25.cdgp
1704042421375789600,1704042429605866587,200,http://172.169.8.253:31112/function/opt-66b-submod-0-latency-25.cdgp
1704042421375861344,1704042429613720699,200,http://172.169.8.253:31112/function/opt-66b-submod-0-latency-25.cdgp
1704042421375917625,1704042431116034820,500,http://172.169.8.253:31112/function/opt-66b-submod-0-latency-25.cdgp
1704042421375955615,1704042431111958355,500,http://172.169.8.253:31112/function/opt-66b-submod-0-latency-25.cdgp
1704042421376044610,1704042431111348440,500,http://172.169.8.253:31112/function/opt-66b-submod-0-latency-25.cdgp
1704042421376087414,1704042431227910313,500,http://172.169.8.253:31112/function/opt-66b-submod-0-latency-25.cdgp
1704042421376170932,1704042431228581849,500,http://172.169.8.253:31112/function/opt-66b-submod-0-latency-25.cdgp
1704042421376201151,1704042431228602932,500,http://172.169.8.253:31112/function/opt-66b-submod-0-latency-25.cdgp
1704042421376292577,1704042431232400457,500,http://172.169.8.253:31112/function/opt-66b-submod-0-latency-25.cdgp
1704042421376335736,1704042431110754797,500,http://172.169.8.253:31112/function/opt-66b-submod-0-latency-25.cdgp
1704042421376412095,1704042425635000851,200,http://172.169.8.253:31112/function/opt-66b-submod-0-latency-25.cdgp
1704042421376436579,1704042431228361348,500,http://172.169.8.253:31112/function/opt-66b-submod-0-latency-25.cdgp
1704042421376508782,1704042431228984784,500,http://172.169.8.253:31112/function/opt-66b-submod-0-latency-25.cdgp
1704042421427281335,1704042431275361298,500,http://172.169.8.253:31112/function/opt-66b-submod-0-latency-25.cdgp
1704042421428813972,1704042431228478811,500,http://172.169.8.253:31112/function/opt-66b-submod-0-latency-25.cdgp
1704042421428981870,1704042431115907452,500,http://172.169.8.253:31112/function/opt-66b-submod-0-latency-25.cdgp
1704042421429066229,1704042431152276102,500,http://172.169.8.253:31112/function/opt-66b-submod-0-latency-25.cdgp
1704042421429131255,1704042431228831355,500,http://172.169.8.253:31112/function/opt-66b-submod-0-latency-25.cdgp
1704042421429197106,1704042431229032821,500,http://172.169.8.253:31112/function/opt-66b-submod-0-latency-25.cdgp
1704042421429263712,1704042431228913710,500,http://172.169.8.253:31112/function/opt-66b-submod-0-latency-25.cdgp
1704042421429297461,1704042431228815735,500,http://172.169.8.253:31112/function/opt-66b-submod-0-latency-25.cdgp
1704042421429355775,1704042431228639125,500,http://172.169.8.253:31112/function/opt-66b-submod-0-latency-25.cdgp
1704042421845932031,1704042431520153088,500,http://172.169.8.253:31112/function/opt-66b-submod-0-latency-25.cdgp
1704042421846060007,1704042429604130012,200,http://172.169.8.253:31112/function/opt-66b-submod-0-latency-25.cdgp
1704042421846184192,1704042431500468710,500,http://172.169.8.253:31112/function/opt-66b-submod-0-latency-25.cdgp
1704042421846271560,1704042431112136753,500,http://172.169.8.253:31112/function/opt-66b-submod-0-latency-25.cdgp
1704042421846444418,1704042431533741387,500,http://172.169.8.253:31112/function/opt-66b-submod-0-latency-25.cdgp
1704042421846538834,1704042429380751058,200,http://172.169.8.253:31112/function/opt-66b-submod-0-latency-25.cdgp
1704042421846684192,1704042431500668532,500,http://172.169.8.253:31112/function/opt-66b-submod-0-latency-25.cdgp
1704042421846780789,1704042431243484897,500,http://172.169.8.253:31112/function/opt-66b-submod-0-latency-25.cdgp
1704042421846873626,1704042431230817210,500,http://172.169.8.253:31112/function/opt-66b-submod-0-latency-25.cdgp
1704042421846985084,1704042431501548638,500,http://172.169.8.253:31112/function/opt-66b-submod-0-latency-25.cdgp
1704042421962221223,1704042431587235388,500,http://172.169.8.253:31112/function/opt-66b-submod-0-latency-25.cdgp
1704042421962318518,1704042431495478492,500,http://172.169.8.253:31112/function/opt-66b-submod-0-latency-25.cdgp
1704042421962434461,1704042431595530285,500,http://172.169.8.253:31112/function/opt-66b-submod-0-latency-25.cdgp
1704042421962477834,1704042431805213481,500,http://172.169.8.253:31112/function/opt-66b-submod-0-latency-25.cdgp
1704042421962556468,1704042431848149629,500,http://172.169.8.253:31112/function/opt-66b-submod-0-latency-25.cdgp
1704042421962658004,1704042431423626034,500,http://172.169.8.253:31112/function/opt-66b-submod-0-latency-25.cdgp
1704042421962732457,1704042431287251301,500,http://172.169.8.253:31112/function/opt-66b-submod-0-latency-25.cdgp
1704042421962800921,1704042429280247287,200,http://172.169.8.253:31112/function/opt-66b-submod-0-latency-25.cdgp
1704042421962868204,1704042431504867381,500,http://172.169.8.253:31112/function/opt-66b-submod-0-latency-25.cdgp
1704042421962966489,1704042431604920782,500,http://172.169.8.253:31112/function/opt-66b-submod-0-latency-25.cdgp
1704042421963045643,1704042426589628116,200,http://172.169.8.253:31112/function/opt-66b-submod-0-latency-25.cdgp
1704042421963108304,1704042431302802838,500,http://172.169.8.253:31112/function/opt-66b-submod-0-latency-25.cdgp
1704042421963135821,1704042431504174337,500,http://172.169.8.253:31112/function/opt-66b-submod-0-latency-25.cdgp
1704042421963202615,1704042431727121858,500,http://172.169.8.253:31112/function/opt-66b-submod-0-latency-25.cdgp
1704042421963262831,1704042430117865173,200,http://172.169.8.253:31112/function/opt-66b-submod-0-latency-25.cdgp
1704042421963325920,1704042426595346783,200,http://172.169.8.253:31112/function/opt-66b-submod-0-latency-25.cdgp
1704042421963383907,1704042431451982091,500,http://172.169.8.253:31112/function/opt-66b-submod-0-latency-25.cdgp
1704042421963454364,1704042429379662346,200,http://172.169.8.253:31112/function/opt-66b-submod-0-latency-25.cdgp
1704042421963484731,1704042431505723850,500,http://172.169.8.253:31112/function/opt-66b-submod-0-latency-25.cdgp
1704042421963569312,1704042431230323589,500,http://172.169.8.253:31112/function/opt-66b-submod-0-latency-25.cdgp
1704042421963621620,1704042431505034536,500,http://172.169.8.253:31112/function/opt-66b-submod-0-latency-25.cdgp
1704042421963707252,1704042431375386537,500,http://172.169.8.253:31112/function/opt-66b-submod-0-latency-25.cdgp
1704042421963785159,1704042431806994094,500,http://172.169.8.253:31112/function/opt-66b-submod-0-latency-25.cdgp
1704042421963857783,1704042431649216822,500,http://172.169.8.253:31112/function/opt-66b-submod-0-latency-25.cdgp
1704042421963929875,1704042431648121893,500,http://172.169.8.253:31112/function/opt-66b-submod-0-latency-25.cdgp
1704042421964000276,1704042431647110691,500,http://172.169.8.253:31112/function/opt-66b-submod-0-latency-25.cdgp
1704042421964071172,1704042431506181231,500,http://172.169.8.253:31112/function/opt-66b-submod-0-latency-25.cdgp
1704042421964086164,1704042430387633153,200,http://172.169.8.253:31112/function/opt-66b-submod-0-latency-25.cdgp
1704042421964133271,1704042431839163323,500,http://172.169.8.253:31112/function/opt-66b-submod-0-latency-25.cdgp
1704042421964151390,1704042431453142470,500,http://172.169.8.253:31112/function/opt-66b-submod-0-latency-25.cdgp
1704042421964225486,1704042431726608214,500,http://172.169.8.253:31112/function/opt-66b-submod-0-latency-25.cdgp
1704042421964302343,1704042431724843457,500,http://172.169.8.253:31112/function/opt-66b-submod-0-latency-25.cdgp
1704042421964376619,1704042429610180866,200,http://172.169.8.253:31112/function/opt-66b-submod-0-latency-25.cdgp
1704042421964417446,1704042431725568295,500,http://172.169.8.253:31112/function/opt-66b-submod-0-latency-25.cdgp
1704042421964462428,1704042431722570539,500,http://172.169.8.253:31112/function/opt-66b-submod-0-latency-25.cdgp
1704042421964503541,1704042431718057117,500,http://172.169.8.253:31112/function/opt-66b-submod-0-latency-25.cdgp
1704042421964551766,1704042431375077234,500,http://172.169.8.253:31112/function/opt-66b-submod-0-latency-25.cdgp
1704042421964618367,1704042429613920153,200,http://172.169.8.253:31112/function/opt-66b-submod-0-latency-25.cdgp
1704042421964651040,1704042431111659620,500,http://172.169.8.253:31112/function/opt-66b-submod-0-latency-25.cdgp
1704042421964710335,1704042431452781491,500,http://172.169.8.253:31112/function/opt-66b-submod-0-latency-25.cdgp
1704042422022826284,1704042431777496436,500,http://172.169.8.253:31112/function/opt-66b-submod-0-latency-25.cdgp
1704042422022941886,1704042431779717716,500,http://172.169.8.253:31112/function/opt-66b-submod-0-latency-25.cdgp
1704042422023036866,1704042431829363425,500,http://172.169.8.253:31112/function/opt-66b-submod-0-latency-25.cdgp
1704042422023107083,1704042431784643812,500,http://172.169.8.253:31112/function/opt-66b-submod-0-latency-25.cdgp
1704042422023172438,1704042431829648426,500,http://172.169.8.253:31112/function/opt-66b-submod-0-latency-25.cdgp
1704042422023212115,1704042431728358049,500,http://172.169.8.253:31112/function/opt-66b-submod-0-latency-25.cdgp
1704042422023294618,1704042431720528529,500,http://172.169.8.253:31112/function/opt-66b-submod-0-latency-25.cdgp
1704042422029623955,1704042431827867171,500,http://172.169.8.253:31112/function/opt-66b-submod-0-latency-25.cdgp
1704042422029670085,1704042429510901549,200,http://172.169.8.253:31112/function/opt-66b-submod-0-latency-25.cdgp
1704042422029749382,1704042426453301832,200,http://172.169.8.253:31112/function/opt-66b-submod-0-latency-25.cdgp
1704042422034411254,1704042431424295318,500,http://172.169.8.253:31112/function/opt-66b-submod-0-latency-25.cdgp
1704042422034534661,1704042431831635178,500,http://172.169.8.253:31112/function/opt-66b-submod-0-latency-25.cdgp
1704042422034627573,1704042431823591702,500,http://172.169.8.253:31112/function/opt-66b-submod-0-latency-25.cdgp
1704042422034721691,1704042431828241981,500,http://172.169.8.253:31112/function/opt-66b-submod-0-latency-25.cdgp
1704042422034801141,1704042430113408569,200,http://172.169.8.253:31112/function/opt-66b-submod-0-latency-25.cdgp
1704042422034855461,1704042431787051273,500,http://172.169.8.253:31112/function/opt-66b-submod-0-latency-25.cdgp
1704042422034958963,1704042429231816606,200,http://172.169.8.253:31112/function/opt-66b-submod-0-latency-25.cdgp
1704042422035039398,1704042431424246811,500,http://172.169.8.253:31112/function/opt-66b-submod-0-latency-25.cdgp
1704042422035091827,1704042431228114224,500,http://172.169.8.253:31112/function/opt-66b-submod-0-latency-25.cdgp
1704042422035201276,1704042431374892964,500,http://172.169.8.253:31112/function/opt-66b-submod-0-latency-25.cdgp
1704042422035291440,1704042431727587953,500,http://172.169.8.253:31112/function/opt-66b-submod-0-latency-25.cdgp
1704042422035331105,1704042431786626594,500,http://172.169.8.253:31112/function/opt-66b-submod-0-latency-25.cdgp
1704042422567796408,1704042431858661924,500,http://172.169.8.253:31112/function/opt-66b-submod-0-latency-25.cdgp
1704042422567969753,1704042427567924377,200,http://172.169.8.253:31112/function/opt-66b-submod-0-latency-25.cdgp
1704042422568054117,1704042431845899259,500,http://172.169.8.253:31112/function/opt-66b-submod-0-latency-25.cdgp
1704042422568107141,1704042430376805935,200,http://172.169.8.253:31112/function/opt-66b-submod-0-latency-25.cdgp
1704042422568182705,1704042431898751512,500,http://172.169.8.253:31112/function/opt-66b-submod-0-latency-25.cdgp
1704042422568223102,1704042431833666570,500,http://172.169.8.253:31112/function/opt-66b-submod-0-latency-25.cdgp
1704042422568297267,1704042431898054800,500,http://172.169.8.253:31112/function/opt-66b-submod-0-latency-25.cdgp
1704042422568355606,1704042432130742497,500,http://172.169.8.253:31112/function/opt-66b-submod-0-latency-25.cdgp
1704042422580944272,1704042431884613680,500,http://172.169.8.253:31112/function/opt-66b-submod-0-latency-25.cdgp
1704042422580992783,1704042431889055047,500,http://172.169.8.253:31112/function/opt-66b-submod-0-latency-25.cdgp
1704042422581064807,1704042432141010160,500,http://172.169.8.253:31112/function/opt-66b-submod-0-latency-25.cdgp
1704042422581147173,1704042432026696446,500,http://172.169.8.253:31112/function/opt-66b-submod-0-latency-25.cdgp
1704042422581273674,1704042432146334139,500,http://172.169.8.253:31112/function/opt-66b-submod-0-latency-25.cdgp
1704042422581395258,1704042432140601341,500,http://172.169.8.253:31112/function/opt-66b-submod-0-latency-25.cdgp
1704042422581474810,1704042432140397760,500,http://172.169.8.253:31112/function/opt-66b-submod-0-latency-25.cdgp
1704042422581517807,1704042431886059638,500,http://172.169.8.253:31112/function/opt-66b-submod-0-latency-25.cdgp
1704042422581599533,1704042432139691781,500,http://172.169.8.253:31112/function/opt-66b-submod-0-latency-25.cdgp
1704042422581637836,1704042432145241373,500,http://172.169.8.253:31112/function/opt-66b-submod-0-latency-25.cdgp
1704042422581721773,1704042432026526541,500,http://172.169.8.253:31112/function/opt-66b-submod-0-latency-25.cdgp
1704042422581755495,1704042432141600380,500,http://172.169.8.253:31112/function/opt-66b-submod-0-latency-25.cdgp
1704042422581838634,1704042432134659559,500,http://172.169.8.253:31112/function/opt-66b-submod-0-latency-25.cdgp
1704042422581914055,1704042431895792715,500,http://172.169.8.253:31112/function/opt-66b-submod-0-latency-25.cdgp
1704042422581995383,1704042432140931004,500,http://172.169.8.253:31112/function/opt-66b-submod-0-latency-25.cdgp
1704042422582047289,1704042432331894044,500,http://172.169.8.253:31112/function/opt-66b-submod-0-latency-25.cdgp
1704042422613760401,1704042432057507310,500,http://172.169.8.253:31112/function/opt-66b-submod-0-latency-25.cdgp
1704042422613846600,1704042432134767628,500,http://172.169.8.253:31112/function/opt-66b-submod-0-latency-25.cdgp
1704042422615494176,1704042431887593266,500,http://172.169.8.253:31112/function/opt-66b-submod-0-latency-25.cdgp
1704042422615689155,1704042430388076918,200,http://172.169.8.253:31112/function/opt-66b-submod-0-latency-25.cdgp
1704042422615780778,1704042432144104068,500,http://172.169.8.253:31112/function/opt-66b-submod-0-latency-25.cdgp
1704042422615864718,1704042432199349156,500,http://172.169.8.253:31112/function/opt-66b-submod-0-latency-25.cdgp
1704042422615917147,1704042430389098255,200,http://172.169.8.253:31112/function/opt-66b-submod-0-latency-25.cdgp
1704042422788768650,1704042432200327115,500,http://172.169.8.253:31112/function/opt-66b-submod-0-latency-25.cdgp
1704042422788982758,1704042432111536453,500,http://172.169.8.253:31112/function/opt-66b-submod-0-latency-25.cdgp
1704042422789144251,1704042432134929043,500,http://172.169.8.253:31112/function/opt-66b-submod-0-latency-25.cdgp
1704042422789263027,1704042432199598015,500,http://172.169.8.253:31112/function/opt-66b-submod-0-latency-25.cdgp
1704042422789440887,1704042432108546579,500,http://172.169.8.253:31112/function/opt-66b-submod-0-latency-25.cdgp
1704042422789595403,1704042432023458609,500,http://172.169.8.253:31112/function/opt-66b-submod-0-latency-25.cdgp
1704042422789702771,1704042432199940763,500,http://172.169.8.253:31112/function/opt-66b-submod-0-latency-25.cdgp
1704042422852958494,1704042432136594706,500,http://172.169.8.253:31112/function/opt-66b-submod-0-latency-25.cdgp
1704042422853053068,1704042432141136978,500,http://172.169.8.253:31112/function/opt-66b-submod-0-latency-25.cdgp
1704042422868931820,1704042432425185521,500,http://172.169.8.253:31112/function/opt-66b-submod-0-latency-25.cdgp
1704042422869058195,1704042432227344875,500,http://172.169.8.253:31112/function/opt-66b-submod-0-latency-25.cdgp
1704042422869118309,1704042431551982166,200,http://172.169.8.253:31112/function/opt-66b-submod-0-latency-25.cdgp
1704042422869237610,1704042431896636399,500,http://172.169.8.253:31112/function/opt-66b-submod-0-latency-25.cdgp
1704042422869344318,1704042432428768511,500,http://172.169.8.253:31112/function/opt-66b-submod-0-latency-25.cdgp
1704042422869471328,1704042432425584720,500,http://172.169.8.253:31112/function/opt-66b-submod-0-latency-25.cdgp
1704042422869517582,1704042432134540598,500,http://172.169.8.253:31112/function/opt-66b-submod-0-latency-25.cdgp
1704042422869605183,1704042432214492988,500,http://172.169.8.253:31112/function/opt-66b-submod-0-latency-25.cdgp
1704042422869708348,1704042430599359057,200,http://172.169.8.253:31112/function/opt-66b-submod-0-latency-25.cdgp
1704042422869777904,1704042432258284598,500,http://172.169.8.253:31112/function/opt-66b-submod-0-latency-25.cdgp
1704042422869824303,1704042431887256642,500,http://172.169.8.253:31112/function/opt-66b-submod-0-latency-25.cdgp
1704042422869949981,1704042432132008078,500,http://172.169.8.253:31112/function/opt-66b-submod-0-latency-25.cdgp
1704042422870056860,1704042432214003837,500,http://172.169.8.253:31112/function/opt-66b-submod-0-latency-25.cdgp
1704042422870153635,1704042431230804042,200,http://172.169.8.253:31112/function/opt-66b-submod-0-latency-25.cdgp
1704042422870221184,1704042431891723844,500,http://172.169.8.253:31112/function/opt-66b-submod-0-latency-25.cdgp
1704042422870300048,1704042432326815761,500,http://172.169.8.253:31112/function/opt-66b-submod-0-latency-25.cdgp
1704042422870381620,1704042430113398098,200,http://172.169.8.253:31112/function/opt-66b-submod-0-latency-25.cdgp
1704042422870395658,1704042432421450315,500,http://172.169.8.253:31112/function/opt-66b-submod-0-latency-25.cdgp
1704042422870506900,1704042432425461112,500,http://172.169.8.253:31112/function/opt-66b-submod-0-latency-25.cdgp
1704042422870544407,1704042432328349734,500,http://172.169.8.253:31112/function/opt-66b-submod-0-latency-25.cdgp
1704042422870638064,1704042432259560840,500,http://172.169.8.253:31112/function/opt-66b-submod-0-latency-25.cdgp
1704042422870717075,1704042427598200021,200,http://172.169.8.253:31112/function/opt-66b-submod-0-latency-25.cdgp
1704042422951168853,1704042432536198399,500,http://172.169.8.253:31112/function/opt-66b-submod-0-latency-25.cdgp
1704042422951250067,1704042429511435873,200,http://172.169.8.253:31112/function/opt-66b-submod-0-latency-25.cdgp
1704042422951318041,1704042432583828719,500,http://172.169.8.253:31112/function/opt-66b-submod-0-latency-25.cdgp
1704042422951390027,1704042432425652701,500,http://172.169.8.253:31112/function/opt-66b-submod-0-latency-25.cdgp
1704042422951420131,1704042432419364801,500,http://172.169.8.253:31112/function/opt-66b-submod-0-latency-25.cdgp
1704042422951535358,1704042432370828416,500,http://172.169.8.253:31112/function/opt-66b-submod-0-latency-25.cdgp
1704042422951641461,1704042428257657082,200,http://172.169.8.253:31112/function/opt-66b-submod-0-latency-25.cdgp
1704042423129183343,1704042432617805369,500,http://172.169.8.253:31112/function/opt-66b-submod-0-latency-25.cdgp
1704042423129268531,1704042432616750284,500,http://172.169.8.253:31112/function/opt-66b-submod-0-latency-25.cdgp
1704042423129378004,1704042433129760321,500,http://172.169.8.253:31112/function/opt-66b-submod-0-latency-25.cdgp
1704042423129453269,1704042432582979856,500,http://172.169.8.253:31112/function/opt-66b-submod-0-latency-25.cdgp
1704042423129484509,1704042432539142428,500,http://172.169.8.253:31112/function/opt-66b-submod-0-latency-25.cdgp
1704042423129575858,1704042432719175941,500,http://172.169.8.253:31112/function/opt-66b-submod-0-latency-25.cdgp
1704042423129629656,1704042432932275532,500,http://172.169.8.253:31112/function/opt-66b-submod-0-latency-25.cdgp
1704042423129701493,1704042432875550480,500,http://172.169.8.253:31112/function/opt-66b-submod-0-latency-25.cdgp
1704042423129757631,1704042432617108963,500,http://172.169.8.253:31112/function/opt-66b-submod-0-latency-25.cdgp
1704042423129844201,1704042432617529146,500,http://172.169.8.253:31112/function/opt-66b-submod-0-latency-25.cdgp
1704042423129922934,1704042432617225444,500,http://172.169.8.253:31112/function/opt-66b-submod-0-latency-25.cdgp
1704042423131035812,1704042432617262610,500,http://172.169.8.253:31112/function/opt-66b-submod-0-latency-25.cdgp
1704042423131099675,1704042429614771338,200,http://172.169.8.253:31112/function/opt-66b-submod-0-latency-25.cdgp
1704042423131133666,1704042432539550421,500,http://172.169.8.253:31112/function/opt-66b-submod-0-latency-25.cdgp
1704042423131212471,1704042432617248199,500,http://172.169.8.253:31112/function/opt-66b-submod-0-latency-25.cdgp
1704042423131301640,1704042432028467817,500,http://172.169.8.253:31112/function/opt-66b-submod-0-latency-25.cdgp
1704042423131348243,1704042432875700435,500,http://172.169.8.253:31112/function/opt-66b-submod-0-latency-25.cdgp
1704042423131427550,1704042432627011767,500,http://172.169.8.253:31112/function/opt-66b-submod-0-latency-25.cdgp
1704042423131513099,1704042432678742662,500,http://172.169.8.253:31112/function/opt-66b-submod-0-latency-25.cdgp
1704042423131569344,1704042432875653420,500,http://172.169.8.253:31112/function/opt-66b-submod-0-latency-25.cdgp
1704042423161182539,1704042432684238749,500,http://172.169.8.253:31112/function/opt-66b-submod-0-latency-25.cdgp
1704042423161277875,1704042432932324030,500,http://172.169.8.253:31112/function/opt-66b-submod-0-latency-25.cdgp
1704042423161361838,1704042432134673748,500,http://172.169.8.253:31112/function/opt-66b-submod-0-latency-25.cdgp
1704042423161458462,1704042432622692482,500,http://172.169.8.253:31112/function/opt-66b-submod-0-latency-25.cdgp
1704042423161526986,1704042432808703750,500,http://172.169.8.253:31112/function/opt-66b-submod-0-latency-25.cdgp
1704042423161597451,1704042432932413732,500,http://172.169.8.253:31112/function/opt-66b-submod-0-latency-25.cdgp
1704042423161642450,1704042432932130154,500,http://172.169.8.253:31112/function/opt-66b-submod-0-latency-25.cdgp
1704042423161735784,1704042431229720178,200,http://172.169.8.253:31112/function/opt-66b-submod-0-latency-25.cdgp
1704042423161806840,1704042432808542635,500,http://172.169.8.253:31112/function/opt-66b-submod-0-latency-25.cdgp
1704042423161880967,1704042432932258087,500,http://172.169.8.253:31112/function/opt-66b-submod-0-latency-25.cdgp
1704042423161951397,1704042432684053042,500,http://172.169.8.253:31112/function/opt-66b-submod-0-latency-25.cdgp
1704042423162054112,1704042431228075708,200,http://172.169.8.253:31112/function/opt-66b-submod-0-latency-25.cdgp
1704042423162136431,1704042432624010630,500,http://172.169.8.253:31112/function/opt-66b-submod-0-latency-25.cdgp
1704042423722333535,1704042432979349392,500,http://172.169.8.253:31112/function/opt-66b-submod-0-latency-25.cdgp
1704042423730777804,1704042432851365541,500,http://172.169.8.253:31112/function/opt-66b-submod-0-latency-25.cdgp
1704042423730934769,1704042433231371548,500,http://172.169.8.253:31112/function/opt-66b-submod-0-latency-25.cdgp
1704042423732036801,1704042433231404284,500,http://172.169.8.253:31112/function/opt-66b-submod-0-latency-25.cdgp
1704042423767367492,1704042433344177553,500,http://172.169.8.253:31112/function/opt-66b-submod-0-latency-25.cdgp
1704042423767434719,1704042433548492107,500,http://172.169.8.253:31112/function/opt-66b-submod-0-latency-25.cdgp
1704042423767528049,1704042433415143850,500,http://172.169.8.253:31112/function/opt-66b-submod-0-latency-25.cdgp
1704042423767641126,1704042432919396113,500,http://172.169.8.253:31112/function/opt-66b-submod-0-latency-25.cdgp
1704042423767691914,1704042433345745001,500,http://172.169.8.253:31112/function/opt-66b-submod-0-latency-25.cdgp
1704042423767757970,1704042429555534852,200,http://172.169.8.253:31112/function/opt-66b-submod-0-latency-25.cdgp
1704042423767837669,1704042432876541725,500,http://172.169.8.253:31112/function/opt-66b-submod-0-latency-25.cdgp
1704042423767896362,1704042431272571047,200,http://172.169.8.253:31112/function/opt-66b-submod-0-latency-25.cdgp
1704042423767933418,1704042433344438784,500,http://172.169.8.253:31112/function/opt-66b-submod-0-latency-25.cdgp
1704042423768001945,1704042433555360827,500,http://172.169.8.253:31112/function/opt-66b-submod-0-latency-25.cdgp
1704042423768360526,1704042433362439821,500,http://172.169.8.253:31112/function/opt-66b-submod-0-latency-25.cdgp
1704042423768387367,1704042433247390251,500,http://172.169.8.253:31112/function/opt-66b-submod-0-latency-25.cdgp
1704042423768483131,1704042432978768161,500,http://172.169.8.253:31112/function/opt-66b-submod-0-latency-25.cdgp
1704042423768563290,1704042433207538952,500,http://172.169.8.253:31112/function/opt-66b-submod-0-latency-25.cdgp
1704042423768638221,1704042433556764747,500,http://172.169.8.253:31112/function/opt-66b-submod-0-latency-25.cdgp
1704042423768702949,1704042432927606848,500,http://172.169.8.253:31112/function/opt-66b-submod-0-latency-25.cdgp
1704042423768724410,1704042433364705061,500,http://172.169.8.253:31112/function/opt-66b-submod-0-latency-25.cdgp
1704042423768854120,1704042433296639297,500,http://172.169.8.253:31112/function/opt-66b-submod-0-latency-25.cdgp
1704042423768941962,1704042433343121730,500,http://172.169.8.253:31112/function/opt-66b-submod-0-latency-25.cdgp
1704042423769015156,1704042433360394997,500,http://172.169.8.253:31112/function/opt-66b-submod-0-latency-25.cdgp
1704042423769048301,1704042433193861392,500,http://172.169.8.253:31112/function/opt-66b-submod-0-latency-25.cdgp
1704042423769153359,1704042433363984385,500,http://172.169.8.253:31112/function/opt-66b-submod-0-latency-25.cdgp
1704042423769236554,1704042433358284149,500,http://172.169.8.253:31112/function/opt-66b-submod-0-latency-25.cdgp
1704042423769309437,1704042433373602992,500,http://172.169.8.253:31112/function/opt-66b-submod-0-latency-25.cdgp
1704042423769364992,1704042427352404982,200,http://172.169.8.253:31112/function/opt-66b-submod-0-latency-25.cdgp
1704042423769446433,1704042432932133178,500,http://172.169.8.253:31112/function/opt-66b-submod-0-latency-25.cdgp
1704042423769522110,1704042433192609360,500,http://172.169.8.253:31112/function/opt-66b-submod-0-latency-25.cdgp
1704042423769604041,1704042432932371308,500,http://172.169.8.253:31112/function/opt-66b-submod-0-latency-25.cdgp
1704042423769686416,1704042433541893921,500,http://172.169.8.253:31112/function/opt-66b-submod-0-latency-25.cdgp
1704042423769772699,1704042429209457113,200,http://172.169.8.253:31112/function/opt-66b-submod-0-latency-25.cdgp
1704042423769851550,1704042433542706989,500,http://172.169.8.253:31112/function/opt-66b-submod-0-latency-25.cdgp
1704042423769956428,1704042432877042554,500,http://172.169.8.253:31112/function/opt-66b-submod-0-latency-25.cdgp
1704042424248999268,1704042433704347482,500,http://172.169.8.253:31112/function/opt-66b-submod-0-latency-25.cdgp
1704042424249178245,1704042433706429480,500,http://172.169.8.253:31112/function/opt-66b-submod-0-latency-25.cdgp
1704042424249320350,1704042433648883931,500,http://172.169.8.253:31112/function/opt-66b-submod-0-latency-25.cdgp
1704042424249411151,1704042433603496053,500,http://172.169.8.253:31112/function/opt-66b-submod-0-latency-25.cdgp
1704042424249504754,1704042433589096230,500,http://172.169.8.253:31112/function/opt-66b-submod-0-latency-25.cdgp
1704042424249528747,1704042433560959593,500,http://172.169.8.253:31112/function/opt-66b-submod-0-latency-25.cdgp
1704042424249637221,1704042433335227219,500,http://172.169.8.253:31112/function/opt-66b-submod-0-latency-25.cdgp
1704042424249788047,1704042433592231361,500,http://172.169.8.253:31112/function/opt-66b-submod-0-latency-25.cdgp
1704042424249887719,1704042433590459970,500,http://172.169.8.253:31112/function/opt-66b-submod-0-latency-25.cdgp
1704042425405024631,1704042435314048952,500,http://172.169.8.253:31112/function/opt-66b-submod-0-latency-25.cdgp
1704042425405110075,1704042431518060054,200,http://172.169.8.253:31112/function/opt-66b-submod-0-latency-25.cdgp
1704042425405199186,1704042435275476256,500,http://172.169.8.253:31112/function/opt-66b-submod-0-latency-25.cdgp
1704042425405277742,1704042435359343924,500,http://172.169.8.253:31112/function/opt-66b-submod-0-latency-25.cdgp
1704042425405350565,1704042435267416405,500,http://172.169.8.253:31112/function/opt-66b-submod-0-latency-25.cdgp
1704042425405415089,1704042435279280032,500,http://172.169.8.253:31112/function/opt-66b-submod-0-latency-25.cdgp
1704042425405477673,1704042435275501496,500,http://172.169.8.253:31112/function/opt-66b-submod-0-latency-25.cdgp
1704042425405557471,1704042435315167966,500,http://172.169.8.253:31112/function/opt-66b-submod-0-latency-25.cdgp
1704042425405640277,1704042435318880985,500,http://172.169.8.253:31112/function/opt-66b-submod-0-latency-25.cdgp
1704042425405734150,1704042435315205950,500,http://172.169.8.253:31112/function/opt-66b-submod-0-latency-25.cdgp
1704042425405824445,1704042430389389099,200,http://172.169.8.253:31112/function/opt-66b-submod-0-latency-25.cdgp
1704042425408217023,1704042435237710251,500,http://172.169.8.253:31112/function/opt-66b-submod-0-latency-25.cdgp
1704042425408300179,1704042434180724995,500,http://172.169.8.253:31112/function/opt-66b-submod-0-latency-25.cdgp
1704042425408380644,1704042435233557805,200,http://172.169.8.253:31112/function/opt-66b-submod-0-latency-25.cdgp
1704042425410825020,1704042432027679560,200,http://172.169.8.253:31112/function/opt-66b-submod-0-latency-25.cdgp
1704042425410986324,1704042435314128831,500,http://172.169.8.253:31112/function/opt-66b-submod-0-latency-25.cdgp
1704042425411077497,1704042435315187287,500,http://172.169.8.253:31112/function/opt-66b-submod-0-latency-25.cdgp
1704042425411175629,1704042435238121019,500,http://172.169.8.253:31112/function/opt-66b-submod-0-latency-25.cdgp
1704042425411252231,1704042435237864876,500,http://172.169.8.253:31112/function/opt-66b-submod-0-latency-25.cdgp
1704042425411386400,1704042435239101844,500,http://172.169.8.253:31112/function/opt-66b-submod-0-latency-25.cdgp
1704042425411459514,1704042430906096641,200,http://172.169.8.253:31112/function/opt-66b-submod-0-latency-25.cdgp
1704042425411539233,1704042433682444196,500,http://172.169.8.253:31112/function/opt-66b-submod-0-latency-25.cdgp
1704042425411612493,1704042429382487382,200,http://172.169.8.253:31112/function/opt-66b-submod-0-latency-25.cdgp
1704042425411701268,1704042435237989153,500,http://172.169.8.253:31112/function/opt-66b-submod-0-latency-25.cdgp
1704042425411793071,1704042435234090384,500,http://172.169.8.253:31112/function/opt-66b-submod-0-latency-25.cdgp
1704042425411895790,1704042431438311389,200,http://172.169.8.253:31112/function/opt-66b-submod-0-latency-25.cdgp
1704042425411959788,1704042435314513255,500,http://172.169.8.253:31112/function/opt-66b-submod-0-latency-25.cdgp
1704042425412045546,1704042434540783847,200,http://172.169.8.253:31112/function/opt-66b-submod-0-latency-25.cdgp
1704042425412128784,1704042434154279359,500,http://172.169.8.253:31112/function/opt-66b-submod-0-latency-25.cdgp
1704042425412210676,1704042435388464535,500,http://172.169.8.253:31112/function/opt-66b-submod-0-latency-25.cdgp
1704042425412279673,1704042434154616510,500,http://172.169.8.253:31112/function/opt-66b-submod-0-latency-25.cdgp
1704042425412337306,1704042435319180243,500,http://172.169.8.253:31112/function/opt-66b-submod-0-latency-25.cdgp
1704042425412418752,1704042435315619000,500,http://172.169.8.253:31112/function/opt-66b-submod-0-latency-25.cdgp
1704042425412491961,1704042429380872352,200,http://172.169.8.253:31112/function/opt-66b-submod-0-latency-25.cdgp
1704042425412589491,1704042435314628556,500,http://172.169.8.253:31112/function/opt-66b-submod-0-latency-25.cdgp
1704042425412651618,1704042435314494742,500,http://172.169.8.253:31112/function/opt-66b-submod-0-latency-25.cdgp
1704042425412766033,1704042435242703293,500,http://172.169.8.253:31112/function/opt-66b-submod-0-latency-25.cdgp
1704042425412870754,1704042435312323605,500,http://172.169.8.253:31112/function/opt-66b-submod-0-latency-25.cdgp
1704042425412956608,1704042435315090297,500,http://172.169.8.253:31112/function/opt-66b-submod-0-latency-25.cdgp
1704042425413051258,1704042435315601885,500,http://172.169.8.253:31112/function/opt-66b-submod-0-latency-25.cdgp
1704042425413152574,1704042435314147961,500,http://172.169.8.253:31112/function/opt-66b-submod-0-latency-25.cdgp
1704042425413229460,1704042431505063948,200,http://172.169.8.253:31112/function/opt-66b-submod-0-latency-25.cdgp
1704042425413292754,1704042435315494896,500,http://172.169.8.253:31112/function/opt-66b-submod-0-latency-25.cdgp
1704042425413389676,1704042434180967714,500,http://172.169.8.253:31112/function/opt-66b-submod-0-latency-25.cdgp
1704042425413471455,1704042435319875466,500,http://172.169.8.253:31112/function/opt-66b-submod-0-latency-25.cdgp
1704042425413546477,1704042435316091224,500,http://172.169.8.253:31112/function/opt-66b-submod-0-latency-25.cdgp
1704042425413626459,1704042427641534056,200,http://172.169.8.253:31112/function/opt-66b-submod-0-latency-25.cdgp
1704042425522705810,1704042435524113099,500,http://172.169.8.253:31112/function/opt-66b-submod-0-latency-25.cdgp
1704042425522821556,1704042435523731301,500,http://172.169.8.253:31112/function/opt-66b-submod-0-latency-25.cdgp
1704042425522893823,1704042434187665615,500,http://172.169.8.253:31112/function/opt-66b-submod-0-latency-25.cdgp
1704042425522960833,1704042435524120311,500,http://172.169.8.253:31112/function/opt-66b-submod-0-latency-25.cdgp
1704042425522983413,1704042429243525237,200,http://172.169.8.253:31112/function/opt-66b-submod-0-latency-25.cdgp
1704042425523087016,1704042435524088766,500,http://172.169.8.253:31112/function/opt-66b-submod-0-latency-25.cdgp
1704042425523134675,1704042435524098916,500,http://172.169.8.253:31112/function/opt-66b-submod-0-latency-25.cdgp
1704042425523233593,1704042435523717535,500,http://172.169.8.253:31112/function/opt-66b-submod-0-latency-25.cdgp
1704042425523300569,1704042435523751778,500,http://172.169.8.253:31112/function/opt-66b-submod-0-latency-25.cdgp
1704042425545781928,1704042435547485614,500,http://172.169.8.253:31112/function/opt-66b-submod-0-latency-25.cdgp
1704042425545877734,1704042435547559878,500,http://172.169.8.253:31112/function/opt-66b-submod-0-latency-25.cdgp
1704042425545950675,1704042435547281093,500,http://172.169.8.253:31112/function/opt-66b-submod-0-latency-25.cdgp
1704042425546033511,1704042435547458769,500,http://172.169.8.253:31112/function/opt-66b-submod-0-latency-25.cdgp
1704042425546468319,1704042428277386341,200,http://172.169.8.253:31112/function/opt-66b-submod-0-latency-25.cdgp
1704042425546582757,1704042435547571761,500,http://172.169.8.253:31112/function/opt-66b-submod-0-latency-25.cdgp
1704042425546665443,1704042435547503207,500,http://172.169.8.253:31112/function/opt-66b-submod-0-latency-25.cdgp
1704042425546691294,1704042435547893643,500,http://172.169.8.253:31112/function/opt-66b-submod-0-latency-25.cdgp
1704042425546765388,1704042435547910769,500,http://172.169.8.253:31112/function/opt-66b-submod-0-latency-25.cdgp
1704042425546868904,1704042435547772219,500,http://172.169.8.253:31112/function/opt-66b-submod-0-latency-25.cdgp
1704042425546949443,1704042431561836943,200,http://172.169.8.253:31112/function/opt-66b-submod-0-latency-25.cdgp
1704042425547024736,1704042435547267941,500,http://172.169.8.253:31112/function/opt-66b-submod-0-latency-25.cdgp
1704042425547105190,1704042435547920023,500,http://172.169.8.253:31112/function/opt-66b-submod-0-latency-25.cdgp
1704042425547178302,1704042435547774995,500,http://172.169.8.253:31112/function/opt-66b-submod-0-latency-25.cdgp
1704042425547287073,1704042429200549722,200,http://172.169.8.253:31112/function/opt-66b-submod-0-latency-25.cdgp
1704042425547373454,1704042435547905468,500,http://172.169.8.253:31112/function/opt-66b-submod-0-latency-25.cdgp
1704042425547457264,1704042435547923654,500,http://172.169.8.253:31112/function/opt-66b-submod-0-latency-25.cdgp
1704042425547546500,1704042431636612158,200,http://172.169.8.253:31112/function/opt-66b-submod-0-latency-25.cdgp
1704042425547632012,1704042434540978538,500,http://172.169.8.253:31112/function/opt-66b-submod-0-latency-25.cdgp
1704042425547715677,1704042435548277542,500,http://172.169.8.253:31112/function/opt-66b-submod-0-latency-25.cdgp
1704042425547799097,1704042435548437747,500,http://172.169.8.253:31112/function/opt-66b-submod-0-latency-25.cdgp
1704042425547889304,1704042435548260878,500,http://172.169.8.253:31112/function/opt-66b-submod-0-latency-25.cdgp
1704042425547954877,1704042435548264510,500,http://172.169.8.253:31112/function/opt-66b-submod-0-latency-25.cdgp
1704042425548021865,1704042435548506376,500,http://172.169.8.253:31112/function/opt-66b-submod-0-latency-25.cdgp
1704042425548111588,1704042435548487040,500,http://172.169.8.253:31112/function/opt-66b-submod-0-latency-25.cdgp
1704042425548190802,1704042435548560711,500,http://172.169.8.253:31112/function/opt-66b-submod-0-latency-25.cdgp
1704042425548270518,1704042435548552244,500,http://172.169.8.253:31112/function/opt-66b-submod-0-latency-25.cdgp
1704042425548345643,1704042435548458922,500,http://172.169.8.253:31112/function/opt-66b-submod-0-latency-25.cdgp
1704042425548433235,1704042435548670336,500,http://172.169.8.253:31112/function/opt-66b-submod-0-latency-25.cdgp
1704042425548514113,1704042428140411043,200,http://172.169.8.253:31112/function/opt-66b-submod-0-latency-25.cdgp
1704042425548541629,1704042435548676677,500,http://172.169.8.253:31112/function/opt-66b-submod-0-latency-25.cdgp
1704042425548601051,1704042430882510372,200,http://172.169.8.253:31112/function/opt-66b-submod-0-latency-25.cdgp
1704042425548638103,1704042435548936328,500,http://172.169.8.253:31112/function/opt-66b-submod-0-latency-25.cdgp
1704042425548708914,1704042435548942232,500,http://172.169.8.253:31112/function/opt-66b-submod-0-latency-25.cdgp
1704042425548781466,1704042435548924985,500,http://172.169.8.253:31112/function/opt-66b-submod-0-latency-25.cdgp
1704042425548830194,1704042435549265689,500,http://172.169.8.253:31112/function/opt-66b-submod-0-latency-25.cdgp
1704042425548921255,1704042435549413708,500,http://172.169.8.253:31112/function/opt-66b-submod-0-latency-25.cdgp
1704042425548965346,1704042435549350127,500,http://172.169.8.253:31112/function/opt-66b-submod-0-latency-25.cdgp
1704042425549037180,1704042435549499813,500,http://172.169.8.253:31112/function/opt-66b-submod-0-latency-25.cdgp
1704042425549111087,1704042435549336618,500,http://172.169.8.253:31112/function/opt-66b-submod-0-latency-25.cdgp
1704042425549142271,1704042435549478551,500,http://172.169.8.253:31112/function/opt-66b-submod-0-latency-25.cdgp
1704042425549226304,1704042435549348050,500,http://172.169.8.253:31112/function/opt-66b-submod-0-latency-25.cdgp
1704042425550995884,1704042435551683239,500,http://172.169.8.253:31112/function/opt-66b-submod-0-latency-25.cdgp
1704042425554520286,1704042435555059803,500,http://172.169.8.253:31112/function/opt-66b-submod-0-latency-25.cdgp
1704042425554606799,1704042435555073458,500,http://172.169.8.253:31112/function/opt-66b-submod-0-latency-25.cdgp
1704042425678920341,1704042435679767464,500,http://172.169.8.253:31112/function/opt-66b-submod-0-latency-25.cdgp
1704042425679003258,1704042435568714625,500,http://172.169.8.253:31112/function/opt-66b-submod-0-latency-25.cdgp
1704042425801671610,1704042435651103801,500,http://172.169.8.253:31112/function/opt-66b-submod-0-latency-25.cdgp
1704042425801778209,1704042430136238496,200,http://172.169.8.253:31112/function/opt-66b-submod-0-latency-25.cdgp
1704042425801851895,1704042435234690177,500,http://172.169.8.253:31112/function/opt-66b-submod-0-latency-25.cdgp
1704042425801927342,1704042435772778498,500,http://172.169.8.253:31112/function/opt-66b-submod-0-latency-25.cdgp
1704042425802099680,1704042435802552604,500,http://172.169.8.253:31112/function/opt-66b-submod-0-latency-25.cdgp
1704042425802184384,1704042431604081970,200,http://172.169.8.253:31112/function/opt-66b-submod-0-latency-25.cdgp
1704042425802274244,1704042435650164506,500,http://172.169.8.253:31112/function/opt-66b-submod-0-latency-25.cdgp
1704042425802344515,1704042435802564718,500,http://172.169.8.253:31112/function/opt-66b-submod-0-latency-25.cdgp
1704042425802370588,1704042435773096983,500,http://172.169.8.253:31112/function/opt-66b-submod-0-latency-25.cdgp
1704042425802447412,1704042435559630188,500,http://172.169.8.253:31112/function/opt-66b-submod-0-latency-25.cdgp
1704042425802528735,1704042435802742038,500,http://172.169.8.253:31112/function/opt-66b-submod-0-latency-25.cdgp
1704042425802596353,1704042430805050559,200,http://172.169.8.253:31112/function/opt-66b-submod-0-latency-25.cdgp
1704042425802657287,1704042435234406604,500,http://172.169.8.253:31112/function/opt-66b-submod-0-latency-25.cdgp
1704042425802685574,1704042435568801453,500,http://172.169.8.253:31112/function/opt-66b-submod-0-latency-25.cdgp
1704042425802757426,1704042435803695032,500,http://172.169.8.253:31112/function/opt-66b-submod-0-latency-25.cdgp
1704042425802832006,1704042435651729370,500,http://172.169.8.253:31112/function/opt-66b-submod-0-latency-25.cdgp
1704042425802924281,1704042435650652025,500,http://172.169.8.253:31112/function/opt-66b-submod-0-latency-25.cdgp
1704042425802960617,1704042435568825098,500,http://172.169.8.253:31112/function/opt-66b-submod-0-latency-25.cdgp
1704042425803079320,1704042435663352114,500,http://172.169.8.253:31112/function/opt-66b-submod-0-latency-25.cdgp
1704042425803797299,1704042435569084115,500,http://172.169.8.253:31112/function/opt-66b-submod-0-latency-25.cdgp
1704042425803865788,1704042435652969894,500,http://172.169.8.253:31112/function/opt-66b-submod-0-latency-25.cdgp
1704042425803878774,1704042435772760219,500,http://172.169.8.253:31112/function/opt-66b-submod-0-latency-25.cdgp
1704042425803957845,1704042435773211235,500,http://172.169.8.253:31112/function/opt-66b-submod-0-latency-25.cdgp
1704042425804050336,1704042435693308732,500,http://172.169.8.253:31112/function/opt-66b-submod-0-latency-25.cdgp
1704042425804078672,1704042435804784269,500,http://172.169.8.253:31112/function/opt-66b-submod-0-latency-25.cdgp
1704042425919253844,1704042435789108693,500,http://172.169.8.253:31112/function/opt-66b-submod-0-latency-25.cdgp
1704042425919350173,1704042435775748922,500,http://172.169.8.253:31112/function/opt-66b-submod-0-latency-25.cdgp
1704042425919505581,1704042435683695497,500,http://172.169.8.253:31112/function/opt-66b-submod-0-latency-25.cdgp
1704042425919570655,1704042435723694873,500,http://172.169.8.253:31112/function/opt-66b-submod-0-latency-25.cdgp
1704042425919592792,1704042431562009372,200,http://172.169.8.253:31112/function/opt-66b-submod-0-latency-25.cdgp
1704042425919652512,1704042435775429618,500,http://172.169.8.253:31112/function/opt-66b-submod-0-latency-25.cdgp
1704042425919667092,1704042435920863950,500,http://172.169.8.253:31112/function/opt-66b-submod-0-latency-25.cdgp
1704042426646011690,1704042433671346152,200,http://172.169.8.253:31112/function/opt-66b-submod-0-latency-25.cdgp
1704042426646125578,1704042436199340098,500,http://172.169.8.253:31112/function/opt-66b-submod-0-latency-25.cdgp
1704042426646266661,1704042436154712494,500,http://172.169.8.253:31112/function/opt-66b-submod-0-latency-25.cdgp
1704042426648539112,1704042436411436865,500,http://172.169.8.253:31112/function/opt-66b-submod-0-latency-25.cdgp
1704042426648626138,1704042430136350903,200,http://172.169.8.253:31112/function/opt-66b-submod-0-latency-25.cdgp
1704042426648713556,1704042436159706970,500,http://172.169.8.253:31112/function/opt-66b-submod-0-latency-25.cdgp
1704042426648832970,1704042436387745111,500,http://172.169.8.253:31112/function/opt-66b-submod-0-latency-25.cdgp
1704042426648891956,1704042436159955451,500,http://172.169.8.253:31112/function/opt-66b-submod-0-latency-25.cdgp
1704042426648965583,1704042436156873130,500,http://172.169.8.253:31112/function/opt-66b-submod-0-latency-25.cdgp
1704042426649045808,1704042436154251098,500,http://172.169.8.253:31112/function/opt-66b-submod-0-latency-25.cdgp
1704042426649110961,1704042436393009552,500,http://172.169.8.253:31112/function/opt-66b-submod-0-latency-25.cdgp
1704042426649175009,1704042436152008217,500,http://172.169.8.253:31112/function/opt-66b-submod-0-latency-25.cdgp
1704042426649212699,1704042436153796422,500,http://172.169.8.253:31112/function/opt-66b-submod-0-latency-25.cdgp
1704042426649290300,1704042436392270774,500,http://172.169.8.253:31112/function/opt-66b-submod-0-latency-25.cdgp
1704042426649379326,1704042436391491328,500,http://172.169.8.253:31112/function/opt-66b-submod-0-latency-25.cdgp
1704042426649422009,1704042435234546904,200,http://172.169.8.253:31112/function/opt-66b-submod-0-latency-25.cdgp
1704042426649504470,1704042436164906359,500,http://172.169.8.253:31112/function/opt-66b-submod-0-latency-25.cdgp
1704042426649612693,1704042436373276490,500,http://172.169.8.253:31112/function/opt-66b-submod-0-latency-25.cdgp
1704042426649677932,1704042432977463076,200,http://172.169.8.253:31112/function/opt-66b-submod-0-latency-25.cdgp
1704042426649718187,1704042436393397298,500,http://172.169.8.253:31112/function/opt-66b-submod-0-latency-25.cdgp
1704042427030744319,1704042436682362818,500,http://172.169.8.253:31112/function/opt-66b-submod-0-latency-25.cdgp
1704042427030935953,1704042431809852782,200,http://172.169.8.253:31112/function/opt-66b-submod-0-latency-25.cdgp
1704042427031023776,1704042431558347710,200,http://172.169.8.253:31112/function/opt-66b-submod-0-latency-25.cdgp
1704042427031073875,1704042436156590485,500,http://172.169.8.253:31112/function/opt-66b-submod-0-latency-25.cdgp
1704042427031154788,1704042436151848684,500,http://172.169.8.253:31112/function/opt-66b-submod-0-latency-25.cdgp
1704042427031380792,1704042429601452928,200,http://172.169.8.253:31112/function/opt-66b-submod-0-latency-25.cdgp
1704042427746465940,1704042437085526362,500,http://172.169.8.253:31112/function/opt-66b-submod-0-latency-25.cdgp
1704042427746570015,1704042436877886539,500,http://172.169.8.253:31112/function/opt-66b-submod-0-latency-25.cdgp
1704042427746690303,1704042436803789730,500,http://172.169.8.253:31112/function/opt-66b-submod-0-latency-25.cdgp
1704042427746766745,1704042430155174200,200,http://172.169.8.253:31112/function/opt-66b-submod-0-latency-25.cdgp
1704042427746859312,1704042436762016826,500,http://172.169.8.253:31112/function/opt-66b-submod-0-latency-25.cdgp
1704042427746954729,1704042437111291530,500,http://172.169.8.253:31112/function/opt-66b-submod-0-latency-25.cdgp
1704042427747031746,1704042433747237431,200,http://172.169.8.253:31112/function/opt-66b-submod-0-latency-25.cdgp
1704042427747091057,1704042436645126108,200,http://172.169.8.253:31112/function/opt-66b-submod-0-latency-25.cdgp
1704042427747154335,1704042437071639746,500,http://172.169.8.253:31112/function/opt-66b-submod-0-latency-25.cdgp
1704042428305752735,1704042438181108983,500,http://172.169.8.253:31112/function/opt-66b-submod-0-latency-25.cdgp
1704042428305907314,1704042437615330986,500,http://172.169.8.253:31112/function/opt-66b-submod-0-latency-25.cdgp
1704042428305996176,1704042438306297468,500,http://172.169.8.253:31112/function/opt-66b-submod-0-latency-25.cdgp
1704042428306059167,1704042437634326225,500,http://172.169.8.253:31112/function/opt-66b-submod-0-latency-25.cdgp
1704042428306129650,1704042437615526145,500,http://172.169.8.253:31112/function/opt-66b-submod-0-latency-25.cdgp
1704042428306202664,1704042438296938040,500,http://172.169.8.253:31112/function/opt-66b-submod-0-latency-25.cdgp
1704042428306283178,1704042438306441101,500,http://172.169.8.253:31112/function/opt-66b-submod-0-latency-25.cdgp
1704042428306347230,1704042436151093756,200,http://172.169.8.253:31112/function/opt-66b-submod-0-latency-25.cdgp
1704042428306422549,1704042438306625916,500,http://172.169.8.253:31112/function/opt-66b-submod-0-latency-25.cdgp
1704042428306593993,1704042438261719480,500,http://172.169.8.253:31112/function/opt-66b-submod-0-latency-25.cdgp
1704042428306657667,1704042436188736185,200,http://172.169.8.253:31112/function/opt-66b-submod-0-latency-25.cdgp
1704042428306711091,1704042438307635901,500,http://172.169.8.253:31112/function/opt-66b-submod-0-latency-25.cdgp
1704042428306805913,1704042431505080979,200,http://172.169.8.253:31112/function/opt-66b-submod-0-latency-25.cdgp
1704042428306869536,1704042438307750066,500,http://172.169.8.253:31112/function/opt-66b-submod-0-latency-25.cdgp
1704042428306895570,1704042438307785497,500,http://172.169.8.253:31112/function/opt-66b-submod-0-latency-25.cdgp
1704042428306991167,1704042437531408478,500,http://172.169.8.253:31112/function/opt-66b-submod-0-latency-25.cdgp
1704042428307068159,1704042436649948040,200,http://172.169.8.253:31112/function/opt-66b-submod-0-latency-25.cdgp
1704042428307142047,1704042438307763641,500,http://172.169.8.253:31112/function/opt-66b-submod-0-latency-25.cdgp
1704042428307213324,1704042438307654693,500,http://172.169.8.253:31112/function/opt-66b-submod-0-latency-25.cdgp
1704042428307278502,1704042438134265185,500,http://172.169.8.253:31112/function/opt-66b-submod-0-latency-25.cdgp
1704042428307338266,1704042436647033112,200,http://172.169.8.253:31112/function/opt-66b-submod-0-latency-25.cdgp
1704042428307414667,1704042438257850750,500,http://172.169.8.253:31112/function/opt-66b-submod-0-latency-25.cdgp
1704042428307498161,1704042438307762558,500,http://172.169.8.253:31112/function/opt-66b-submod-0-latency-25.cdgp
1704042428307559826,1704042437800798491,500,http://172.169.8.253:31112/function/opt-66b-submod-0-latency-25.cdgp
1704042428307606371,1704042436381635857,200,http://172.169.8.253:31112/function/opt-66b-submod-0-latency-25.cdgp
1704042428307666677,1704042438307853202,500,http://172.169.8.253:31112/function/opt-66b-submod-0-latency-25.cdgp
1704042428307742814,1704042436649603942,200,http://172.169.8.253:31112/function/opt-66b-submod-0-latency-25.cdgp
1704042428307792504,1704042438307952253,500,http://172.169.8.253:31112/function/opt-66b-submod-0-latency-25.cdgp
1704042428307852736,1704042438308054376,500,http://172.169.8.253:31112/function/opt-66b-submod-0-latency-25.cdgp
1704042428307947402,1704042438308062976,500,http://172.169.8.253:31112/function/opt-66b-submod-0-latency-25.cdgp
1704042428307978093,1704042432623234835,200,http://172.169.8.253:31112/function/opt-66b-submod-0-latency-25.cdgp
1704042428308058841,1704042436372742557,200,http://172.169.8.253:31112/function/opt-66b-submod-0-latency-25.cdgp
1704042428308151105,1704042438308888416,500,http://172.169.8.253:31112/function/opt-66b-submod-0-latency-25.cdgp
1704042428308179180,1704042438240237635,500,http://172.169.8.253:31112/function/opt-66b-submod-0-latency-25.cdgp
1704042428308247475,1704042436370901749,200,http://172.169.8.253:31112/function/opt-66b-submod-0-latency-25.cdgp
1704042428308335449,1704042438176592649,500,http://172.169.8.253:31112/function/opt-66b-submod-0-latency-25.cdgp
1704042428308408024,1704042438308931653,500,http://172.169.8.253:31112/function/opt-66b-submod-0-latency-25.cdgp
1704042428308458401,1704042432684258428,200,http://172.169.8.253:31112/function/opt-66b-submod-0-latency-25.cdgp
1704042428308531917,1704042438308919011,500,http://172.169.8.253:31112/function/opt-66b-submod-0-latency-25.cdgp
1704042428308590098,1704042438296252883,500,http://172.169.8.253:31112/function/opt-66b-submod-0-latency-25.cdgp
1704042428308634569,1704042438308901146,500,http://172.169.8.253:31112/function/opt-66b-submod-0-latency-25.cdgp
1704042428308715881,1704042438262934185,500,http://172.169.8.253:31112/function/opt-66b-submod-0-latency-25.cdgp
1704042428308796860,1704042436489924226,200,http://172.169.8.253:31112/function/opt-66b-submod-0-latency-25.cdgp
1704042428308843540,1704042436491442881,200,http://172.169.8.253:31112/function/opt-66b-submod-0-latency-25.cdgp
1704042428308925852,1704042431501070459,200,http://172.169.8.253:31112/function/opt-66b-submod-0-latency-25.cdgp
1704042428309003758,1704042432623020899,200,http://172.169.8.253:31112/function/opt-66b-submod-0-latency-25.cdgp
1704042428309071588,1704042436383159312,200,http://172.169.8.253:31112/function/opt-66b-submod-0-latency-25.cdgp
1704042428310394557,1704042431656971500,200,http://172.169.8.253:31112/function/opt-66b-submod-0-latency-25.cdgp
1704042428310448758,1704042438296319259,500,http://172.169.8.253:31112/function/opt-66b-submod-0-latency-25.cdgp
1704042428310527930,1704042438310984722,500,http://172.169.8.253:31112/function/opt-66b-submod-0-latency-25.cdgp
1704042428310565005,1704042438311111052,500,http://172.169.8.253:31112/function/opt-66b-submod-0-latency-25.cdgp
1704042428310655094,1704042436644553092,200,http://172.169.8.253:31112/function/opt-66b-submod-0-latency-25.cdgp
1704042428314102224,1704042438314308894,500,http://172.169.8.253:31112/function/opt-66b-submod-0-latency-25.cdgp
1704042428314199447,1704042438314488097,500,http://172.169.8.253:31112/function/opt-66b-submod-0-latency-25.cdgp
1704042428314271672,1704042438134424428,500,http://172.169.8.253:31112/function/opt-66b-submod-0-latency-25.cdgp
1704042428314347057,1704042438314503377,500,http://172.169.8.253:31112/function/opt-66b-submod-0-latency-25.cdgp
1704042428314425850,1704042438314634041,500,http://172.169.8.253:31112/function/opt-66b-submod-0-latency-25.cdgp
1704042428314532103,1704042438314955710,500,http://172.169.8.253:31112/function/opt-66b-submod-0-latency-25.cdgp
1704042428314595988,1704042438314750920,500,http://172.169.8.253:31112/function/opt-66b-submod-0-latency-25.cdgp
1704042428314656955,1704042438315061629,500,http://172.169.8.253:31112/function/opt-66b-submod-0-latency-25.cdgp
1704042428314705794,1704042438314958049,500,http://172.169.8.253:31112/function/opt-66b-submod-0-latency-25.cdgp
1704042428314750835,1704042438315076499,500,http://172.169.8.253:31112/function/opt-66b-submod-0-latency-25.cdgp
1704042428314830348,1704042437294278951,200,http://172.169.8.253:31112/function/opt-66b-submod-0-latency-25.cdgp
1704042428314902236,1704042438134552240,500,http://172.169.8.253:31112/function/opt-66b-submod-0-latency-25.cdgp
1704042428314938130,1704042438315088462,500,http://172.169.8.253:31112/function/opt-66b-submod-0-latency-25.cdgp
1704042428315027218,1704042432130808793,200,http://172.169.8.253:31112/function/opt-66b-submod-0-latency-25.cdgp
1704042428315094183,1704042432875577752,200,http://172.169.8.253:31112/function/opt-66b-submod-0-latency-25.cdgp
1704042428315143307,1704042438258532962,500,http://172.169.8.253:31112/function/opt-66b-submod-0-latency-25.cdgp
1704042428315194843,1704042438315500550,500,http://172.169.8.253:31112/function/opt-66b-submod-0-latency-25.cdgp
1704042428315241764,1704042437531523961,500,http://172.169.8.253:31112/function/opt-66b-submod-0-latency-25.cdgp
1704042428315276394,1704042436649465106,200,http://172.169.8.253:31112/function/opt-66b-submod-0-latency-25.cdgp
1704042428315376518,1704042438258789798,500,http://172.169.8.253:31112/function/opt-66b-submod-0-latency-25.cdgp
1704042428315408508,1704042438315615911,500,http://172.169.8.253:31112/function/opt-66b-submod-0-latency-25.cdgp
1704042428315492485,1704042438315637517,500,http://172.169.8.253:31112/function/opt-66b-submod-0-latency-25.cdgp
1704042428315570933,1704042438315723097,500,http://172.169.8.253:31112/function/opt-66b-submod-0-latency-25.cdgp
1704042428321407048,1704042438321858316,500,http://172.169.8.253:31112/function/opt-66b-submod-0-latency-25.cdgp
1704042428552266869,1704042437308386630,200,http://172.169.8.253:31112/function/opt-66b-submod-0-latency-25.cdgp
1704042428552354716,1704042438454470820,500,http://172.169.8.253:31112/function/opt-66b-submod-0-latency-25.cdgp
1704042428554155794,1704042438498636610,500,http://172.169.8.253:31112/function/opt-66b-submod-0-latency-25.cdgp
1704042428565296340,1704042438209963722,500,http://172.169.8.253:31112/function/opt-66b-submod-0-latency-25.cdgp
1704042428565358431,1704042438504868315,500,http://172.169.8.253:31112/function/opt-66b-submod-0-latency-25.cdgp
1704042428565407029,1704042431892867511,200,http://172.169.8.253:31112/function/opt-66b-submod-0-latency-25.cdgp
1704042428565477142,1704042438456479115,500,http://172.169.8.253:31112/function/opt-66b-submod-0-latency-25.cdgp
1704042428565500917,1704042438297098145,500,http://172.169.8.253:31112/function/opt-66b-submod-0-latency-25.cdgp
1704042428620287055,1704042438505721299,500,http://172.169.8.253:31112/function/opt-66b-submod-0-latency-25.cdgp
1704042428620414652,1704042438511860100,500,http://172.169.8.253:31112/function/opt-66b-submod-0-latency-25.cdgp
1704042428620515322,1704042438504678633,500,http://172.169.8.253:31112/function/opt-66b-submod-0-latency-25.cdgp
1704042428620583985,1704042431634124140,200,http://172.169.8.253:31112/function/opt-66b-submod-0-latency-25.cdgp
1704042428652104362,1704042438296321481,500,http://172.169.8.253:31112/function/opt-66b-submod-0-latency-25.cdgp
1704042428652182376,1704042437308099748,200,http://172.169.8.253:31112/function/opt-66b-submod-0-latency-25.cdgp
1704042428652274930,1704042438505606580,500,http://172.169.8.253:31112/function/opt-66b-submod-0-latency-25.cdgp
1704042428652345858,1704042438507987895,500,http://172.169.8.253:31112/function/opt-66b-submod-0-latency-25.cdgp
1704042428669163489,1704042438501878223,500,http://172.169.8.253:31112/function/opt-66b-submod-0-latency-25.cdgp
1704042428669205906,1704042438507515745,500,http://172.169.8.253:31112/function/opt-66b-submod-0-latency-25.cdgp
1704042428669296690,1704042438211215747,500,http://172.169.8.253:31112/function/opt-66b-submod-0-latency-25.cdgp
1704042428669613331,1704042438670909610,500,http://172.169.8.253:31112/function/opt-66b-submod-0-latency-25.cdgp
1704042428669685202,1704042438508501692,500,http://172.169.8.253:31112/function/opt-66b-submod-0-latency-25.cdgp
1704042428669719496,1704042433342952514,200,http://172.169.8.253:31112/function/opt-66b-submod-0-latency-25.cdgp
1704042428669870294,1704042438122100354,500,http://172.169.8.253:31112/function/opt-66b-submod-0-latency-25.cdgp
1704042428669950243,1704042431896312991,200,http://172.169.8.253:31112/function/opt-66b-submod-0-latency-25.cdgp
1704042428670027778,1704042431635177585,200,http://172.169.8.253:31112/function/opt-66b-submod-0-latency-25.cdgp
1704042428670120663,1704042438511456402,500,http://172.169.8.253:31112/function/opt-66b-submod-0-latency-25.cdgp
1704042428671484511,1704042438455635147,500,http://172.169.8.253:31112/function/opt-66b-submod-0-latency-25.cdgp
1704042428671575747,1704042436151978914,200,http://172.169.8.253:31112/function/opt-66b-submod-0-latency-25.cdgp
1704042429724696106,1704042439212154811,500,http://172.169.8.253:31112/function/opt-66b-submod-0-latency-25.cdgp
1704042429724813945,1704042439079965100,500,http://172.169.8.253:31112/function/opt-66b-submod-0-latency-25.cdgp
1704042429724930449,1704042439092440235,500,http://172.169.8.253:31112/function/opt-66b-submod-0-latency-25.cdgp
1704042429725035621,1704042438463291154,500,http://172.169.8.253:31112/function/opt-66b-submod-0-latency-25.cdgp
1704042429725114111,1704042439202504495,500,http://172.169.8.253:31112/function/opt-66b-submod-0-latency-25.cdgp
1704042429725219250,1704042439196618317,500,http://172.169.8.253:31112/function/opt-66b-submod-0-latency-25.cdgp
1704042429725301427,1704042439204452545,500,http://172.169.8.253:31112/function/opt-66b-submod-0-latency-25.cdgp
1704042429725347722,1704042439081750064,500,http://172.169.8.253:31112/function/opt-66b-submod-0-latency-25.cdgp
1704042429725439397,1704042439081592671,500,http://172.169.8.253:31112/function/opt-66b-submod-0-latency-25.cdgp
1704042429725475758,1704042431890969772,200,http://172.169.8.253:31112/function/opt-66b-submod-0-latency-25.cdgp
1704042429725562052,1704042437288553755,200,http://172.169.8.253:31112/function/opt-66b-submod-0-latency-25.cdgp
1704042429725619490,1704042438382206202,500,http://172.169.8.253:31112/function/opt-66b-submod-0-latency-25.cdgp
1704042429725642786,1704042438424177344,500,http://172.169.8.253:31112/function/opt-66b-submod-0-latency-25.cdgp
1704042429727038795,1704042439208030871,500,http://172.169.8.253:31112/function/opt-66b-submod-0-latency-25.cdgp
1704042429727129853,1704042439199179536,500,http://172.169.8.253:31112/function/opt-66b-submod-0-latency-25.cdgp
1704042429727198473,1704042436151232316,200,http://172.169.8.253:31112/function/opt-66b-submod-0-latency-25.cdgp
1704042429727216811,1704042439200868100,500,http://172.169.8.253:31112/function/opt-66b-submod-0-latency-25.cdgp
1704042429753473468,1704042438420412153,500,http://172.169.8.253:31112/function/opt-66b-submod-0-latency-25.cdgp
1704042429753517193,1704042438596036124,500,http://172.169.8.253:31112/function/opt-66b-submod-0-latency-25.cdgp
1704042429753610625,1704042439229042455,500,http://172.169.8.253:31112/function/opt-66b-submod-0-latency-25.cdgp
1704042429753684412,1704042439284636150,500,http://172.169.8.253:31112/function/opt-66b-submod-0-latency-25.cdgp
1704042429753821800,1704042438459640395,500,http://172.169.8.253:31112/function/opt-66b-submod-0-latency-25.cdgp
1704042429753934839,1704042438465666246,500,http://172.169.8.253:31112/function/opt-66b-submod-0-latency-25.cdgp
1704042429865963632,1704042439198752871,500,http://172.169.8.253:31112/function/opt-66b-submod-0-latency-25.cdgp
1704042429866047879,1704042439314172083,500,http://172.169.8.253:31112/function/opt-66b-submod-0-latency-25.cdgp
1704042429866155091,1704042432268407378,200,http://172.169.8.253:31112/function/opt-66b-submod-0-latency-25.cdgp
1704042429866225065,1704042439231429696,500,http://172.169.8.253:31112/function/opt-66b-submod-0-latency-25.cdgp
1704042429866270097,1704042439523668904,500,http://172.169.8.253:31112/function/opt-66b-submod-0-latency-25.cdgp
1704042429990784750,1704042438531135086,500,http://172.169.8.253:31112/function/opt-66b-submod-0-latency-25.cdgp
1704042429990867122,1704042439541716154,500,http://172.169.8.253:31112/function/opt-66b-submod-0-latency-25.cdgp
1704042429990950461,1704042437331194188,200,http://172.169.8.253:31112/function/opt-66b-submod-0-latency-25.cdgp
1704042429991031185,1704042438594428090,500,http://172.169.8.253:31112/function/opt-66b-submod-0-latency-25.cdgp
1704042429991102734,1704042439991874532,500,http://172.169.8.253:31112/function/opt-66b-submod-0-latency-25.cdgp
1704042429991131879,1704042438557527434,500,http://172.169.8.253:31112/function/opt-66b-submod-0-latency-25.cdgp
1704042429991238812,1704042439417740001,500,http://172.169.8.253:31112/function/opt-66b-submod-0-latency-25.cdgp
1704042429991324235,1704042439991918260,500,http://172.169.8.253:31112/function/opt-66b-submod-0-latency-25.cdgp
1704042429991423110,1704042438588735852,500,http://172.169.8.253:31112/function/opt-66b-submod-0-latency-25.cdgp
1704042429991501455,1704042437307994068,200,http://172.169.8.253:31112/function/opt-66b-submod-0-latency-25.cdgp
1704042429991536649,1704042439541857309,500,http://172.169.8.253:31112/function/opt-66b-submod-0-latency-25.cdgp
1704042429991638136,1704042431892347194,200,http://172.169.8.253:31112/function/opt-66b-submod-0-latency-25.cdgp
1704042429991685816,1704042439423272030,500,http://172.169.8.253:31112/function/opt-66b-submod-0-latency-25.cdgp
1704042429991739846,1704042439417395688,500,http://172.169.8.253:31112/function/opt-66b-submod-0-latency-25.cdgp
1704042429991837669,1704042439539644841,500,http://172.169.8.253:31112/function/opt-66b-submod-0-latency-25.cdgp
1704042429991870943,1704042439537025163,500,http://172.169.8.253:31112/function/opt-66b-submod-0-latency-25.cdgp
1704042429991948519,1704042439452539306,500,http://172.169.8.253:31112/function/opt-66b-submod-0-latency-25.cdgp
1704042429992042667,1704042438627297839,500,http://172.169.8.253:31112/function/opt-66b-submod-0-latency-25.cdgp
1704042429992113366,1704042439534636999,500,http://172.169.8.253:31112/function/opt-66b-submod-0-latency-25.cdgp
1704042429992175662,1704042439415821295,500,http://172.169.8.253:31112/function/opt-66b-submod-0-latency-25.cdgp
1704042429992237210,1704042439540741989,500,http://172.169.8.253:31112/function/opt-66b-submod-0-latency-25.cdgp
1704042429992256431,1704042433192337934,200,http://172.169.8.253:31112/function/opt-66b-submod-0-latency-25.cdgp
1704042429992302208,1704042433232521675,200,http://172.169.8.253:31112/function/opt-66b-submod-0-latency-25.cdgp
1704042429992334392,1704042439412370035,500,http://172.169.8.253:31112/function/opt-66b-submod-0-latency-25.cdgp
1704042429992402151,1704042439456374037,500,http://172.169.8.253:31112/function/opt-66b-submod-0-latency-25.cdgp
1704042430541581781,1704042438726573777,500,http://172.169.8.253:31112/function/opt-66b-submod-0-latency-25.cdgp
1704042430541748333,1704042439588386292,500,http://172.169.8.253:31112/function/opt-66b-submod-0-latency-25.cdgp
1704042430541859833,1704042439627221407,500,http://172.169.8.253:31112/function/opt-66b-submod-0-latency-25.cdgp
1704042430541950128,1704042438545507989,500,http://172.169.8.253:31112/function/opt-66b-submod-0-latency-25.cdgp
1704042430542019703,1704042439062261957,500,http://172.169.8.253:31112/function/opt-66b-submod-0-latency-25.cdgp
1704042430542042996,1704042439945013890,500,http://172.169.8.253:31112/function/opt-66b-submod-0-latency-25.cdgp
1704042430542115190,1704042439960679745,500,http://172.169.8.253:31112/function/opt-66b-submod-0-latency-25.cdgp
1704042430542198326,1704042433192026004,200,http://172.169.8.253:31112/function/opt-66b-submod-0-latency-25.cdgp
1704042430542281823,1704042437296060696,200,http://172.169.8.253:31112/function/opt-66b-submod-0-latency-25.cdgp
1704042430542352405,1704042439584266549,500,http://172.169.8.253:31112/function/opt-66b-submod-0-latency-25.cdgp
1704042430542429143,1704042439022845378,500,http://172.169.8.253:31112/function/opt-66b-submod-0-latency-25.cdgp
1704042430542501694,1704042438943391553,500,http://172.169.8.253:31112/function/opt-66b-submod-0-latency-25.cdgp
1704042430542578137,1704042439013765322,500,http://172.169.8.253:31112/function/opt-66b-submod-0-latency-25.cdgp
1704042430542626485,1704042439874414854,500,http://172.169.8.253:31112/function/opt-66b-submod-0-latency-25.cdgp
1704042430542666814,1704042440311983493,500,http://172.169.8.253:31112/function/opt-66b-submod-0-latency-25.cdgp
1704042430542737047,1704042439837397107,500,http://172.169.8.253:31112/function/opt-66b-submod-0-latency-25.cdgp
1704042430542810572,1704042440090074833,500,http://172.169.8.253:31112/function/opt-66b-submod-0-latency-25.cdgp
1704042430542891255,1704042439628749636,500,http://172.169.8.253:31112/function/opt-66b-submod-0-latency-25.cdgp
1704042430612203138,1704042440612428903,500,http://172.169.8.253:31112/function/opt-66b-submod-0-latency-25.cdgp
1704042430612305027,1704042440207548015,500,http://172.169.8.253:31112/function/opt-66b-submod-0-latency-25.cdgp
1704042430612407489,1704042439107227169,500,http://172.169.8.253:31112/function/opt-66b-submod-0-latency-25.cdgp
1704042430612473471,1704042440347287017,500,http://172.169.8.253:31112/function/opt-66b-submod-0-latency-25.cdgp
1704042430612541732,1704042437847632275,200,http://172.169.8.253:31112/function/opt-66b-submod-0-latency-25.cdgp
1704042430612571380,1704042436148144991,200,http://172.169.8.253:31112/function/opt-66b-submod-0-latency-25.cdgp
1704042430612661322,1704042439875383520,500,http://172.169.8.253:31112/function/opt-66b-submod-0-latency-25.cdgp
1704042430612701006,1704042439020895335,500,http://172.169.8.253:31112/function/opt-66b-submod-0-latency-25.cdgp
1704042430612794471,1704042440015735044,500,http://172.169.8.253:31112/function/opt-66b-submod-0-latency-25.cdgp
1704042430612864016,1704042439884815701,500,http://172.169.8.253:31112/function/opt-66b-submod-0-latency-25.cdgp
1704042430612940486,1704042440324824278,500,http://172.169.8.253:31112/function/opt-66b-submod-0-latency-25.cdgp
1704042430613025076,1704042439883370299,500,http://172.169.8.253:31112/function/opt-66b-submod-0-latency-25.cdgp
1704042430613118534,1704042433704208411,200,http://172.169.8.253:31112/function/opt-66b-submod-0-latency-25.cdgp
1704042430613233437,1704042439057646031,500,http://172.169.8.253:31112/function/opt-66b-submod-0-latency-25.cdgp
1704042430613306515,1704042440012868953,500,http://172.169.8.253:31112/function/opt-66b-submod-0-latency-25.cdgp
1704042430613395948,1704042439099230085,500,http://172.169.8.253:31112/function/opt-66b-submod-0-latency-25.cdgp
1704042430613480765,1704042436487997141,200,http://172.169.8.253:31112/function/opt-66b-submod-0-latency-25.cdgp
1704042430613551330,1704042433744403617,200,http://172.169.8.253:31112/function/opt-66b-submod-0-latency-25.cdgp
1704042430613652530,1704042440014300219,500,http://172.169.8.253:31112/function/opt-66b-submod-0-latency-25.cdgp
1704042430613727032,1704042440310082916,500,http://172.169.8.253:31112/function/opt-66b-submod-0-latency-25.cdgp
1704042430613816616,1704042440308922475,500,http://172.169.8.253:31112/function/opt-66b-submod-0-latency-25.cdgp
1704042430619169061,1704042437308641174,200,http://172.169.8.253:31112/function/opt-66b-submod-0-latency-25.cdgp
1704042430908593556,1704042440451396293,500,http://172.169.8.253:31112/function/opt-66b-submod-0-latency-25.cdgp
1704042430908752592,1704042440455335535,500,http://172.169.8.253:31112/function/opt-66b-submod-0-latency-25.cdgp
1704042430909489003,1704042440416449262,500,http://172.169.8.253:31112/function/opt-66b-submod-0-latency-25.cdgp
1704042430909584880,1704042440227364207,500,http://172.169.8.253:31112/function/opt-66b-submod-0-latency-25.cdgp
1704042430909685663,1704042438901928002,500,http://172.169.8.253:31112/function/opt-66b-submod-0-latency-25.cdgp
1704042430909755132,1704042439922900244,500,http://172.169.8.253:31112/function/opt-66b-submod-0-latency-25.cdgp
1704042430915954613,1704042440163738261,500,http://172.169.8.253:31112/function/opt-66b-submod-0-latency-25.cdgp
1704042430916048424,1704042438967685974,500,http://172.169.8.253:31112/function/opt-66b-submod-0-latency-25.cdgp
1704042430916143767,1704042440411559689,500,http://172.169.8.253:31112/function/opt-66b-submod-0-latency-25.cdgp
1704042430933694769,1704042440196808075,500,http://172.169.8.253:31112/function/opt-66b-submod-0-latency-25.cdgp
1704042430933779955,1704042439140626120,500,http://172.169.8.253:31112/function/opt-66b-submod-0-latency-25.cdgp
1704042430971242639,1704042440242459664,500,http://172.169.8.253:31112/function/opt-66b-submod-0-latency-25.cdgp
1704042430971480125,1704042434180732814,200,http://172.169.8.253:31112/function/opt-66b-submod-0-latency-25.cdgp
1704042430971606523,1704042438467642398,200,http://172.169.8.253:31112/function/opt-66b-submod-0-latency-25.cdgp
1704042430972155794,1704042439150032183,500,http://172.169.8.253:31112/function/opt-66b-submod-0-latency-25.cdgp
1704042430972280838,1704042436488767311,200,http://172.169.8.253:31112/function/opt-66b-submod-0-latency-25.cdgp
1704042430972374550,1704042440056389494,500,http://172.169.8.253:31112/function/opt-66b-submod-0-latency-25.cdgp
1704042430972442097,1704042440016294190,500,http://172.169.8.253:31112/function/opt-66b-submod-0-latency-25.cdgp
1704042430972554409,1704042432676140089,200,http://172.169.8.253:31112/function/opt-66b-submod-0-latency-25.cdgp
1704042430972610071,1704042440161689518,500,http://172.169.8.253:31112/function/opt-66b-submod-0-latency-25.cdgp
1704042430972730790,1704042440366904489,500,http://172.169.8.253:31112/function/opt-66b-submod-0-latency-25.cdgp
1704042430972826496,1704042438441267033,200,http://172.169.8.253:31112/function/opt-66b-submod-0-latency-25.cdgp
1704042430972897394,1704042439017943943,500,http://172.169.8.253:31112/function/opt-66b-submod-0-latency-25.cdgp
1704042430972938934,1704042440525141523,500,http://172.169.8.253:31112/function/opt-66b-submod-0-latency-25.cdgp
1704042430973011426,1704042440409381821,500,http://172.169.8.253:31112/function/opt-66b-submod-0-latency-25.cdgp
1704042430973115084,1704042439096539964,500,http://172.169.8.253:31112/function/opt-66b-submod-0-latency-25.cdgp
1704042430979943630,1704042440217408748,500,http://172.169.8.253:31112/function/opt-66b-submod-0-latency-25.cdgp
1704042430980075476,1704042439790887559,500,http://172.169.8.253:31112/function/opt-66b-submod-0-latency-25.cdgp
1704042430980153697,1704042437307512240,200,http://172.169.8.253:31112/function/opt-66b-submod-0-latency-25.cdgp
1704042430980235882,1704042440368712582,500,http://172.169.8.253:31112/function/opt-66b-submod-0-latency-25.cdgp
1704042430980563192,1704042439108411445,500,http://172.169.8.253:31112/function/opt-66b-submod-0-latency-25.cdgp
1704042430980657082,1704042437846786213,200,http://172.169.8.253:31112/function/opt-66b-submod-0-latency-25.cdgp
1704042430982621846,1704042433192360688,200,http://172.169.8.253:31112/function/opt-66b-submod-0-latency-25.cdgp
1704042430982716744,1704042440453578944,500,http://172.169.8.253:31112/function/opt-66b-submod-0-latency-25.cdgp
1704042430982787653,1704042439793439875,500,http://172.169.8.253:31112/function/opt-66b-submod-0-latency-25.cdgp
1704042430982851408,1704042440715618712,500,http://172.169.8.253:31112/function/opt-66b-submod-0-latency-25.cdgp
1704042430982909557,1704042440496592206,500,http://172.169.8.253:31112/function/opt-66b-submod-0-latency-25.cdgp
1704042430983009561,1704042439841239645,500,http://172.169.8.253:31112/function/opt-66b-submod-0-latency-25.cdgp
1704042430983082805,1704042440712416526,500,http://172.169.8.253:31112/function/opt-66b-submod-0-latency-25.cdgp
1704042430983160694,1704042440634864068,500,http://172.169.8.253:31112/function/opt-66b-submod-0-latency-25.cdgp
1704042430983237008,1704042440708530618,500,http://172.169.8.253:31112/function/opt-66b-submod-0-latency-25.cdgp
1704042430983336056,1704042440451480621,500,http://172.169.8.253:31112/function/opt-66b-submod-0-latency-25.cdgp
1704042430983442470,1704042440637077842,500,http://172.169.8.253:31112/function/opt-66b-submod-0-latency-25.cdgp
1704042430983531291,1704042439322607885,500,http://172.169.8.253:31112/function/opt-66b-submod-0-latency-25.cdgp
1704042430983623416,1704042440672408176,500,http://172.169.8.253:31112/function/opt-66b-submod-0-latency-25.cdgp
1704042430983662575,1704042432876047195,200,http://172.169.8.253:31112/function/opt-66b-submod-0-latency-25.cdgp
1704042430983727440,1704042440674042261,500,http://172.169.8.253:31112/function/opt-66b-submod-0-latency-25.cdgp
1704042430983811181,1704042434154780097,200,http://172.169.8.253:31112/function/opt-66b-submod-0-latency-25.cdgp
1704042430983914555,1704042433343433090,200,http://172.169.8.253:31112/function/opt-66b-submod-0-latency-25.cdgp
1704042430984000578,1704042439781954053,500,http://172.169.8.253:31112/function/opt-66b-submod-0-latency-25.cdgp
1704042430984086379,1704042440638189507,500,http://172.169.8.253:31112/function/opt-66b-submod-0-latency-25.cdgp
1704042430984205571,1704042440336492232,500,http://172.169.8.253:31112/function/opt-66b-submod-0-latency-25.cdgp
1704042430984284513,1704042434159557166,200,http://172.169.8.253:31112/function/opt-66b-submod-0-latency-25.cdgp
1704042430984355163,1704042440714025520,500,http://172.169.8.253:31112/function/opt-66b-submod-0-latency-25.cdgp
1704042430984391414,1704042437530949412,200,http://172.169.8.253:31112/function/opt-66b-submod-0-latency-25.cdgp
1704042430984448001,1704042439278863537,500,http://172.169.8.253:31112/function/opt-66b-submod-0-latency-25.cdgp
1704042430985532538,1704042437310119508,200,http://172.169.8.253:31112/function/opt-66b-submod-0-latency-25.cdgp
1704042430985625977,1704042440672397109,500,http://172.169.8.253:31112/function/opt-66b-submod-0-latency-25.cdgp
1704042431922513048,1704042441431437592,500,http://172.169.8.253:31112/function/opt-66b-submod-0-latency-25.cdgp
1704042431922612969,1704042440109088554,500,http://172.169.8.253:31112/function/opt-66b-submod-0-latency-25.cdgp
1704042431922728448,1704042434223257385,200,http://172.169.8.253:31112/function/opt-66b-submod-0-latency-25.cdgp
1704042431922798982,1704042441395422440,500,http://172.169.8.253:31112/function/opt-66b-submod-0-latency-25.cdgp
1704042431922824075,1704042440127269226,500,http://172.169.8.253:31112/function/opt-66b-submod-0-latency-25.cdgp
1704042431922944032,1704042441031301829,500,http://172.169.8.253:31112/function/opt-66b-submod-0-latency-25.cdgp
1704042431923055535,1704042440047764782,500,http://172.169.8.253:31112/function/opt-66b-submod-0-latency-25.cdgp
1704042431923119611,1704042441451454157,500,http://172.169.8.253:31112/function/opt-66b-submod-0-latency-25.cdgp
1704042431923177210,1704042433387405079,200,http://172.169.8.253:31112/function/opt-66b-submod-0-latency-25.cdgp
1704042431923206561,1704042440047366996,500,http://172.169.8.253:31112/function/opt-66b-submod-0-latency-25.cdgp
1704042431923287518,1704042440990938979,500,http://172.169.8.253:31112/function/opt-66b-submod-0-latency-25.cdgp
1704042431923409679,1704042441349607885,500,http://172.169.8.253:31112/function/opt-66b-submod-0-latency-25.cdgp
1704042431923471215,1704042441451376054,500,http://172.169.8.253:31112/function/opt-66b-submod-0-latency-25.cdgp
1704042431923535432,1704042441351551487,500,http://172.169.8.253:31112/function/opt-66b-submod-0-latency-25.cdgp
1704042432297824806,1704042437534152734,200,http://172.169.8.253:31112/function/opt-66b-submod-0-latency-25.cdgp
1704042432297915701,1704042441223349490,500,http://172.169.8.253:31112/function/opt-66b-submod-0-latency-25.cdgp
1704042432298049008,1704042437309049804,200,http://172.169.8.253:31112/function/opt-66b-submod-0-latency-25.cdgp
1704042432345122159,1704042440863589474,500,http://172.169.8.253:31112/function/opt-66b-submod-0-latency-25.cdgp
1704042432345278976,1704042442287346566,500,http://172.169.8.253:31112/function/opt-66b-submod-0-latency-25.cdgp
1704042432345381797,1704042441743369564,500,http://172.169.8.253:31112/function/opt-66b-submod-0-latency-25.cdgp
1704042432345496505,1704042437383359545,200,http://172.169.8.253:31112/function/opt-66b-submod-0-latency-25.cdgp
1704042432345590118,1704042438488483014,200,http://172.169.8.253:31112/function/opt-66b-submod-0-latency-25.cdgp
1704042432345692947,1704042440980152659,500,http://172.169.8.253:31112/function/opt-66b-submod-0-latency-25.cdgp
1704042432345774262,1704042441433789957,500,http://172.169.8.253:31112/function/opt-66b-submod-0-latency-25.cdgp
1704042432345863437,1704042442247864508,500,http://172.169.8.253:31112/function/opt-66b-submod-0-latency-25.cdgp
1704042432345955615,1704042441280939811,504,http://172.169.8.253:31112/function/opt-66b-submod-0-latency-25.cdgp
1704042432346042866,1704042434154782609,200,http://172.169.8.253:31112/function/opt-66b-submod-0-latency-25.cdgp
1704042432367334928,1704042441335290432,500,http://172.169.8.253:31112/function/opt-66b-submod-0-latency-25.cdgp
1704042432367426608,1704042442088504170,500,http://172.169.8.253:31112/function/opt-66b-submod-0-latency-25.cdgp
1704042432367491266,1704042441027935919,500,http://172.169.8.253:31112/function/opt-66b-submod-0-latency-25.cdgp
1704042432367576454,1704042435317698922,200,http://172.169.8.253:31112/function/opt-66b-submod-0-latency-25.cdgp
1704042432367682717,1704042440807021015,500,http://172.169.8.253:31112/function/opt-66b-submod-0-latency-25.cdgp
1704042432367754808,1704042441821816684,500,http://172.169.8.253:31112/function/opt-66b-submod-0-latency-25.cdgp
1704042432368363809,1704042434294713391,200,http://172.169.8.253:31112/function/opt-66b-submod-0-latency-25.cdgp
1704042432372791826,1704042442001252483,500,http://172.169.8.253:31112/function/opt-66b-submod-0-latency-25.cdgp
1704042432372887769,1704042442313943916,500,http://172.169.8.253:31112/function/opt-66b-submod-0-latency-25.cdgp
1704042432373025900,1704042441766803727,500,http://172.169.8.253:31112/function/opt-66b-submod-0-latency-25.cdgp
1704042432373089599,1704042441714635179,500,http://172.169.8.253:31112/function/opt-66b-submod-0-latency-25.cdgp
1704042432373190896,1704042440756359038,500,http://172.169.8.253:31112/function/opt-66b-submod-0-latency-25.cdgp
1704042432373264424,1704042435317646555,200,http://172.169.8.253:31112/function/opt-66b-submod-0-latency-25.cdgp
1704042432373369583,1704042441287873746,500,http://172.169.8.253:31112/function/opt-66b-submod-0-latency-25.cdgp
1704042432373470507,1704042437493639167,200,http://172.169.8.253:31112/function/opt-66b-submod-0-latency-25.cdgp
1704042432373527743,1704042440717378464,500,http://172.169.8.253:31112/function/opt-66b-submod-0-latency-25.cdgp
1704042432373580844,1704042434545943385,200,http://172.169.8.253:31112/function/opt-66b-submod-0-latency-25.cdgp
1704042432373659064,1704042441716862919,500,http://172.169.8.253:31112/function/opt-66b-submod-0-latency-25.cdgp
1704042432373731175,1704042441599497863,500,http://172.169.8.253:31112/function/opt-66b-submod-0-latency-25.cdgp
1704042432373794107,1704042442058746361,500,http://172.169.8.253:31112/function/opt-66b-submod-0-latency-25.cdgp
1704042432373828104,1704042437292405179,200,http://172.169.8.253:31112/function/opt-66b-submod-0-latency-25.cdgp
1704042432373916364,1704042441490709849,500,http://172.169.8.253:31112/function/opt-66b-submod-0-latency-25.cdgp
1704042432373981802,1704042441341242925,500,http://172.169.8.253:31112/function/opt-66b-submod-0-latency-25.cdgp
1704042432373998111,1704042442244323961,500,http://172.169.8.253:31112/function/opt-66b-submod-0-latency-25.cdgp
1704042432374068910,1704042437753605551,200,http://172.169.8.253:31112/function/opt-66b-submod-0-latency-25.cdgp
1704042432374121224,1704042434154449666,200,http://172.169.8.253:31112/function/opt-66b-submod-0-latency-25.cdgp
1704042432374216788,1704042442360081807,500,http://172.169.8.253:31112/function/opt-66b-submod-0-latency-25.cdgp
1704042432374283751,1704042438929413912,200,http://172.169.8.253:31112/function/opt-66b-submod-0-latency-25.cdgp
1704042432374340609,1704042442358353517,500,http://172.169.8.253:31112/function/opt-66b-submod-0-latency-25.cdgp
1704042432374416195,1704042437534007035,200,http://172.169.8.253:31112/function/opt-66b-submod-0-latency-25.cdgp
1704042432374471702,1704042442360479779,500,http://172.169.8.253:31112/function/opt-66b-submod-0-latency-25.cdgp
1704042432374539632,1704042435567539207,200,http://172.169.8.253:31112/function/opt-66b-submod-0-latency-25.cdgp
1704042432374581919,1704042442360305170,500,http://172.169.8.253:31112/function/opt-66b-submod-0-latency-25.cdgp
1704042432374647045,1704042442072848958,500,http://172.169.8.253:31112/function/opt-66b-submod-0-latency-25.cdgp
1704042432374689517,1704042435313744345,200,http://172.169.8.253:31112/function/opt-66b-submod-0-latency-25.cdgp
1704042432374723869,1704042440768786396,500,http://172.169.8.253:31112/function/opt-66b-submod-0-latency-25.cdgp
1704042432374812283,1704042441628626024,500,http://172.169.8.253:31112/function/opt-66b-submod-0-latency-25.cdgp
1704042432374855438,1704042440771003997,500,http://172.169.8.253:31112/function/opt-66b-submod-0-latency-25.cdgp
1704042432374954652,1704042441476767708,500,http://172.169.8.253:31112/function/opt-66b-submod-0-latency-25.cdgp
1704042432375042350,1704042437289979078,200,http://172.169.8.253:31112/function/opt-66b-submod-0-latency-25.cdgp
1704042432375097834,1704042436720756855,200,http://172.169.8.253:31112/function/opt-66b-submod-0-latency-25.cdgp
1704042432375184228,1704042442078825948,500,http://172.169.8.253:31112/function/opt-66b-submod-0-latency-25.cdgp
1704042432375264589,1704042433878752917,200,http://172.169.8.253:31112/function/opt-66b-submod-0-latency-25.cdgp
1704042432375364477,1704042441431886240,500,http://172.169.8.253:31112/function/opt-66b-submod-0-latency-25.cdgp
1704042432375431100,1704042442054567101,500,http://172.169.8.253:31112/function/opt-66b-submod-0-latency-25.cdgp
1704042432375523279,1704042441764458354,500,http://172.169.8.253:31112/function/opt-66b-submod-0-latency-25.cdgp
1704042432375584882,1704042441823441407,500,http://172.169.8.253:31112/function/opt-66b-submod-0-latency-25.cdgp
1704042432457227704,1704042438473615011,200,http://172.169.8.253:31112/function/opt-66b-submod-0-latency-25.cdgp
1704042432473736926,1704042442473954090,500,http://172.169.8.253:31112/function/opt-66b-submod-0-latency-25.cdgp
1704042432481462767,1704042442115043251,500,http://172.169.8.253:31112/function/opt-66b-submod-0-latency-25.cdgp
1704042432481596776,1704042435313352096,200,http://172.169.8.253:31112/function/opt-66b-submod-0-latency-25.cdgp
1704042432481651308,1704042442482316596,500,http://172.169.8.253:31112/function/opt-66b-submod-0-latency-25.cdgp
1704042432481718916,1704042438210229699,200,http://172.169.8.253:31112/function/opt-66b-submod-0-latency-25.cdgp
1704042432481834172,1704042442110231382,500,http://172.169.8.253:31112/function/opt-66b-submod-0-latency-25.cdgp
1704042432481895615,1704042442482314190,500,http://172.169.8.253:31112/function/opt-66b-submod-0-latency-25.cdgp
1704042432481953197,1704042438469254968,200,http://172.169.8.253:31112/function/opt-66b-submod-0-latency-25.cdgp
1704042432482021102,1704042441604199231,500,http://172.169.8.253:31112/function/opt-66b-submod-0-latency-25.cdgp
1704042432482100119,1704042442185191659,500,http://172.169.8.253:31112/function/opt-66b-submod-0-latency-25.cdgp
1704042432482167362,1704042438473868064,200,http://172.169.8.253:31112/function/opt-66b-submod-0-latency-25.cdgp
1704042432482198068,1704042441489058914,500,http://172.169.8.253:31112/function/opt-66b-submod-0-latency-25.cdgp
1704042432482276468,1704042442482467597,500,http://172.169.8.253:31112/function/opt-66b-submod-0-latency-25.cdgp
1704042432482383953,1704042442482514496,500,http://172.169.8.253:31112/function/opt-66b-submod-0-latency-25.cdgp
1704042432482479548,1704042442482598547,500,http://172.169.8.253:31112/function/opt-66b-submod-0-latency-25.cdgp
1704042432482536731,1704042438441591404,200,http://172.169.8.253:31112/function/opt-66b-submod-0-latency-25.cdgp
1704042432482591419,1704042438928754092,200,http://172.169.8.253:31112/function/opt-66b-submod-0-latency-25.cdgp
1704042432482638395,1704042442418092417,500,http://172.169.8.253:31112/function/opt-66b-submod-0-latency-25.cdgp
1704042432482717353,1704042442483516648,500,http://172.169.8.253:31112/function/opt-66b-submod-0-latency-25.cdgp
1704042432482764334,1704042442418347366,500,http://172.169.8.253:31112/function/opt-66b-submod-0-latency-25.cdgp
1704042432482868286,1704042438931004811,200,http://172.169.8.253:31112/function/opt-66b-submod-0-latency-25.cdgp
1704042432482907783,1704042442419156578,500,http://172.169.8.253:31112/function/opt-66b-submod-0-latency-25.cdgp
1704042432483007932,1704042441050204321,500,http://172.169.8.253:31112/function/opt-66b-submod-0-latency-25.cdgp
1704042432483075161,1704042442418347705,500,http://172.169.8.253:31112/function/opt-66b-submod-0-latency-25.cdgp
1704042432483156885,1704042442403236121,500,http://172.169.8.253:31112/function/opt-66b-submod-0-latency-25.cdgp
1704042432483162566,1704042442483508195,500,http://172.169.8.253:31112/function/opt-66b-submod-0-latency-25.cdgp
1704042432523862009,1704042436491879074,200,http://172.169.8.253:31112/function/opt-66b-submod-0-latency-25.cdgp
1704042432523910842,1704042442418597289,500,http://172.169.8.253:31112/function/opt-66b-submod-0-latency-25.cdgp
1704042432524003994,1704042434314036174,200,http://172.169.8.253:31112/function/opt-66b-submod-0-latency-25.cdgp
1704042432524125916,1704042442104343696,500,http://172.169.8.253:31112/function/opt-66b-submod-0-latency-25.cdgp
1704042432524177966,1704042442219705674,500,http://172.169.8.253:31112/function/opt-66b-submod-0-latency-25.cdgp
1704042432524251328,1704042442416639931,500,http://172.169.8.253:31112/function/opt-66b-submod-0-latency-25.cdgp
1704042432524311171,1704042438296055811,200,http://172.169.8.253:31112/function/opt-66b-submod-0-latency-25.cdgp
1704042432524327968,1704042441042357926,500,http://172.169.8.253:31112/function/opt-66b-submod-0-latency-25.cdgp
1704042432524401630,1704042442401445920,500,http://172.169.8.253:31112/function/opt-66b-submod-0-latency-25.cdgp
1704042432524475903,1704042437493124209,200,http://172.169.8.253:31112/function/opt-66b-submod-0-latency-25.cdgp
1704042432524569962,1704042442400228128,500,http://172.169.8.253:31112/function/opt-66b-submod-0-latency-25.cdgp
1704042432524650603,1704042442100101408,500,http://172.169.8.253:31112/function/opt-66b-submod-0-latency-25.cdgp
1704042432524677899,1704042442402663892,500,http://172.169.8.253:31112/function/opt-66b-submod-0-latency-25.cdgp
1704042432524745106,1704042438468242442,200,http://172.169.8.253:31112/function/opt-66b-submod-0-latency-25.cdgp
1704042432524825530,1704042441558714774,500,http://172.169.8.253:31112/function/opt-66b-submod-0-latency-25.cdgp
1704042432524909778,1704042442201150667,500,http://172.169.8.253:31112/function/opt-66b-submod-0-latency-25.cdgp
1704042432524983888,1704042437531389608,200,http://172.169.8.253:31112/function/opt-66b-submod-0-latency-25.cdgp
1704042432810049851,1704042438474360133,200,http://172.169.8.253:31112/function/opt-66b-submod-0-latency-25.cdgp
1704042432810163254,1704042442191682789,500,http://172.169.8.253:31112/function/opt-66b-submod-0-latency-25.cdgp
1704042432810229061,1704042435845383354,200,http://172.169.8.253:31112/function/opt-66b-submod-0-latency-25.cdgp
1704042432810323642,1704042442811491019,500,http://172.169.8.253:31112/function/opt-66b-submod-0-latency-25.cdgp
1704042432810417390,1704042442811493866,500,http://172.169.8.253:31112/function/opt-66b-submod-0-latency-25.cdgp
1704042432810518745,1704042441438997163,500,http://172.169.8.253:31112/function/opt-66b-submod-0-latency-25.cdgp
1704042432810580447,1704042435646430200,200,http://172.169.8.253:31112/function/opt-66b-submod-0-latency-25.cdgp
1704042432810650841,1704042442571655050,500,http://172.169.8.253:31112/function/opt-66b-submod-0-latency-25.cdgp
1704042432810716077,1704042435558830411,200,http://172.169.8.253:31112/function/opt-66b-submod-0-latency-25.cdgp
1704042433517421896,1704042442853055360,500,http://172.169.8.253:31112/function/opt-66b-submod-0-latency-25.cdgp
1704042433517522965,1704042438467637635,200,http://172.169.8.253:31112/function/opt-66b-submod-0-latency-25.cdgp
1704042433592997518,1704042443593492339,500,http://172.169.8.253:31112/function/opt-66b-submod-0-latency-25.cdgp
1704042433593102431,1704042442927857224,500,http://172.169.8.253:31112/function/opt-66b-submod-0-latency-25.cdgp
1704042433593186543,1704042442891178107,500,http://172.169.8.253:31112/function/opt-66b-submod-0-latency-25.cdgp
1704042433593282925,1704042442699262558,500,http://172.169.8.253:31112/function/opt-66b-submod-0-latency-25.cdgp
1704042433593371352,1704042443035256319,500,http://172.169.8.253:31112/function/opt-66b-submod-0-latency-25.cdgp
1704042433593405595,1704042442928903789,500,http://172.169.8.253:31112/function/opt-66b-submod-0-latency-25.cdgp
1704042433593559587,1704042436803164252,200,http://172.169.8.253:31112/function/opt-66b-submod-0-latency-25.cdgp
1704042433593628256,1704042436877232092,200,http://172.169.8.253:31112/function/opt-66b-submod-0-latency-25.cdgp
1704042433593693116,1704042442991525114,500,http://172.169.8.253:31112/function/opt-66b-submod-0-latency-25.cdgp
1704042433593758328,1704042438930144760,200,http://172.169.8.253:31112/function/opt-66b-submod-0-latency-25.cdgp
1704042433593832549,1704042441617106774,504,http://172.169.8.253:31112/function/opt-66b-submod-0-latency-25.cdgp
1704042433593900797,1704042442660545176,500,http://172.169.8.253:31112/function/opt-66b-submod-0-latency-25.cdgp
1704042433594907506,1704042442973938149,500,http://172.169.8.253:31112/function/opt-66b-submod-0-latency-25.cdgp
1704042433766211123,1704042443210580418,500,http://172.169.8.253:31112/function/opt-66b-submod-0-latency-25.cdgp
1704042433766300911,1704042436157141784,200,http://172.169.8.253:31112/function/opt-66b-submod-0-latency-25.cdgp
1704042433766368003,1704042442891487195,500,http://172.169.8.253:31112/function/opt-66b-submod-0-latency-25.cdgp
1704042433766443587,1704042442947594161,500,http://172.169.8.253:31112/function/opt-66b-submod-0-latency-25.cdgp
1704042433766569592,1704042442948253181,500,http://172.169.8.253:31112/function/opt-66b-submod-0-latency-25.cdgp
1704042433766672042,1704042443208870985,500,http://172.169.8.253:31112/function/opt-66b-submod-0-latency-25.cdgp
1704042433766735894,1704042443017796036,500,http://172.169.8.253:31112/function/opt-66b-submod-0-latency-25.cdgp
1704042433766764249,1704042438209875058,200,http://172.169.8.253:31112/function/opt-66b-submod-0-latency-25.cdgp
1704042433766816602,1704042441836606384,500,http://172.169.8.253:31112/function/opt-66b-submod-0-latency-25.cdgp
1704042433767355111,1704042441931516854,500,http://172.169.8.253:31112/function/opt-66b-submod-0-latency-25.cdgp
1704042433767416585,1704042442019451042,500,http://172.169.8.253:31112/function/opt-66b-submod-0-latency-25.cdgp
1704042433767453188,1704042436645797400,200,http://172.169.8.253:31112/function/opt-66b-submod-0-latency-25.cdgp
1704042433767541929,1704042442906179867,500,http://172.169.8.253:31112/function/opt-66b-submod-0-latency-25.cdgp
1704042433767574777,1704042436491259820,200,http://172.169.8.253:31112/function/opt-66b-submod-0-latency-25.cdgp
1704042433767670915,1704042443250745382,500,http://172.169.8.253:31112/function/opt-66b-submod-0-latency-25.cdgp
1704042433767700852,1704042442675445735,500,http://172.169.8.253:31112/function/opt-66b-submod-0-latency-25.cdgp
1704042433767757201,1704042436650396886,200,http://172.169.8.253:31112/function/opt-66b-submod-0-latency-25.cdgp
1704042433767824093,1704042443471241323,500,http://172.169.8.253:31112/function/opt-66b-submod-0-latency-25.cdgp
1704042433767916680,1704042436156277543,200,http://172.169.8.253:31112/function/opt-66b-submod-0-latency-25.cdgp
1704042433767980498,1704042443185899080,500,http://172.169.8.253:31112/function/opt-66b-submod-0-latency-25.cdgp
1704042433768000366,1704042443157677185,500,http://172.169.8.253:31112/function/opt-66b-submod-0-latency-25.cdgp
1704042433768085927,1704042443103597582,500,http://172.169.8.253:31112/function/opt-66b-submod-0-latency-25.cdgp
1704042433768154188,1704042442675038403,500,http://172.169.8.253:31112/function/opt-66b-submod-0-latency-25.cdgp
1704042433768177537,1704042442905355119,500,http://172.169.8.253:31112/function/opt-66b-submod-0-latency-25.cdgp
1704042433802069593,1704042443471167099,500,http://172.169.8.253:31112/function/opt-66b-submod-0-latency-25.cdgp
1704042433802113260,1704042436382752196,200,http://172.169.8.253:31112/function/opt-66b-submod-0-latency-25.cdgp
1704042433802198021,1704042435560047846,200,http://172.169.8.253:31112/function/opt-66b-submod-0-latency-25.cdgp
1704042433802260783,1704042443384072336,500,http://172.169.8.253:31112/function/opt-66b-submod-0-latency-25.cdgp
1704042433802325439,1704042442027129781,500,http://172.169.8.253:31112/function/opt-66b-submod-0-latency-25.cdgp
1704042433802379016,1704042443146203246,500,http://172.169.8.253:31112/function/opt-66b-submod-0-latency-25.cdgp
1704042433802412558,1704042438728831310,200,http://172.169.8.253:31112/function/opt-66b-submod-0-latency-25.cdgp
1704042433802493595,1704042442059926209,500,http://172.169.8.253:31112/function/opt-66b-submod-0-latency-25.cdgp
1704042433802561649,1704042443803591051,500,http://172.169.8.253:31112/function/opt-66b-submod-0-latency-25.cdgp
1704042433802653078,1704042443791208013,500,http://172.169.8.253:31112/function/opt-66b-submod-0-latency-25.cdgp
1704042433802715345,1704042443596672950,500,http://172.169.8.253:31112/function/opt-66b-submod-0-latency-25.cdgp
1704042433802740505,1704042443790072438,500,http://172.169.8.253:31112/function/opt-66b-submod-0-latency-25.cdgp
1704042433807783377,1704042443791224031,500,http://172.169.8.253:31112/function/opt-66b-submod-0-latency-25.cdgp
1704042433807867387,1704042443791752774,500,http://172.169.8.253:31112/function/opt-66b-submod-0-latency-25.cdgp
1704042433807970260,1704042442788576715,500,http://172.169.8.253:31112/function/opt-66b-submod-0-latency-25.cdgp
1704042433808035389,1704042443788872452,500,http://172.169.8.253:31112/function/opt-66b-submod-0-latency-25.cdgp
1704042433808099490,1704042443651824578,500,http://172.169.8.253:31112/function/opt-66b-submod-0-latency-25.cdgp
1704042433808153448,1704042438120644949,200,http://172.169.8.253:31112/function/opt-66b-submod-0-latency-25.cdgp
1704042433808183425,1704042443790590030,500,http://172.169.8.253:31112/function/opt-66b-submod-0-latency-25.cdgp
1704042433808257312,1704042439491960443,200,http://172.169.8.253:31112/function/opt-66b-submod-0-latency-25.cdgp
1704042433808324626,1704042443596959905,500,http://172.169.8.253:31112/function/opt-66b-submod-0-latency-25.cdgp
1704042433808384963,1704042443791790199,500,http://172.169.8.253:31112/function/opt-66b-submod-0-latency-25.cdgp
1704042433811353149,1704042443791779222,500,http://172.169.8.253:31112/function/opt-66b-submod-0-latency-25.cdgp
1704042433811441545,1704042442608942601,500,http://172.169.8.253:31112/function/opt-66b-submod-0-latency-25.cdgp
1704042433811532364,1704042437832153030,200,http://172.169.8.253:31112/function/opt-66b-submod-0-latency-25.cdgp
1704042433811616162,1704042439773312326,200,http://172.169.8.253:31112/function/opt-66b-submod-0-latency-25.cdgp
1704042433811684960,1704042443811898473,500,http://172.169.8.253:31112/function/opt-66b-submod-0-latency-25.cdgp
1704042433811774262,1704042443807299815,500,http://172.169.8.253:31112/function/opt-66b-submod-0-latency-25.cdgp
1704042433811857431,1704042443791336370,500,http://172.169.8.253:31112/function/opt-66b-submod-0-latency-25.cdgp
1704042433811951358,1704042443790578638,500,http://172.169.8.253:31112/function/opt-66b-submod-0-latency-25.cdgp
1704042433812025640,1704042443791190096,500,http://172.169.8.253:31112/function/opt-66b-submod-0-latency-25.cdgp
1704042433824805274,1704042443791490427,500,http://172.169.8.253:31112/function/opt-66b-submod-0-latency-25.cdgp
1704042433824885380,1704042438847250919,200,http://172.169.8.253:31112/function/opt-66b-submod-0-latency-25.cdgp
1704042433824961411,1704042443479092947,500,http://172.169.8.253:31112/function/opt-66b-submod-0-latency-25.cdgp
1704042433825034869,1704042443787949145,500,http://172.169.8.253:31112/function/opt-66b-submod-0-latency-25.cdgp
1704042433825113505,1704042443791411305,500,http://172.169.8.253:31112/function/opt-66b-submod-0-latency-25.cdgp
1704042433825138300,1704042442788871834,500,http://172.169.8.253:31112/function/opt-66b-submod-0-latency-25.cdgp
1704042433825211968,1704042437291284173,200,http://172.169.8.253:31112/function/opt-66b-submod-0-latency-25.cdgp
1704042433825273072,1704042443790221612,500,http://172.169.8.253:31112/function/opt-66b-submod-0-latency-25.cdgp
1704042433825359693,1704042443790468163,500,http://172.169.8.253:31112/function/opt-66b-submod-0-latency-25.cdgp
1704042433825451559,1704042443808521316,500,http://172.169.8.253:31112/function/opt-66b-submod-0-latency-25.cdgp
1704042433825522605,1704042437135182284,200,http://172.169.8.253:31112/function/opt-66b-submod-0-latency-25.cdgp
1704042433825593308,1704042443703827992,500,http://172.169.8.253:31112/function/opt-66b-submod-0-latency-25.cdgp
1704042433825690502,1704042436146171850,200,http://172.169.8.253:31112/function/opt-66b-submod-0-latency-25.cdgp
1704042433825776458,1704042443596982721,500,http://172.169.8.253:31112/function/opt-66b-submod-0-latency-25.cdgp
1704042433831978818,1704042443651934887,500,http://172.169.8.253:31112/function/opt-66b-submod-0-latency-25.cdgp
1704042433832091873,1704042443788926647,500,http://172.169.8.253:31112/function/opt-66b-submod-0-latency-25.cdgp
1704042433832212528,1704042443792412560,500,http://172.169.8.253:31112/function/opt-66b-submod-0-latency-25.cdgp
1704042433832310655,1704042443833346666,500,http://172.169.8.253:31112/function/opt-66b-submod-0-latency-25.cdgp
1704042433832405960,1704042443799100086,500,http://172.169.8.253:31112/function/opt-66b-submod-0-latency-25.cdgp
1704042433832508001,1704042443792428113,500,http://172.169.8.253:31112/function/opt-66b-submod-0-latency-25.cdgp
1704042433832593005,1704042443712523687,500,http://172.169.8.253:31112/function/opt-66b-submod-0-latency-25.cdgp
1704042433832665334,1704042443808474345,500,http://172.169.8.253:31112/function/opt-66b-submod-0-latency-25.cdgp
1704042433832777978,1704042442570138267,500,http://172.169.8.253:31112/function/opt-66b-submod-0-latency-25.cdgp
1704042433914964718,1704042443597028054,500,http://172.169.8.253:31112/function/opt-66b-submod-0-latency-25.cdgp
1704042433915088463,1704042443798031144,500,http://172.169.8.253:31112/function/opt-66b-submod-0-latency-25.cdgp
1704042433915241385,1704042443792845693,500,http://172.169.8.253:31112/function/opt-66b-submod-0-latency-25.cdgp
1704042433915316622,1704042443803610422,500,http://172.169.8.253:31112/function/opt-66b-submod-0-latency-25.cdgp
1704042434209148630,1704042443920776406,500,http://172.169.8.253:31112/function/opt-66b-submod-0-latency-25.cdgp
1704042434209234804,1704042444210102838,500,http://172.169.8.253:31112/function/opt-66b-submod-0-latency-25.cdgp
1704042434209334977,1704042439815279877,200,http://172.169.8.253:31112/function/opt-66b-submod-0-latency-25.cdgp
1704042434209402184,1704042443963511293,500,http://172.169.8.253:31112/function/opt-66b-submod-0-latency-25.cdgp
1704042434209474483,1704042438724348367,200,http://172.169.8.253:31112/function/opt-66b-submod-0-latency-25.cdgp
1704042434209549597,1704042443431363353,500,http://172.169.8.253:31112/function/opt-66b-submod-0-latency-25.cdgp
1704042434209665511,1704042443919007886,500,http://172.169.8.253:31112/function/opt-66b-submod-0-latency-25.cdgp
1704042434209761440,1704042438769010724,200,http://172.169.8.253:31112/function/opt-66b-submod-0-latency-25.cdgp
1704042434209868010,1704042443920369062,500,http://172.169.8.253:31112/function/opt-66b-submod-0-latency-25.cdgp
1704042434209946502,1704042443939372972,500,http://172.169.8.253:31112/function/opt-66b-submod-0-latency-25.cdgp
1704042434209989953,1704042443921492530,500,http://172.169.8.253:31112/function/opt-66b-submod-0-latency-25.cdgp
1704042434210104241,1704042443909442012,500,http://172.169.8.253:31112/function/opt-66b-submod-0-latency-25.cdgp
1704042434210176897,1704042443919742147,500,http://172.169.8.253:31112/function/opt-66b-submod-0-latency-25.cdgp
1704042434210228492,1704042443921472650,500,http://172.169.8.253:31112/function/opt-66b-submod-0-latency-25.cdgp
1704042434210285042,1704042438442805928,200,http://172.169.8.253:31112/function/opt-66b-submod-0-latency-25.cdgp
1704042434210321660,1704042443873071931,500,http://172.169.8.253:31112/function/opt-66b-submod-0-latency-25.cdgp
1704042434210385356,1704042443172545224,500,http://172.169.8.253:31112/function/opt-66b-submod-0-latency-25.cdgp
1704042434210432741,1704042443919816157,500,http://172.169.8.253:31112/function/opt-66b-submod-0-latency-25.cdgp
1704042434210508426,1704042443919732616,500,http://172.169.8.253:31112/function/opt-66b-submod-0-latency-25.cdgp
1704042434210584148,1704042443918983016,500,http://172.169.8.253:31112/function/opt-66b-submod-0-latency-25.cdgp
1704042434210691961,1704042438934326519,200,http://172.169.8.253:31112/function/opt-66b-submod-0-latency-25.cdgp
1704042434374370412,1704042439769736723,200,http://172.169.8.253:31112/function/opt-66b-submod-0-latency-25.cdgp
1704042434374455118,1704042438897571103,200,http://172.169.8.253:31112/function/opt-66b-submod-0-latency-25.cdgp
1704042434374489542,1704042438767236673,200,http://172.169.8.253:31112/function/opt-66b-submod-0-latency-25.cdgp
1704042434374593078,1704042437519463470,200,http://172.169.8.253:31112/function/opt-66b-submod-0-latency-25.cdgp
1704042434385041162,1704042444142449144,500,http://172.169.8.253:31112/function/opt-66b-submod-0-latency-25.cdgp
1704042434385201593,1704042444039000368,500,http://172.169.8.253:31112/function/opt-66b-submod-0-latency-25.cdgp
1704042434385334704,1704042444153502901,500,http://172.169.8.253:31112/function/opt-66b-submod-0-latency-25.cdgp
1704042434385432226,1704042444162546606,500,http://172.169.8.253:31112/function/opt-66b-submod-0-latency-25.cdgp
1704042434385508224,1704042444160847087,500,http://172.169.8.253:31112/function/opt-66b-submod-0-latency-25.cdgp
1704042434385613270,1704042444152291936,500,http://172.169.8.253:31112/function/opt-66b-submod-0-latency-25.cdgp
1704042434385756414,1704042439551639121,200,http://172.169.8.253:31112/function/opt-66b-submod-0-latency-25.cdgp
1704042434385835408,1704042444143790958,500,http://172.169.8.253:31112/function/opt-66b-submod-0-latency-25.cdgp
1704042434385929841,1704042443233029751,500,http://172.169.8.253:31112/function/opt-66b-submod-0-latency-25.cdgp
1704042434386026836,1704042444146914690,500,http://172.169.8.253:31112/function/opt-66b-submod-0-latency-25.cdgp
1704042434386094510,1704042443238583218,500,http://172.169.8.253:31112/function/opt-66b-submod-0-latency-25.cdgp
1704042434386213522,1704042443284634949,500,http://172.169.8.253:31112/function/opt-66b-submod-0-latency-25.cdgp
1704042434386259489,1704042444149767503,500,http://172.169.8.253:31112/function/opt-66b-submod-0-latency-25.cdgp
1704042434386350644,1704042438442858148,200,http://172.169.8.253:31112/function/opt-66b-submod-0-latency-25.cdgp
1704042434386459898,1704042439552069211,200,http://172.169.8.253:31112/function/opt-66b-submod-0-latency-25.cdgp
1704042434386541392,1704042444151080011,500,http://172.169.8.253:31112/function/opt-66b-submod-0-latency-25.cdgp
1704042434386651575,1704042444155678276,500,http://172.169.8.253:31112/function/opt-66b-submod-0-latency-25.cdgp
1704042434386705900,1704042444153504630,500,http://172.169.8.253:31112/function/opt-66b-submod-0-latency-25.cdgp
1704042434386770654,1704042444148341144,500,http://172.169.8.253:31112/function/opt-66b-submod-0-latency-25.cdgp
1704042434386835509,1704042444145620609,500,http://172.169.8.253:31112/function/opt-66b-submod-0-latency-25.cdgp
1704042434386914840,1704042444156954252,500,http://172.169.8.253:31112/function/opt-66b-submod-0-latency-25.cdgp
1704042434390075475,1704042443163268808,500,http://172.169.8.253:31112/function/opt-66b-submod-0-latency-25.cdgp
1704042434390173571,1704042444154361943,500,http://172.169.8.253:31112/function/opt-66b-submod-0-latency-25.cdgp
1704042434390252247,1704042444154035907,500,http://172.169.8.253:31112/function/opt-66b-submod-0-latency-25.cdgp
1704042434462762478,1704042444463769387,500,http://172.169.8.253:31112/function/opt-66b-submod-0-latency-25.cdgp
1704042434462852477,1704042444463943038,500,http://172.169.8.253:31112/function/opt-66b-submod-0-latency-25.cdgp
1704042434462946094,1704042443639047009,500,http://172.169.8.253:31112/function/opt-66b-submod-0-latency-25.cdgp
1704042434463006433,1704042437493052785,200,http://172.169.8.253:31112/function/opt-66b-submod-0-latency-25.cdgp
1704042434463079219,1704042439572246526,200,http://172.169.8.253:31112/function/opt-66b-submod-0-latency-25.cdgp
1704042434463114249,1704042444463642552,500,http://172.169.8.253:31112/function/opt-66b-submod-0-latency-25.cdgp
1704042434463202153,1704042444463957158,500,http://172.169.8.253:31112/function/opt-66b-submod-0-latency-25.cdgp
1704042434463270180,1704042444463636244,500,http://172.169.8.253:31112/function/opt-66b-submod-0-latency-25.cdgp
1704042434463332780,1704042444463949188,500,http://172.169.8.253:31112/function/opt-66b-submod-0-latency-25.cdgp
1704042434463393973,1704042444463775833,500,http://172.169.8.253:31112/function/opt-66b-submod-0-latency-25.cdgp
1704042434463429979,1704042439509497946,200,http://172.169.8.253:31112/function/opt-66b-submod-0-latency-25.cdgp
1704042434463518211,1704042437490303426,200,http://172.169.8.253:31112/function/opt-66b-submod-0-latency-25.cdgp
1704042434463600605,1704042440066325075,200,http://172.169.8.253:31112/function/opt-66b-submod-0-latency-25.cdgp
1704042434463689759,1704042444463974971,500,http://172.169.8.253:31112/function/opt-66b-submod-0-latency-25.cdgp
1704042434463777410,1704042444463968389,500,http://172.169.8.253:31112/function/opt-66b-submod-0-latency-25.cdgp
1704042434463898733,1704042444464133314,500,http://172.169.8.253:31112/function/opt-66b-submod-0-latency-25.cdgp
1704042434463983475,1704042444464099210,500,http://172.169.8.253:31112/function/opt-66b-submod-0-latency-25.cdgp
1704042434464074812,1704042444237048445,500,http://172.169.8.253:31112/function/opt-66b-submod-0-latency-25.cdgp
1704042434464137588,1704042444464993472,500,http://172.169.8.253:31112/function/opt-66b-submod-0-latency-25.cdgp
1704042434464187944,1704042444464978832,500,http://172.169.8.253:31112/function/opt-66b-submod-0-latency-25.cdgp
1704042434464267096,1704042444251455988,500,http://172.169.8.253:31112/function/opt-66b-submod-0-latency-25.cdgp
1704042434464330688,1704042444464982471,500,http://172.169.8.253:31112/function/opt-66b-submod-0-latency-25.cdgp
1704042434464391102,1704042439789238927,200,http://172.169.8.253:31112/function/opt-66b-submod-0-latency-25.cdgp
1704042434464471873,1704042444464997694,500,http://172.169.8.253:31112/function/opt-66b-submod-0-latency-25.cdgp
1704042434464542268,1704042444464971421,500,http://172.169.8.253:31112/function/opt-66b-submod-0-latency-25.cdgp
1704042434466310280,1704042444305307695,500,http://172.169.8.253:31112/function/opt-66b-submod-0-latency-25.cdgp
1704042434466404929,1704042444466983148,500,http://172.169.8.253:31112/function/opt-66b-submod-0-latency-25.cdgp
1704042434466488145,1704042439773182855,200,http://172.169.8.253:31112/function/opt-66b-submod-0-latency-25.cdgp
1704042434466600876,1704042444287544858,500,http://172.169.8.253:31112/function/opt-66b-submod-0-latency-25.cdgp
1704042434478053982,1704042439611116815,200,http://172.169.8.253:31112/function/opt-66b-submod-0-latency-25.cdgp
1704042434478139307,1704042444479502430,500,http://172.169.8.253:31112/function/opt-66b-submod-0-latency-25.cdgp
1704042434478205984,1704042444479494296,500,http://172.169.8.253:31112/function/opt-66b-submod-0-latency-25.cdgp
1704042434478302256,1704042443596435593,500,http://172.169.8.253:31112/function/opt-66b-submod-0-latency-25.cdgp
1704042434478407949,1704042444479483630,500,http://172.169.8.253:31112/function/opt-66b-submod-0-latency-25.cdgp
1704042434478544009,1704042444479485734,500,http://172.169.8.253:31112/function/opt-66b-submod-0-latency-25.cdgp
1704042434478610441,1704042439563763245,200,http://172.169.8.253:31112/function/opt-66b-submod-0-latency-25.cdgp
1704042434478701495,1704042438893661719,200,http://172.169.8.253:31112/function/opt-66b-submod-0-latency-25.cdgp
1704042434478778732,1704042444479494519,500,http://172.169.8.253:31112/function/opt-66b-submod-0-latency-25.cdgp
1704042434478811106,1704042439567584299,200,http://172.169.8.253:31112/function/opt-66b-submod-0-latency-25.cdgp
1704042434499829363,1704042444500127902,500,http://172.169.8.253:31112/function/opt-66b-submod-0-latency-25.cdgp
1704042434499913219,1704042444500136473,500,http://172.169.8.253:31112/function/opt-66b-submod-0-latency-25.cdgp
1704042434499976493,1704042444500225633,500,http://172.169.8.253:31112/function/opt-66b-submod-0-latency-25.cdgp
1704042434500060531,1704042444498912974,500,http://172.169.8.253:31112/function/opt-66b-submod-0-latency-25.cdgp
1704042434500142444,1704042439780194736,200,http://172.169.8.253:31112/function/opt-66b-submod-0-latency-25.cdgp
1704042434500206363,1704042439575291741,200,http://172.169.8.253:31112/function/opt-66b-submod-0-latency-25.cdgp
1704042434500289322,1704042443876251706,500,http://172.169.8.253:31112/function/opt-66b-submod-0-latency-25.cdgp
1704042434500373326,1704042444501373859,500,http://172.169.8.253:31112/function/opt-66b-submod-0-latency-25.cdgp
1704042434500425311,1704042443932350696,500,http://172.169.8.253:31112/function/opt-66b-submod-0-latency-25.cdgp
1704042434500533587,1704042439566355509,200,http://172.169.8.253:31112/function/opt-66b-submod-0-latency-25.cdgp
1704042434500574129,1704042444498755643,500,http://172.169.8.253:31112/function/opt-66b-submod-0-latency-25.cdgp
1704042434500665424,1704042444501364225,500,http://172.169.8.253:31112/function/opt-66b-submod-0-latency-25.cdgp
1704042434500719123,1704042444501376190,500,http://172.169.8.253:31112/function/opt-66b-submod-0-latency-25.cdgp
1704042434505234820,1704042444505472106,500,http://172.169.8.253:31112/function/opt-66b-submod-0-latency-25.cdgp
1704042434505421432,1704042444505560845,500,http://172.169.8.253:31112/function/opt-66b-submod-0-latency-25.cdgp
1704042434505549763,1704042444506826369,500,http://172.169.8.253:31112/function/opt-66b-submod-0-latency-25.cdgp
1704042434505630948,1704042444506808398,500,http://172.169.8.253:31112/function/opt-66b-submod-0-latency-25.cdgp
1704042434505715582,1704042444506845654,500,http://172.169.8.253:31112/function/opt-66b-submod-0-latency-25.cdgp
1704042434505820478,1704042444506834625,500,http://172.169.8.253:31112/function/opt-66b-submod-0-latency-25.cdgp
1704042434505889906,1704042444506852804,500,http://172.169.8.253:31112/function/opt-66b-submod-0-latency-25.cdgp
1704042434506434323,1704042439777141147,200,http://172.169.8.253:31112/function/opt-66b-submod-0-latency-25.cdgp
1704042434513574770,1704042444514207586,500,http://172.169.8.253:31112/function/opt-66b-submod-0-latency-25.cdgp
1704042434513737503,1704042444514192105,500,http://172.169.8.253:31112/function/opt-66b-submod-0-latency-25.cdgp
1704042434513801687,1704042444514370210,500,http://172.169.8.253:31112/function/opt-66b-submod-0-latency-25.cdgp
1704042434513869532,1704042444514439767,500,http://172.169.8.253:31112/function/opt-66b-submod-0-latency-25.cdgp
1704042434513880675,1704042444514554337,500,http://172.169.8.253:31112/function/opt-66b-submod-0-latency-25.cdgp
1704042434513933706,1704042444514560928,500,http://172.169.8.253:31112/function/opt-66b-submod-0-latency-25.cdgp
1704042434513975567,1704042444514446566,500,http://172.169.8.253:31112/function/opt-66b-submod-0-latency-25.cdgp
1704042434514052186,1704042444514547165,500,http://172.169.8.253:31112/function/opt-66b-submod-0-latency-25.cdgp
1704042434514123929,1704042444514400678,500,http://172.169.8.253:31112/function/opt-66b-submod-0-latency-25.cdgp
1704042434514205209,1704042444514943851,500,http://172.169.8.253:31112/function/opt-66b-submod-0-latency-25.cdgp
1704042434514323341,1704042444514794478,500,http://172.169.8.253:31112/function/opt-66b-submod-0-latency-25.cdgp
1704042434514360647,1704042444514784665,500,http://172.169.8.253:31112/function/opt-66b-submod-0-latency-25.cdgp
1704042434514435437,1704042444307488098,500,http://172.169.8.253:31112/function/opt-66b-submod-0-latency-25.cdgp
1704042434514505218,1704042444514900804,500,http://172.169.8.253:31112/function/opt-66b-submod-0-latency-25.cdgp
1704042434514531697,1704042438923285808,200,http://172.169.8.253:31112/function/opt-66b-submod-0-latency-25.cdgp
1704042434514587717,1704042444514956336,500,http://172.169.8.253:31112/function/opt-66b-submod-0-latency-25.cdgp
1704042434514651691,1704042438174638554,200,http://172.169.8.253:31112/function/opt-66b-submod-0-latency-25.cdgp
1704042434514716784,1704042444515011065,500,http://172.169.8.253:31112/function/opt-66b-submod-0-latency-25.cdgp
1704042434514773430,1704042444514907488,500,http://172.169.8.253:31112/function/opt-66b-submod-0-latency-25.cdgp
1704042434514840896,1704042439811637165,200,http://172.169.8.253:31112/function/opt-66b-submod-0-latency-25.cdgp
1704042434514903616,1704042444515166700,500,http://172.169.8.253:31112/function/opt-66b-submod-0-latency-25.cdgp
1704042434514980736,1704042444515165467,500,http://172.169.8.253:31112/function/opt-66b-submod-0-latency-25.cdgp
1704042434515050746,1704042444515170459,500,http://172.169.8.253:31112/function/opt-66b-submod-0-latency-25.cdgp
1704042434527037934,1704042444527832903,500,http://172.169.8.253:31112/function/opt-66b-submod-0-latency-25.cdgp
1704042434527134928,1704042444527665472,500,http://172.169.8.253:31112/function/opt-66b-submod-0-latency-25.cdgp
1704042434527227570,1704042444527659559,500,http://172.169.8.253:31112/function/opt-66b-submod-0-latency-25.cdgp
1704042434527327025,1704042444527939525,500,http://172.169.8.253:31112/function/opt-66b-submod-0-latency-25.cdgp
1704042434527415137,1704042439615231255,200,http://172.169.8.253:31112/function/opt-66b-submod-0-latency-25.cdgp
1704042434527500100,1704042439570057029,200,http://172.169.8.253:31112/function/opt-66b-submod-0-latency-25.cdgp
1704042434527614316,1704042444527922098,500,http://172.169.8.253:31112/function/opt-66b-submod-0-latency-25.cdgp
1704042434527693039,1704042444527951992,500,http://172.169.8.253:31112/function/opt-66b-submod-0-latency-25.cdgp
1704042434527779225,1704042438102929277,200,http://172.169.8.253:31112/function/opt-66b-submod-0-latency-25.cdgp
1704042434527860731,1704042444528032436,500,http://172.169.8.253:31112/function/opt-66b-submod-0-latency-25.cdgp
1704042434527998286,1704042444528157780,500,http://172.169.8.253:31112/function/opt-66b-submod-0-latency-25.cdgp
1704042434528084833,1704042444528168786,500,http://172.169.8.253:31112/function/opt-66b-submod-0-latency-25.cdgp
1704042434528157462,1704042444529302836,500,http://172.169.8.253:31112/function/opt-66b-submod-0-latency-25.cdgp
1704042434528232965,1704042444528815002,500,http://172.169.8.253:31112/function/opt-66b-submod-0-latency-25.cdgp
1704042434528305027,1704042444529333521,500,http://172.169.8.253:31112/function/opt-66b-submod-0-latency-25.cdgp
1704042434528339001,1704042440626165807,200,http://172.169.8.253:31112/function/opt-66b-submod-0-latency-25.cdgp
1704042434528362581,1704042444528828416,500,http://172.169.8.253:31112/function/opt-66b-submod-0-latency-25.cdgp
1704042434528384221,1704042439568821522,200,http://172.169.8.253:31112/function/opt-66b-submod-0-latency-25.cdgp
1704042434528474525,1704042444529104146,500,http://172.169.8.253:31112/function/opt-66b-submod-0-latency-25.cdgp
1704042434528503750,1704042444528841568,500,http://172.169.8.253:31112/function/opt-66b-submod-0-latency-25.cdgp
1704042434528553212,1704042444529002429,500,http://172.169.8.253:31112/function/opt-66b-submod-0-latency-25.cdgp
1704042434528591483,1704042440865832661,200,http://172.169.8.253:31112/function/opt-66b-submod-0-latency-25.cdgp
1704042434528667892,1704042444529008650,500,http://172.169.8.253:31112/function/opt-66b-submod-0-latency-25.cdgp
1704042434528698675,1704042444529105912,500,http://172.169.8.253:31112/function/opt-66b-submod-0-latency-25.cdgp
1704042434528804749,1704042444529226010,500,http://172.169.8.253:31112/function/opt-66b-submod-0-latency-25.cdgp
1704042434528885629,1704042444529499888,500,http://172.169.8.253:31112/function/opt-66b-submod-0-latency-25.cdgp
1704042434528946154,1704042444529386600,500,http://172.169.8.253:31112/function/opt-66b-submod-0-latency-25.cdgp
1704042434529012042,1704042443974715804,500,http://172.169.8.253:31112/function/opt-66b-submod-0-latency-25.cdgp
1704042434529091209,1704042444529655962,500,http://172.169.8.253:31112/function/opt-66b-submod-0-latency-25.cdgp
1704042434529104177,1704042444529318907,500,http://172.169.8.253:31112/function/opt-66b-submod-0-latency-25.cdgp
1704042434529179960,1704042439617639893,200,http://172.169.8.253:31112/function/opt-66b-submod-0-latency-25.cdgp
1704042434529276331,1704042444529747226,500,http://172.169.8.253:31112/function/opt-66b-submod-0-latency-25.cdgp
1704042434529349531,1704042444529525504,500,http://172.169.8.253:31112/function/opt-66b-submod-0-latency-25.cdgp
1704042434529392561,1704042444529728373,500,http://172.169.8.253:31112/function/opt-66b-submod-0-latency-25.cdgp
1704042434529489126,1704042444529670002,500,http://172.169.8.253:31112/function/opt-66b-submod-0-latency-25.cdgp
1704042434529532091,1704042438926129394,200,http://172.169.8.253:31112/function/opt-66b-submod-0-latency-25.cdgp
1704042434529651989,1704042437801317653,200,http://172.169.8.253:31112/function/opt-66b-submod-0-latency-25.cdgp
1704042434529717138,1704042444529933475,500,http://172.169.8.253:31112/function/opt-66b-submod-0-latency-25.cdgp
1704042434529805878,1704042444529940618,500,http://172.169.8.253:31112/function/opt-66b-submod-0-latency-25.cdgp
1704042434529883449,1704042440276060657,200,http://172.169.8.253:31112/function/opt-66b-submod-0-latency-25.cdgp
1704042434529959453,1704042438896805753,200,http://172.169.8.253:31112/function/opt-66b-submod-0-latency-25.cdgp
1704042434530063732,1704042444531433894,500,http://172.169.8.253:31112/function/opt-66b-submod-0-latency-25.cdgp
1704042434530151491,1704042444531161691,500,http://172.169.8.253:31112/function/opt-66b-submod-0-latency-25.cdgp
1704042434530232014,1704042438923298989,200,http://172.169.8.253:31112/function/opt-66b-submod-0-latency-25.cdgp
1704042434530279170,1704042439570624423,200,http://172.169.8.253:31112/function/opt-66b-submod-0-latency-25.cdgp
1704042434530373877,1704042444531170208,500,http://172.169.8.253:31112/function/opt-66b-submod-0-latency-25.cdgp
1704042434530448675,1704042439024554879,200,http://172.169.8.253:31112/function/opt-66b-submod-0-latency-25.cdgp
1704042434530521804,1704042444531262232,500,http://172.169.8.253:31112/function/opt-66b-submod-0-latency-25.cdgp
1704042434530588875,1704042444531452544,500,http://172.169.8.253:31112/function/opt-66b-submod-0-latency-25.cdgp
1704042434530620575,1704042444531146288,500,http://172.169.8.253:31112/function/opt-66b-submod-0-latency-25.cdgp
1704042434530714238,1704042444531454697,500,http://172.169.8.253:31112/function/opt-66b-submod-0-latency-25.cdgp
1704042434530790446,1704042444531250757,500,http://172.169.8.253:31112/function/opt-66b-submod-0-latency-25.cdgp
1704042434530855246,1704042444531367938,500,http://172.169.8.253:31112/function/opt-66b-submod-0-latency-25.cdgp
1704042434530942286,1704042439775254083,200,http://172.169.8.253:31112/function/opt-66b-submod-0-latency-25.cdgp
1704042434531087223,1704042444531454447,500,http://172.169.8.253:31112/function/opt-66b-submod-0-latency-25.cdgp
1704042434626549663,1704042444626857497,500,http://172.169.8.253:31112/function/opt-66b-submod-0-latency-25.cdgp
1704042434626630588,1704042444626849101,500,http://172.169.8.253:31112/function/opt-66b-submod-0-latency-25.cdgp
1704042434626722793,1704042444627039005,500,http://172.169.8.253:31112/function/opt-66b-submod-0-latency-25.cdgp
1704042434626797514,1704042440108999738,200,http://172.169.8.253:31112/function/opt-66b-submod-0-latency-25.cdgp
1704042434626892375,1704042444627057163,500,http://172.169.8.253:31112/function/opt-66b-submod-0-latency-25.cdgp
1704042434627030203,1704042440936535949,200,http://172.169.8.253:31112/function/opt-66b-submod-0-latency-25.cdgp
1704042434627092905,1704042444628112552,500,http://172.169.8.253:31112/function/opt-66b-submod-0-latency-25.cdgp
1704042434627117482,1704042444628111474,500,http://172.169.8.253:31112/function/opt-66b-submod-0-latency-25.cdgp
1704042434818543902,1704042444819391357,500,http://172.169.8.253:31112/function/opt-66b-submod-0-latency-25.cdgp
1704042434818630553,1704042444819224359,500,http://172.169.8.253:31112/function/opt-66b-submod-0-latency-25.cdgp
1704042434818736303,1704042444819372866,500,http://172.169.8.253:31112/function/opt-66b-submod-0-latency-25.cdgp
1704042434818804094,1704042444819395328,500,http://172.169.8.253:31112/function/opt-66b-submod-0-latency-25.cdgp
1704042434818876011,1704042444819168769,500,http://172.169.8.253:31112/function/opt-66b-submod-0-latency-25.cdgp
1704042434818906166,1704042440641532752,200,http://172.169.8.253:31112/function/opt-66b-submod-0-latency-25.cdgp
1704042434818981273,1704042439875534457,200,http://172.169.8.253:31112/function/opt-66b-submod-0-latency-25.cdgp
1704042434930957841,1704042444932338684,500,http://172.169.8.253:31112/function/opt-66b-submod-0-latency-25.cdgp
1704042434931030402,1704042444932250070,500,http://172.169.8.253:31112/function/opt-66b-submod-0-latency-25.cdgp
1704042434931076302,1704042444932339851,500,http://172.169.8.253:31112/function/opt-66b-submod-0-latency-25.cdgp
1704042434931159423,1704042444932348257,500,http://172.169.8.253:31112/function/opt-66b-submod-0-latency-25.cdgp
1704042434931219683,1704042440873152919,200,http://172.169.8.253:31112/function/opt-66b-submod-0-latency-25.cdgp
1704042434931291858,1704042439216082615,200,http://172.169.8.253:31112/function/opt-66b-submod-0-latency-25.cdgp
1704042434931358156,1704042444932226813,500,http://172.169.8.253:31112/function/opt-66b-submod-0-latency-25.cdgp
1704042434953491526,1704042440632161889,200,http://172.169.8.253:31112/function/opt-66b-submod-0-latency-25.cdgp
1704042434970528738,1704042444971741178,500,http://172.169.8.253:31112/function/opt-66b-submod-0-latency-25.cdgp
1704042434975662468,1704042438895257103,200,http://172.169.8.253:31112/function/opt-66b-submod-0-latency-25.cdgp
1704042434975784340,1704042444977189381,500,http://172.169.8.253:31112/function/opt-66b-submod-0-latency-25.cdgp
1704042434975891593,1704042444977202466,500,http://172.169.8.253:31112/function/opt-66b-submod-0-latency-25.cdgp
1704042434975975906,1704042444977001011,500,http://172.169.8.253:31112/function/opt-66b-submod-0-latency-25.cdgp
1704042434976038841,1704042444977010447,500,http://172.169.8.253:31112/function/opt-66b-submod-0-latency-25.cdgp
1704042435115627647,1704042445116658151,500,http://172.169.8.253:31112/function/opt-66b-submod-0-latency-25.cdgp
1704042435115721779,1704042445116722320,500,http://172.169.8.253:31112/function/opt-66b-submod-0-latency-25.cdgp
1704042435115794443,1704042439827171288,200,http://172.169.8.253:31112/function/opt-66b-submod-0-latency-25.cdgp
1704042435115887082,1704042445116772168,500,http://172.169.8.253:31112/function/opt-66b-submod-0-latency-25.cdgp
1704042435130651967,1704042445131904878,500,http://172.169.8.253:31112/function/opt-66b-submod-0-latency-25.cdgp
1704042435131305938,1704042445131844090,500,http://172.169.8.253:31112/function/opt-66b-submod-0-latency-25.cdgp
1704042435133742612,1704042445133929054,500,http://172.169.8.253:31112/function/opt-66b-submod-0-latency-25.cdgp
1704042435133903866,1704042439276615842,200,http://172.169.8.253:31112/function/opt-66b-submod-0-latency-25.cdgp
1704042435133997352,1704042439396572434,200,http://172.169.8.253:31112/function/opt-66b-submod-0-latency-25.cdgp
1704042435178985836,1704042445179723390,500,http://172.169.8.253:31112/function/opt-66b-submod-0-latency-25.cdgp
1704042435179067060,1704042440186035252,200,http://172.169.8.253:31112/function/opt-66b-submod-0-latency-25.cdgp
1704042435183501323,1704042445184161191,500,http://172.169.8.253:31112/function/opt-66b-submod-0-latency-25.cdgp
1704042435183557827,1704042439785852084,200,http://172.169.8.253:31112/function/opt-66b-submod-0-latency-25.cdgp
1704042435183633685,1704042440074490514,200,http://172.169.8.253:31112/function/opt-66b-submod-0-latency-25.cdgp
1704042435183711027,1704042445184153348,500,http://172.169.8.253:31112/function/opt-66b-submod-0-latency-25.cdgp
1704042435183817665,1704042445184168925,500,http://172.169.8.253:31112/function/opt-66b-submod-0-latency-25.cdgp
1704042435183925108,1704042445184171185,500,http://172.169.8.253:31112/function/opt-66b-submod-0-latency-25.cdgp
1704042435183950329,1704042440936635011,200,http://172.169.8.253:31112/function/opt-66b-submod-0-latency-25.cdgp
1704042435184039956,1704042439822397510,200,http://172.169.8.253:31112/function/opt-66b-submod-0-latency-25.cdgp
1704042435184122802,1704042439989301328,200,http://172.169.8.253:31112/function/opt-66b-submod-0-latency-25.cdgp
1704042435184153259,1704042445184281346,500,http://172.169.8.253:31112/function/opt-66b-submod-0-latency-25.cdgp
1704042435188359181,1704042445189398388,500,http://172.169.8.253:31112/function/opt-66b-submod-0-latency-25.cdgp
1704042435188454171,1704042445189397958,500,http://172.169.8.253:31112/function/opt-66b-submod-0-latency-25.cdgp
1704042435188549673,1704042445189381147,500,http://172.169.8.253:31112/function/opt-66b-submod-0-latency-25.cdgp
1704042435202331278,1704042440001881635,200,http://172.169.8.253:31112/function/opt-66b-submod-0-latency-25.cdgp
1704042435202426097,1704042440667931018,200,http://172.169.8.253:31112/function/opt-66b-submod-0-latency-25.cdgp
1704042435202600827,1704042441038157859,200,http://172.169.8.253:31112/function/opt-66b-submod-0-latency-25.cdgp
1704042435202698494,1704042445203627373,500,http://172.169.8.253:31112/function/opt-66b-submod-0-latency-25.cdgp
1704042435202768943,1704042445203648364,500,http://172.169.8.253:31112/function/opt-66b-submod-0-latency-25.cdgp
1704042435202834049,1704042440244354672,200,http://172.169.8.253:31112/function/opt-66b-submod-0-latency-25.cdgp
1704042435202925093,1704042445203632956,500,http://172.169.8.253:31112/function/opt-66b-submod-0-latency-25.cdgp
1704042435212396634,1704042445212988125,500,http://172.169.8.253:31112/function/opt-66b-submod-0-latency-25.cdgp
1704042435212511862,1704042445212882907,500,http://172.169.8.253:31112/function/opt-66b-submod-0-latency-25.cdgp
1704042435212618179,1704042445212900968,500,http://172.169.8.253:31112/function/opt-66b-submod-0-latency-25.cdgp
1704042437237613699,1704042440656441405,200,http://172.169.8.253:31112/function/opt-66b-submod-0-latency-25.cdgp
1704042437237748346,1704042446915165201,500,http://172.169.8.253:31112/function/opt-66b-submod-0-latency-25.cdgp
1704042437237826905,1704042447238750078,500,http://172.169.8.253:31112/function/opt-66b-submod-0-latency-25.cdgp
1704042437237914596,1704042446560776122,500,http://172.169.8.253:31112/function/opt-66b-submod-0-latency-25.cdgp
1704042437238058946,1704042441079907904,200,http://172.169.8.253:31112/function/opt-66b-submod-0-latency-25.cdgp
1704042437238124749,1704042447238753623,500,http://172.169.8.253:31112/function/opt-66b-submod-0-latency-25.cdgp
1704042437238193221,1704042446599618982,500,http://172.169.8.253:31112/function/opt-66b-submod-0-latency-25.cdgp
1704042437414836767,1704042439616007379,200,http://172.169.8.253:31112/function/opt-66b-submod-0-latency-25.cdgp
1704042437414927917,1704042446731359166,500,http://172.169.8.253:31112/function/opt-66b-submod-0-latency-25.cdgp
1704042437415006411,1704042446863902377,500,http://172.169.8.253:31112/function/opt-66b-submod-0-latency-25.cdgp
1704042437415077371,1704042440006569397,200,http://172.169.8.253:31112/function/opt-66b-submod-0-latency-25.cdgp
1704042437415226641,1704042445833155939,500,http://172.169.8.253:31112/function/opt-66b-submod-0-latency-25.cdgp
1704042437415293030,1704042446819394632,500,http://172.169.8.253:31112/function/opt-66b-submod-0-latency-25.cdgp
1704042437415338208,1704042446647068273,500,http://172.169.8.253:31112/function/opt-66b-submod-0-latency-25.cdgp
1704042437415403772,1704042441286995960,200,http://172.169.8.253:31112/function/opt-66b-submod-0-latency-25.cdgp
1704042437415486732,1704042446642778506,500,http://172.169.8.253:31112/function/opt-66b-submod-0-latency-25.cdgp
1704042437415529597,1704042447010656398,500,http://172.169.8.253:31112/function/opt-66b-submod-0-latency-25.cdgp
1704042437415578495,1704042440669853199,200,http://172.169.8.253:31112/function/opt-66b-submod-0-latency-25.cdgp
1704042437415658630,1704042440188014540,200,http://172.169.8.253:31112/function/opt-66b-submod-0-latency-25.cdgp
1704042437415722203,1704042447010990626,500,http://172.169.8.253:31112/function/opt-66b-submod-0-latency-25.cdgp
1704042437415770964,1704042445964619992,500,http://172.169.8.253:31112/function/opt-66b-submod-0-latency-25.cdgp
1704042437415853826,1704042446827245953,500,http://172.169.8.253:31112/function/opt-66b-submod-0-latency-25.cdgp
1704042437415897427,1704042446040235060,500,http://172.169.8.253:31112/function/opt-66b-submod-0-latency-25.cdgp
1704042437415955091,1704042446952007579,500,http://172.169.8.253:31112/function/opt-66b-submod-0-latency-25.cdgp
1704042437416040211,1704042441273267628,200,http://172.169.8.253:31112/function/opt-66b-submod-0-latency-25.cdgp
1704042437416110202,1704042446689460409,500,http://172.169.8.253:31112/function/opt-66b-submod-0-latency-25.cdgp
1704042437416194994,1704042439341774781,200,http://172.169.8.253:31112/function/opt-66b-submod-0-latency-25.cdgp
1704042437416261868,1704042446733522138,500,http://172.169.8.253:31112/function/opt-66b-submod-0-latency-25.cdgp
1704042437416327455,1704042446642176363,500,http://172.169.8.253:31112/function/opt-66b-submod-0-latency-25.cdgp
1704042437416420813,1704042447056277830,500,http://172.169.8.253:31112/function/opt-66b-submod-0-latency-25.cdgp
1704042437416475666,1704042447054664194,500,http://172.169.8.253:31112/function/opt-66b-submod-0-latency-25.cdgp
1704042437416559340,1704042447012602869,500,http://172.169.8.253:31112/function/opt-66b-submod-0-latency-25.cdgp
1704042437416665588,1704042440574887379,200,http://172.169.8.253:31112/function/opt-66b-submod-0-latency-25.cdgp
1704042437432109905,1704042447008945621,500,http://172.169.8.253:31112/function/opt-66b-submod-0-latency-25.cdgp
1704042437432194975,1704042446797855080,500,http://172.169.8.253:31112/function/opt-66b-submod-0-latency-25.cdgp
1704042437432311997,1704042446736459738,500,http://172.169.8.253:31112/function/opt-66b-submod-0-latency-25.cdgp
1704042437432398304,1704042446854428437,500,http://172.169.8.253:31112/function/opt-66b-submod-0-latency-25.cdgp
1704042437432496095,1704042447094767457,500,http://172.169.8.253:31112/function/opt-66b-submod-0-latency-25.cdgp
1704042437432611053,1704042445756248880,500,http://172.169.8.253:31112/function/opt-66b-submod-0-latency-25.cdgp
1704042437432679062,1704042441042666215,200,http://172.169.8.253:31112/function/opt-66b-submod-0-latency-25.cdgp
1704042437432732110,1704042447056378531,500,http://172.169.8.253:31112/function/opt-66b-submod-0-latency-25.cdgp
1704042437434780493,1704042445920315771,500,http://172.169.8.253:31112/function/opt-66b-submod-0-latency-25.cdgp
1704042437434852560,1704042447004380845,500,http://172.169.8.253:31112/function/opt-66b-submod-0-latency-25.cdgp
1704042437434874575,1704042439379355320,200,http://172.169.8.253:31112/function/opt-66b-submod-0-latency-25.cdgp
1704042437434956480,1704042446799342139,500,http://172.169.8.253:31112/function/opt-66b-submod-0-latency-25.cdgp
1704042437694248609,1704042440618552689,200,http://172.169.8.253:31112/function/opt-66b-submod-0-latency-25.cdgp
1704042437694331602,1704042447038044456,500,http://172.169.8.253:31112/function/opt-66b-submod-0-latency-25.cdgp
1704042437694392296,1704042447126514092,500,http://172.169.8.253:31112/function/opt-66b-submod-0-latency-25.cdgp
1704042437710516453,1704042446858130429,500,http://172.169.8.253:31112/function/opt-66b-submod-0-latency-25.cdgp
1704042437710569061,1704042440755781749,200,http://172.169.8.253:31112/function/opt-66b-submod-0-latency-25.cdgp
1704042437710619428,1704042446800854482,500,http://172.169.8.253:31112/function/opt-66b-submod-0-latency-25.cdgp
1704042437710680426,1704042446183250813,500,http://172.169.8.253:31112/function/opt-66b-submod-0-latency-25.cdgp
1704042438000476356,1704042440322550064,200,http://172.169.8.253:31112/function/opt-66b-submod-0-latency-25.cdgp
1704042438000609042,1704042440984948741,200,http://172.169.8.253:31112/function/opt-66b-submod-0-latency-25.cdgp
1704042438000693344,1704042447032423217,500,http://172.169.8.253:31112/function/opt-66b-submod-0-latency-25.cdgp
1704042438000764638,1704042440616409604,200,http://172.169.8.253:31112/function/opt-66b-submod-0-latency-25.cdgp
1704042438000841661,1704042447284810802,500,http://172.169.8.253:31112/function/opt-66b-submod-0-latency-25.cdgp
1704042438002734742,1704042447199643181,500,http://172.169.8.253:31112/function/opt-66b-submod-0-latency-25.cdgp
1704042438002843215,1704042447473393298,500,http://172.169.8.253:31112/function/opt-66b-submod-0-latency-25.cdgp
1704042438002907264,1704042447484167294,500,http://172.169.8.253:31112/function/opt-66b-submod-0-latency-25.cdgp
1704042438002946561,1704042440765321991,200,http://172.169.8.253:31112/function/opt-66b-submod-0-latency-25.cdgp
1704042438003035635,1704042447527606416,500,http://172.169.8.253:31112/function/opt-66b-submod-0-latency-25.cdgp
1704042438003099331,1704042440607151034,200,http://172.169.8.253:31112/function/opt-66b-submod-0-latency-25.cdgp
1704042438003138198,1704042447078287428,500,http://172.169.8.253:31112/function/opt-66b-submod-0-latency-25.cdgp
1704042438003221016,1704042447527859719,500,http://172.169.8.253:31112/function/opt-66b-submod-0-latency-25.cdgp
1704042438003268708,1704042446040389624,500,http://172.169.8.253:31112/function/opt-66b-submod-0-latency-25.cdgp
1704042438003347533,1704042447473388546,500,http://172.169.8.253:31112/function/opt-66b-submod-0-latency-25.cdgp
1704042438003437174,1704042447447559176,500,http://172.169.8.253:31112/function/opt-66b-submod-0-latency-25.cdgp
1704042438003520956,1704042447471555340,500,http://172.169.8.253:31112/function/opt-66b-submod-0-latency-25.cdgp
1704042438009570235,1704042447190406973,500,http://172.169.8.253:31112/function/opt-66b-submod-0-latency-25.cdgp
1704042438009679130,1704042447198715868,500,http://172.169.8.253:31112/function/opt-66b-submod-0-latency-25.cdgp
1704042438009768211,1704042441210595621,200,http://172.169.8.253:31112/function/opt-66b-submod-0-latency-25.cdgp
1704042438009906677,1704042447487918933,500,http://172.169.8.253:31112/function/opt-66b-submod-0-latency-25.cdgp
1704042438010046154,1704042440653299791,200,http://172.169.8.253:31112/function/opt-66b-submod-0-latency-25.cdgp
1704042438010128093,1704042447162837310,500,http://172.169.8.253:31112/function/opt-66b-submod-0-latency-25.cdgp
1704042438210684166,1704042441107179971,200,http://172.169.8.253:31112/function/opt-66b-submod-0-latency-25.cdgp
1704042438210768580,1704042441323421998,200,http://172.169.8.253:31112/function/opt-66b-submod-0-latency-25.cdgp
1704042438210843002,1704042447699356033,500,http://172.169.8.253:31112/function/opt-66b-submod-0-latency-25.cdgp
1704042438210961273,1704042447612928889,500,http://172.169.8.253:31112/function/opt-66b-submod-0-latency-25.cdgp
1704042438211037659,1704042447226610023,500,http://172.169.8.253:31112/function/opt-66b-submod-0-latency-25.cdgp
1704042438211065117,1704042440739229891,200,http://172.169.8.253:31112/function/opt-66b-submod-0-latency-25.cdgp
1704042438211142457,1704042440701896664,200,http://172.169.8.253:31112/function/opt-66b-submod-0-latency-25.cdgp
1704042438211222801,1704042447588072814,500,http://172.169.8.253:31112/function/opt-66b-submod-0-latency-25.cdgp
1704042438211272154,1704042447271293884,500,http://172.169.8.253:31112/function/opt-66b-submod-0-latency-25.cdgp
1704042440902690973,1704042449228246320,500,http://172.169.8.253:31112/function/opt-66b-submod-0-latency-25.cdgp
1704042440902775704,1704042441692380734,200,http://172.169.8.253:31112/function/opt-66b-submod-0-latency-25.cdgp
1704042440902894874,1704042441956730257,200,http://172.169.8.253:31112/function/opt-66b-submod-0-latency-25.cdgp
1704042440902968441,1704042449047630052,500,http://172.169.8.253:31112/function/opt-66b-submod-0-latency-25.cdgp
1704042440903059031,1704042450401941315,500,http://172.169.8.253:31112/function/opt-66b-submod-0-latency-25.cdgp
1704042440903142110,1704042449090024307,500,http://172.169.8.253:31112/function/opt-66b-submod-0-latency-25.cdgp
1704042440903239608,1704042450406665325,500,http://172.169.8.253:31112/function/opt-66b-submod-0-latency-25.cdgp
1704042440903304894,1704042450402668682,500,http://172.169.8.253:31112/function/opt-66b-submod-0-latency-25.cdgp
1704042440936551804,1704042450183284731,500,http://172.169.8.253:31112/function/opt-66b-submod-0-latency-25.cdgp
1704042440936632835,1704042449172953864,500,http://172.169.8.253:31112/function/opt-66b-submod-0-latency-25.cdgp
1704042440936700872,1704042441871369582,200,http://172.169.8.253:31112/function/opt-66b-submod-0-latency-25.cdgp
1704042442250830751,1704042443111224362,200,http://172.169.8.253:31112/function/opt-66b-submod-0-latency-25.cdgp
1704042442250949835,1704042443267705653,200,http://172.169.8.253:31112/function/opt-66b-submod-0-latency-25.cdgp
1704042442251006185,1704042451592814932,500,http://172.169.8.253:31112/function/opt-66b-submod-0-latency-25.cdgp
1704042442251101871,1704042450146080848,500,http://172.169.8.253:31112/function/opt-66b-submod-0-latency-25.cdgp
1704042442251168337,1704042451451570380,500,http://172.169.8.253:31112/function/opt-66b-submod-0-latency-25.cdgp
1704042442251202113,1704042450406210821,500,http://172.169.8.253:31112/function/opt-66b-submod-0-latency-25.cdgp
1704042442251257378,1704042451575435732,500,http://172.169.8.253:31112/function/opt-66b-submod-0-latency-25.cdgp
1704042442251398089,1704042451445949927,500,http://172.169.8.253:31112/function/opt-66b-submod-0-latency-25.cdgp
1704042442251439230,1704042451488562135,500,http://172.169.8.253:31112/function/opt-66b-submod-0-latency-25.cdgp
1704042442251527727,1704042451639907293,500,http://172.169.8.253:31112/function/opt-66b-submod-0-latency-25.cdgp
1704042442251579368,1704042451559841441,500,http://172.169.8.253:31112/function/opt-66b-submod-0-latency-25.cdgp
1704042442424564972,1704042443511120341,200,http://172.169.8.253:31112/function/opt-66b-submod-0-latency-25.cdgp
1704042442424637478,1704042443639187710,200,http://172.169.8.253:31112/function/opt-66b-submod-0-latency-25.cdgp
1704042442424713253,1704042451843284786,500,http://172.169.8.253:31112/function/opt-66b-submod-0-latency-25.cdgp
1704042442425165044,1704042443219440459,200,http://172.169.8.253:31112/function/opt-66b-submod-0-latency-25.cdgp
1704042442425207144,1704042451531503192,500,http://172.169.8.253:31112/function/opt-66b-submod-0-latency-25.cdgp
1704042442425297297,1704042443871140202,200,http://172.169.8.253:31112/function/opt-66b-submod-0-latency-25.cdgp
1704042442446874133,1704042443915115644,200,http://172.169.8.253:31112/function/opt-66b-submod-0-latency-25.cdgp
1704042442446952660,1704042451875467080,500,http://172.169.8.253:31112/function/opt-66b-submod-0-latency-25.cdgp
1704042442542551890,1704042443652379224,200,http://172.169.8.253:31112/function/opt-66b-submod-0-latency-25.cdgp
1704042442542635709,1704042451835446517,500,http://172.169.8.253:31112/function/opt-66b-submod-0-latency-25.cdgp
1704042442542668744,1704042452078775280,500,http://172.169.8.253:31112/function/opt-66b-submod-0-latency-25.cdgp
1704042442542773901,1704042443338558755,200,http://172.169.8.253:31112/function/opt-66b-submod-0-latency-25.cdgp
1704042442542844415,1704042443865061805,200,http://172.169.8.253:31112/function/opt-66b-submod-0-latency-25.cdgp
1704042442542894276,1704042451834820108,500,http://172.169.8.253:31112/function/opt-66b-submod-0-latency-25.cdgp
1704042442542991606,1704042451834802188,500,http://172.169.8.253:31112/function/opt-66b-submod-0-latency-25.cdgp
1704042442543018074,1704042443596672969,200,http://172.169.8.253:31112/function/opt-66b-submod-0-latency-25.cdgp
1704042442543102574,1704042450647847666,500,http://172.169.8.253:31112/function/opt-66b-submod-0-latency-25.cdgp
1704042442543185910,1704042443652386957,200,http://172.169.8.253:31112/function/opt-66b-submod-0-latency-25.cdgp
1704042442587277802,1704042450859500847,500,http://172.169.8.253:31112/function/opt-66b-submod-0-latency-25.cdgp
1704042442587384576,1704042451556292310,500,http://172.169.8.253:31112/function/opt-66b-submod-0-latency-25.cdgp
1704042442587462006,1704042443873371492,200,http://172.169.8.253:31112/function/opt-66b-submod-0-latency-25.cdgp
1704042442587504634,1704042443975292262,200,http://172.169.8.253:31112/function/opt-66b-submod-0-latency-25.cdgp
1704042442587585699,1704042443871654726,200,http://172.169.8.253:31112/function/opt-66b-submod-0-latency-25.cdgp
1704042442587641756,1704042450696008617,500,http://172.169.8.253:31112/function/opt-66b-submod-0-latency-25.cdgp
1704042442587720181,1704042452231361513,500,http://172.169.8.253:31112/function/opt-66b-submod-0-latency-25.cdgp
1704042442587785863,1704042451627132091,500,http://172.169.8.253:31112/function/opt-66b-submod-0-latency-25.cdgp
1704042442587817647,1704042443929406401,200,http://172.169.8.253:31112/function/opt-66b-submod-0-latency-25.cdgp
1704042442587894318,1704042450652200775,500,http://172.169.8.253:31112/function/opt-66b-submod-0-latency-25.cdgp
1704042443280550766,1704042451752919352,500,http://172.169.8.253:31112/function/opt-66b-submod-0-latency-25.cdgp
1704042443280636504,1704042444498183011,200,http://172.169.8.253:31112/function/opt-66b-submod-0-latency-25.cdgp
1704042443280728903,1704042451834053354,500,http://172.169.8.253:31112/function/opt-66b-submod-0-latency-25.cdgp
1704042443280839815,1704042451835104998,500,http://172.169.8.253:31112/function/opt-66b-submod-0-latency-25.cdgp
1704042443280926227,1704042451801233974,500,http://172.169.8.253:31112/function/opt-66b-submod-0-latency-25.cdgp
1704042443280997898,1704042444625603941,200,http://172.169.8.253:31112/function/opt-66b-submod-0-latency-25.cdgp
1704042443281065960,1704042451879297009,500,http://172.169.8.253:31112/function/opt-66b-submod-0-latency-25.cdgp
1704042443281106796,1704042452459373546,500,http://172.169.8.253:31112/function/opt-66b-submod-0-latency-25.cdgp
1704042443281183011,1704042451572548310,500,http://172.169.8.253:31112/function/opt-66b-submod-0-latency-25.cdgp
1704042443314796895,1704042453041087182,500,http://172.169.8.253:31112/function/opt-66b-submod-0-latency-25.cdgp
1704042443314880109,1704042444370647789,200,http://172.169.8.253:31112/function/opt-66b-submod-0-latency-25.cdgp
1704042443315027603,1704042453045714506,500,http://172.169.8.253:31112/function/opt-66b-submod-0-latency-25.cdgp
1704042443315093954,1704042444498848016,200,http://172.169.8.253:31112/function/opt-66b-submod-0-latency-25.cdgp
1704042443317539550,1704042452971875877,500,http://172.169.8.253:31112/function/opt-66b-submod-0-latency-25.cdgp
1704042443317642553,1704042445156525680,200,http://172.169.8.253:31112/function/opt-66b-submod-0-latency-25.cdgp
1704042443379985332,1704042453042394143,500,http://172.169.8.253:31112/function/opt-66b-submod-0-latency-25.cdgp
1704042443380096208,1704042444897662172,200,http://172.169.8.253:31112/function/opt-66b-submod-0-latency-25.cdgp
1704042443380188626,1704042445156776061,200,http://172.169.8.253:31112/function/opt-66b-submod-0-latency-25.cdgp
1704042443380276019,1704042453380889907,500,http://172.169.8.253:31112/function/opt-66b-submod-0-latency-25.cdgp
1704042443380341981,1704042451490847838,500,http://172.169.8.253:31112/function/opt-66b-submod-0-latency-25.cdgp
1704042443380420419,1704042451801221647,500,http://172.169.8.253:31112/function/opt-66b-submod-0-latency-25.cdgp
1704042443380484772,1704042445160318605,200,http://172.169.8.253:31112/function/opt-66b-submod-0-latency-25.cdgp
1704042443380555152,1704042453030657278,500,http://172.169.8.253:31112/function/opt-66b-submod-0-latency-25.cdgp
1704042443380598402,1704042451800916253,500,http://172.169.8.253:31112/function/opt-66b-submod-0-latency-25.cdgp
1704042443380672453,1704042444497927282,200,http://172.169.8.253:31112/function/opt-66b-submod-0-latency-25.cdgp
1704042443380745996,1704042451493495427,500,http://172.169.8.253:31112/function/opt-66b-submod-0-latency-25.cdgp
1704042443380825017,1704042453083767686,500,http://172.169.8.253:31112/function/opt-66b-submod-0-latency-25.cdgp
1704042443380849209,1704042452765908611,500,http://172.169.8.253:31112/function/opt-66b-submod-0-latency-25.cdgp
1704042443380941238,1704042453045739949,500,http://172.169.8.253:31112/function/opt-66b-submod-0-latency-25.cdgp
1704042443381056413,1704042445156858011,200,http://172.169.8.253:31112/function/opt-66b-submod-0-latency-25.cdgp
1704042443381127122,1704042452972470996,500,http://172.169.8.253:31112/function/opt-66b-submod-0-latency-25.cdgp
1704042443381204464,1704042444626875491,200,http://172.169.8.253:31112/function/opt-66b-submod-0-latency-25.cdgp
1704042443405200673,1704042453261786974,500,http://172.169.8.253:31112/function/opt-66b-submod-0-latency-25.cdgp
1704042443405289403,1704042451800809165,500,http://172.169.8.253:31112/function/opt-66b-submod-0-latency-25.cdgp
1704042443405371883,1704042453260978679,500,http://172.169.8.253:31112/function/opt-66b-submod-0-latency-25.cdgp
1704042443434204896,1704042453087228953,500,http://172.169.8.253:31112/function/opt-66b-submod-0-latency-25.cdgp
1704042443434283448,1704042452972701233,500,http://172.169.8.253:31112/function/opt-66b-submod-0-latency-25.cdgp
1704042443434451638,1704042453082982114,500,http://172.169.8.253:31112/function/opt-66b-submod-0-latency-25.cdgp
1704042443434518363,1704042453435419398,500,http://172.169.8.253:31112/function/opt-66b-submod-0-latency-25.cdgp
1704042443434583712,1704042452972682426,500,http://172.169.8.253:31112/function/opt-66b-submod-0-latency-25.cdgp
1704042443434676805,1704042453047212741,500,http://172.169.8.253:31112/function/opt-66b-submod-0-latency-25.cdgp
1704042443434739624,1704042452231839320,500,http://172.169.8.253:31112/function/opt-66b-submod-0-latency-25.cdgp
1704042443442273595,1704042451834550358,500,http://172.169.8.253:31112/function/opt-66b-submod-0-latency-25.cdgp
1704042443442372544,1704042453047354835,500,http://172.169.8.253:31112/function/opt-66b-submod-0-latency-25.cdgp
1704042443442452356,1704042452972162959,500,http://172.169.8.253:31112/function/opt-66b-submod-0-latency-25.cdgp
1704042443442539880,1704042444835373483,200,http://172.169.8.253:31112/function/opt-66b-submod-0-latency-25.cdgp
1704042443442605999,1704042453207493927,500,http://172.169.8.253:31112/function/opt-66b-submod-0-latency-25.cdgp
1704042443442691115,1704042452231996284,500,http://172.169.8.253:31112/function/opt-66b-submod-0-latency-25.cdgp
1704042443442768410,1704042453041330511,500,http://172.169.8.253:31112/function/opt-66b-submod-0-latency-25.cdgp
1704042443442859021,1704042453047292721,500,http://172.169.8.253:31112/function/opt-66b-submod-0-latency-25.cdgp
1704042443445003146,1704042452400174337,500,http://172.169.8.253:31112/function/opt-66b-submod-0-latency-25.cdgp
1704042443445086105,1704042445466362743,200,http://172.169.8.253:31112/function/opt-66b-submod-0-latency-25.cdgp
1704042443445170308,1704042451833796016,500,http://172.169.8.253:31112/function/opt-66b-submod-0-latency-25.cdgp
1704042443445246210,1704042445755174096,200,http://172.169.8.253:31112/function/opt-66b-submod-0-latency-25.cdgp
1704042443445326380,1704042453258357343,500,http://172.169.8.253:31112/function/opt-66b-submod-0-latency-25.cdgp
1704042443445401067,1704042445156864535,200,http://172.169.8.253:31112/function/opt-66b-submod-0-latency-25.cdgp
1704042443445474329,1704042452382394128,500,http://172.169.8.253:31112/function/opt-66b-submod-0-latency-25.cdgp
1704042443445542179,1704042444896778278,200,http://172.169.8.253:31112/function/opt-66b-submod-0-latency-25.cdgp
1704042443445563325,1704042451834443997,500,http://172.169.8.253:31112/function/opt-66b-submod-0-latency-25.cdgp
1704042443445638794,1704042452971968305,500,http://172.169.8.253:31112/function/opt-66b-submod-0-latency-25.cdgp
1704042443445706046,1704042453249307973,500,http://172.169.8.253:31112/function/opt-66b-submod-0-latency-25.cdgp
1704042444007145957,1704042452035446230,500,http://172.169.8.253:31112/function/opt-66b-submod-0-latency-25.cdgp
1704042444007304558,1704042452399678492,500,http://172.169.8.253:31112/function/opt-66b-submod-0-latency-25.cdgp
1704042444199763306,1704042453259796081,500,http://172.169.8.253:31112/function/opt-66b-submod-0-latency-25.cdgp
1704042444199848814,1704042445465768686,200,http://172.169.8.253:31112/function/opt-66b-submod-0-latency-25.cdgp
1704042444199925191,1704042445507707037,200,http://172.169.8.253:31112/function/opt-66b-submod-0-latency-25.cdgp
1704042444268032673,1704042453306471007,500,http://172.169.8.253:31112/function/opt-66b-submod-0-latency-25.cdgp
1704042444268109991,1704042445156980273,200,http://172.169.8.253:31112/function/opt-66b-submod-0-latency-25.cdgp
1704042444268213161,1704042453377930494,500,http://172.169.8.253:31112/function/opt-66b-submod-0-latency-25.cdgp
1704042444268289870,1704042453378560221,500,http://172.169.8.253:31112/function/opt-66b-submod-0-latency-25.cdgp
1704042444268375318,1704042445465159427,200,http://172.169.8.253:31112/function/opt-66b-submod-0-latency-25.cdgp
1704042444268486722,1704042453664625362,500,http://172.169.8.253:31112/function/opt-66b-submod-0-latency-25.cdgp
1704042444268567900,1704042453707407336,500,http://172.169.8.253:31112/function/opt-66b-submod-0-latency-25.cdgp
1704042444268633178,1704042445465920267,200,http://172.169.8.253:31112/function/opt-66b-submod-0-latency-25.cdgp
1704042444378023085,1704042445767825227,200,http://172.169.8.253:31112/function/opt-66b-submod-0-latency-25.cdgp
1704042444378103582,1704042453643393740,500,http://172.169.8.253:31112/function/opt-66b-submod-0-latency-25.cdgp
1704042444378184943,1704042453044882793,500,http://172.169.8.253:31112/function/opt-66b-submod-0-latency-25.cdgp
1704042444378239884,1704042453993834469,500,http://172.169.8.253:31112/function/opt-66b-submod-0-latency-25.cdgp
1704042444378305898,1704042454043588504,500,http://172.169.8.253:31112/function/opt-66b-submod-0-latency-25.cdgp
1704042444378331156,1704042453908182267,500,http://172.169.8.253:31112/function/opt-66b-submod-0-latency-25.cdgp
1704042444378426445,1704042454046612067,500,http://172.169.8.253:31112/function/opt-66b-submod-0-latency-25.cdgp
1704042444378486504,1704042452492000299,500,http://172.169.8.253:31112/function/opt-66b-submod-0-latency-25.cdgp
1704042444378555583,1704042452971975616,500,http://172.169.8.253:31112/function/opt-66b-submod-0-latency-25.cdgp
1704042444378614223,1704042453669523308,500,http://172.169.8.253:31112/function/opt-66b-submod-0-latency-25.cdgp
1704042444378685187,1704042445799612355,200,http://172.169.8.253:31112/function/opt-66b-submod-0-latency-25.cdgp
1704042444378735613,1704042452972545056,500,http://172.169.8.253:31112/function/opt-66b-submod-0-latency-25.cdgp
1704042444378795240,1704042453307778755,500,http://172.169.8.253:31112/function/opt-66b-submod-0-latency-25.cdgp
1704042444378863871,1704042446183703555,200,http://172.169.8.253:31112/function/opt-66b-submod-0-latency-25.cdgp
1704042444378906882,1704042453804149754,500,http://172.169.8.253:31112/function/opt-66b-submod-0-latency-25.cdgp
1704042444378988230,1704042453905593845,500,http://172.169.8.253:31112/function/opt-66b-submod-0-latency-25.cdgp
1704042444379051214,1704042446180568995,200,http://172.169.8.253:31112/function/opt-66b-submod-0-latency-25.cdgp
1704042444379071527,1704042454039894144,500,http://172.169.8.253:31112/function/opt-66b-submod-0-latency-25.cdgp
1704042444379129524,1704042454019456553,500,http://172.169.8.253:31112/function/opt-66b-submod-0-latency-25.cdgp
1704042444379214822,1704042452972693615,500,http://172.169.8.253:31112/function/opt-66b-submod-0-latency-25.cdgp
1704042444379295499,1704042446182541823,200,http://172.169.8.253:31112/function/opt-66b-submod-0-latency-25.cdgp
1704042444379396819,1704042453661819252,500,http://172.169.8.253:31112/function/opt-66b-submod-0-latency-25.cdgp
1704042444379475495,1704042453792021810,500,http://172.169.8.253:31112/function/opt-66b-submod-0-latency-25.cdgp
1704042444379539170,1704042453785883464,500,http://172.169.8.253:31112/function/opt-66b-submod-0-latency-25.cdgp
1704042444379634537,1704042452971974039,500,http://172.169.8.253:31112/function/opt-66b-submod-0-latency-25.cdgp
1704042444379691147,1704042453667335838,500,http://172.169.8.253:31112/function/opt-66b-submod-0-latency-25.cdgp
1704042444379757799,1704042446183470284,200,http://172.169.8.253:31112/function/opt-66b-submod-0-latency-25.cdgp
1704042444379827488,1704042453044524093,500,http://172.169.8.253:31112/function/opt-66b-submod-0-latency-25.cdgp
1704042444379887948,1704042453946695883,500,http://172.169.8.253:31112/function/opt-66b-submod-0-latency-25.cdgp
1704042444379941063,1704042453790970070,504,http://172.169.8.253:31112/function/opt-66b-submod-0-latency-25.cdgp
1704042444380035425,1704042453667725866,500,http://172.169.8.253:31112/function/opt-66b-submod-0-latency-25.cdgp
1704042444380109495,1704042446383938145,200,http://172.169.8.253:31112/function/opt-66b-submod-0-latency-25.cdgp
1704042444415012523,1704042453946216235,500,http://172.169.8.253:31112/function/opt-66b-submod-0-latency-25.cdgp
1704042444415090626,1704042453862192682,500,http://172.169.8.253:31112/function/opt-66b-submod-0-latency-25.cdgp
1704042444415119307,1704042445755780139,200,http://172.169.8.253:31112/function/opt-66b-submod-0-latency-25.cdgp
1704042444419206112,1704042454073135305,500,http://172.169.8.253:31112/function/opt-66b-submod-0-latency-25.cdgp
1704042444419281056,1704042453944289993,500,http://172.169.8.253:31112/function/opt-66b-submod-0-latency-25.cdgp
1704042444419395006,1704042453664379806,500,http://172.169.8.253:31112/function/opt-66b-submod-0-latency-25.cdgp
1704042444419498284,1704042453942351413,500,http://172.169.8.253:31112/function/opt-66b-submod-0-latency-25.cdgp
1704042444419577245,1704042453083162034,500,http://172.169.8.253:31112/function/opt-66b-submod-0-latency-25.cdgp
1704042444419669241,1704042452973748991,500,http://172.169.8.253:31112/function/opt-66b-submod-0-latency-25.cdgp
1704042444419763751,1704042454123383228,500,http://172.169.8.253:31112/function/opt-66b-submod-0-latency-25.cdgp
1704042444419842721,1704042446250766768,200,http://172.169.8.253:31112/function/opt-66b-submod-0-latency-25.cdgp
1704042444419872472,1704042453769909220,500,http://172.169.8.253:31112/function/opt-66b-submod-0-latency-25.cdgp
1704042444420005072,1704042446250676807,200,http://172.169.8.253:31112/function/opt-66b-submod-0-latency-25.cdgp
1704042444420071140,1704042454017520899,500,http://172.169.8.253:31112/function/opt-66b-submod-0-latency-25.cdgp
1704042444420132238,1704042453518984717,500,http://172.169.8.253:31112/function/opt-66b-submod-0-latency-25.cdgp
1704042444420190218,1704042453520435092,500,http://172.169.8.253:31112/function/opt-66b-submod-0-latency-25.cdgp
1704042444420215453,1704042453768376858,500,http://172.169.8.253:31112/function/opt-66b-submod-0-latency-25.cdgp
1704042444420300859,1704042454025331001,500,http://172.169.8.253:31112/function/opt-66b-submod-0-latency-25.cdgp
1704042444743432386,1704042446183501466,200,http://172.169.8.253:31112/function/opt-66b-submod-0-latency-25.cdgp
1704042444749452974,1704042446183371752,200,http://172.169.8.253:31112/function/opt-66b-submod-0-latency-25.cdgp
1704042444749614536,1704042454146609525,500,http://172.169.8.253:31112/function/opt-66b-submod-0-latency-25.cdgp
1704042444749720250,1704042446304751126,200,http://172.169.8.253:31112/function/opt-66b-submod-0-latency-25.cdgp
1704042444749830282,1704042453662404872,500,http://172.169.8.253:31112/function/opt-66b-submod-0-latency-25.cdgp
1704042444749937971,1704042447077135867,200,http://172.169.8.253:31112/function/opt-66b-submod-0-latency-25.cdgp
1704042444750036247,1704042453663766024,500,http://172.169.8.253:31112/function/opt-66b-submod-0-latency-25.cdgp
1704042444750118712,1704042446443445190,200,http://172.169.8.253:31112/function/opt-66b-submod-0-latency-25.cdgp
1704042444750196525,1704042454104750458,500,http://172.169.8.253:31112/function/opt-66b-submod-0-latency-25.cdgp
1704042444750276173,1704042453374402119,500,http://172.169.8.253:31112/function/opt-66b-submod-0-latency-25.cdgp
1704042444750350175,1704042446591854301,200,http://172.169.8.253:31112/function/opt-66b-submod-0-latency-25.cdgp
1704042444750422418,1704042454111529715,500,http://172.169.8.253:31112/function/opt-66b-submod-0-latency-25.cdgp
1704042444750531923,1704042454212568181,500,http://172.169.8.253:31112/function/opt-66b-submod-0-latency-25.cdgp
1704042444750603652,1704042454116345902,500,http://172.169.8.253:31112/function/opt-66b-submod-0-latency-25.cdgp
1704042444750676624,1704042446583233805,200,http://172.169.8.253:31112/function/opt-66b-submod-0-latency-25.cdgp
1704042444964309664,1704042454285615332,500,http://172.169.8.253:31112/function/opt-66b-submod-0-latency-25.cdgp
1704042444964438924,1704042454107568587,500,http://172.169.8.253:31112/function/opt-66b-submod-0-latency-25.cdgp
1704042444964505182,1704042454293534335,500,http://172.169.8.253:31112/function/opt-66b-submod-0-latency-25.cdgp
1704042444964599171,1704042454112086614,500,http://172.169.8.253:31112/function/opt-66b-submod-0-latency-25.cdgp
1704042444986819834,1704042454478756255,500,http://172.169.8.253:31112/function/opt-66b-submod-0-latency-25.cdgp
1704042444986902917,1704042454484230525,500,http://172.169.8.253:31112/function/opt-66b-submod-0-latency-25.cdgp
1704042444986988215,1704042454480392946,500,http://172.169.8.253:31112/function/opt-66b-submod-0-latency-25.cdgp
1704042444987064693,1704042446580067449,200,http://172.169.8.253:31112/function/opt-66b-submod-0-latency-25.cdgp
1704042444990890628,1704042454217739576,500,http://172.169.8.253:31112/function/opt-66b-submod-0-latency-25.cdgp
1704042444991667642,1704042454107489931,500,http://172.169.8.253:31112/function/opt-66b-submod-0-latency-25.cdgp
1704042444991856074,1704042454187675248,500,http://172.169.8.253:31112/function/opt-66b-submod-0-latency-25.cdgp
1704042444992117220,1704042454520524178,500,http://172.169.8.253:31112/function/opt-66b-submod-0-latency-25.cdgp
1704042444992227386,1704042454294029479,500,http://172.169.8.253:31112/function/opt-66b-submod-0-latency-25.cdgp
1704042444992292815,1704042454675527942,500,http://172.169.8.253:31112/function/opt-66b-submod-0-latency-25.cdgp
1704042444992383844,1704042453666818993,500,http://172.169.8.253:31112/function/opt-66b-submod-0-latency-25.cdgp
1704042444992529990,1704042453667112263,500,http://172.169.8.253:31112/function/opt-66b-submod-0-latency-25.cdgp
1704042444992624727,1704042453522182123,500,http://172.169.8.253:31112/function/opt-66b-submod-0-latency-25.cdgp
1704042444992699772,1704042454295454279,500,http://172.169.8.253:31112/function/opt-66b-submod-0-latency-25.cdgp
1704042444995390323,1704042454672924365,500,http://172.169.8.253:31112/function/opt-66b-submod-0-latency-25.cdgp
1704042444995793059,1704042453519007975,500,http://172.169.8.253:31112/function/opt-66b-submod-0-latency-25.cdgp
1704042444995900685,1704042454503072455,500,http://172.169.8.253:31112/function/opt-66b-submod-0-latency-25.cdgp
1704042444995996280,1704042454203703147,500,http://172.169.8.253:31112/function/opt-66b-submod-0-latency-25.cdgp
1704042444996093532,1704042446790213045,200,http://172.169.8.253:31112/function/opt-66b-submod-0-latency-25.cdgp
1704042444996183381,1704042454522531333,500,http://172.169.8.253:31112/function/opt-66b-submod-0-latency-25.cdgp
1704042444996259881,1704042446592837036,200,http://172.169.8.253:31112/function/opt-66b-submod-0-latency-25.cdgp
1704042444996323026,1704042454204941068,500,http://172.169.8.253:31112/function/opt-66b-submod-0-latency-25.cdgp
1704042444996408153,1704042454189575169,500,http://172.169.8.253:31112/function/opt-66b-submod-0-latency-25.cdgp
1704042444998330624,1704042454661243595,500,http://172.169.8.253:31112/function/opt-66b-submod-0-latency-25.cdgp
1704042444998420957,1704042454216553146,500,http://172.169.8.253:31112/function/opt-66b-submod-0-latency-25.cdgp
1704042444998501374,1704042454501852706,500,http://172.169.8.253:31112/function/opt-66b-submod-0-latency-25.cdgp
1704042444998574072,1704042453666638358,500,http://172.169.8.253:31112/function/opt-66b-submod-0-latency-25.cdgp
1704042444998643294,1704042447085364188,200,http://172.169.8.253:31112/function/opt-66b-submod-0-latency-25.cdgp
1704042444998686430,1704042453518467446,500,http://172.169.8.253:31112/function/opt-66b-submod-0-latency-25.cdgp
1704042444999903457,1704042454484613762,500,http://172.169.8.253:31112/function/opt-66b-submod-0-latency-25.cdgp
1704042444999991862,1704042454503615766,500,http://172.169.8.253:31112/function/opt-66b-submod-0-latency-25.cdgp
1704042445000363713,1704042454022570549,500,http://172.169.8.253:31112/function/opt-66b-submod-0-latency-25.cdgp
1704042445000457542,1704042446443067535,200,http://172.169.8.253:31112/function/opt-66b-submod-0-latency-25.cdgp
1704042445000517565,1704042454474693578,500,http://172.169.8.253:31112/function/opt-66b-submod-0-latency-25.cdgp
1704042445000630735,1704042453664116043,500,http://172.169.8.253:31112/function/opt-66b-submod-0-latency-25.cdgp
1704042445000720278,1704042447081039842,200,http://172.169.8.253:31112/function/opt-66b-submod-0-latency-25.cdgp
1704042445000792299,1704042454482706645,500,http://172.169.8.253:31112/function/opt-66b-submod-0-latency-25.cdgp
1704042445016816512,1704042454224282796,200,http://172.169.8.253:31112/function/opt-66b-submod-0-latency-25.cdgp
1704042445016934194,1704042454507172264,500,http://172.169.8.253:31112/function/opt-66b-submod-0-latency-25.cdgp
1704042445017081699,1704042454221639681,500,http://172.169.8.253:31112/function/opt-66b-submod-0-latency-25.cdgp
1704042445017152760,1704042447081889399,200,http://172.169.8.253:31112/function/opt-66b-submod-0-latency-25.cdgp
1704042445017179806,1704042454658953015,500,http://172.169.8.253:31112/function/opt-66b-submod-0-latency-25.cdgp
1704042445017282560,1704042454740818958,500,http://172.169.8.253:31112/function/opt-66b-submod-0-latency-25.cdgp
1704042445017327621,1704042447382220787,200,http://172.169.8.253:31112/function/opt-66b-submod-0-latency-25.cdgp
1704042445017408047,1704042454334698153,500,http://172.169.8.253:31112/function/opt-66b-submod-0-latency-25.cdgp
1704042445017434390,1704042454656248496,500,http://172.169.8.253:31112/function/opt-66b-submod-0-latency-25.cdgp
1704042445017528068,1704042447484878442,200,http://172.169.8.253:31112/function/opt-66b-submod-0-latency-25.cdgp
1704042445122766638,1704042454687192467,500,http://172.169.8.253:31112/function/opt-66b-submod-0-latency-25.cdgp
1704042445122851215,1704042453809506408,500,http://172.169.8.253:31112/function/opt-66b-submod-0-latency-25.cdgp
1704042445122947232,1704042454692533283,500,http://172.169.8.253:31112/function/opt-66b-submod-0-latency-25.cdgp
1704042445123024370,1704042453767665042,500,http://172.169.8.253:31112/function/opt-66b-submod-0-latency-25.cdgp
1704042445123098474,1704042454688384042,500,http://172.169.8.253:31112/function/opt-66b-submod-0-latency-25.cdgp
1704042445123178176,1704042454942822537,500,http://172.169.8.253:31112/function/opt-66b-submod-0-latency-25.cdgp
1704042445123257471,1704042454742529172,500,http://172.169.8.253:31112/function/opt-66b-submod-0-latency-25.cdgp
1704042445123321589,1704042454690629010,500,http://172.169.8.253:31112/function/opt-66b-submod-0-latency-25.cdgp
1704042445123427951,1704042454661803557,500,http://172.169.8.253:31112/function/opt-66b-submod-0-latency-25.cdgp
1704042445123497200,1704042446790907082,200,http://172.169.8.253:31112/function/opt-66b-submod-0-latency-25.cdgp
1704042445123610237,1704042454336849257,500,http://172.169.8.253:31112/function/opt-66b-submod-0-latency-25.cdgp
1704042445123664232,1704042454915057967,500,http://172.169.8.253:31112/function/opt-66b-submod-0-latency-25.cdgp
1704042445123779163,1704042453518098567,500,http://172.169.8.253:31112/function/opt-66b-submod-0-latency-25.cdgp
1704042445123849671,1704042454914881957,500,http://172.169.8.253:31112/function/opt-66b-submod-0-latency-25.cdgp
1704042445849746278,1704042455305918283,500,http://172.169.8.253:31112/function/opt-66b-submod-0-latency-25.cdgp
1704042445849824744,1704042453906447988,500,http://172.169.8.253:31112/function/opt-66b-submod-0-latency-25.cdgp
1704042445849907623,1704042453982324735,500,http://172.169.8.253:31112/function/opt-66b-submod-0-latency-25.cdgp
1704042445849975293,1704042455084653427,500,http://172.169.8.253:31112/function/opt-66b-submod-0-latency-25.cdgp
1704042445850085601,1704042455163134492,500,http://172.169.8.253:31112/function/opt-66b-submod-0-latency-25.cdgp
1704042445850207692,1704042455038141862,500,http://172.169.8.253:31112/function/opt-66b-submod-0-latency-25.cdgp
1704042445850299394,1704042446943745207,200,http://172.169.8.253:31112/function/opt-66b-submod-0-latency-25.cdgp
1704042445850384272,1704042455037835615,500,http://172.169.8.253:31112/function/opt-66b-submod-0-latency-25.cdgp
1704042445850463710,1704042455212604936,500,http://172.169.8.253:31112/function/opt-66b-submod-0-latency-25.cdgp
1704042445850543257,1704042447464845145,200,http://172.169.8.253:31112/function/opt-66b-submod-0-latency-25.cdgp
1704042445850629170,1704042455587104608,500,http://172.169.8.253:31112/function/opt-66b-submod-0-latency-25.cdgp
1704042445850705564,1704042454218699421,200,http://172.169.8.253:31112/function/opt-66b-submod-0-latency-25.cdgp
1704042445850800351,1704042453984303722,500,http://172.169.8.253:31112/function/opt-66b-submod-0-latency-25.cdgp
1704042445850867414,1704042446834351487,200,http://172.169.8.253:31112/function/opt-66b-submod-0-latency-25.cdgp
1704042445850939362,1704042454296634819,500,http://172.169.8.253:31112/function/opt-66b-submod-0-latency-25.cdgp
1704042445851041248,1704042454024725565,500,http://172.169.8.253:31112/function/opt-66b-submod-0-latency-25.cdgp
1704042445910812397,1704042455708534962,500,http://172.169.8.253:31112/function/opt-66b-submod-0-latency-25.cdgp
1704042445910904541,1704042447821761411,200,http://172.169.8.253:31112/function/opt-66b-submod-0-latency-25.cdgp
1704042445927760566,1704042455781857728,504,http://172.169.8.253:31112/function/opt-66b-submod-0-latency-25.cdgp
1704042445927845907,1704042447782542283,200,http://172.169.8.253:31112/function/opt-66b-submod-0-latency-25.cdgp
1704042445927940031,1704042454228676776,500,http://172.169.8.253:31112/function/opt-66b-submod-0-latency-25.cdgp
1704042445928013850,1704042447488241072,200,http://172.169.8.253:31112/function/opt-66b-submod-0-latency-25.cdgp
1704042445928076147,1704042455392617961,500,http://172.169.8.253:31112/function/opt-66b-submod-0-latency-25.cdgp
1704042445928101846,1704042455427122750,500,http://172.169.8.253:31112/function/opt-66b-submod-0-latency-25.cdgp
1704042445928173342,1704042447488202628,200,http://172.169.8.253:31112/function/opt-66b-submod-0-latency-25.cdgp
1704042445928265529,1704042447173504035,200,http://172.169.8.253:31112/function/opt-66b-submod-0-latency-25.cdgp
1704042445928339596,1704042455900366861,500,http://172.169.8.253:31112/function/opt-66b-submod-0-latency-25.cdgp
1704042445928409331,1704042455244784058,500,http://172.169.8.253:31112/function/opt-66b-submod-0-latency-25.cdgp
1704042445928862450,1704042447760550153,200,http://172.169.8.253:31112/function/opt-66b-submod-0-latency-25.cdgp
1704042445928949053,1704042455781989035,500,http://172.169.8.253:31112/function/opt-66b-submod-0-latency-25.cdgp
1704042445928993099,1704042447779988267,200,http://172.169.8.253:31112/function/opt-66b-submod-0-latency-25.cdgp
1704042445929093233,1704042455900296667,500,http://172.169.8.253:31112/function/opt-66b-submod-0-latency-25.cdgp
1704042445929134308,1704042455900010067,500,http://172.169.8.253:31112/function/opt-66b-submod-0-latency-25.cdgp
1704042445929226156,1704042455429813299,500,http://172.169.8.253:31112/function/opt-66b-submod-0-latency-25.cdgp
1704042445929289447,1704042455450460654,500,http://172.169.8.253:31112/function/opt-66b-submod-0-latency-25.cdgp
1704042445929325080,1704042455208553202,500,http://172.169.8.253:31112/function/opt-66b-submod-0-latency-25.cdgp
1704042445929402838,1704042455781647789,500,http://172.169.8.253:31112/function/opt-66b-submod-0-latency-25.cdgp
1704042445929489385,1704042448224150526,200,http://172.169.8.253:31112/function/opt-66b-submod-0-latency-25.cdgp
1704042445929533836,1704042447382249559,200,http://172.169.8.253:31112/function/opt-66b-submod-0-latency-25.cdgp
1704042445929607502,1704042455295713490,500,http://172.169.8.253:31112/function/opt-66b-submod-0-latency-25.cdgp
1704042445929680057,1704042455782011761,500,http://172.169.8.253:31112/function/opt-66b-submod-0-latency-25.cdgp
1704042445929730085,1704042448104297437,200,http://172.169.8.253:31112/function/opt-66b-submod-0-latency-25.cdgp
1704042445929838221,1704042455452321895,500,http://172.169.8.253:31112/function/opt-66b-submod-0-latency-25.cdgp
1704042445929910112,1704042455448028185,500,http://172.169.8.253:31112/function/opt-66b-submod-0-latency-25.cdgp
1704042445930012076,1704042455900331661,500,http://172.169.8.253:31112/function/opt-66b-submod-0-latency-25.cdgp
1704042445930135421,1704042454434975204,500,http://172.169.8.253:31112/function/opt-66b-submod-0-latency-25.cdgp
1704042445930193071,1704042455799411015,500,http://172.169.8.253:31112/function/opt-66b-submod-0-latency-25.cdgp
1704042445930220317,1704042454353681169,500,http://172.169.8.253:31112/function/opt-66b-submod-0-latency-25.cdgp
1704042445930253414,1704042455431928459,500,http://172.169.8.253:31112/function/opt-66b-submod-0-latency-25.cdgp
1704042445930324886,1704042447965750725,200,http://172.169.8.253:31112/function/opt-66b-submod-0-latency-25.cdgp
1704042445930348725,1704042454971889117,500,http://172.169.8.253:31112/function/opt-66b-submod-0-latency-25.cdgp
1704042445930395181,1704042455782158563,500,http://172.169.8.253:31112/function/opt-66b-submod-0-latency-25.cdgp
1704042445930522741,1704042448089582675,200,http://172.169.8.253:31112/function/opt-66b-submod-0-latency-25.cdgp
1704042445930632980,1704042447784019686,200,http://172.169.8.253:31112/function/opt-66b-submod-0-latency-25.cdgp
1704042445930662210,1704042447464466331,200,http://172.169.8.253:31112/function/opt-66b-submod-0-latency-25.cdgp
1704042445930714228,1704042455900271887,500,http://172.169.8.253:31112/function/opt-66b-submod-0-latency-25.cdgp
1704042445931231410,1704042447779865539,200,http://172.169.8.253:31112/function/opt-66b-submod-0-latency-25.cdgp
1704042445931257378,1704042447965539758,200,http://172.169.8.253:31112/function/opt-66b-submod-0-latency-25.cdgp
1704042445931366934,1704042447969135701,200,http://172.169.8.253:31112/function/opt-66b-submod-0-latency-25.cdgp
1704042445931429387,1704042447967441488,200,http://172.169.8.253:31112/function/opt-66b-submod-0-latency-25.cdgp
1704042445931450887,1704042454334330896,500,http://172.169.8.253:31112/function/opt-66b-submod-0-latency-25.cdgp
1704042447224178663,1704042455223403655,200,http://172.169.8.253:31112/function/opt-66b-submod-0-latency-25.cdgp
1704042447224262250,1704042455708941794,500,http://172.169.8.253:31112/function/opt-66b-submod-0-latency-25.cdgp
1704042447224394231,1704042456583343480,500,http://172.169.8.253:31112/function/opt-66b-submod-0-latency-25.cdgp
1704042447224512444,1704042455883901751,500,http://172.169.8.253:31112/function/opt-66b-submod-0-latency-25.cdgp
1704042447224573076,1704042455708956511,500,http://172.169.8.253:31112/function/opt-66b-submod-0-latency-25.cdgp
1704042447224648324,1704042456191227843,500,http://172.169.8.253:31112/function/opt-66b-submod-0-latency-25.cdgp
1704042447224672579,1704042448851358520,200,http://172.169.8.253:31112/function/opt-66b-submod-0-latency-25.cdgp
1704042447224742783,1704042448671915148,200,http://172.169.8.253:31112/function/opt-66b-submod-0-latency-25.cdgp
1704042447224828374,1704042448530184711,200,http://172.169.8.253:31112/function/opt-66b-submod-0-latency-25.cdgp
1704042447224908254,1704042448366241003,200,http://172.169.8.253:31112/function/opt-66b-submod-0-latency-25.cdgp
1704042447225828185,1704042449092558879,200,http://172.169.8.253:31112/function/opt-66b-submod-0-latency-25.cdgp
1704042447225916757,1704042449013731852,200,http://172.169.8.253:31112/function/opt-66b-submod-0-latency-25.cdgp
1704042447225978356,1704042455709066505,500,http://172.169.8.253:31112/function/opt-66b-submod-0-latency-25.cdgp
1704042447226072664,1704042456307519644,500,http://172.169.8.253:31112/function/opt-66b-submod-0-latency-25.cdgp
1704042447226159013,1704042456241022493,500,http://172.169.8.253:31112/function/opt-66b-submod-0-latency-25.cdgp
1704042447232950374,1704042456586659616,500,http://172.169.8.253:31112/function/opt-66b-submod-0-latency-25.cdgp
1704042447233026596,1704042448511078629,200,http://172.169.8.253:31112/function/opt-66b-submod-0-latency-25.cdgp
1704042447233165532,1704042448529987889,200,http://172.169.8.253:31112/function/opt-66b-submod-0-latency-25.cdgp
1704042447233260693,1704042456816715369,500,http://172.169.8.253:31112/function/opt-66b-submod-0-latency-25.cdgp
1704042447233365824,1704042456420003662,500,http://172.169.8.253:31112/function/opt-66b-submod-0-latency-25.cdgp
1704042447233437357,1704042456361765924,500,http://172.169.8.253:31112/function/opt-66b-submod-0-latency-25.cdgp
1704042447233499748,1704042448150992886,200,http://172.169.8.253:31112/function/opt-66b-submod-0-latency-25.cdgp
1704042447233588018,1704042448682131516,200,http://172.169.8.253:31112/function/opt-66b-submod-0-latency-25.cdgp
1704042447233665489,1704042456818135479,500,http://172.169.8.253:31112/function/opt-66b-submod-0-latency-25.cdgp
1704042447233736562,1704042456588173556,500,http://172.169.8.253:31112/function/opt-66b-submod-0-latency-25.cdgp
1704042447233839435,1704042448811101458,200,http://172.169.8.253:31112/function/opt-66b-submod-0-latency-25.cdgp
1704042447233940776,1704042455709009940,500,http://172.169.8.253:31112/function/opt-66b-submod-0-latency-25.cdgp
1704042447234020159,1704042448523701728,200,http://172.169.8.253:31112/function/opt-66b-submod-0-latency-25.cdgp
1704042447234092131,1704042455297704620,500,http://172.169.8.253:31112/function/opt-66b-submod-0-latency-25.cdgp
1704042447234157564,1704042455346004518,500,http://172.169.8.253:31112/function/opt-66b-submod-0-latency-25.cdgp
1704042447259376075,1704042456512671458,500,http://172.169.8.253:31112/function/opt-66b-submod-0-latency-25.cdgp
1704042447259467124,1704042455902260776,500,http://172.169.8.253:31112/function/opt-66b-submod-0-latency-25.cdgp
1704042447259612777,1704042456812875059,500,http://172.169.8.253:31112/function/opt-66b-submod-0-latency-25.cdgp
1704042447259715679,1704042456584474649,500,http://172.169.8.253:31112/function/opt-66b-submod-0-latency-25.cdgp
1704042447323212995,1704042454621262152,200,http://172.169.8.253:31112/function/opt-66b-submod-0-latency-25.cdgp
1704042447323305850,1704042449227752986,200,http://172.169.8.253:31112/function/opt-66b-submod-0-latency-25.cdgp
1704042447323458823,1704042456470864202,500,http://172.169.8.253:31112/function/opt-66b-submod-0-latency-25.cdgp
1704042447323522299,1704042454682808396,200,http://172.169.8.253:31112/function/opt-66b-submod-0-latency-25.cdgp
1704042448272689385,1704042457899174264,500,http://172.169.8.253:31112/function/opt-66b-submod-0-latency-25.cdgp
1704042448272851049,1704042457253312838,500,http://172.169.8.253:31112/function/opt-66b-submod-0-latency-25.cdgp
1704042448272971996,1704042456058443745,500,http://172.169.8.253:31112/function/opt-66b-submod-0-latency-25.cdgp
1704042448273485964,1704042457255128894,500,http://172.169.8.253:31112/function/opt-66b-submod-0-latency-25.cdgp
1704042448273572909,1704042458071838661,500,http://172.169.8.253:31112/function/opt-66b-submod-0-latency-25.cdgp
1704042448273649552,1704042456870684051,500,http://172.169.8.253:31112/function/opt-66b-submod-0-latency-25.cdgp
1704042448273725808,1704042456283450674,500,http://172.169.8.253:31112/function/opt-66b-submod-0-latency-25.cdgp
1704042448273842589,1704042457218117955,500,http://172.169.8.253:31112/function/opt-66b-submod-0-latency-25.cdgp
1704042448273958343,1704042457894241317,500,http://172.169.8.253:31112/function/opt-66b-submod-0-latency-25.cdgp
1704042448274062968,1704042457884340848,500,http://172.169.8.253:31112/function/opt-66b-submod-0-latency-25.cdgp
1704042448274191227,1704042457886295221,500,http://172.169.8.253:31112/function/opt-66b-submod-0-latency-25.cdgp
1704042448274317520,1704042457900924999,500,http://172.169.8.253:31112/function/opt-66b-submod-0-latency-25.cdgp
1704042448274407443,1704042458005307926,500,http://172.169.8.253:31112/function/opt-66b-submod-0-latency-25.cdgp
1704042448274502500,1704042456448378983,500,http://172.169.8.253:31112/function/opt-66b-submod-0-latency-25.cdgp
1704042448274853126,1704042457535123495,500,http://172.169.8.253:31112/function/opt-66b-submod-0-latency-25.cdgp
1704042448274955149,1704042450018274356,200,http://172.169.8.253:31112/function/opt-66b-submod-0-latency-25.cdgp
1704042448275052053,1704042456828737503,500,http://172.169.8.253:31112/function/opt-66b-submod-0-latency-25.cdgp
1704042448275135550,1704042457492040106,500,http://172.169.8.253:31112/function/opt-66b-submod-0-latency-25.cdgp
1704042448275210625,1704042456868782629,500,http://172.169.8.253:31112/function/opt-66b-submod-0-latency-25.cdgp
1704042448275334265,1704042457761770425,500,http://172.169.8.253:31112/function/opt-66b-submod-0-latency-25.cdgp
1704042448275431338,1704042457888061792,500,http://172.169.8.253:31112/function/opt-66b-submod-0-latency-25.cdgp
1704042448275512416,1704042450018290492,200,http://172.169.8.253:31112/function/opt-66b-submod-0-latency-25.cdgp
1704042448275619181,1704042458007492524,500,http://172.169.8.253:31112/function/opt-66b-submod-0-latency-25.cdgp
1704042448275711469,1704042456746062528,500,http://172.169.8.253:31112/function/opt-66b-submod-0-latency-25.cdgp
1704042448275803270,1704042458073502018,500,http://172.169.8.253:31112/function/opt-66b-submod-0-latency-25.cdgp
1704042448275883525,1704042457614133299,500,http://172.169.8.253:31112/function/opt-66b-submod-0-latency-25.cdgp
1704042448275951656,1704042457662608921,500,http://172.169.8.253:31112/function/opt-66b-submod-0-latency-25.cdgp
1704042448276036117,1704042457896965876,500,http://172.169.8.253:31112/function/opt-66b-submod-0-latency-25.cdgp
1704042448276116817,1704042456664702319,500,http://172.169.8.253:31112/function/opt-66b-submod-0-latency-25.cdgp
1704042448276239122,1704042456784026707,500,http://172.169.8.253:31112/function/opt-66b-submod-0-latency-25.cdgp
1704042448276314305,1704042456740895851,500,http://172.169.8.253:31112/function/opt-66b-submod-0-latency-25.cdgp
1704042448276416116,1704042457904775800,500,http://172.169.8.253:31112/function/opt-66b-submod-0-latency-25.cdgp
1704042448276559783,1704042455115340319,200,http://172.169.8.253:31112/function/opt-66b-submod-0-latency-25.cdgp
1704042448276676081,1704042456577014126,500,http://172.169.8.253:31112/function/opt-66b-submod-0-latency-25.cdgp
1704042448276856510,1704042457995014472,500,http://172.169.8.253:31112/function/opt-66b-submod-0-latency-25.cdgp
1704042448276909707,1704042450019601926,200,http://172.169.8.253:31112/function/opt-66b-submod-0-latency-25.cdgp
1704042448276983890,1704042456743873789,500,http://172.169.8.253:31112/function/opt-66b-submod-0-latency-25.cdgp
1704042448277073894,1704042457635568276,500,http://172.169.8.253:31112/function/opt-66b-submod-0-latency-25.cdgp
1704042448277173038,1704042457993290286,500,http://172.169.8.253:31112/function/opt-66b-submod-0-latency-25.cdgp
1704042448277257247,1704042457903374288,500,http://172.169.8.253:31112/function/opt-66b-submod-0-latency-25.cdgp
1704042448277338030,1704042457660704666,500,http://172.169.8.253:31112/function/opt-66b-submod-0-latency-25.cdgp
1704042448310620031,1704042457616980919,500,http://172.169.8.253:31112/function/opt-66b-submod-0-latency-25.cdgp
1704042448508387665,1704042458107151911,500,http://172.169.8.253:31112/function/opt-66b-submod-0-latency-25.cdgp
1704042448508498354,1704042458157649358,500,http://172.169.8.253:31112/function/opt-66b-submod-0-latency-25.cdgp
1704042448508650228,1704042450017636914,200,http://172.169.8.253:31112/function/opt-66b-submod-0-latency-25.cdgp
1704042448567198485,1704042450080145646,200,http://172.169.8.253:31112/function/opt-66b-submod-0-latency-25.cdgp
1704042448567283735,1704042458280474620,500,http://172.169.8.253:31112/function/opt-66b-submod-0-latency-25.cdgp
1704042448567374110,1704042458277514232,500,http://172.169.8.253:31112/function/opt-66b-submod-0-latency-25.cdgp
1704042448567436952,1704042458289502393,500,http://172.169.8.253:31112/function/opt-66b-submod-0-latency-25.cdgp
1704042448567513589,1704042457113179047,500,http://172.169.8.253:31112/function/opt-66b-submod-0-latency-25.cdgp
1704042448567562638,1704042458131664458,500,http://172.169.8.253:31112/function/opt-66b-submod-0-latency-25.cdgp
1704042448567644768,1704042457759713023,500,http://172.169.8.253:31112/function/opt-66b-submod-0-latency-25.cdgp
1704042448567705005,1704042458033924998,500,http://172.169.8.253:31112/function/opt-66b-submod-0-latency-25.cdgp
1704042448567774964,1704042458033704149,500,http://172.169.8.253:31112/function/opt-66b-submod-0-latency-25.cdgp
1704042448567892823,1704042458059437218,500,http://172.169.8.253:31112/function/opt-66b-submod-0-latency-25.cdgp
1704042448567971342,1704042458061424905,500,http://172.169.8.253:31112/function/opt-66b-submod-0-latency-25.cdgp
1704042448568040096,1704042458290092857,500,http://172.169.8.253:31112/function/opt-66b-submod-0-latency-25.cdgp
1704042448568145656,1704042457749045955,500,http://172.169.8.253:31112/function/opt-66b-submod-0-latency-25.cdgp
1704042448568243633,1704042456828385144,500,http://172.169.8.253:31112/function/opt-66b-submod-0-latency-25.cdgp
1704042448568355028,1704042450603864702,200,http://172.169.8.253:31112/function/opt-66b-submod-0-latency-25.cdgp
1704042448572707280,1704042458282836087,500,http://172.169.8.253:31112/function/opt-66b-submod-0-latency-25.cdgp
1704042448572797248,1704042450603520610,200,http://172.169.8.253:31112/function/opt-66b-submod-0-latency-25.cdgp
1704042448572889035,1704042450141011663,200,http://172.169.8.253:31112/function/opt-66b-submod-0-latency-25.cdgp
1704042448573015812,1704042450406829236,200,http://172.169.8.253:31112/function/opt-66b-submod-0-latency-25.cdgp
1704042448573112840,1704042458125346542,500,http://172.169.8.253:31112/function/opt-66b-submod-0-latency-25.cdgp
1704042448573192118,1704042458282542686,500,http://172.169.8.253:31112/function/opt-66b-submod-0-latency-25.cdgp
1704042448591044031,1704042457112633848,500,http://172.169.8.253:31112/function/opt-66b-submod-0-latency-25.cdgp
1704042448591139087,1704042457765572166,500,http://172.169.8.253:31112/function/opt-66b-submod-0-latency-25.cdgp
1704042448591280203,1704042458394726025,500,http://172.169.8.253:31112/function/opt-66b-submod-0-latency-25.cdgp
1704042448591350479,1704042458439285261,500,http://172.169.8.253:31112/function/opt-66b-submod-0-latency-25.cdgp
1704042448591428877,1704042457763653677,500,http://172.169.8.253:31112/function/opt-66b-submod-0-latency-25.cdgp
1704042448591530870,1704042458149213380,500,http://172.169.8.253:31112/function/opt-66b-submod-0-latency-25.cdgp
1704042448591596413,1704042458188849123,500,http://172.169.8.253:31112/function/opt-66b-submod-0-latency-25.cdgp
1704042448591699468,1704042458441118248,500,http://172.169.8.253:31112/function/opt-66b-submod-0-latency-25.cdgp
1704042448591794900,1704042458397122646,500,http://172.169.8.253:31112/function/opt-66b-submod-0-latency-25.cdgp
1704042448591945514,1704042458419740586,500,http://172.169.8.253:31112/function/opt-66b-submod-0-latency-25.cdgp
1704042448592051405,1704042457706372555,500,http://172.169.8.253:31112/function/opt-66b-submod-0-latency-25.cdgp
1704042448592137232,1704042451833936966,200,http://172.169.8.253:31112/function/opt-66b-submod-0-latency-25.cdgp
1704042448592226447,1704042458143252229,500,http://172.169.8.253:31112/function/opt-66b-submod-0-latency-25.cdgp
1704042448592304634,1704042458393190526,500,http://172.169.8.253:31112/function/opt-66b-submod-0-latency-25.cdgp
1704042448592450630,1704042458149127613,500,http://172.169.8.253:31112/function/opt-66b-submod-0-latency-25.cdgp
1704042448592537281,1704042457259458641,500,http://172.169.8.253:31112/function/opt-66b-submod-0-latency-25.cdgp
1704042448592638750,1704042451834040598,200,http://172.169.8.253:31112/function/opt-66b-submod-0-latency-25.cdgp
1704042448618793706,1704042458376312048,500,http://172.169.8.253:31112/function/opt-66b-submod-0-latency-25.cdgp
1704042448618839606,1704042457039588337,500,http://172.169.8.253:31112/function/opt-66b-submod-0-latency-25.cdgp
1704042448618916888,1704042458398729030,500,http://172.169.8.253:31112/function/opt-66b-submod-0-latency-25.cdgp
1704042448618997035,1704042458170753962,500,http://172.169.8.253:31112/function/opt-66b-submod-0-latency-25.cdgp
1704042448619065473,1704042451834008931,200,http://172.169.8.253:31112/function/opt-66b-submod-0-latency-25.cdgp
1704042448619598220,1704042458150879395,500,http://172.169.8.253:31112/function/opt-66b-submod-0-latency-25.cdgp
1704042448619657833,1704042458400023444,500,http://172.169.8.253:31112/function/opt-66b-submod-0-latency-25.cdgp
1704042448619730238,1704042458379921610,500,http://172.169.8.253:31112/function/opt-66b-submod-0-latency-25.cdgp
1704042448619814631,1704042458392174847,500,http://172.169.8.253:31112/function/opt-66b-submod-0-latency-25.cdgp
1704042448620072008,1704042458389282403,500,http://172.169.8.253:31112/function/opt-66b-submod-0-latency-25.cdgp
1704042448620151643,1704042458147381781,500,http://172.169.8.253:31112/function/opt-66b-submod-0-latency-25.cdgp
1704042448620228152,1704042458383005174,500,http://172.169.8.253:31112/function/opt-66b-submod-0-latency-25.cdgp
1704042448683847629,1704042458591207082,500,http://172.169.8.253:31112/function/opt-66b-submod-0-latency-25.cdgp
1704042448683932143,1704042453518997192,200,http://172.169.8.253:31112/function/opt-66b-submod-0-latency-25.cdgp
1704042448684078337,1704042458588325129,500,http://172.169.8.253:31112/function/opt-66b-submod-0-latency-25.cdgp
1704042448684145089,1704042451875361521,200,http://172.169.8.253:31112/function/opt-66b-submod-0-latency-25.cdgp
1704042448684179763,1704042450863446718,200,http://172.169.8.253:31112/function/opt-66b-submod-0-latency-25.cdgp
1704042448684263643,1704042451800816203,200,http://172.169.8.253:31112/function/opt-66b-submod-0-latency-25.cdgp
1704042448686307424,1704042455038412752,200,http://172.169.8.253:31112/function/opt-66b-submod-0-latency-25.cdgp
1704042448686385374,1704042458530446066,500,http://172.169.8.253:31112/function/opt-66b-submod-0-latency-25.cdgp
1704042448700136594,1704042458589297019,500,http://172.169.8.253:31112/function/opt-66b-submod-0-latency-25.cdgp
1704042448700219987,1704042458589311966,500,http://172.169.8.253:31112/function/opt-66b-submod-0-latency-25.cdgp
1704042448700323288,1704042458545624909,500,http://172.169.8.253:31112/function/opt-66b-submod-0-latency-25.cdgp
1704042448700385683,1704042458246402526,500,http://172.169.8.253:31112/function/opt-66b-submod-0-latency-25.cdgp
1704042448700535470,1704042450402371994,200,http://172.169.8.253:31112/function/opt-66b-submod-0-latency-25.cdgp
1704042448700631723,1704042450401989940,200,http://172.169.8.253:31112/function/opt-66b-submod-0-latency-25.cdgp
1704042448700709838,1704042458619455181,500,http://172.169.8.253:31112/function/opt-66b-submod-0-latency-25.cdgp
1704042448700794873,1704042457340371703,500,http://172.169.8.253:31112/function/opt-66b-submod-0-latency-25.cdgp
1704042448700899498,1704042457299941380,500,http://172.169.8.253:31112/function/opt-66b-submod-0-latency-25.cdgp
1704042448700941583,1704042458536051427,500,http://172.169.8.253:31112/function/opt-66b-submod-0-latency-25.cdgp
1704042448701022204,1704042458248531874,500,http://172.169.8.253:31112/function/opt-66b-submod-0-latency-25.cdgp
1704042448701127186,1704042458549189103,500,http://172.169.8.253:31112/function/opt-66b-submod-0-latency-25.cdgp
1704042448701164680,1704042458532911944,500,http://172.169.8.253:31112/function/opt-66b-submod-0-latency-25.cdgp
1704042448701308979,1704042450825573315,200,http://172.169.8.253:31112/function/opt-66b-submod-0-latency-25.cdgp
1704042448701386087,1704042458377973183,500,http://172.169.8.253:31112/function/opt-66b-submod-0-latency-25.cdgp
1704042448701448734,1704042450511712984,200,http://172.169.8.253:31112/function/opt-66b-submod-0-latency-25.cdgp
1704042448701520104,1704042450863600333,200,http://172.169.8.253:31112/function/opt-66b-submod-0-latency-25.cdgp
1704042448701569778,1704042458381511007,500,http://172.169.8.253:31112/function/opt-66b-submod-0-latency-25.cdgp
1704042449141017646,1704042458659860660,500,http://172.169.8.253:31112/function/opt-66b-submod-0-latency-25.cdgp
1704042449141133556,1704042458588335804,500,http://172.169.8.253:31112/function/opt-66b-submod-0-latency-25.cdgp
1704042449141253947,1704042458525981462,500,http://172.169.8.253:31112/function/opt-66b-submod-0-latency-25.cdgp
1704042449141329550,1704042458535815422,200,http://172.169.8.253:31112/function/opt-66b-submod-0-latency-25.cdgp
1704042449141363962,1704042458495029949,500,http://172.169.8.253:31112/function/opt-66b-submod-0-latency-25.cdgp
1704042449141476240,1704042452445015827,200,http://172.169.8.253:31112/function/opt-66b-submod-0-latency-25.cdgp
1704042449141538572,1704042457169936949,500,http://172.169.8.253:31112/function/opt-66b-submod-0-latency-25.cdgp
1704042449141609547,1704042458658573301,500,http://172.169.8.253:31112/function/opt-66b-submod-0-latency-25.cdgp
1704042449141634980,1704042458624438321,500,http://172.169.8.253:31112/function/opt-66b-submod-0-latency-25.cdgp
1704042449141733583,1704042453041512470,200,http://172.169.8.253:31112/function/opt-66b-submod-0-latency-25.cdgp
1704042449141805850,1704042458657180404,500,http://172.169.8.253:31112/function/opt-66b-submod-0-latency-25.cdgp
1704042449141871807,1704042458585786047,500,http://172.169.8.253:31112/function/opt-66b-submod-0-latency-25.cdgp
1704042449141896657,1704042457521852313,500,http://172.169.8.253:31112/function/opt-66b-submod-0-latency-25.cdgp
1704042449494149794,1704042450929949275,200,http://172.169.8.253:31112/function/opt-66b-submod-0-latency-25.cdgp
1704042449494264282,1704042458713673268,500,http://172.169.8.253:31112/function/opt-66b-submod-0-latency-25.cdgp
1704042449494370431,1704042458782155905,500,http://172.169.8.253:31112/function/opt-66b-submod-0-latency-25.cdgp
1704042449494482229,1704042456610304637,200,http://172.169.8.253:31112/function/opt-66b-submod-0-latency-25.cdgp
1704042449494594052,1704042458797983182,500,http://172.169.8.253:31112/function/opt-66b-submod-0-latency-25.cdgp
1704042449494637448,1704042458651510643,500,http://172.169.8.253:31112/function/opt-66b-submod-0-latency-25.cdgp
1704042449499070525,1704042458648776148,500,http://172.169.8.253:31112/function/opt-66b-submod-0-latency-25.cdgp
1704042449499133078,1704042457609717970,500,http://172.169.8.253:31112/function/opt-66b-submod-0-latency-25.cdgp
1704042449499196695,1704042458825772297,500,http://172.169.8.253:31112/function/opt-66b-submod-0-latency-25.cdgp
1704042449499244913,1704042457630902816,500,http://172.169.8.253:31112/function/opt-66b-submod-0-latency-25.cdgp
1704042449499318722,1704042458754992746,500,http://172.169.8.253:31112/function/opt-66b-submod-0-latency-25.cdgp
1704042449526403446,1704042451494260226,200,http://172.169.8.253:31112/function/opt-66b-submod-0-latency-25.cdgp
1704042449526461251,1704042451406500568,200,http://172.169.8.253:31112/function/opt-66b-submod-0-latency-25.cdgp
1704042449526509536,1704042459218021738,500,http://172.169.8.253:31112/function/opt-66b-submod-0-latency-25.cdgp
1704042449526570418,1704042459084094271,500,http://172.169.8.253:31112/function/opt-66b-submod-0-latency-25.cdgp
1704042449526710746,1704042451493814587,200,http://172.169.8.253:31112/function/opt-66b-submod-0-latency-25.cdgp
1704042449526828144,1704042459028143698,500,http://172.169.8.253:31112/function/opt-66b-submod-0-latency-25.cdgp
1704042449526866010,1704042459022133674,500,http://172.169.8.253:31112/function/opt-66b-submod-0-latency-25.cdgp
1704042449527222040,1704042456661991824,200,http://172.169.8.253:31112/function/opt-66b-submod-0-latency-25.cdgp
1704042449527349430,1704042458878248161,500,http://172.169.8.253:31112/function/opt-66b-submod-0-latency-25.cdgp
1704042449527451559,1704042451494803040,200,http://172.169.8.253:31112/function/opt-66b-submod-0-latency-25.cdgp
1704042449527527002,1704042451073899785,200,http://172.169.8.253:31112/function/opt-66b-submod-0-latency-25.cdgp
1704042449527627992,1704042451488831978,200,http://172.169.8.253:31112/function/opt-66b-submod-0-latency-25.cdgp
1704042449527707408,1704042457928524996,500,http://172.169.8.253:31112/function/opt-66b-submod-0-latency-25.cdgp
1704042449527779827,1704042459213537333,500,http://172.169.8.253:31112/function/opt-66b-submod-0-latency-25.cdgp
1704042449527869019,1704042459204943639,500,http://172.169.8.253:31112/function/opt-66b-submod-0-latency-25.cdgp
1704042449533688938,1704042459091587854,500,http://172.169.8.253:31112/function/opt-66b-submod-0-latency-25.cdgp
1704042449533776642,1704042451405288007,200,http://172.169.8.253:31112/function/opt-66b-submod-0-latency-25.cdgp
1704042449533888803,1704042458033603622,500,http://172.169.8.253:31112/function/opt-66b-submod-0-latency-25.cdgp
1704042449533996431,1704042458875178640,500,http://172.169.8.253:31112/function/opt-66b-submod-0-latency-25.cdgp
1704042449534036502,1704042459206800320,500,http://172.169.8.253:31112/function/opt-66b-submod-0-latency-25.cdgp
1704042449534117808,1704042458877171169,500,http://172.169.8.253:31112/function/opt-66b-submod-0-latency-25.cdgp
1704042449534198555,1704042451266137925,200,http://172.169.8.253:31112/function/opt-66b-submod-0-latency-25.cdgp
1704042449534273822,1704042458794979929,500,http://172.169.8.253:31112/function/opt-66b-submod-0-latency-25.cdgp
1704042449534286321,1704042459221160133,500,http://172.169.8.253:31112/function/opt-66b-submod-0-latency-25.cdgp
1704042449534353243,1704042458726561991,500,http://172.169.8.253:31112/function/opt-66b-submod-0-latency-25.cdgp
1704042449534413915,1704042459208371894,500,http://172.169.8.253:31112/function/opt-66b-submod-0-latency-25.cdgp
1704042449534492927,1704042451496497283,200,http://172.169.8.253:31112/function/opt-66b-submod-0-latency-25.cdgp
1704042449534576609,1704042459077161259,500,http://172.169.8.253:31112/function/opt-66b-submod-0-latency-25.cdgp
1704042449534660681,1704042459036133783,500,http://172.169.8.253:31112/function/opt-66b-submod-0-latency-25.cdgp
1704042449534760581,1704042459024100116,500,http://172.169.8.253:31112/function/opt-66b-submod-0-latency-25.cdgp
1704042449534797969,1704042457842735388,500,http://172.169.8.253:31112/function/opt-66b-submod-0-latency-25.cdgp
1704042449534859755,1704042457892238348,500,http://172.169.8.253:31112/function/opt-66b-submod-0-latency-25.cdgp
1704042449534967261,1704042459210188097,500,http://172.169.8.253:31112/function/opt-66b-submod-0-latency-25.cdgp
1704042449534996470,1704042459093521716,500,http://172.169.8.253:31112/function/opt-66b-submod-0-latency-25.cdgp
1704042449535071943,1704042459220770136,500,http://172.169.8.253:31112/function/opt-66b-submod-0-latency-25.cdgp
1704042449535211277,1704042458094469395,500,http://172.169.8.253:31112/function/opt-66b-submod-0-latency-25.cdgp
1704042449535275680,1704042452236576624,200,http://172.169.8.253:31112/function/opt-66b-submod-0-latency-25.cdgp
1704042449674447098,1704042458872049625,500,http://172.169.8.253:31112/function/opt-66b-submod-0-latency-25.cdgp
1704042449677153789,1704042458791494215,500,http://172.169.8.253:31112/function/opt-66b-submod-0-latency-25.cdgp
1704042449677255969,1704042453788831389,200,http://172.169.8.253:31112/function/opt-66b-submod-0-latency-25.cdgp
1704042449677402606,1704042459632680881,500,http://172.169.8.253:31112/function/opt-66b-submod-0-latency-25.cdgp
1704042449677519648,1704042458945004955,500,http://172.169.8.253:31112/function/opt-66b-submod-0-latency-25.cdgp
1704042449677599691,1704042451655342657,200,http://172.169.8.253:31112/function/opt-66b-submod-0-latency-25.cdgp
1704042449677615834,1704042458172408876,500,http://172.169.8.253:31112/function/opt-66b-submod-0-latency-25.cdgp
1704042449677698580,1704042459588826472,500,http://172.169.8.253:31112/function/opt-66b-submod-0-latency-25.cdgp
1704042449677807059,1704042454949283069,200,http://172.169.8.253:31112/function/opt-66b-submod-0-latency-25.cdgp
1704042449677874026,1704042452401308686,200,http://172.169.8.253:31112/function/opt-66b-submod-0-latency-25.cdgp
1704042449677922012,1704042458485213810,200,http://172.169.8.253:31112/function/opt-66b-submod-0-latency-25.cdgp
1704042449678011855,1704042459627715853,500,http://172.169.8.253:31112/function/opt-66b-submod-0-latency-25.cdgp
1704042449678101994,1704042458843821532,500,http://172.169.8.253:31112/function/opt-66b-submod-0-latency-25.cdgp
1704042449678135006,1704042459594627642,500,http://172.169.8.253:31112/function/opt-66b-submod-0-latency-25.cdgp
1704042449678247306,1704042458181819565,500,http://172.169.8.253:31112/function/opt-66b-submod-0-latency-25.cdgp
1704042449678334841,1704042451492232521,200,http://172.169.8.253:31112/function/opt-66b-submod-0-latency-25.cdgp
1704042449678447173,1704042456534501993,200,http://172.169.8.253:31112/function/opt-66b-submod-0-latency-25.cdgp
1704042449678500554,1704042452074437024,200,http://172.169.8.253:31112/function/opt-66b-submod-0-latency-25.cdgp
1704042449678560699,1704042459591945793,500,http://172.169.8.253:31112/function/opt-66b-submod-0-latency-25.cdgp
1704042449678654957,1704042459679609650,500,http://172.169.8.253:31112/function/opt-66b-submod-0-latency-25.cdgp
1704042449678748195,1704042458275783710,500,http://172.169.8.253:31112/function/opt-66b-submod-0-latency-25.cdgp
1704042449678833165,1704042454623470014,200,http://172.169.8.253:31112/function/opt-66b-submod-0-latency-25.cdgp
1704042449678916964,1704042458708065335,500,http://172.169.8.253:31112/function/opt-66b-submod-0-latency-25.cdgp
1704042449679033093,1704042458915981330,500,http://172.169.8.253:31112/function/opt-66b-submod-0-latency-25.cdgp
1704042449685427554,1704042453768398666,200,http://172.169.8.253:31112/function/opt-66b-submod-0-latency-25.cdgp
1704042449685532504,1704042459614953646,500,http://172.169.8.253:31112/function/opt-66b-submod-0-latency-25.cdgp
1704042449685620944,1704042459632329681,500,http://172.169.8.253:31112/function/opt-66b-submod-0-latency-25.cdgp
1704042449685683408,1704042459086596698,500,http://172.169.8.253:31112/function/opt-66b-submod-0-latency-25.cdgp
1704042449685767342,1704042458942293923,500,http://172.169.8.253:31112/function/opt-66b-submod-0-latency-25.cdgp
1704042449685840897,1704042459686757624,500,http://172.169.8.253:31112/function/opt-66b-submod-0-latency-25.cdgp
1704042449685937491,1704042454946644579,200,http://172.169.8.253:31112/function/opt-66b-submod-0-latency-25.cdgp
1704042449686020349,1704042459633292727,500,http://172.169.8.253:31112/function/opt-66b-submod-0-latency-25.cdgp
1704042449686119405,1704042459629635075,500,http://172.169.8.253:31112/function/opt-66b-submod-0-latency-25.cdgp
1704042449686192166,1704042459639699019,500,http://172.169.8.253:31112/function/opt-66b-submod-0-latency-25.cdgp
1704042449686271833,1704042455038176185,200,http://172.169.8.253:31112/function/opt-66b-submod-0-latency-25.cdgp
1704042449686367756,1704042459453468531,500,http://172.169.8.253:31112/function/opt-66b-submod-0-latency-25.cdgp
1704042449686446083,1704042459583022501,500,http://172.169.8.253:31112/function/opt-66b-submod-0-latency-25.cdgp
1704042449686544436,1704042458700645770,500,http://172.169.8.253:31112/function/opt-66b-submod-0-latency-25.cdgp
1704042449686611902,1704042458973888539,500,http://172.169.8.253:31112/function/opt-66b-submod-0-latency-25.cdgp
1704042449686712335,1704042458709905281,500,http://172.169.8.253:31112/function/opt-66b-submod-0-latency-25.cdgp
1704042449686794762,1704042459451628749,500,http://172.169.8.253:31112/function/opt-66b-submod-0-latency-25.cdgp
1704042449686876732,1704042456519993079,200,http://172.169.8.253:31112/function/opt-66b-submod-0-latency-25.cdgp
1704042449686928784,1704042458284931552,500,http://172.169.8.253:31112/function/opt-66b-submod-0-latency-25.cdgp
1704042449687002220,1704042458819386890,500,http://172.169.8.253:31112/function/opt-66b-submod-0-latency-25.cdgp
1704042449687102966,1704042459592407924,500,http://172.169.8.253:31112/function/opt-66b-submod-0-latency-25.cdgp
1704042449687183494,1704042459613749203,500,http://172.169.8.253:31112/function/opt-66b-submod-0-latency-25.cdgp
1704042449687260165,1704042459590864339,500,http://172.169.8.253:31112/function/opt-66b-submod-0-latency-25.cdgp
1704042449687349535,1704042459633944632,500,http://172.169.8.253:31112/function/opt-66b-submod-0-latency-25.cdgp
1704042449687424545,1704042459594595716,500,http://172.169.8.253:31112/function/opt-66b-submod-0-latency-25.cdgp
1704042449687530790,1704042459687810042,500,http://172.169.8.253:31112/function/opt-66b-submod-0-latency-25.cdgp
1704042449687593880,1704042459285043168,500,http://172.169.8.253:31112/function/opt-66b-submod-0-latency-25.cdgp
1704042449687671463,1704042459588491398,500,http://172.169.8.253:31112/function/opt-66b-submod-0-latency-25.cdgp
1704042449687756136,1704042458483200100,200,http://172.169.8.253:31112/function/opt-66b-submod-0-latency-25.cdgp
1704042449687839195,1704042459590021291,500,http://172.169.8.253:31112/function/opt-66b-submod-0-latency-25.cdgp
1704042449687925502,1704042458942435623,500,http://172.169.8.253:31112/function/opt-66b-submod-0-latency-25.cdgp
1704042449688027748,1704042459631942788,500,http://172.169.8.253:31112/function/opt-66b-submod-0-latency-25.cdgp
1704042449835998770,1704042459747664001,500,http://172.169.8.253:31112/function/opt-66b-submod-0-latency-25.cdgp
1704042449836123838,1704042456648486079,200,http://172.169.8.253:31112/function/opt-66b-submod-0-latency-25.cdgp
1704042449836219991,1704042459698060291,500,http://172.169.8.253:31112/function/opt-66b-submod-0-latency-25.cdgp
1704042449836337608,1704042459760066315,500,http://172.169.8.253:31112/function/opt-66b-submod-0-latency-25.cdgp
1704042449836385622,1704042459750382895,500,http://172.169.8.253:31112/function/opt-66b-submod-0-latency-25.cdgp
1704042449864119340,1704042459686664739,500,http://172.169.8.253:31112/function/opt-66b-submod-0-latency-25.cdgp
1704042449864217008,1704042459270710634,500,http://172.169.8.253:31112/function/opt-66b-submod-0-latency-25.cdgp
1704042449864242991,1704042459752526005,500,http://172.169.8.253:31112/function/opt-66b-submod-0-latency-25.cdgp
1704042449864333940,1704042455022544841,200,http://172.169.8.253:31112/function/opt-66b-submod-0-latency-25.cdgp
1704042449864423256,1704042459752791649,500,http://172.169.8.253:31112/function/opt-66b-submod-0-latency-25.cdgp
1704042449864483638,1704042456624840495,200,http://172.169.8.253:31112/function/opt-66b-submod-0-latency-25.cdgp
1704042449956281746,1704042456610470542,200,http://172.169.8.253:31112/function/opt-66b-submod-0-latency-25.cdgp
1704042449956396325,1704042459685702053,500,http://172.169.8.253:31112/function/opt-66b-submod-0-latency-25.cdgp
1704042449956486819,1704042459751002339,500,http://172.169.8.253:31112/function/opt-66b-submod-0-latency-25.cdgp
1704042449956599246,1704042454660140966,200,http://172.169.8.253:31112/function/opt-66b-submod-0-latency-25.cdgp
1704042449956703788,1704042456608992001,200,http://172.169.8.253:31112/function/opt-66b-submod-0-latency-25.cdgp
1704042449956800843,1704042454222024477,200,http://172.169.8.253:31112/function/opt-66b-submod-0-latency-25.cdgp
1704042449956869091,1704042459687627904,500,http://172.169.8.253:31112/function/opt-66b-submod-0-latency-25.cdgp
1704042450275329849,1704042456524756319,200,http://172.169.8.253:31112/function/opt-66b-submod-0-latency-25.cdgp
1704042450275417631,1704042459857749040,500,http://172.169.8.253:31112/function/opt-66b-submod-0-latency-25.cdgp
1704042450275531164,1704042456533184507,200,http://172.169.8.253:31112/function/opt-66b-submod-0-latency-25.cdgp
1704042450275601111,1704042459815294055,500,http://172.169.8.253:31112/function/opt-66b-submod-0-latency-25.cdgp
1704042450275633261,1704042459761915254,500,http://172.169.8.253:31112/function/opt-66b-submod-0-latency-25.cdgp
1704042450275717386,1704042459860721732,500,http://172.169.8.253:31112/function/opt-66b-submod-0-latency-25.cdgp
1704042450275786020,1704042460011113805,500,http://172.169.8.253:31112/function/opt-66b-submod-0-latency-25.cdgp
1704042450275869506,1704042459063561175,500,http://172.169.8.253:31112/function/opt-66b-submod-0-latency-25.cdgp
1704042450275960767,1704042459948645054,500,http://172.169.8.253:31112/function/opt-66b-submod-0-latency-25.cdgp
1704042450276031058,1704042456664048054,200,http://172.169.8.253:31112/function/opt-66b-submod-0-latency-25.cdgp
1704042450276090155,1704042460031581387,500,http://172.169.8.253:31112/function/opt-66b-submod-0-latency-25.cdgp
1704042450276151457,1704042458473657909,200,http://172.169.8.253:31112/function/opt-66b-submod-0-latency-25.cdgp
1704042450276194546,1704042454949664329,200,http://172.169.8.253:31112/function/opt-66b-submod-0-latency-25.cdgp
1704042450284779080,1704042459763690251,504,http://172.169.8.253:31112/function/opt-66b-submod-0-latency-25.cdgp
1704042450284845595,1704042459813848408,500,http://172.169.8.253:31112/function/opt-66b-submod-0-latency-25.cdgp
1704042450284898989,1704042459672143045,500,http://172.169.8.253:31112/function/opt-66b-submod-0-latency-25.cdgp
1704042450284940789,1704042453941280802,200,http://172.169.8.253:31112/function/opt-66b-submod-0-latency-25.cdgp
1704042450285015719,1704042459983889393,500,http://172.169.8.253:31112/function/opt-66b-submod-0-latency-25.cdgp
1704042450285071140,1704042460034421273,500,http://172.169.8.253:31112/function/opt-66b-submod-0-latency-25.cdgp
1704042450285089285,1704042459908403755,500,http://172.169.8.253:31112/function/opt-66b-submod-0-latency-25.cdgp
1704042450285176855,1704042459989072121,500,http://172.169.8.253:31112/function/opt-66b-submod-0-latency-25.cdgp
1704042450286213082,1704042459906205504,500,http://172.169.8.253:31112/function/opt-66b-submod-0-latency-25.cdgp
1704042450286272403,1704042459907651352,500,http://172.169.8.253:31112/function/opt-66b-submod-0-latency-25.cdgp
1704042450286305845,1704042458499002466,200,http://172.169.8.253:31112/function/opt-66b-submod-0-latency-25.cdgp
1704042450286391619,1704042460009712000,500,http://172.169.8.253:31112/function/opt-66b-submod-0-latency-25.cdgp
1704042450286465412,1704042459716068673,500,http://172.169.8.253:31112/function/opt-66b-submod-0-latency-25.cdgp
1704042450286524152,1704042459995074614,500,http://172.169.8.253:31112/function/opt-66b-submod-0-latency-25.cdgp
1704042450292107423,1704042456660324862,200,http://172.169.8.253:31112/function/opt-66b-submod-0-latency-25.cdgp
1704042450292203107,1704042459811623721,500,http://172.169.8.253:31112/function/opt-66b-submod-0-latency-25.cdgp
1704042450292293949,1704042459987298543,500,http://172.169.8.253:31112/function/opt-66b-submod-0-latency-25.cdgp
1704042450292387541,1704042459985570810,500,http://172.169.8.253:31112/function/opt-66b-submod-0-latency-25.cdgp
1704042450292473978,1704042460010423724,500,http://172.169.8.253:31112/function/opt-66b-submod-0-latency-25.cdgp
1704042450292573861,1704042456567582526,200,http://172.169.8.253:31112/function/opt-66b-submod-0-latency-25.cdgp
1704042450292660600,1704042459982170462,500,http://172.169.8.253:31112/function/opt-66b-submod-0-latency-25.cdgp
1704042450292748604,1704042460028260548,500,http://172.169.8.253:31112/function/opt-66b-submod-0-latency-25.cdgp
1704042450729131945,1704042460430288634,500,http://172.169.8.253:31112/function/opt-66b-submod-0-latency-25.cdgp
1704042450734887870,1704042458467868319,200,http://172.169.8.253:31112/function/opt-66b-submod-0-latency-25.cdgp
1704042450735010214,1704042456644515800,200,http://172.169.8.253:31112/function/opt-66b-submod-0-latency-25.cdgp
1704042450735161474,1704042459718540722,500,http://172.169.8.253:31112/function/opt-66b-submod-0-latency-25.cdgp
1704042450735237179,1704042460142100832,500,http://172.169.8.253:31112/function/opt-66b-submod-0-latency-25.cdgp
1704042450735337216,1704042458499832245,200,http://172.169.8.253:31112/function/opt-66b-submod-0-latency-25.cdgp
1704042450735455446,1704042459812661313,500,http://172.169.8.253:31112/function/opt-66b-submod-0-latency-25.cdgp
1704042450735560183,1704042454968645467,200,http://172.169.8.253:31112/function/opt-66b-submod-0-latency-25.cdgp
1704042450735645684,1704042459713818591,500,http://172.169.8.253:31112/function/opt-66b-submod-0-latency-25.cdgp
1704042450735845549,1704042460071962557,500,http://172.169.8.253:31112/function/opt-66b-submod-0-latency-25.cdgp
1704042450735933046,1704042460057190425,500,http://172.169.8.253:31112/function/opt-66b-submod-0-latency-25.cdgp
1704042450735960442,1704042460136732863,500,http://172.169.8.253:31112/function/opt-66b-submod-0-latency-25.cdgp
1704042450739352685,1704042459993357910,500,http://172.169.8.253:31112/function/opt-66b-submod-0-latency-25.cdgp
1704042450739478982,1704042459929852759,500,http://172.169.8.253:31112/function/opt-66b-submod-0-latency-25.cdgp
1704042450739560639,1704042460070561176,500,http://172.169.8.253:31112/function/opt-66b-submod-0-latency-25.cdgp
1704042450739634978,1704042460131670247,500,http://172.169.8.253:31112/function/opt-66b-submod-0-latency-25.cdgp
1704042451658027107,1704042460648503890,500,http://172.169.8.253:31112/function/opt-66b-submod-0-latency-25.cdgp
1704042451658110386,1704042460351463527,500,http://172.169.8.253:31112/function/opt-66b-submod-0-latency-25.cdgp
1704042451658240855,1704042461658722812,500,http://172.169.8.253:31112/function/opt-66b-submod-0-latency-25.cdgp
1704042451658306096,1704042460432888104,500,http://172.169.8.253:31112/function/opt-66b-submod-0-latency-25.cdgp
1704042451665274430,1704042455182489498,200,http://172.169.8.253:31112/function/opt-66b-submod-0-latency-25.cdgp
1704042451665351989,1704042460997944063,500,http://172.169.8.253:31112/function/opt-66b-submod-0-latency-25.cdgp
1704042451665521134,1704042455409855557,200,http://172.169.8.253:31112/function/opt-66b-submod-0-latency-25.cdgp
1704042451665591860,1704042461195423924,500,http://172.169.8.253:31112/function/opt-66b-submod-0-latency-25.cdgp
1704042451665632340,1704042460986670198,500,http://172.169.8.253:31112/function/opt-66b-submod-0-latency-25.cdgp
1704042451665733428,1704042460997683418,500,http://172.169.8.253:31112/function/opt-66b-submod-0-latency-25.cdgp
1704042451666454516,1704042461086937164,500,http://172.169.8.253:31112/function/opt-66b-submod-0-latency-25.cdgp
1704042451666482948,1704042454973154500,200,http://172.169.8.253:31112/function/opt-66b-submod-0-latency-25.cdgp
1704042451666557846,1704042458661673931,200,http://172.169.8.253:31112/function/opt-66b-submod-0-latency-25.cdgp
1704042451666648319,1704042461311875060,500,http://172.169.8.253:31112/function/opt-66b-submod-0-latency-25.cdgp
1704042451666739976,1704042460891750935,500,http://172.169.8.253:31112/function/opt-66b-submod-0-latency-25.cdgp
1704042451666836714,1704042461078312774,500,http://172.169.8.253:31112/function/opt-66b-submod-0-latency-25.cdgp
1704042451666908042,1704042460131084463,500,http://172.169.8.253:31112/function/opt-66b-submod-0-latency-25.cdgp
1704042451666960837,1704042461271079428,500,http://172.169.8.253:31112/function/opt-66b-submod-0-latency-25.cdgp
1704042451667020911,1704042460234788424,500,http://172.169.8.253:31112/function/opt-66b-submod-0-latency-25.cdgp
1704042451667120484,1704042461253566956,500,http://172.169.8.253:31112/function/opt-66b-submod-0-latency-25.cdgp
1704042451667192512,1704042460820568305,500,http://172.169.8.253:31112/function/opt-66b-submod-0-latency-25.cdgp
1704042451667212539,1704042461250243034,500,http://172.169.8.253:31112/function/opt-66b-submod-0-latency-25.cdgp
1704042451667353858,1704042460983357565,500,http://172.169.8.253:31112/function/opt-66b-submod-0-latency-25.cdgp
1704042451673664612,1704042461173605686,500,http://172.169.8.253:31112/function/opt-66b-submod-0-latency-25.cdgp
1704042451673761320,1704042461098242683,500,http://172.169.8.253:31112/function/opt-66b-submod-0-latency-25.cdgp
1704042451673849040,1704042460498614172,500,http://172.169.8.253:31112/function/opt-66b-submod-0-latency-25.cdgp
1704042451673931027,1704042461504284996,500,http://172.169.8.253:31112/function/opt-66b-submod-0-latency-25.cdgp
1704042451674005373,1704042460896330592,500,http://172.169.8.253:31112/function/opt-66b-submod-0-latency-25.cdgp
1704042451674093496,1704042460976038923,500,http://172.169.8.253:31112/function/opt-66b-submod-0-latency-25.cdgp
1704042451674172282,1704042460511891692,500,http://172.169.8.253:31112/function/opt-66b-submod-0-latency-25.cdgp
1704042451674258937,1704042461071454219,500,http://172.169.8.253:31112/function/opt-66b-submod-0-latency-25.cdgp
1704042451674343071,1704042454155947999,200,http://172.169.8.253:31112/function/opt-66b-submod-0-latency-25.cdgp
1704042451674429825,1704042460932774693,500,http://172.169.8.253:31112/function/opt-66b-submod-0-latency-25.cdgp
1704042451674520417,1704042461249033755,500,http://172.169.8.253:31112/function/opt-66b-submod-0-latency-25.cdgp
1704042451674590279,1704042461088648813,500,http://172.169.8.253:31112/function/opt-66b-submod-0-latency-25.cdgp
1704042451674635265,1704042461069451913,500,http://172.169.8.253:31112/function/opt-66b-submod-0-latency-25.cdgp
1704042451674747520,1704042461214275865,500,http://172.169.8.253:31112/function/opt-66b-submod-0-latency-25.cdgp
1704042451674774793,1704042461313567951,500,http://172.169.8.253:31112/function/opt-66b-submod-0-latency-25.cdgp
1704042451674857342,1704042461309530082,500,http://172.169.8.253:31112/function/opt-66b-submod-0-latency-25.cdgp
1704042451674947715,1704042460879513484,500,http://172.169.8.253:31112/function/opt-66b-submod-0-latency-25.cdgp
1704042451675041443,1704042461494044214,500,http://172.169.8.253:31112/function/opt-66b-submod-0-latency-25.cdgp
1704042451675075249,1704042460548547935,500,http://172.169.8.253:31112/function/opt-66b-submod-0-latency-25.cdgp
1704042451721757654,1704042460935581800,200,http://172.169.8.253:31112/function/opt-66b-submod-0-latency-25.cdgp
1704042451721836938,1704042461500429530,500,http://172.169.8.253:31112/function/opt-66b-submod-0-latency-25.cdgp
1704042451721853614,1704042458461103051,200,http://172.169.8.253:31112/function/opt-66b-submod-0-latency-25.cdgp
1704042451745328836,1704042461205690999,500,http://172.169.8.253:31112/function/opt-66b-submod-0-latency-25.cdgp
1704042451745412312,1704042461502765319,500,http://172.169.8.253:31112/function/opt-66b-submod-0-latency-25.cdgp
1704042451745518740,1704042458507423698,200,http://172.169.8.253:31112/function/opt-66b-submod-0-latency-25.cdgp
1704042451745603157,1704042454444095570,200,http://172.169.8.253:31112/function/opt-66b-submod-0-latency-25.cdgp
1704042451745636634,1704042461551493925,500,http://172.169.8.253:31112/function/opt-66b-submod-0-latency-25.cdgp
1704042451745704233,1704042454618185067,200,http://172.169.8.253:31112/function/opt-66b-submod-0-latency-25.cdgp
1704042451745744683,1704042460213968806,500,http://172.169.8.253:31112/function/opt-66b-submod-0-latency-25.cdgp
1704042451745814250,1704042461630280511,500,http://172.169.8.253:31112/function/opt-66b-submod-0-latency-25.cdgp
1704042451745884621,1704042456526287117,200,http://172.169.8.253:31112/function/opt-66b-submod-0-latency-25.cdgp
1704042451900880372,1704042455491470935,200,http://172.169.8.253:31112/function/opt-66b-submod-0-latency-25.cdgp
1704042451900957424,1704042461544870744,500,http://172.169.8.253:31112/function/opt-66b-submod-0-latency-25.cdgp
1704042451901024169,1704042458635194071,200,http://172.169.8.253:31112/function/opt-66b-submod-0-latency-25.cdgp
1704042451901101513,1704042461666846640,500,http://172.169.8.253:31112/function/opt-66b-submod-0-latency-25.cdgp
1704042451901217634,1704042460867446231,500,http://172.169.8.253:31112/function/opt-66b-submod-0-latency-25.cdgp
1704042451901322859,1704042460712062456,500,http://172.169.8.253:31112/function/opt-66b-submod-0-latency-25.cdgp
1704042451950349744,1704042458466193979,200,http://172.169.8.253:31112/function/opt-66b-submod-0-latency-25.cdgp
1704042451950869490,1704042461835409059,500,http://172.169.8.253:31112/function/opt-66b-submod-0-latency-25.cdgp
1704042451950978779,1704042460914474549,500,http://172.169.8.253:31112/function/opt-66b-submod-0-latency-25.cdgp
1704042451951080184,1704042460710291499,500,http://172.169.8.253:31112/function/opt-66b-submod-0-latency-25.cdgp
1704042451951179264,1704042461839956884,500,http://172.169.8.253:31112/function/opt-66b-submod-0-latency-25.cdgp
1704042451972991606,1704042461855488070,500,http://172.169.8.253:31112/function/opt-66b-submod-0-latency-25.cdgp
1704042451973058990,1704042461626003016,500,http://172.169.8.253:31112/function/opt-66b-submod-0-latency-25.cdgp
1704042451973115770,1704042461274434968,500,http://172.169.8.253:31112/function/opt-66b-submod-0-latency-25.cdgp
1704042451973383801,1704042461151526578,500,http://172.169.8.253:31112/function/opt-66b-submod-0-latency-25.cdgp
1704042451973471050,1704042455454187738,200,http://172.169.8.253:31112/function/opt-66b-submod-0-latency-25.cdgp
1704042451973547339,1704042460832008582,500,http://172.169.8.253:31112/function/opt-66b-submod-0-latency-25.cdgp
1704042451973614783,1704042455039245312,200,http://172.169.8.253:31112/function/opt-66b-submod-0-latency-25.cdgp
1704042451973695466,1704042454616323799,200,http://172.169.8.253:31112/function/opt-66b-submod-0-latency-25.cdgp
1704042451973737889,1704042460978565970,500,http://172.169.8.253:31112/function/opt-66b-submod-0-latency-25.cdgp
1704042451973785817,1704042461501026464,500,http://172.169.8.253:31112/function/opt-66b-submod-0-latency-25.cdgp
1704042451973888510,1704042461212944697,500,http://172.169.8.253:31112/function/opt-66b-submod-0-latency-25.cdgp
1704042451973960329,1704042461211473805,500,http://172.169.8.253:31112/function/opt-66b-submod-0-latency-25.cdgp
1704042451973997116,1704042461498087322,500,http://172.169.8.253:31112/function/opt-66b-submod-0-latency-25.cdgp
1704042451976409977,1704042461893337366,500,http://172.169.8.253:31112/function/opt-66b-submod-0-latency-25.cdgp
1704042451976495875,1704042461841051479,500,http://172.169.8.253:31112/function/opt-66b-submod-0-latency-25.cdgp
1704042451976582921,1704042454457528264,200,http://172.169.8.253:31112/function/opt-66b-submod-0-latency-25.cdgp
1704042451976653628,1704042461251916084,500,http://172.169.8.253:31112/function/opt-66b-submod-0-latency-25.cdgp
1704042451979687290,1704042455037876595,200,http://172.169.8.253:31112/function/opt-66b-submod-0-latency-25.cdgp
1704042451979801833,1704042461676687533,500,http://172.169.8.253:31112/function/opt-66b-submod-0-latency-25.cdgp
1704042451979910272,1704042458983731293,200,http://172.169.8.253:31112/function/opt-66b-submod-0-latency-25.cdgp
1704042451980003726,1704042461334775063,500,http://172.169.8.253:31112/function/opt-66b-submod-0-latency-25.cdgp
1704042451980063757,1704042458481152583,200,http://172.169.8.253:31112/function/opt-66b-submod-0-latency-25.cdgp
1704042451980492661,1704042461496002923,500,http://172.169.8.253:31112/function/opt-66b-submod-0-latency-25.cdgp
1704042452116667744,1704042461873698845,500,http://172.169.8.253:31112/function/opt-66b-submod-0-latency-25.cdgp
1704042452116753670,1704042462117221714,500,http://172.169.8.253:31112/function/opt-66b-submod-0-latency-25.cdgp
1704042452116851007,1704042460902254646,200,http://172.169.8.253:31112/function/opt-66b-submod-0-latency-25.cdgp
1704042452116924299,1704042461884568383,500,http://172.169.8.253:31112/function/opt-66b-submod-0-latency-25.cdgp
1704042452117021531,1704042461876284764,500,http://172.169.8.253:31112/function/opt-66b-submod-0-latency-25.cdgp
1704042452117158551,1704042461939296009,500,http://172.169.8.253:31112/function/opt-66b-submod-0-latency-25.cdgp
1704042452117222277,1704042460979145195,500,http://172.169.8.253:31112/function/opt-66b-submod-0-latency-25.cdgp
1704042452117266358,1704042461958788883,500,http://172.169.8.253:31112/function/opt-66b-submod-0-latency-25.cdgp
1704042452117357883,1704042461875870337,500,http://172.169.8.253:31112/function/opt-66b-submod-0-latency-25.cdgp
1704042452117438990,1704042461338443252,200,http://172.169.8.253:31112/function/opt-66b-submod-0-latency-25.cdgp
1704042452117526621,1704042461422280315,500,http://172.169.8.253:31112/function/opt-66b-submod-0-latency-25.cdgp
1704042452117587451,1704042461941110881,500,http://172.169.8.253:31112/function/opt-66b-submod-0-latency-25.cdgp
1704042452117635747,1704042458599393544,200,http://172.169.8.253:31112/function/opt-66b-submod-0-latency-25.cdgp
1704042452117726397,1704042461887396547,500,http://172.169.8.253:31112/function/opt-66b-submod-0-latency-25.cdgp
1704042452117805675,1704042461884505924,500,http://172.169.8.253:31112/function/opt-66b-submod-0-latency-25.cdgp
1704042452117877081,1704042461888427863,500,http://172.169.8.253:31112/function/opt-66b-submod-0-latency-25.cdgp
1704042452117888414,1704042461845537916,500,http://172.169.8.253:31112/function/opt-66b-submod-0-latency-25.cdgp
1704042452117970493,1704042461886847126,500,http://172.169.8.253:31112/function/opt-66b-submod-0-latency-25.cdgp
1704042452118048627,1704042461889608563,500,http://172.169.8.253:31112/function/opt-66b-submod-0-latency-25.cdgp
1704042452118140618,1704042461692502692,500,http://172.169.8.253:31112/function/opt-66b-submod-0-latency-25.cdgp
1704042452118200816,1704042461393017395,500,http://172.169.8.253:31112/function/opt-66b-submod-0-latency-25.cdgp
1704042452118212078,1704042455437144215,200,http://172.169.8.253:31112/function/opt-66b-submod-0-latency-25.cdgp
1704042452118283155,1704042461691025715,500,http://172.169.8.253:31112/function/opt-66b-submod-0-latency-25.cdgp
1704042452118355536,1704042461320135979,500,http://172.169.8.253:31112/function/opt-66b-submod-0-latency-25.cdgp
1704042452118425112,1704042461634724232,500,http://172.169.8.253:31112/function/opt-66b-submod-0-latency-25.cdgp
1704042452118450304,1704042461895540816,500,http://172.169.8.253:31112/function/opt-66b-submod-0-latency-25.cdgp
1704042452118561279,1704042461960130938,500,http://172.169.8.253:31112/function/opt-66b-submod-0-latency-25.cdgp
1704042452118637447,1704042458563539603,200,http://172.169.8.253:31112/function/opt-66b-submod-0-latency-25.cdgp
1704042452366000089,1704042458522331728,200,http://172.169.8.253:31112/function/opt-66b-submod-0-latency-25.cdgp
1704042452563837153,1704042462564089280,500,http://172.169.8.253:31112/function/opt-66b-submod-0-latency-25.cdgp
1704042452564000715,1704042461890474067,500,http://172.169.8.253:31112/function/opt-66b-submod-0-latency-25.cdgp
1704042452564066692,1704042458520224449,200,http://172.169.8.253:31112/function/opt-66b-submod-0-latency-25.cdgp
1704042452564155086,1704042461191510927,500,http://172.169.8.253:31112/function/opt-66b-submod-0-latency-25.cdgp
1704042452564249495,1704042462037723126,500,http://172.169.8.253:31112/function/opt-66b-submod-0-latency-25.cdgp
1704042452564338657,1704042461303420388,500,http://172.169.8.253:31112/function/opt-66b-submod-0-latency-25.cdgp
1704042452564395415,1704042458528376539,200,http://172.169.8.253:31112/function/opt-66b-submod-0-latency-25.cdgp
1704042452645114485,1704042462036711243,500,http://172.169.8.253:31112/function/opt-66b-submod-0-latency-25.cdgp
1704042452645193626,1704042458602415574,200,http://172.169.8.253:31112/function/opt-66b-submod-0-latency-25.cdgp
1704042452645220688,1704042458513706809,200,http://172.169.8.253:31112/function/opt-66b-submod-0-latency-25.cdgp
1704042452653593725,1704042455584146873,200,http://172.169.8.253:31112/function/opt-66b-submod-0-latency-25.cdgp
1704042452653749995,1704042462411444794,500,http://172.169.8.253:31112/function/opt-66b-submod-0-latency-25.cdgp
1704042452653868449,1704042461823459632,200,http://172.169.8.253:31112/function/opt-66b-submod-0-latency-25.cdgp
1704042452653954100,1704042458554456701,200,http://172.169.8.253:31112/function/opt-66b-submod-0-latency-25.cdgp
1704042452654090805,1704042461217645522,500,http://172.169.8.253:31112/function/opt-66b-submod-0-latency-25.cdgp
1704042452654176318,1704042462415841228,500,http://172.169.8.253:31112/function/opt-66b-submod-0-latency-25.cdgp
1704042452654257518,1704042462083860802,500,http://172.169.8.253:31112/function/opt-66b-submod-0-latency-25.cdgp
1704042452654303426,1704042461497775573,200,http://172.169.8.253:31112/function/opt-66b-submod-0-latency-25.cdgp
1704042452654381731,1704042462413412101,500,http://172.169.8.253:31112/function/opt-66b-submod-0-latency-25.cdgp
1704042452654475502,1704042461352072947,500,http://172.169.8.253:31112/function/opt-66b-submod-0-latency-25.cdgp
1704042452654529345,1704042462512697626,500,http://172.169.8.253:31112/function/opt-66b-submod-0-latency-25.cdgp
1704042452654604501,1704042462301248160,500,http://172.169.8.253:31112/function/opt-66b-submod-0-latency-25.cdgp
1704042452654661097,1704042461153453527,200,http://172.169.8.253:31112/function/opt-66b-submod-0-latency-25.cdgp
1704042452654713530,1704042455301001435,200,http://172.169.8.253:31112/function/opt-66b-submod-0-latency-25.cdgp
1704042452654792811,1704042458517404084,200,http://172.169.8.253:31112/function/opt-66b-submod-0-latency-25.cdgp
1704042452654868782,1704042462299447260,500,http://172.169.8.253:31112/function/opt-66b-submod-0-latency-25.cdgp
1704042452654968202,1704042461823426219,200,http://172.169.8.253:31112/function/opt-66b-submod-0-latency-25.cdgp
1704042452655024533,1704042462241944137,500,http://172.169.8.253:31112/function/opt-66b-submod-0-latency-25.cdgp
1704042452655065026,1704042458638188550,200,http://172.169.8.253:31112/function/opt-66b-submod-0-latency-25.cdgp
1704042452655119393,1704042455304496667,200,http://172.169.8.253:31112/function/opt-66b-submod-0-latency-25.cdgp
1704042452655185374,1704042462632385866,500,http://172.169.8.253:31112/function/opt-66b-submod-0-latency-25.cdgp
1704042452655245825,1704042461372118523,500,http://172.169.8.253:31112/function/opt-66b-submod-0-latency-25.cdgp
1704042452655315860,1704042461096211354,200,http://172.169.8.253:31112/function/opt-66b-submod-0-latency-25.cdgp
1704042452655370694,1704042460582138717,200,http://172.169.8.253:31112/function/opt-66b-submod-0-latency-25.cdgp
1704042452655448403,1704042458606491912,200,http://172.169.8.253:31112/function/opt-66b-submod-0-latency-25.cdgp
1704042452655506392,1704042462239865100,500,http://172.169.8.253:31112/function/opt-66b-submod-0-latency-25.cdgp
1704042452655586649,1704042462514589963,500,http://172.169.8.253:31112/function/opt-66b-submod-0-latency-25.cdgp
1704042452655689568,1704042462316433474,500,http://172.169.8.253:31112/function/opt-66b-submod-0-latency-25.cdgp
1704042452655724004,1704042461543126575,500,http://172.169.8.253:31112/function/opt-66b-submod-0-latency-25.cdgp
1704042452655788970,1704042462656603828,500,http://172.169.8.253:31112/function/opt-66b-submod-0-latency-25.cdgp
1704042452655863831,1704042462656432971,500,http://172.169.8.253:31112/function/opt-66b-submod-0-latency-25.cdgp
1704042452655912433,1704042462656449260,500,http://172.169.8.253:31112/function/opt-66b-submod-0-latency-25.cdgp
1704042452656003101,1704042461400955828,200,http://172.169.8.253:31112/function/opt-66b-submod-0-latency-25.cdgp
1704042452656047584,1704042460946691627,200,http://172.169.8.253:31112/function/opt-66b-submod-0-latency-25.cdgp
1704042452656113055,1704042462656459172,500,http://172.169.8.253:31112/function/opt-66b-submod-0-latency-25.cdgp
1704042452656216323,1704042462656432951,500,http://172.169.8.253:31112/function/opt-66b-submod-0-latency-25.cdgp
1704042452656289024,1704042462656628348,500,http://172.169.8.253:31112/function/opt-66b-submod-0-latency-25.cdgp
1704042452656315734,1704042456401693424,200,http://172.169.8.253:31112/function/opt-66b-submod-0-latency-25.cdgp
1704042452656373273,1704042462272927666,200,http://172.169.8.253:31112/function/opt-66b-submod-0-latency-25.cdgp
1704042452656460691,1704042460631064968,200,http://172.169.8.253:31112/function/opt-66b-submod-0-latency-25.cdgp
1704042452656529294,1704042461417440280,200,http://172.169.8.253:31112/function/opt-66b-submod-0-latency-25.cdgp
1704042452656619115,1704042461585643642,200,http://172.169.8.253:31112/function/opt-66b-submod-0-latency-25.cdgp
1704042452656697869,1704042461380945229,200,http://172.169.8.253:31112/function/opt-66b-submod-0-latency-25.cdgp
1704042452656795342,1704042461490732829,504,http://172.169.8.253:31112/function/opt-66b-submod-0-latency-25.cdgp
1704042452656874345,1704042462657887978,500,http://172.169.8.253:31112/function/opt-66b-submod-0-latency-25.cdgp
1704042452656950095,1704042462657952295,500,http://172.169.8.253:31112/function/opt-66b-submod-0-latency-25.cdgp
1704042452657004244,1704042462416913572,500,http://172.169.8.253:31112/function/opt-66b-submod-0-latency-25.cdgp
1704042452657060621,1704042461647348083,200,http://172.169.8.253:31112/function/opt-66b-submod-0-latency-25.cdgp
1704042452657133854,1704042462630913486,500,http://172.169.8.253:31112/function/opt-66b-submod-0-latency-25.cdgp
1704042452657176980,1704042461823446897,200,http://172.169.8.253:31112/function/opt-66b-submod-0-latency-25.cdgp
1704042452657228176,1704042460614393704,200,http://172.169.8.253:31112/function/opt-66b-submod-0-latency-25.cdgp
1704042452657282743,1704042461563164636,200,http://172.169.8.253:31112/function/opt-66b-submod-0-latency-25.cdgp
1704042452657350961,1704042462415030447,500,http://172.169.8.253:31112/function/opt-66b-submod-0-latency-25.cdgp
1704042452657447441,1704042462654624294,500,http://172.169.8.253:31112/function/opt-66b-submod-0-latency-25.cdgp
1704042452657518591,1704042462657888519,500,http://172.169.8.253:31112/function/opt-66b-submod-0-latency-25.cdgp
1704042452657601067,1704042462657880683,500,http://172.169.8.253:31112/function/opt-66b-submod-0-latency-25.cdgp
1704042452657675924,1704042456316704792,200,http://172.169.8.253:31112/function/opt-66b-submod-0-latency-25.cdgp
1704042452657756389,1704042462657969757,500,http://172.169.8.253:31112/function/opt-66b-submod-0-latency-25.cdgp
1704042452657840503,1704042462629013197,500,http://172.169.8.253:31112/function/opt-66b-submod-0-latency-25.cdgp
1704042452657923785,1704042462528216715,500,http://172.169.8.253:31112/function/opt-66b-submod-0-latency-25.cdgp
1704042452658005065,1704042458570600153,200,http://172.169.8.253:31112/function/opt-66b-submod-0-latency-25.cdgp
1704042452658073491,1704042461623036063,200,http://172.169.8.253:31112/function/opt-66b-submod-0-latency-25.cdgp
1704042452658170623,1704042462656464126,500,http://172.169.8.253:31112/function/opt-66b-submod-0-latency-25.cdgp
1704042452658298285,1704042462627296375,500,http://172.169.8.253:31112/function/opt-66b-submod-0-latency-25.cdgp
1704042452658418118,1704042455114965982,200,http://172.169.8.253:31112/function/opt-66b-submod-0-latency-25.cdgp
1704042452658493611,1704042462658919513,500,http://172.169.8.253:31112/function/opt-66b-submod-0-latency-25.cdgp
1704042452658564090,1704042461140336275,200,http://172.169.8.253:31112/function/opt-66b-submod-0-latency-25.cdgp
1704042452658638370,1704042462655005927,500,http://172.169.8.253:31112/function/opt-66b-submod-0-latency-25.cdgp
1704042452658694799,1704042458524861379,200,http://172.169.8.253:31112/function/opt-66b-submod-0-latency-25.cdgp
1704042452658789518,1704042462658921272,500,http://172.169.8.253:31112/function/opt-66b-submod-0-latency-25.cdgp
1704042452658877513,1704042462583753764,500,http://172.169.8.253:31112/function/opt-66b-submod-0-latency-25.cdgp
1704042452658953248,1704042462660160198,500,http://172.169.8.253:31112/function/opt-66b-submod-0-latency-25.cdgp
1704042452659032466,1704042462657647767,500,http://172.169.8.253:31112/function/opt-66b-submod-0-latency-25.cdgp
1704042452659127998,1704042462529822588,500,http://172.169.8.253:31112/function/opt-66b-submod-0-latency-25.cdgp
1704042452659178473,1704042462634004453,500,http://172.169.8.253:31112/function/opt-66b-submod-0-latency-25.cdgp
1704042452659267844,1704042462660178416,500,http://172.169.8.253:31112/function/opt-66b-submod-0-latency-25.cdgp
1704042452659325546,1704042462660097200,500,http://172.169.8.253:31112/function/opt-66b-submod-0-latency-25.cdgp
1704042452659390021,1704042458472650065,200,http://172.169.8.253:31112/function/opt-66b-submod-0-latency-25.cdgp
1704042454779260845,1704042463653855453,500,http://172.169.8.253:31112/function/opt-66b-submod-0-latency-25.cdgp
1704042454779435183,1704042463708933316,500,http://172.169.8.253:31112/function/opt-66b-submod-0-latency-25.cdgp
1704042454779583602,1704042462485770074,200,http://172.169.8.253:31112/function/opt-66b-submod-0-latency-25.cdgp
1704042454779650622,1704042462398633326,200,http://172.169.8.253:31112/function/opt-66b-submod-0-latency-25.cdgp
1704042454779713106,1704042464014994843,500,http://172.169.8.253:31112/function/opt-66b-submod-0-latency-25.cdgp
1704042454779784705,1704042456499143071,200,http://172.169.8.253:31112/function/opt-66b-submod-0-latency-25.cdgp
1704042454779832805,1704042456786003352,200,http://172.169.8.253:31112/function/opt-66b-submod-0-latency-25.cdgp
1704042454779908537,1704042456658704528,200,http://172.169.8.253:31112/function/opt-66b-submod-0-latency-25.cdgp
1704042454781769138,1704042461902186540,200,http://172.169.8.253:31112/function/opt-66b-submod-0-latency-25.cdgp
1704042454781804565,1704042464044385545,500,http://172.169.8.253:31112/function/opt-66b-submod-0-latency-25.cdgp
1704042454781879940,1704042460014285216,200,http://172.169.8.253:31112/function/opt-66b-submod-0-latency-25.cdgp
1704042454781958928,1704042463879715842,500,http://172.169.8.253:31112/function/opt-66b-submod-0-latency-25.cdgp
1704042454782046858,1704042456833050449,200,http://172.169.8.253:31112/function/opt-66b-submod-0-latency-25.cdgp
1704042454782123661,1704042463990135442,500,http://172.169.8.253:31112/function/opt-66b-submod-0-latency-25.cdgp
1704042454782196172,1704042461806896963,200,http://172.169.8.253:31112/function/opt-66b-submod-0-latency-25.cdgp
1704042454782276805,1704042463946974418,500,http://172.169.8.253:31112/function/opt-66b-submod-0-latency-25.cdgp
1704042454782340184,1704042464040149663,500,http://172.169.8.253:31112/function/opt-66b-submod-0-latency-25.cdgp
1704042454782366510,1704042463941277894,500,http://172.169.8.253:31112/function/opt-66b-submod-0-latency-25.cdgp
1704042454782423082,1704042461774473694,200,http://172.169.8.253:31112/function/opt-66b-submod-0-latency-25.cdgp
1704042454782486299,1704042463871931382,500,http://172.169.8.253:31112/function/opt-66b-submod-0-latency-25.cdgp
1704042454782553018,1704042464052888998,500,http://172.169.8.253:31112/function/opt-66b-submod-0-latency-25.cdgp
1704042454782585017,1704042461729162348,200,http://172.169.8.253:31112/function/opt-66b-submod-0-latency-25.cdgp
1704042454782637856,1704042464021724938,500,http://172.169.8.253:31112/function/opt-66b-submod-0-latency-25.cdgp
1704042454782713978,1704042464019680100,500,http://172.169.8.253:31112/function/opt-66b-submod-0-latency-25.cdgp
1704042454782764583,1704042464042423251,500,http://172.169.8.253:31112/function/opt-66b-submod-0-latency-25.cdgp
1704042455466926695,1704042460144376961,200,http://172.169.8.253:31112/function/opt-66b-submod-0-latency-25.cdgp
1704042455467004376,1704042457115512152,200,http://172.169.8.253:31112/function/opt-66b-submod-0-latency-25.cdgp
1704042455467149180,1704042457057061251,200,http://172.169.8.253:31112/function/opt-66b-submod-0-latency-25.cdgp
1704042455467220459,1704042465332487851,500,http://172.169.8.253:31112/function/opt-66b-submod-0-latency-25.cdgp
1704042455467256540,1704042465379516319,500,http://172.169.8.253:31112/function/opt-66b-submod-0-latency-25.cdgp
1704042455467366030,1704042465332625756,500,http://172.169.8.253:31112/function/opt-66b-submod-0-latency-25.cdgp
1704042455467433556,1704042460611693351,200,http://172.169.8.253:31112/function/opt-66b-submod-0-latency-25.cdgp
1704042455467470853,1704042459855206251,200,http://172.169.8.253:31112/function/opt-66b-submod-0-latency-25.cdgp
1704042455467557529,1704042464539244746,500,http://172.169.8.253:31112/function/opt-66b-submod-0-latency-25.cdgp
1704042455467638050,1704042465379044038,500,http://172.169.8.253:31112/function/opt-66b-submod-0-latency-25.cdgp
1704042455467725215,1704042465379213017,500,http://172.169.8.253:31112/function/opt-66b-submod-0-latency-25.cdgp
1704042455467800089,1704042464803395859,500,http://172.169.8.253:31112/function/opt-66b-submod-0-latency-25.cdgp
1704042455467867172,1704042460147581139,200,http://172.169.8.253:31112/function/opt-66b-submod-0-latency-25.cdgp
1704042455521081056,1704042460646576477,200,http://172.169.8.253:31112/function/opt-66b-submod-0-latency-25.cdgp
1704042455532196101,1704042465333116526,500,http://172.169.8.253:31112/function/opt-66b-submod-0-latency-25.cdgp
1704042455532315361,1704042465349762185,500,http://172.169.8.253:31112/function/opt-66b-submod-0-latency-25.cdgp
1704042455532434335,1704042464800989328,500,http://172.169.8.253:31112/function/opt-66b-submod-0-latency-25.cdgp
1704042455532522242,1704042457301321883,200,http://172.169.8.253:31112/function/opt-66b-submod-0-latency-25.cdgp
1704042455532637721,1704042462258215549,200,http://172.169.8.253:31112/function/opt-66b-submod-0-latency-25.cdgp
1704042455532734425,1704042462170334266,200,http://172.169.8.253:31112/function/opt-66b-submod-0-latency-25.cdgp
1704042455532813190,1704042460061509909,200,http://172.169.8.253:31112/function/opt-66b-submod-0-latency-25.cdgp
1704042455532919851,1704042456822526841,200,http://172.169.8.253:31112/function/opt-66b-submod-0-latency-25.cdgp
1704042455533003205,1704042462293553012,200,http://172.169.8.253:31112/function/opt-66b-submod-0-latency-25.cdgp
1704042455534116870,1704042465332621335,500,http://172.169.8.253:31112/function/opt-66b-submod-0-latency-25.cdgp
1704042455534225624,1704042460097790511,200,http://172.169.8.253:31112/function/opt-66b-submod-0-latency-25.cdgp
1704042455556491326,1704042462259760540,200,http://172.169.8.253:31112/function/opt-66b-submod-0-latency-25.cdgp
1704042455556583172,1704042461583842944,200,http://172.169.8.253:31112/function/opt-66b-submod-0-latency-25.cdgp
1704042455556726829,1704042465237925687,500,http://172.169.8.253:31112/function/opt-66b-submod-0-latency-25.cdgp
1704042455556794270,1704042465237585255,500,http://172.169.8.253:31112/function/opt-66b-submod-0-latency-25.cdgp
1704042455556832320,1704042460628663958,200,http://172.169.8.253:31112/function/opt-66b-submod-0-latency-25.cdgp
1704042455556927449,1704042462189501139,200,http://172.169.8.253:31112/function/opt-66b-submod-0-latency-25.cdgp
1704042455556965303,1704042462365391311,200,http://172.169.8.253:31112/function/opt-66b-submod-0-latency-25.cdgp
1704042455557056214,1704042465337882567,500,http://172.169.8.253:31112/function/opt-66b-submod-0-latency-25.cdgp
1704042455557094973,1704042465355475863,500,http://172.169.8.253:31112/function/opt-66b-submod-0-latency-25.cdgp
1704042455557185797,1704042465237511902,500,http://172.169.8.253:31112/function/opt-66b-submod-0-latency-25.cdgp
1704042455557283291,1704042461437426306,200,http://172.169.8.253:31112/function/opt-66b-submod-0-latency-25.cdgp
1704042455557348248,1704042465242313778,500,http://172.169.8.253:31112/function/opt-66b-submod-0-latency-25.cdgp
1704042455557426549,1704042465536509045,500,http://172.169.8.253:31112/function/opt-66b-submod-0-latency-25.cdgp
1704042455557535742,1704042465349039872,500,http://172.169.8.253:31112/function/opt-66b-submod-0-latency-25.cdgp
1704042455557632885,1704042465237555979,500,http://172.169.8.253:31112/function/opt-66b-submod-0-latency-25.cdgp
1704042455557718631,1704042457251905730,200,http://172.169.8.253:31112/function/opt-66b-submod-0-latency-25.cdgp
1704042455557788773,1704042465333213880,500,http://172.169.8.253:31112/function/opt-66b-submod-0-latency-25.cdgp
1704042455557820775,1704042457828150384,200,http://172.169.8.253:31112/function/opt-66b-submod-0-latency-25.cdgp
1704042455557890786,1704042465349902813,500,http://172.169.8.253:31112/function/opt-66b-submod-0-latency-25.cdgp
1704042455558033118,1704042465333269660,500,http://172.169.8.253:31112/function/opt-66b-submod-0-latency-25.cdgp
1704042455558107391,1704042465349069804,500,http://172.169.8.253:31112/function/opt-66b-submod-0-latency-25.cdgp
1704042455558171429,1704042465333586678,500,http://172.169.8.253:31112/function/opt-66b-submod-0-latency-25.cdgp
1704042455558261492,1704042460696238724,200,http://172.169.8.253:31112/function/opt-66b-submod-0-latency-25.cdgp
1704042455558336167,1704042465237776194,500,http://172.169.8.253:31112/function/opt-66b-submod-0-latency-25.cdgp
1704042455558421487,1704042465237766639,500,http://172.169.8.253:31112/function/opt-66b-submod-0-latency-25.cdgp
1704042455558505308,1704042465238029846,500,http://172.169.8.253:31112/function/opt-66b-submod-0-latency-25.cdgp
1704042455558572505,1704042465354100226,500,http://172.169.8.253:31112/function/opt-66b-submod-0-latency-25.cdgp
1704042462869957839,1704042463473431257,200,http://172.169.8.253:31112/function/opt-66b-submod-0-latency-25.cdgp
1704042462870049722,1704042472149872487,500,http://172.169.8.253:31112/function/opt-66b-submod-0-latency-25.cdgp
1704042462870137191,1704042463584992240,200,http://172.169.8.253:31112/function/opt-66b-submod-0-latency-25.cdgp
1704042462870196231,1704042463661586620,200,http://172.169.8.253:31112/function/opt-66b-submod-0-latency-25.cdgp
1704042462879318839,1704042463560895369,200,http://172.169.8.253:31112/function/opt-66b-submod-0-latency-25.cdgp
1704042462879441848,1704042471877134884,500,http://172.169.8.253:31112/function/opt-66b-submod-0-latency-25.cdgp
1704042464029027400,1704042464803541280,200,http://172.169.8.253:31112/function/opt-66b-submod-0-latency-25.cdgp
1704042464110695551,1704042473775999737,500,http://172.169.8.253:31112/function/opt-66b-submod-0-latency-25.cdgp
1704042464110776743,1704042473157128124,500,http://172.169.8.253:31112/function/opt-66b-submod-0-latency-25.cdgp
1704042464111271891,1704042466015825092,200,http://172.169.8.253:31112/function/opt-66b-submod-0-latency-25.cdgp
1704042464111366056,1704042473775898763,500,http://172.169.8.253:31112/function/opt-66b-submod-0-latency-25.cdgp
1704042464111431617,1704042473258948748,500,http://172.169.8.253:31112/function/opt-66b-submod-0-latency-25.cdgp
1704042464111488531,1704042466014674423,200,http://172.169.8.253:31112/function/opt-66b-submod-0-latency-25.cdgp
1704042464111533997,1704042473798420883,500,http://172.169.8.253:31112/function/opt-66b-submod-0-latency-25.cdgp
1704042464111623469,1704042473491303870,500,http://172.169.8.253:31112/function/opt-66b-submod-0-latency-25.cdgp
1704042464111645301,1704042466004990047,200,http://172.169.8.253:31112/function/opt-66b-submod-0-latency-25.cdgp
1704042464111693239,1704042473776174971,500,http://172.169.8.253:31112/function/opt-66b-submod-0-latency-25.cdgp
1704042464111771582,1704042473499697827,500,http://172.169.8.253:31112/function/opt-66b-submod-0-latency-25.cdgp
1704042464111852003,1704042466004515337,200,http://172.169.8.253:31112/function/opt-66b-submod-0-latency-25.cdgp
1704042464111928418,1704042473798189021,500,http://172.169.8.253:31112/function/opt-66b-submod-0-latency-25.cdgp
1704042464112015974,1704042474007282127,500,http://172.169.8.253:31112/function/opt-66b-submod-0-latency-25.cdgp
1704042464112070735,1704042473270474552,500,http://172.169.8.253:31112/function/opt-66b-submod-0-latency-25.cdgp
1704042464112145831,1704042466004680554,200,http://172.169.8.253:31112/function/opt-66b-submod-0-latency-25.cdgp
1704042464112224732,1704042466015842689,200,http://172.169.8.253:31112/function/opt-66b-submod-0-latency-25.cdgp
1704042464112304208,1704042466014225498,200,http://172.169.8.253:31112/function/opt-66b-submod-0-latency-25.cdgp
1704042464112363395,1704042473233235486,500,http://172.169.8.253:31112/function/opt-66b-submod-0-latency-25.cdgp
1704042464112452333,1704042473798355871,500,http://172.169.8.253:31112/function/opt-66b-submod-0-latency-25.cdgp
1704042464112528331,1704042466005174601,200,http://172.169.8.253:31112/function/opt-66b-submod-0-latency-25.cdgp
1704042464112595653,1704042466015776803,200,http://172.169.8.253:31112/function/opt-66b-submod-0-latency-25.cdgp
1704042464112655912,1704042466825807237,200,http://172.169.8.253:31112/function/opt-66b-submod-0-latency-25.cdgp
1704042464112700101,1704042465349193467,200,http://172.169.8.253:31112/function/opt-66b-submod-0-latency-25.cdgp
1704042464112767436,1704042466008507413,200,http://172.169.8.253:31112/function/opt-66b-submod-0-latency-25.cdgp
1704042464112842150,1704042473497449052,500,http://172.169.8.253:31112/function/opt-66b-submod-0-latency-25.cdgp
1704042464112901063,1704042466830549777,200,http://172.169.8.253:31112/function/opt-66b-submod-0-latency-25.cdgp
1704042464112998542,1704042473655726086,500,http://172.169.8.253:31112/function/opt-66b-submod-0-latency-25.cdgp
1704042464113078055,1704042466023811199,200,http://172.169.8.253:31112/function/opt-66b-submod-0-latency-25.cdgp
1704042464113148390,1704042474007098762,500,http://172.169.8.253:31112/function/opt-66b-submod-0-latency-25.cdgp
1704042464113230337,1704042466929358609,200,http://172.169.8.253:31112/function/opt-66b-submod-0-latency-25.cdgp
1704042464113290008,1704042473230925745,500,http://172.169.8.253:31112/function/opt-66b-submod-0-latency-25.cdgp
1704042464216756724,1704042474217094183,500,http://172.169.8.253:31112/function/opt-66b-submod-0-latency-25.cdgp
1704042464216845961,1704042474007015843,500,http://172.169.8.253:31112/function/opt-66b-submod-0-latency-25.cdgp
1704042464216991955,1704042473655899717,500,http://172.169.8.253:31112/function/opt-66b-submod-0-latency-25.cdgp
1704042464217055716,1704042473684851775,500,http://172.169.8.253:31112/function/opt-66b-submod-0-latency-25.cdgp
1704042464217097524,1704042466832079769,200,http://172.169.8.253:31112/function/opt-66b-submod-0-latency-25.cdgp
1704042464217189060,1704042466927940748,200,http://172.169.8.253:31112/function/opt-66b-submod-0-latency-25.cdgp
1704042464217250645,1704042473970669137,500,http://172.169.8.253:31112/function/opt-66b-submod-0-latency-25.cdgp
1704042464217334348,1704042473656080003,500,http://172.169.8.253:31112/function/opt-66b-submod-0-latency-25.cdgp
1704042464217404908,1704042473971200458,500,http://172.169.8.253:31112/function/opt-66b-submod-0-latency-25.cdgp
1704042464217509183,1704042473682512896,500,http://172.169.8.253:31112/function/opt-66b-submod-0-latency-25.cdgp
1704042464217590354,1704042474012575668,500,http://172.169.8.253:31112/function/opt-66b-submod-0-latency-25.cdgp
1704042464228029343,1704042473682385533,500,http://172.169.8.253:31112/function/opt-66b-submod-0-latency-25.cdgp
1704042464228115072,1704042473658894903,500,http://172.169.8.253:31112/function/opt-66b-submod-0-latency-25.cdgp
1704042464228229349,1704042466018901429,200,http://172.169.8.253:31112/function/opt-66b-submod-0-latency-25.cdgp
1704042464228324512,1704042473655900634,500,http://172.169.8.253:31112/function/opt-66b-submod-0-latency-25.cdgp
1704042464228417094,1704042473655887712,500,http://172.169.8.253:31112/function/opt-66b-submod-0-latency-25.cdgp
1704042464228519475,1704042465995480223,200,http://172.169.8.253:31112/function/opt-66b-submod-0-latency-25.cdgp
1704042464512893627,1704042474361175769,500,http://172.169.8.253:31112/function/opt-66b-submod-0-latency-25.cdgp
1704042464512988792,1704042466796312046,200,http://172.169.8.253:31112/function/opt-66b-submod-0-latency-25.cdgp
1704042464514325092,1704042466826904188,200,http://172.169.8.253:31112/function/opt-66b-submod-0-latency-25.cdgp
1704042464515391723,1704042468307672507,200,http://172.169.8.253:31112/function/opt-66b-submod-0-latency-25.cdgp
1704042464515528729,1704042468265926137,200,http://172.169.8.253:31112/function/opt-66b-submod-0-latency-25.cdgp
1704042464515580517,1704042474335236234,500,http://172.169.8.253:31112/function/opt-66b-submod-0-latency-25.cdgp
1704042464516013750,1704042466831286959,200,http://172.169.8.253:31112/function/opt-66b-submod-0-latency-25.cdgp
1704042464516099374,1704042473804021534,500,http://172.169.8.253:31112/function/opt-66b-submod-0-latency-25.cdgp
1704042464516179823,1704042466800034464,200,http://172.169.8.253:31112/function/opt-66b-submod-0-latency-25.cdgp
1704042464516259147,1704042466934212097,200,http://172.169.8.253:31112/function/opt-66b-submod-0-latency-25.cdgp
1704042464516340808,1704042474335032987,500,http://172.169.8.253:31112/function/opt-66b-submod-0-latency-25.cdgp
1704042464516422722,1704042473801353896,500,http://172.169.8.253:31112/function/opt-66b-submod-0-latency-25.cdgp
1704042464516493466,1704042474361776066,500,http://172.169.8.253:31112/function/opt-66b-submod-0-latency-25.cdgp
1704042464516565695,1704042474361787771,500,http://172.169.8.253:31112/function/opt-66b-submod-0-latency-25.cdgp
1704042464519294393,1704042474335209314,500,http://172.169.8.253:31112/function/opt-66b-submod-0-latency-25.cdgp
1704042464519400684,1704042474362412135,500,http://172.169.8.253:31112/function/opt-66b-submod-0-latency-25.cdgp
1704042464519484741,1704042466123474009,200,http://172.169.8.253:31112/function/opt-66b-submod-0-latency-25.cdgp
1704042464519566300,1704042474362148307,500,http://172.169.8.253:31112/function/opt-66b-submod-0-latency-25.cdgp
1704042464519680195,1704042468268458693,200,http://172.169.8.253:31112/function/opt-66b-submod-0-latency-25.cdgp
1704042464519736828,1704042466933952401,200,http://172.169.8.253:31112/function/opt-66b-submod-0-latency-25.cdgp
1704042464519842087,1704042466004926877,200,http://172.169.8.253:31112/function/opt-66b-submod-0-latency-25.cdgp
1704042464519916056,1704042466953450686,200,http://172.169.8.253:31112/function/opt-66b-submod-0-latency-25.cdgp
1704042464519963692,1704042474336301689,500,http://172.169.8.253:31112/function/opt-66b-submod-0-latency-25.cdgp
1704042464520069849,1704042466935604702,200,http://172.169.8.253:31112/function/opt-66b-submod-0-latency-25.cdgp
1704042464520145227,1704042468262601968,200,http://172.169.8.253:31112/function/opt-66b-submod-0-latency-25.cdgp
1704042464520277091,1704042468263882359,200,http://172.169.8.253:31112/function/opt-66b-submod-0-latency-25.cdgp
1704042464520349275,1704042474361527473,500,http://172.169.8.253:31112/function/opt-66b-submod-0-latency-25.cdgp
1704042464520425787,1704042468264839317,200,http://172.169.8.253:31112/function/opt-66b-submod-0-latency-25.cdgp
1704042464520532676,1704042466009569640,200,http://172.169.8.253:31112/function/opt-66b-submod-0-latency-25.cdgp
1704042464520602224,1704042473801326949,500,http://172.169.8.253:31112/function/opt-66b-submod-0-latency-25.cdgp
1704042464520673146,1704042474335007590,500,http://172.169.8.253:31112/function/opt-66b-submod-0-latency-25.cdgp
1704042464520755632,1704042468267488092,200,http://172.169.8.253:31112/function/opt-66b-submod-0-latency-25.cdgp
1704042464548137511,1704042469199532691,200,http://172.169.8.253:31112/function/opt-66b-submod-0-latency-25.cdgp
1704042464548220642,1704042474549525418,500,http://172.169.8.253:31112/function/opt-66b-submod-0-latency-25.cdgp
1704042464551626674,1704042468556022016,200,http://172.169.8.253:31112/function/opt-66b-submod-0-latency-25.cdgp
1704042464551750226,1704042474335999565,500,http://172.169.8.253:31112/function/opt-66b-submod-0-latency-25.cdgp
1704042464551879286,1704042474553336428,500,http://172.169.8.253:31112/function/opt-66b-submod-0-latency-25.cdgp
1704042464551999501,1704042474553291860,500,http://172.169.8.253:31112/function/opt-66b-submod-0-latency-25.cdgp
1704042464552065172,1704042474328869928,500,http://172.169.8.253:31112/function/opt-66b-submod-0-latency-25.cdgp
1704042464552147628,1704042466799823862,200,http://172.169.8.253:31112/function/opt-66b-submod-0-latency-25.cdgp
1704042464552229426,1704042474007334615,500,http://172.169.8.253:31112/function/opt-66b-submod-0-latency-25.cdgp
1704042464552317937,1704042469212027583,200,http://172.169.8.253:31112/function/opt-66b-submod-0-latency-25.cdgp
1704042464552360755,1704042474553330027,500,http://172.169.8.253:31112/function/opt-66b-submod-0-latency-25.cdgp
1704042464552418673,1704042474553322328,500,http://172.169.8.253:31112/function/opt-66b-submod-0-latency-25.cdgp
1704042464552519069,1704042474553110868,500,http://172.169.8.253:31112/function/opt-66b-submod-0-latency-25.cdgp
1704042464552573133,1704042474553137043,500,http://172.169.8.253:31112/function/opt-66b-submod-0-latency-25.cdgp
1704042464552661724,1704042474553255149,500,http://172.169.8.253:31112/function/opt-66b-submod-0-latency-25.cdgp
1704042464552725074,1704042474553315932,500,http://172.169.8.253:31112/function/opt-66b-submod-0-latency-25.cdgp
1704042464552774532,1704042474553494224,500,http://172.169.8.253:31112/function/opt-66b-submod-0-latency-25.cdgp
1704042464552832224,1704042468798672298,200,http://172.169.8.253:31112/function/opt-66b-submod-0-latency-25.cdgp
1704042464611524191,1704042468262409565,200,http://172.169.8.253:31112/function/opt-66b-submod-0-latency-25.cdgp
1704042464611612915,1704042468770441189,200,http://172.169.8.253:31112/function/opt-66b-submod-0-latency-25.cdgp
1704042464611723216,1704042467941317151,200,http://172.169.8.253:31112/function/opt-66b-submod-0-latency-25.cdgp
1704042464611787694,1704042474335701503,500,http://172.169.8.253:31112/function/opt-66b-submod-0-latency-25.cdgp
1704042464611861734,1704042474612244696,500,http://172.169.8.253:31112/function/opt-66b-submod-0-latency-25.cdgp
1704042464640752552,1704042474641697204,500,http://172.169.8.253:31112/function/opt-66b-submod-0-latency-25.cdgp
1704042464640833607,1704042474641853883,500,http://172.169.8.253:31112/function/opt-66b-submod-0-latency-25.cdgp
1704042464640916475,1704042469181541061,200,http://172.169.8.253:31112/function/opt-66b-submod-0-latency-25.cdgp
1704042464640976691,1704042474641707906,500,http://172.169.8.253:31112/function/opt-66b-submod-0-latency-25.cdgp
1704042464641022368,1704042466797566559,200,http://172.169.8.253:31112/function/opt-66b-submod-0-latency-25.cdgp
1704042464641091772,1704042468231720665,200,http://172.169.8.253:31112/function/opt-66b-submod-0-latency-25.cdgp
1704042464641170277,1704042474641682961,500,http://172.169.8.253:31112/function/opt-66b-submod-0-latency-25.cdgp
1704042464641200157,1704042474336032831,500,http://172.169.8.253:31112/function/opt-66b-submod-0-latency-25.cdgp
1704042464641282407,1704042474329061319,500,http://172.169.8.253:31112/function/opt-66b-submod-0-latency-25.cdgp
1704042464641371066,1704042474641869882,500,http://172.169.8.253:31112/function/opt-66b-submod-0-latency-25.cdgp
1704042464641447850,1704042474335580584,500,http://172.169.8.253:31112/function/opt-66b-submod-0-latency-25.cdgp
1704042464641474718,1704042468081415834,200,http://172.169.8.253:31112/function/opt-66b-submod-0-latency-25.cdgp
1704042464641769782,1704042466801419235,200,http://172.169.8.253:31112/function/opt-66b-submod-0-latency-25.cdgp
1704042464641866676,1704042469911646784,200,http://172.169.8.253:31112/function/opt-66b-submod-0-latency-25.cdgp
1704042464641954128,1704042466830083625,200,http://172.169.8.253:31112/function/opt-66b-submod-0-latency-25.cdgp
1704042464642028485,1704042474336580518,500,http://172.169.8.253:31112/function/opt-66b-submod-0-latency-25.cdgp
1704042464642076233,1704042474335931698,500,http://172.169.8.253:31112/function/opt-66b-submod-0-latency-25.cdgp
1704042464642151802,1704042474642833912,500,http://172.169.8.253:31112/function/opt-66b-submod-0-latency-25.cdgp
1704042464642225835,1704042468109959572,200,http://172.169.8.253:31112/function/opt-66b-submod-0-latency-25.cdgp
1704042464688431745,1704042474689489275,500,http://172.169.8.253:31112/function/opt-66b-submod-0-latency-25.cdgp
1704042464688523732,1704042474689707629,500,http://172.169.8.253:31112/function/opt-66b-submod-0-latency-25.cdgp
1704042464688629413,1704042468655902189,200,http://172.169.8.253:31112/function/opt-66b-submod-0-latency-25.cdgp
1704042464688809112,1704042474689688322,500,http://172.169.8.253:31112/function/opt-66b-submod-0-latency-25.cdgp
1704042464688912034,1704042474689848324,500,http://172.169.8.253:31112/function/opt-66b-submod-0-latency-25.cdgp
1704042464688999627,1704042474689974710,500,http://172.169.8.253:31112/function/opt-66b-submod-0-latency-25.cdgp
1704042464689040610,1704042468657824184,200,http://172.169.8.253:31112/function/opt-66b-submod-0-latency-25.cdgp
1704042464689116654,1704042474689526170,500,http://172.169.8.253:31112/function/opt-66b-submod-0-latency-25.cdgp
1704042464689211866,1704042468268866260,200,http://172.169.8.253:31112/function/opt-66b-submod-0-latency-25.cdgp
1704042464689290364,1704042474689872715,500,http://172.169.8.253:31112/function/opt-66b-submod-0-latency-25.cdgp
1704042464689377293,1704042467481266496,200,http://172.169.8.253:31112/function/opt-66b-submod-0-latency-25.cdgp
1704042464689458116,1704042468114501853,200,http://172.169.8.253:31112/function/opt-66b-submod-0-latency-25.cdgp
1704042464689544118,1704042468941735273,200,http://172.169.8.253:31112/function/opt-66b-submod-0-latency-25.cdgp
1704042464689615563,1704042469220866386,200,http://172.169.8.253:31112/function/opt-66b-submod-0-latency-25.cdgp
1704042464689695256,1704042474689980121,500,http://172.169.8.253:31112/function/opt-66b-submod-0-latency-25.cdgp
1704042464689774923,1704042468654259350,200,http://172.169.8.253:31112/function/opt-66b-submod-0-latency-25.cdgp
1704042464689852377,1704042468286574513,200,http://172.169.8.253:31112/function/opt-66b-submod-0-latency-25.cdgp
1704042464689930007,1704042469104823714,200,http://172.169.8.253:31112/function/opt-66b-submod-0-latency-25.cdgp
1704042464690019237,1704042468772349939,200,http://172.169.8.253:31112/function/opt-66b-submod-0-latency-25.cdgp
1704042464690096370,1704042467473564906,200,http://172.169.8.253:31112/function/opt-66b-submod-0-latency-25.cdgp
1704042464690149212,1704042466801936838,200,http://172.169.8.253:31112/function/opt-66b-submod-0-latency-25.cdgp
1704042464690206748,1704042468985249038,200,http://172.169.8.253:31112/function/opt-66b-submod-0-latency-25.cdgp
1704042464690256063,1704042474690668282,500,http://172.169.8.253:31112/function/opt-66b-submod-0-latency-25.cdgp
1704042464690321052,1704042474690669819,500,http://172.169.8.253:31112/function/opt-66b-submod-0-latency-25.cdgp
1704042464690430734,1704042468265241450,200,http://172.169.8.253:31112/function/opt-66b-submod-0-latency-25.cdgp
1704042464690481002,1704042468284472321,200,http://172.169.8.253:31112/function/opt-66b-submod-0-latency-25.cdgp
1704042464690558934,1704042474690768623,500,http://172.169.8.253:31112/function/opt-66b-submod-0-latency-25.cdgp
1704042464690620390,1704042466835671330,200,http://172.169.8.253:31112/function/opt-66b-submod-0-latency-25.cdgp
1704042464690706070,1704042468138271778,200,http://172.169.8.253:31112/function/opt-66b-submod-0-latency-25.cdgp
1704042464690771170,1704042467482159489,200,http://172.169.8.253:31112/function/opt-66b-submod-0-latency-25.cdgp
1704042464690872858,1704042474568109030,500,http://172.169.8.253:31112/function/opt-66b-submod-0-latency-25.cdgp
1704042464690966987,1704042468116926671,200,http://172.169.8.253:31112/function/opt-66b-submod-0-latency-25.cdgp
1704042464691037297,1704042474692011312,500,http://172.169.8.253:31112/function/opt-66b-submod-0-latency-25.cdgp
1704042464691113656,1704042467478567119,200,http://172.169.8.253:31112/function/opt-66b-submod-0-latency-25.cdgp
1704042464691198818,1704042474692258828,500,http://172.169.8.253:31112/function/opt-66b-submod-0-latency-25.cdgp
1704042464691279048,1704042468599008591,200,http://172.169.8.253:31112/function/opt-66b-submod-0-latency-25.cdgp
1704042464691351043,1704042468901757252,200,http://172.169.8.253:31112/function/opt-66b-submod-0-latency-25.cdgp
1704042464691422045,1704042474340012277,500,http://172.169.8.253:31112/function/opt-66b-submod-0-latency-25.cdgp
1704042464691485091,1704042468271029342,200,http://172.169.8.253:31112/function/opt-66b-submod-0-latency-25.cdgp
1704042464691589941,1704042474692000205,500,http://172.169.8.253:31112/function/opt-66b-submod-0-latency-25.cdgp
1704042464691669078,1704042474691996920,500,http://172.169.8.253:31112/function/opt-66b-submod-0-latency-25.cdgp
1704042464691729229,1704042468244214778,200,http://172.169.8.253:31112/function/opt-66b-submod-0-latency-25.cdgp
1704042464691805859,1704042474692471642,500,http://172.169.8.253:31112/function/opt-66b-submod-0-latency-25.cdgp
1704042464691871057,1704042474692517759,500,http://172.169.8.253:31112/function/opt-66b-submod-0-latency-25.cdgp
1704042464691951835,1704042474692513521,500,http://172.169.8.253:31112/function/opt-66b-submod-0-latency-25.cdgp
1704042464692042320,1704042474692494442,500,http://172.169.8.253:31112/function/opt-66b-submod-0-latency-25.cdgp
1704042464692122666,1704042474692271436,500,http://172.169.8.253:31112/function/opt-66b-submod-0-latency-25.cdgp
1704042464692230052,1704042466833705581,200,http://172.169.8.253:31112/function/opt-66b-submod-0-latency-25.cdgp
1704042464692285700,1704042474692493550,500,http://172.169.8.253:31112/function/opt-66b-submod-0-latency-25.cdgp
1704042464692358165,1704042474692656010,500,http://172.169.8.253:31112/function/opt-66b-submod-0-latency-25.cdgp
1704042464692437599,1704042467474946916,200,http://172.169.8.253:31112/function/opt-66b-submod-0-latency-25.cdgp
1704042464692541115,1704042468800555492,200,http://172.169.8.253:31112/function/opt-66b-submod-0-latency-25.cdgp
1704042464692592788,1704042474692886687,500,http://172.169.8.253:31112/function/opt-66b-submod-0-latency-25.cdgp
1704042464692679283,1704042474692897599,500,http://172.169.8.253:31112/function/opt-66b-submod-0-latency-25.cdgp
1704042464692723058,1704042468114314973,200,http://172.169.8.253:31112/function/opt-66b-submod-0-latency-25.cdgp
1704042464692772094,1704042468280710631,200,http://172.169.8.253:31112/function/opt-66b-submod-0-latency-25.cdgp
1704042464692884781,1704042474693026362,500,http://172.169.8.253:31112/function/opt-66b-submod-0-latency-25.cdgp
1704042464692938745,1704042469223273323,200,http://172.169.8.253:31112/function/opt-66b-submod-0-latency-25.cdgp
1704042464692983557,1704042467476701782,200,http://172.169.8.253:31112/function/opt-66b-submod-0-latency-25.cdgp
1704042464693060703,1704042468114728781,200,http://172.169.8.253:31112/function/opt-66b-submod-0-latency-25.cdgp
1704042464693178312,1704042468282519760,200,http://172.169.8.253:31112/function/opt-66b-submod-0-latency-25.cdgp
1704042464693289805,1704042467481567630,200,http://172.169.8.253:31112/function/opt-66b-submod-0-latency-25.cdgp
1704042464693430482,1704042474694273859,500,http://172.169.8.253:31112/function/opt-66b-submod-0-latency-25.cdgp
1704042464693498269,1704042469262316744,200,http://172.169.8.253:31112/function/opt-66b-submod-0-latency-25.cdgp
1704042464693553944,1704042468081862468,200,http://172.169.8.253:31112/function/opt-66b-submod-0-latency-25.cdgp
1704042464693605607,1704042474694183098,500,http://172.169.8.253:31112/function/opt-66b-submod-0-latency-25.cdgp
1704042464693654927,1704042474694195531,500,http://172.169.8.253:31112/function/opt-66b-submod-0-latency-25.cdgp
1704042464693734355,1704042468267337136,200,http://172.169.8.253:31112/function/opt-66b-submod-0-latency-25.cdgp
1704042464693809361,1704042467480787393,200,http://172.169.8.253:31112/function/opt-66b-submod-0-latency-25.cdgp
1704042464693891485,1704042474694261531,500,http://172.169.8.253:31112/function/opt-66b-submod-0-latency-25.cdgp
1704042464693965374,1704042474694285114,500,http://172.169.8.253:31112/function/opt-66b-submod-0-latency-25.cdgp
1704042464694050460,1704042474694279061,500,http://172.169.8.253:31112/function/opt-66b-submod-0-latency-25.cdgp
1704042464694114032,1704042467941304154,200,http://172.169.8.253:31112/function/opt-66b-submod-0-latency-25.cdgp
1704042464694191286,1704042474694478524,500,http://172.169.8.253:31112/function/opt-66b-submod-0-latency-25.cdgp
1704042464694275492,1704042474694507057,500,http://172.169.8.253:31112/function/opt-66b-submod-0-latency-25.cdgp
1704042464694337212,1704042468270661039,200,http://172.169.8.253:31112/function/opt-66b-submod-0-latency-25.cdgp
1704042464694434079,1704042474694604659,500,http://172.169.8.253:31112/function/opt-66b-submod-0-latency-25.cdgp
1704042464694529599,1704042468275501376,200,http://172.169.8.253:31112/function/opt-66b-submod-0-latency-25.cdgp
1704042464694587883,1704042474694720855,500,http://172.169.8.253:31112/function/opt-66b-submod-0-latency-25.cdgp
1704042464694685338,1704042474694773829,500,http://172.169.8.253:31112/function/opt-66b-submod-0-latency-25.cdgp
1704042464694770688,1704042474694858470,500,http://172.169.8.253:31112/function/opt-66b-submod-0-latency-25.cdgp
1704042465085406107,1704042468813790771,200,http://172.169.8.253:31112/function/opt-66b-submod-0-latency-25.cdgp
1704042465085612616,1704042471335095060,200,http://172.169.8.253:31112/function/opt-66b-submod-0-latency-25.cdgp
1704042465085735305,1704042475086610630,500,http://172.169.8.253:31112/function/opt-66b-submod-0-latency-25.cdgp
1704042465085821429,1704042471084228577,200,http://172.169.8.253:31112/function/opt-66b-submod-0-latency-25.cdgp
1704042465085892991,1704042469866104063,200,http://172.169.8.253:31112/function/opt-66b-submod-0-latency-25.cdgp
1704042465085998743,1704042470644397737,200,http://172.169.8.253:31112/function/opt-66b-submod-0-latency-25.cdgp
1704042465086156600,1704042470817929038,200,http://172.169.8.253:31112/function/opt-66b-submod-0-latency-25.cdgp
1704042465086246392,1704042469427216663,200,http://172.169.8.253:31112/function/opt-66b-submod-0-latency-25.cdgp
1704042465086362250,1704042475086734220,500,http://172.169.8.253:31112/function/opt-66b-submod-0-latency-25.cdgp
1704042465086467429,1704042470004199168,200,http://172.169.8.253:31112/function/opt-66b-submod-0-latency-25.cdgp
1704042465086556792,1704042470804904263,200,http://172.169.8.253:31112/function/opt-66b-submod-0-latency-25.cdgp
1704042465086594996,1704042475086992737,500,http://172.169.8.253:31112/function/opt-66b-submod-0-latency-25.cdgp
1704042465086687149,1704042475087020523,500,http://172.169.8.253:31112/function/opt-66b-submod-0-latency-25.cdgp
1704042465086762641,1704042475087004936,500,http://172.169.8.253:31112/function/opt-66b-submod-0-latency-25.cdgp
1704042465086876050,1704042475087145604,500,http://172.169.8.253:31112/function/opt-66b-submod-0-latency-25.cdgp
1704042465102447613,1704042475102996807,500,http://172.169.8.253:31112/function/opt-66b-submod-0-latency-25.cdgp
1704042465102609315,1704042470486900225,200,http://172.169.8.253:31112/function/opt-66b-submod-0-latency-25.cdgp
1704042465102709543,1704042475102960335,500,http://172.169.8.253:31112/function/opt-66b-submod-0-latency-25.cdgp
1704042465102828333,1704042469332933579,200,http://172.169.8.253:31112/function/opt-66b-submod-0-latency-25.cdgp
1704042465102912800,1704042469174120923,200,http://172.169.8.253:31112/function/opt-66b-submod-0-latency-25.cdgp
1704042465102973414,1704042475103162108,500,http://172.169.8.253:31112/function/opt-66b-submod-0-latency-25.cdgp
1704042465103052518,1704042468840610802,200,http://172.169.8.253:31112/function/opt-66b-submod-0-latency-25.cdgp
1704042465103163485,1704042471079194109,200,http://172.169.8.253:31112/function/opt-66b-submod-0-latency-25.cdgp
1704042465103253327,1704042468971922511,200,http://172.169.8.253:31112/function/opt-66b-submod-0-latency-25.cdgp
1704042465103639178,1704042475104202040,500,http://172.169.8.253:31112/function/opt-66b-submod-0-latency-25.cdgp
1704042465103713673,1704042475104197469,500,http://172.169.8.253:31112/function/opt-66b-submod-0-latency-25.cdgp
1704042465103762435,1704042471128933737,200,http://172.169.8.253:31112/function/opt-66b-submod-0-latency-25.cdgp
1704042465116982736,1704042470230246795,200,http://172.169.8.253:31112/function/opt-66b-submod-0-latency-25.cdgp
1704042465117058107,1704042469909126754,200,http://172.169.8.253:31112/function/opt-66b-submod-0-latency-25.cdgp
1704042465117200457,1704042475117982635,500,http://172.169.8.253:31112/function/opt-66b-submod-0-latency-25.cdgp
1704042465175391699,1704042475144988596,500,http://172.169.8.253:31112/function/opt-66b-submod-0-latency-25.cdgp
1704042465175481003,1704042470505885996,200,http://172.169.8.253:31112/function/opt-66b-submod-0-latency-25.cdgp
1704042465175549104,1704042471083710670,200,http://172.169.8.253:31112/function/opt-66b-submod-0-latency-25.cdgp
1704042465175674562,1704042469601784867,200,http://172.169.8.253:31112/function/opt-66b-submod-0-latency-25.cdgp
1704042465175769985,1704042470489445567,200,http://172.169.8.253:31112/function/opt-66b-submod-0-latency-25.cdgp
1704042465175835204,1704042469919618084,200,http://172.169.8.253:31112/function/opt-66b-submod-0-latency-25.cdgp
1704042465175879128,1704042475144519399,500,http://172.169.8.253:31112/function/opt-66b-submod-0-latency-25.cdgp
1704042465175939186,1704042475177097850,500,http://172.169.8.253:31112/function/opt-66b-submod-0-latency-25.cdgp
1704042465176010434,1704042475143892275,500,http://172.169.8.253:31112/function/opt-66b-submod-0-latency-25.cdgp
1704042465176053077,1704042471088091252,200,http://172.169.8.253:31112/function/opt-66b-submod-0-latency-25.cdgp
1704042465176116430,1704042471125810579,200,http://172.169.8.253:31112/function/opt-66b-submod-0-latency-25.cdgp
1704042465176181864,1704042470486741085,200,http://172.169.8.253:31112/function/opt-66b-submod-0-latency-25.cdgp
1704042465180589443,1704042475143473990,500,http://172.169.8.253:31112/function/opt-66b-submod-0-latency-25.cdgp
1704042465458335603,1704042469915406121,200,http://172.169.8.253:31112/function/opt-66b-submod-0-latency-25.cdgp
1704042465458416757,1704042475459237823,500,http://172.169.8.253:31112/function/opt-66b-submod-0-latency-25.cdgp
1704042465458521824,1704042475459242825,500,http://172.169.8.253:31112/function/opt-66b-submod-0-latency-25.cdgp
1704042465458582294,1704042471567015454,200,http://172.169.8.253:31112/function/opt-66b-submod-0-latency-25.cdgp
1704042465458657898,1704042470245642225,200,http://172.169.8.253:31112/function/opt-66b-submod-0-latency-25.cdgp
1704042465458682938,1704042471946482456,200,http://172.169.8.253:31112/function/opt-66b-submod-0-latency-25.cdgp
1704042465458779736,1704042469913630109,200,http://172.169.8.253:31112/function/opt-66b-submod-0-latency-25.cdgp
1704042465458841808,1704042469910274649,200,http://172.169.8.253:31112/function/opt-66b-submod-0-latency-25.cdgp
1704042465458880240,1704042469997129374,200,http://172.169.8.253:31112/function/opt-66b-submod-0-latency-25.cdgp
1704042465458979493,1704042471389927874,200,http://172.169.8.253:31112/function/opt-66b-submod-0-latency-25.cdgp
1704042465459069304,1704042470505905377,200,http://172.169.8.253:31112/function/opt-66b-submod-0-latency-25.cdgp
1704042465459133113,1704042469956645997,200,http://172.169.8.253:31112/function/opt-66b-submod-0-latency-25.cdgp
1704042465459206985,1704042469621914967,200,http://172.169.8.253:31112/function/opt-66b-submod-0-latency-25.cdgp
1704042465459264594,1704042475460459480,500,http://172.169.8.253:31112/function/opt-66b-submod-0-latency-25.cdgp
1704042465459359789,1704042469448376335,200,http://172.169.8.253:31112/function/opt-66b-submod-0-latency-25.cdgp
1704042465669955474,1704042475387623450,500,http://172.169.8.253:31112/function/opt-66b-submod-0-latency-25.cdgp
1704042465670048048,1704042470505883304,200,http://172.169.8.253:31112/function/opt-66b-submod-0-latency-25.cdgp
1704042465670145082,1704042469777650425,200,http://172.169.8.253:31112/function/opt-66b-submod-0-latency-25.cdgp
1704042465703678897,1704042475387934618,500,http://172.169.8.253:31112/function/opt-66b-submod-0-latency-25.cdgp
1704042465703792857,1704042471123672897,200,http://172.169.8.253:31112/function/opt-66b-submod-0-latency-25.cdgp
1704042465703950146,1704042475497834171,500,http://172.169.8.253:31112/function/opt-66b-submod-0-latency-25.cdgp
1704042465704013784,1704042469459437661,200,http://172.169.8.253:31112/function/opt-66b-submod-0-latency-25.cdgp
1704042465704078771,1704042475502829865,500,http://172.169.8.253:31112/function/opt-66b-submod-0-latency-25.cdgp
1704042465704170046,1704042470242678358,200,http://172.169.8.253:31112/function/opt-66b-submod-0-latency-25.cdgp
1704042465704196863,1704042475533092943,500,http://172.169.8.253:31112/function/opt-66b-submod-0-latency-25.cdgp
1704042465704249822,1704042475387750644,500,http://172.169.8.253:31112/function/opt-66b-submod-0-latency-25.cdgp
1704042465704259614,1704042475533244002,500,http://172.169.8.253:31112/function/opt-66b-submod-0-latency-25.cdgp
1704042465704306059,1704042470010816244,200,http://172.169.8.253:31112/function/opt-66b-submod-0-latency-25.cdgp
1704042465710416586,1704042475504597787,500,http://172.169.8.253:31112/function/opt-66b-submod-0-latency-25.cdgp
1704042465710570105,1704042470134139708,200,http://172.169.8.253:31112/function/opt-66b-submod-0-latency-25.cdgp
1704042465710679645,1704042471389942269,200,http://172.169.8.253:31112/function/opt-66b-submod-0-latency-25.cdgp
1704042465710797959,1704042470242662215,200,http://172.169.8.253:31112/function/opt-66b-submod-0-latency-25.cdgp
1704042465710911451,1704042469331084932,200,http://172.169.8.253:31112/function/opt-66b-submod-0-latency-25.cdgp
1704042465710997365,1704042471335667314,200,http://172.169.8.253:31112/function/opt-66b-submod-0-latency-25.cdgp
1704042465711065894,1704042475504680610,500,http://172.169.8.253:31112/function/opt-66b-submod-0-latency-25.cdgp
1704042465711161588,1704042470489648543,200,http://172.169.8.253:31112/function/opt-66b-submod-0-latency-25.cdgp
1704042465711257961,1704042471335255076,200,http://172.169.8.253:31112/function/opt-66b-submod-0-latency-25.cdgp
1704042465711330640,1704042470488606941,200,http://172.169.8.253:31112/function/opt-66b-submod-0-latency-25.cdgp
1704042465711414637,1704042475503740212,500,http://172.169.8.253:31112/function/opt-66b-submod-0-latency-25.cdgp
1704042465711498673,1704042475534011300,500,http://172.169.8.253:31112/function/opt-66b-submod-0-latency-25.cdgp
1704042465711639040,1704042471566710740,200,http://172.169.8.253:31112/function/opt-66b-submod-0-latency-25.cdgp
1704042465711763125,1704042472199505058,200,http://172.169.8.253:31112/function/opt-66b-submod-0-latency-25.cdgp
1704042465711833525,1704042475533611646,500,http://172.169.8.253:31112/function/opt-66b-submod-0-latency-25.cdgp
1704042465711919834,1704042471371466255,200,http://172.169.8.253:31112/function/opt-66b-submod-0-latency-25.cdgp
1704042465711990556,1704042468773729408,200,http://172.169.8.253:31112/function/opt-66b-submod-0-latency-25.cdgp
1704042465712054889,1704042471876656185,200,http://172.169.8.253:31112/function/opt-66b-submod-0-latency-25.cdgp
1704042465712122274,1704042475533507705,500,http://172.169.8.253:31112/function/opt-66b-submod-0-latency-25.cdgp
1704042465712206228,1704042469944336013,200,http://172.169.8.253:31112/function/opt-66b-submod-0-latency-25.cdgp
1704042465712286515,1704042468802267574,200,http://172.169.8.253:31112/function/opt-66b-submod-0-latency-25.cdgp
1704042465712378150,1704042475506662439,500,http://172.169.8.253:31112/function/opt-66b-submod-0-latency-25.cdgp
1704042465712447582,1704042475533233873,500,http://172.169.8.253:31112/function/opt-66b-submod-0-latency-25.cdgp
1704042465712535201,1704042470489340460,200,http://172.169.8.253:31112/function/opt-66b-submod-0-latency-25.cdgp
1704042465712604663,1704042475505575461,500,http://172.169.8.253:31112/function/opt-66b-submod-0-latency-25.cdgp
1704042465712705994,1704042475533576937,500,http://172.169.8.253:31112/function/opt-66b-submod-0-latency-25.cdgp
1704042465712795881,1704042475533659078,500,http://172.169.8.253:31112/function/opt-66b-submod-0-latency-25.cdgp
1704042465712882090,1704042470505920409,200,http://172.169.8.253:31112/function/opt-66b-submod-0-latency-25.cdgp
1704042465713029009,1704042475533586181,500,http://172.169.8.253:31112/function/opt-66b-submod-0-latency-25.cdgp
1704042465869411961,1704042470062186238,200,http://172.169.8.253:31112/function/opt-66b-submod-0-latency-25.cdgp
1704042465869574786,1704042475535379255,500,http://172.169.8.253:31112/function/opt-66b-submod-0-latency-25.cdgp
1704042465869667999,1704042475546425579,500,http://172.169.8.253:31112/function/opt-66b-submod-0-latency-25.cdgp
1704042465869727621,1704042470486889332,200,http://172.169.8.253:31112/function/opt-66b-submod-0-latency-25.cdgp
1704042465869827388,1704042475535014931,500,http://172.169.8.253:31112/function/opt-66b-submod-0-latency-25.cdgp
1704042465872487791,1704042475546760927,500,http://172.169.8.253:31112/function/opt-66b-submod-0-latency-25.cdgp
1704042466074739208,1704042475726532386,500,http://172.169.8.253:31112/function/opt-66b-submod-0-latency-25.cdgp
1704042466074817303,1704042476076012389,500,http://172.169.8.253:31112/function/opt-66b-submod-0-latency-25.cdgp
1704042466074927879,1704042469143075505,200,http://172.169.8.253:31112/function/opt-66b-submod-0-latency-25.cdgp
1704042466074994788,1704042469361008366,200,http://172.169.8.253:31112/function/opt-66b-submod-0-latency-25.cdgp
1704042466075032101,1704042475726143982,504,http://172.169.8.253:31112/function/opt-66b-submod-0-latency-25.cdgp
1704042466282561559,1704042475924698596,500,http://172.169.8.253:31112/function/opt-66b-submod-0-latency-25.cdgp
1704042466282650067,1704042470673886362,200,http://172.169.8.253:31112/function/opt-66b-submod-0-latency-25.cdgp
1704042466282807620,1704042471335538328,200,http://172.169.8.253:31112/function/opt-66b-submod-0-latency-25.cdgp
1704042466282873394,1704042475928415149,500,http://172.169.8.253:31112/function/opt-66b-submod-0-latency-25.cdgp
1704042466282940406,1704042471071213260,200,http://172.169.8.253:31112/function/opt-66b-submod-0-latency-25.cdgp
1704042466282971020,1704042475926453902,500,http://172.169.8.253:31112/function/opt-66b-submod-0-latency-25.cdgp
1704042466530028175,1704042469334719482,200,http://172.169.8.253:31112/function/opt-66b-submod-0-latency-25.cdgp
1704042466530122657,1704042470673729841,200,http://172.169.8.253:31112/function/opt-66b-submod-0-latency-25.cdgp
1704042467816576665,1704042477155055400,500,http://172.169.8.253:31112/function/opt-66b-submod-0-latency-25.cdgp
1704042467816755787,1704042469851165572,200,http://172.169.8.253:31112/function/opt-66b-submod-0-latency-25.cdgp
1704042467816870779,1704042477105654341,500,http://172.169.8.253:31112/function/opt-66b-submod-0-latency-25.cdgp
1704042467816936958,1704042470715874921,200,http://172.169.8.253:31112/function/opt-66b-submod-0-latency-25.cdgp
1704042467816966552,1704042477447942449,500,http://172.169.8.253:31112/function/opt-66b-submod-0-latency-25.cdgp
1704042467817058446,1704042477155113664,500,http://172.169.8.253:31112/function/opt-66b-submod-0-latency-25.cdgp
1704042467817115863,1704042471373011047,200,http://172.169.8.253:31112/function/opt-66b-submod-0-latency-25.cdgp
1704042467817179152,1704042477405222697,500,http://172.169.8.253:31112/function/opt-66b-submod-0-latency-25.cdgp
1704042467817237812,1704042471372899111,200,http://172.169.8.253:31112/function/opt-66b-submod-0-latency-25.cdgp
1704042467817305565,1704042477109437703,500,http://172.169.8.253:31112/function/opt-66b-submod-0-latency-25.cdgp
1704042467817366326,1704042477105792957,500,http://172.169.8.253:31112/function/opt-66b-submod-0-latency-25.cdgp
1704042467817400607,1704042477105625496,500,http://172.169.8.253:31112/function/opt-66b-submod-0-latency-25.cdgp
1704042467817477696,1704042471192785105,200,http://172.169.8.253:31112/function/opt-66b-submod-0-latency-25.cdgp
1704042467817557717,1704042471557654528,200,http://172.169.8.253:31112/function/opt-66b-submod-0-latency-25.cdgp
1704042470012120948,1704042479051144641,500,http://172.169.8.253:31112/function/opt-66b-submod-0-latency-25.cdgp
1704042470012228842,1704042471938363587,200,http://172.169.8.253:31112/function/opt-66b-submod-0-latency-25.cdgp
1704042470012305863,1704042472239256042,200,http://172.169.8.253:31112/function/opt-66b-submod-0-latency-25.cdgp
1704042470012409983,1704042471547856267,200,http://172.169.8.253:31112/function/opt-66b-submod-0-latency-25.cdgp
1704042470012502592,1704042479769460938,500,http://172.169.8.253:31112/function/opt-66b-submod-0-latency-25.cdgp
1704042470012570841,1704042479060256254,500,http://172.169.8.253:31112/function/opt-66b-submod-0-latency-25.cdgp
1704042470012650941,1704042471983244750,200,http://172.169.8.253:31112/function/opt-66b-submod-0-latency-25.cdgp
1704042470012710700,1704042472062091907,200,http://172.169.8.253:31112/function/opt-66b-submod-0-latency-25.cdgp
1704042470012743012,1704042479620553953,500,http://172.169.8.253:31112/function/opt-66b-submod-0-latency-25.cdgp
1704042470021129493,1704042479625825010,500,http://172.169.8.253:31112/function/opt-66b-submod-0-latency-25.cdgp
1704042470021172606,1704042472255949304,200,http://172.169.8.253:31112/function/opt-66b-submod-0-latency-25.cdgp
1704042470021246998,1704042472061923365,200,http://172.169.8.253:31112/function/opt-66b-submod-0-latency-25.cdgp
1704042470021283069,1704042479371750586,500,http://172.169.8.253:31112/function/opt-66b-submod-0-latency-25.cdgp
1704042470021367097,1704042479202090311,500,http://172.169.8.253:31112/function/opt-66b-submod-0-latency-25.cdgp
1704042470021413613,1704042472199357449,200,http://172.169.8.253:31112/function/opt-66b-submod-0-latency-25.cdgp
1704042470021484426,1704042479624929936,500,http://172.169.8.253:31112/function/opt-66b-submod-0-latency-25.cdgp
1704042470021526950,1704042479627551534,500,http://172.169.8.253:31112/function/opt-66b-submod-0-latency-25.cdgp
1704042470021605405,1704042479202233472,500,http://172.169.8.253:31112/function/opt-66b-submod-0-latency-25.cdgp
1704042470021656071,1704042479544410594,500,http://172.169.8.253:31112/function/opt-66b-submod-0-latency-25.cdgp
1704042470024451754,1704042472894595901,200,http://172.169.8.253:31112/function/opt-66b-submod-0-latency-25.cdgp
1704042470024502803,1704042472372825927,200,http://172.169.8.253:31112/function/opt-66b-submod-0-latency-25.cdgp
1704042470024550045,1704042472252559374,200,http://172.169.8.253:31112/function/opt-66b-submod-0-latency-25.cdgp
1704042470024620170,1704042472890805705,200,http://172.169.8.253:31112/function/opt-66b-submod-0-latency-25.cdgp
1704042470039545643,1704042479746235477,500,http://172.169.8.253:31112/function/opt-66b-submod-0-latency-25.cdgp
1704042470039585794,1704042471937848029,200,http://172.169.8.253:31112/function/opt-66b-submod-0-latency-25.cdgp
1704042470039668036,1704042472252368094,200,http://172.169.8.253:31112/function/opt-66b-submod-0-latency-25.cdgp
1704042470039730445,1704042472372664363,200,http://172.169.8.253:31112/function/opt-66b-submod-0-latency-25.cdgp
1704042470039777569,1704042472252631582,200,http://172.169.8.253:31112/function/opt-66b-submod-0-latency-25.cdgp
1704042470039850660,1704042472846867163,200,http://172.169.8.253:31112/function/opt-66b-submod-0-latency-25.cdgp
1704042470039914679,1704042479400151881,500,http://172.169.8.253:31112/function/opt-66b-submod-0-latency-25.cdgp
1704042470039927046,1704042472470959994,200,http://172.169.8.253:31112/function/opt-66b-submod-0-latency-25.cdgp
1704042470040004525,1704042472199237397,200,http://172.169.8.253:31112/function/opt-66b-submod-0-latency-25.cdgp
1704042470040072370,1704042472255994427,200,http://172.169.8.253:31112/function/opt-66b-submod-0-latency-25.cdgp
1704042470040146083,1704042479626246115,500,http://172.169.8.253:31112/function/opt-66b-submod-0-latency-25.cdgp
1704042470042619173,1704042472893237816,200,http://172.169.8.253:31112/function/opt-66b-submod-0-latency-25.cdgp
1704042470042714578,1704042479545445809,500,http://172.169.8.253:31112/function/opt-66b-submod-0-latency-25.cdgp
1704042470042863613,1704042479769827191,500,http://172.169.8.253:31112/function/opt-66b-submod-0-latency-25.cdgp
1704042470042948217,1704042479624387924,500,http://172.169.8.253:31112/function/opt-66b-submod-0-latency-25.cdgp
1704042470043077602,1704042472889518364,200,http://172.169.8.253:31112/function/opt-66b-submod-0-latency-25.cdgp
1704042470043150704,1704042479909615451,500,http://172.169.8.253:31112/function/opt-66b-submod-0-latency-25.cdgp
1704042470336522583,1704042474007141025,200,http://172.169.8.253:31112/function/opt-66b-submod-0-latency-25.cdgp
1704042470336699898,1704042474339714522,200,http://172.169.8.253:31112/function/opt-66b-submod-0-latency-25.cdgp
1704042470336806477,1704042479927811824,500,http://172.169.8.253:31112/function/opt-66b-submod-0-latency-25.cdgp
1704042470336860226,1704042472302831878,200,http://172.169.8.253:31112/function/opt-66b-submod-0-latency-25.cdgp
1704042470336940716,1704042473797522903,200,http://172.169.8.253:31112/function/opt-66b-submod-0-latency-25.cdgp
1704042470336995739,1704042479745991083,500,http://172.169.8.253:31112/function/opt-66b-submod-0-latency-25.cdgp
1704042470337066422,1704042472893789568,200,http://172.169.8.253:31112/function/opt-66b-submod-0-latency-25.cdgp
1704042470337116607,1704042472669915074,200,http://172.169.8.253:31112/function/opt-66b-submod-0-latency-25.cdgp
1704042470337196621,1704042472845897607,200,http://172.169.8.253:31112/function/opt-66b-submod-0-latency-25.cdgp
1704042470337281775,1704042479928381730,500,http://172.169.8.253:31112/function/opt-66b-submod-0-latency-25.cdgp
1704042470337349276,1704042473160364631,200,http://172.169.8.253:31112/function/opt-66b-submod-0-latency-25.cdgp
1704042470378455291,1704042472936364744,200,http://172.169.8.253:31112/function/opt-66b-submod-0-latency-25.cdgp
1704042470378537862,1704042480215604716,500,http://172.169.8.253:31112/function/opt-66b-submod-0-latency-25.cdgp
1704042470378692751,1704042472730149000,200,http://172.169.8.253:31112/function/opt-66b-submod-0-latency-25.cdgp
1704042470378758713,1704042473236534417,200,http://172.169.8.253:31112/function/opt-66b-submod-0-latency-25.cdgp
1704042470378792930,1704042473798319778,200,http://172.169.8.253:31112/function/opt-66b-submod-0-latency-25.cdgp
1704042470378909788,1704042473190659250,200,http://172.169.8.253:31112/function/opt-66b-submod-0-latency-25.cdgp
1704042470378971588,1704042480214679900,500,http://172.169.8.253:31112/function/opt-66b-submod-0-latency-25.cdgp
1704042470379042803,1704042473311939842,200,http://172.169.8.253:31112/function/opt-66b-submod-0-latency-25.cdgp
1704042470379468496,1704042474343614458,200,http://172.169.8.253:31112/function/opt-66b-submod-0-latency-25.cdgp
1704042470379595671,1704042480226308506,500,http://172.169.8.253:31112/function/opt-66b-submod-0-latency-25.cdgp
1704042470379680829,1704042479927718107,500,http://172.169.8.253:31112/function/opt-66b-submod-0-latency-25.cdgp
1704042470379771667,1704042472888474631,200,http://172.169.8.253:31112/function/opt-66b-submod-0-latency-25.cdgp
1704042470379886991,1704042472895261112,200,http://172.169.8.253:31112/function/opt-66b-submod-0-latency-25.cdgp
1704042470379931356,1704042480144405705,500,http://172.169.8.253:31112/function/opt-66b-submod-0-latency-25.cdgp
1704042470380047042,1704042473801271678,200,http://172.169.8.253:31112/function/opt-66b-submod-0-latency-25.cdgp
1704042470380136578,1704042480139994544,500,http://172.169.8.253:31112/function/opt-66b-submod-0-latency-25.cdgp
1704042470380244436,1704042480215665162,500,http://172.169.8.253:31112/function/opt-66b-submod-0-latency-25.cdgp
1704042470380304128,1704042480140195509,504,http://172.169.8.253:31112/function/opt-66b-submod-0-latency-25.cdgp
1704042470380343332,1704042472939340076,200,http://172.169.8.253:31112/function/opt-66b-submod-0-latency-25.cdgp
1704042470577678343,1704042480222202459,500,http://172.169.8.253:31112/function/opt-66b-submod-0-latency-25.cdgp
1704042470577829665,1704042473775995976,200,http://172.169.8.253:31112/function/opt-66b-submod-0-latency-25.cdgp
1704042470577950098,1704042473352009477,200,http://172.169.8.253:31112/function/opt-66b-submod-0-latency-25.cdgp
1704042470578040385,1704042473775662581,200,http://172.169.8.253:31112/function/opt-66b-submod-0-latency-25.cdgp
1704042470578078297,1704042480221909119,500,http://172.169.8.253:31112/function/opt-66b-submod-0-latency-25.cdgp
1704042470578122831,1704042472470468616,200,http://172.169.8.253:31112/function/opt-66b-submod-0-latency-25.cdgp
1704042470578164069,1704042479971185093,500,http://172.169.8.253:31112/function/opt-66b-submod-0-latency-25.cdgp
1704042470578242230,1704042480215561510,500,http://172.169.8.253:31112/function/opt-66b-submod-0-latency-25.cdgp
1704042470578296546,1704042480139829950,500,http://172.169.8.253:31112/function/opt-66b-submod-0-latency-25.cdgp
1704042470578383206,1704042480222151896,500,http://172.169.8.253:31112/function/opt-66b-submod-0-latency-25.cdgp
1704042471145064283,1704042480395439008,500,http://172.169.8.253:31112/function/opt-66b-submod-0-latency-25.cdgp
1704042471145226364,1704042480434545083,500,http://172.169.8.253:31112/function/opt-66b-submod-0-latency-25.cdgp
1704042471145318340,1704042480261599067,500,http://172.169.8.253:31112/function/opt-66b-submod-0-latency-25.cdgp
1704042471145373500,1704042480267339995,500,http://172.169.8.253:31112/function/opt-66b-submod-0-latency-25.cdgp
1704042471145457982,1704042472471706375,200,http://172.169.8.253:31112/function/opt-66b-submod-0-latency-25.cdgp
1704042471145493135,1704042480880799103,500,http://172.169.8.253:31112/function/opt-66b-submod-0-latency-25.cdgp
1704042471145615470,1704042480222898993,500,http://172.169.8.253:31112/function/opt-66b-submod-0-latency-25.cdgp
1704042471145683016,1704042480430167126,500,http://172.169.8.253:31112/function/opt-66b-submod-0-latency-25.cdgp
1704042471145739113,1704042480276832912,500,http://172.169.8.253:31112/function/opt-66b-submod-0-latency-25.cdgp
1704042471145766447,1704042473287478189,200,http://172.169.8.253:31112/function/opt-66b-submod-0-latency-25.cdgp
1704042471145822040,1704042480432208939,500,http://172.169.8.253:31112/function/opt-66b-submod-0-latency-25.cdgp
1704042471145858430,1704042474335521210,200,http://172.169.8.253:31112/function/opt-66b-submod-0-latency-25.cdgp
1704042471145937877,1704042480272781107,500,http://172.169.8.253:31112/function/opt-66b-submod-0-latency-25.cdgp
1704042471146034362,1704042473192208467,200,http://172.169.8.253:31112/function/opt-66b-submod-0-latency-25.cdgp
1704042471146057432,1704042474339798463,200,http://172.169.8.253:31112/function/opt-66b-submod-0-latency-25.cdgp
1704042471146128083,1704042480880121203,500,http://172.169.8.253:31112/function/opt-66b-submod-0-latency-25.cdgp
1704042471146191219,1704042480603829733,500,http://172.169.8.253:31112/function/opt-66b-submod-0-latency-25.cdgp
1704042471146221306,1704042480609653862,500,http://172.169.8.253:31112/function/opt-66b-submod-0-latency-25.cdgp
1704042471146295706,1704042480272495010,500,http://172.169.8.253:31112/function/opt-66b-submod-0-latency-25.cdgp
1704042471146373869,1704042480726170625,500,http://172.169.8.253:31112/function/opt-66b-submod-0-latency-25.cdgp
1704042471146402217,1704042473270811307,200,http://172.169.8.253:31112/function/opt-66b-submod-0-latency-25.cdgp
1704042471146487412,1704042473232583050,200,http://172.169.8.253:31112/function/opt-66b-submod-0-latency-25.cdgp
1704042471146572065,1704042480882571528,500,http://172.169.8.253:31112/function/opt-66b-submod-0-latency-25.cdgp
1704042471146628153,1704042480883850121,500,http://172.169.8.253:31112/function/opt-66b-submod-0-latency-25.cdgp
1704042471146657029,1704042475195021765,200,http://172.169.8.253:31112/function/opt-66b-submod-0-latency-25.cdgp
1704042471146763938,1704042480271847308,500,http://172.169.8.253:31112/function/opt-66b-submod-0-latency-25.cdgp
1704042471198494464,1704042480651731502,500,http://172.169.8.253:31112/function/opt-66b-submod-0-latency-25.cdgp
1704042471198575808,1704042480323067719,500,http://172.169.8.253:31112/function/opt-66b-submod-0-latency-25.cdgp
1704042471198638302,1704042480944447807,500,http://172.169.8.253:31112/function/opt-66b-submod-0-latency-25.cdgp
1704042471198703323,1704042473798227883,200,http://172.169.8.253:31112/function/opt-66b-submod-0-latency-25.cdgp
1704042471198738276,1704042472955352452,200,http://172.169.8.253:31112/function/opt-66b-submod-0-latency-25.cdgp
1704042471198830299,1704042480726504286,500,http://172.169.8.253:31112/function/opt-66b-submod-0-latency-25.cdgp
1704042471198898028,1704042476271592906,200,http://172.169.8.253:31112/function/opt-66b-submod-0-latency-25.cdgp
1704042471198974293,1704042474377441634,200,http://172.169.8.253:31112/function/opt-66b-submod-0-latency-25.cdgp
1704042471199095902,1704042480886221193,500,http://172.169.8.253:31112/function/opt-66b-submod-0-latency-25.cdgp
1704042471199163484,1704042480878090201,500,http://172.169.8.253:31112/function/opt-66b-submod-0-latency-25.cdgp
1704042471199223962,1704042473159698682,200,http://172.169.8.253:31112/function/opt-66b-submod-0-latency-25.cdgp
1704042471199253628,1704042475785400354,200,http://172.169.8.253:31112/function/opt-66b-submod-0-latency-25.cdgp
1704042471209696549,1704042473158853635,200,http://172.169.8.253:31112/function/opt-66b-submod-0-latency-25.cdgp
1704042471212787857,1704042475104984824,200,http://172.169.8.253:31112/function/opt-66b-submod-0-latency-25.cdgp
1704042471212942135,1704042474335037237,200,http://172.169.8.253:31112/function/opt-66b-submod-0-latency-25.cdgp
1704042471213044530,1704042473160622433,200,http://172.169.8.253:31112/function/opt-66b-submod-0-latency-25.cdgp
1704042471213160871,1704042480886927177,500,http://172.169.8.253:31112/function/opt-66b-submod-0-latency-25.cdgp
1704042471213256947,1704042480882943639,500,http://172.169.8.253:31112/function/opt-66b-submod-0-latency-25.cdgp
1704042471213358919,1704042473161666057,200,http://172.169.8.253:31112/function/opt-66b-submod-0-latency-25.cdgp
1704042471213427440,1704042480608007040,500,http://172.169.8.253:31112/function/opt-66b-submod-0-latency-25.cdgp
1704042471213496528,1704042480883301765,500,http://172.169.8.253:31112/function/opt-66b-submod-0-latency-25.cdgp
1704042471213578704,1704042475105057283,200,http://172.169.8.253:31112/function/opt-66b-submod-0-latency-25.cdgp
1704042471213650747,1704042473195396323,200,http://172.169.8.253:31112/function/opt-66b-submod-0-latency-25.cdgp
1704042471213762349,1704042481113138731,500,http://172.169.8.253:31112/function/opt-66b-submod-0-latency-25.cdgp
1704042471213839864,1704042475087112101,200,http://172.169.8.253:31112/function/opt-66b-submod-0-latency-25.cdgp
1704042471213913057,1704042480726827958,500,http://172.169.8.253:31112/function/opt-66b-submod-0-latency-25.cdgp
1704042471213987354,1704042480945520361,500,http://172.169.8.253:31112/function/opt-66b-submod-0-latency-25.cdgp
1704042471307010117,1704042475741222236,200,http://172.169.8.253:31112/function/opt-66b-submod-0-latency-25.cdgp
1704042471307445602,1704042480920195715,500,http://172.169.8.253:31112/function/opt-66b-submod-0-latency-25.cdgp
1704042471307547620,1704042480566649643,500,http://172.169.8.253:31112/function/opt-66b-submod-0-latency-25.cdgp
1704042471437124067,1704042475795350327,200,http://172.169.8.253:31112/function/opt-66b-submod-0-latency-25.cdgp
1704042471437215386,1704042475811210931,200,http://172.169.8.253:31112/function/opt-66b-submod-0-latency-25.cdgp
1704042471437297389,1704042475793713726,200,http://172.169.8.253:31112/function/opt-66b-submod-0-latency-25.cdgp
1704042471437675794,1704042480876687994,500,http://172.169.8.253:31112/function/opt-66b-submod-0-latency-25.cdgp
1704042471457030798,1704042480944804162,500,http://172.169.8.253:31112/function/opt-66b-submod-0-latency-25.cdgp
1704042471457107541,1704042475741695189,200,http://172.169.8.253:31112/function/opt-66b-submod-0-latency-25.cdgp
1704042471457174233,1704042474339846455,200,http://172.169.8.253:31112/function/opt-66b-submod-0-latency-25.cdgp
1704042471457246499,1704042476222828376,200,http://172.169.8.253:31112/function/opt-66b-submod-0-latency-25.cdgp
1704042471457280649,1704042481055642226,500,http://172.169.8.253:31112/function/opt-66b-submod-0-latency-25.cdgp
1704042471457337389,1704042476233255730,200,http://172.169.8.253:31112/function/opt-66b-submod-0-latency-25.cdgp
1704042471457465117,1704042480968380254,500,http://172.169.8.253:31112/function/opt-66b-submod-0-latency-25.cdgp
1704042471457537633,1704042481096442637,500,http://172.169.8.253:31112/function/opt-66b-submod-0-latency-25.cdgp
1704042471457607770,1704042480882925998,500,http://172.169.8.253:31112/function/opt-66b-submod-0-latency-25.cdgp
1704042471457638065,1704042473800872075,200,http://172.169.8.253:31112/function/opt-66b-submod-0-latency-25.cdgp
1704042471457728096,1704042474361757484,200,http://172.169.8.253:31112/function/opt-66b-submod-0-latency-25.cdgp
1704042471582175922,1704042477183297962,200,http://172.169.8.253:31112/function/opt-66b-submod-0-latency-25.cdgp
1704042471582261810,1704042474891514289,200,http://172.169.8.253:31112/function/opt-66b-submod-0-latency-25.cdgp
1704042471582394156,1704042477451237338,200,http://172.169.8.253:31112/function/opt-66b-submod-0-latency-25.cdgp
1704042471582459063,1704042481123053604,500,http://172.169.8.253:31112/function/opt-66b-submod-0-latency-25.cdgp
1704042471582502107,1704042476227025177,200,http://172.169.8.253:31112/function/opt-66b-submod-0-latency-25.cdgp
1704042471582571922,1704042475536921737,200,http://172.169.8.253:31112/function/opt-66b-submod-0-latency-25.cdgp
1704042471582641938,1704042481134126503,500,http://172.169.8.253:31112/function/opt-66b-submod-0-latency-25.cdgp
1704042471582699425,1704042477461504706,200,http://172.169.8.253:31112/function/opt-66b-submod-0-latency-25.cdgp
1704042471582728827,1704042481129204855,500,http://172.169.8.253:31112/function/opt-66b-submod-0-latency-25.cdgp
1704042471582837440,1704042475104988126,200,http://172.169.8.253:31112/function/opt-66b-submod-0-latency-25.cdgp
1704042471582904050,1704042481279420390,500,http://172.169.8.253:31112/function/opt-66b-submod-0-latency-25.cdgp
1704042471582946691,1704042474335729382,200,http://172.169.8.253:31112/function/opt-66b-submod-0-latency-25.cdgp
1704042471585262969,1704042481123954961,500,http://172.169.8.253:31112/function/opt-66b-submod-0-latency-25.cdgp
1704042471585352382,1704042473953391402,200,http://172.169.8.253:31112/function/opt-66b-submod-0-latency-25.cdgp
1704042471585415594,1704042481317236101,500,http://172.169.8.253:31112/function/opt-66b-submod-0-latency-25.cdgp
1704042471585496461,1704042481121974084,500,http://172.169.8.253:31112/function/opt-66b-submod-0-latency-25.cdgp
1704042471657805671,1704042475108579508,200,http://172.169.8.253:31112/function/opt-66b-submod-0-latency-25.cdgp
1704042471657972911,1704042481268449072,500,http://172.169.8.253:31112/function/opt-66b-submod-0-latency-25.cdgp
1704042471658077061,1704042481125389334,500,http://172.169.8.253:31112/function/opt-66b-submod-0-latency-25.cdgp
1704042471658174783,1704042481266719780,500,http://172.169.8.253:31112/function/opt-66b-submod-0-latency-25.cdgp
1704042471658315881,1704042474394793078,200,http://172.169.8.253:31112/function/opt-66b-submod-0-latency-25.cdgp
1704042471658404797,1704042477413315520,200,http://172.169.8.253:31112/function/opt-66b-submod-0-latency-25.cdgp
1704042471658557837,1704042474357188632,200,http://172.169.8.253:31112/function/opt-66b-submod-0-latency-25.cdgp
1704042471658649174,1704042473390087662,200,http://172.169.8.253:31112/function/opt-66b-submod-0-latency-25.cdgp
1704042471658734779,1704042475829829310,200,http://172.169.8.253:31112/function/opt-66b-submod-0-latency-25.cdgp
1704042471658815113,1704042481284222641,500,http://172.169.8.253:31112/function/opt-66b-submod-0-latency-25.cdgp
1704042471658900426,1704042481129932636,500,http://172.169.8.253:31112/function/opt-66b-submod-0-latency-25.cdgp
1704042471748849229,1704042473685543769,200,http://172.169.8.253:31112/function/opt-66b-submod-0-latency-25.cdgp
1704042471748946322,1704042481452196827,500,http://172.169.8.253:31112/function/opt-66b-submod-0-latency-25.cdgp
1704042471749042029,1704042475787979245,200,http://172.169.8.253:31112/function/opt-66b-submod-0-latency-25.cdgp
1704042471749108787,1704042481356113552,500,http://172.169.8.253:31112/function/opt-66b-submod-0-latency-25.cdgp
1704042471749146496,1704042481164528802,500,http://172.169.8.253:31112/function/opt-66b-submod-0-latency-25.cdgp
1704042471749225257,1704042477461627490,200,http://172.169.8.253:31112/function/opt-66b-submod-0-latency-25.cdgp
1704042471749313962,1704042475852820509,200,http://172.169.8.253:31112/function/opt-66b-submod-0-latency-25.cdgp
1704042471749379473,1704042476205881100,200,http://172.169.8.253:31112/function/opt-66b-submod-0-latency-25.cdgp
1704042471749458328,1704042481542457861,500,http://172.169.8.253:31112/function/opt-66b-submod-0-latency-25.cdgp
1704042471749516161,1704042475533064018,200,http://172.169.8.253:31112/function/opt-66b-submod-0-latency-25.cdgp
1704042471749599390,1704042481750611203,500,http://172.169.8.253:31112/function/opt-66b-submod-0-latency-25.cdgp
1704042471749687095,1704042474612166637,200,http://172.169.8.253:31112/function/opt-66b-submod-0-latency-25.cdgp
1704042471749770299,1704042481344909639,500,http://172.169.8.253:31112/function/opt-66b-submod-0-latency-25.cdgp
1704042471749887726,1704042476224598093,200,http://172.169.8.253:31112/function/opt-66b-submod-0-latency-25.cdgp
1704042471749964000,1704042475504721259,200,http://172.169.8.253:31112/function/opt-66b-submod-0-latency-25.cdgp
1704042471750109481,1704042475105080343,200,http://172.169.8.253:31112/function/opt-66b-submod-0-latency-25.cdgp
1704042471750161194,1704042481325698905,500,http://172.169.8.253:31112/function/opt-66b-submod-0-latency-25.cdgp
1704042471750227366,1704042476223016625,200,http://172.169.8.253:31112/function/opt-66b-submod-0-latency-25.cdgp
1704042471750311352,1704042481346278740,500,http://172.169.8.253:31112/function/opt-66b-submod-0-latency-25.cdgp
1704042471750387394,1704042475742953664,200,http://172.169.8.253:31112/function/opt-66b-submod-0-latency-25.cdgp
1704042471750453422,1704042481546755663,500,http://172.169.8.253:31112/function/opt-66b-submod-0-latency-25.cdgp
1704042471750560814,1704042474856033499,200,http://172.169.8.253:31112/function/opt-66b-submod-0-latency-25.cdgp
1704042471750634730,1704042481547281710,500,http://172.169.8.253:31112/function/opt-66b-submod-0-latency-25.cdgp
1704042471750694891,1704042481241882491,500,http://172.169.8.253:31112/function/opt-66b-submod-0-latency-25.cdgp
1704042471750772575,1704042481128200848,500,http://172.169.8.253:31112/function/opt-66b-submod-0-latency-25.cdgp
1704042471750859997,1704042481212293445,500,http://172.169.8.253:31112/function/opt-66b-submod-0-latency-25.cdgp
1704042471750943908,1704042481371420882,500,http://172.169.8.253:31112/function/opt-66b-submod-0-latency-25.cdgp
1704042471750997449,1704042481548636970,500,http://172.169.8.253:31112/function/opt-66b-submod-0-latency-25.cdgp
1704042471751065367,1704042478283478857,200,http://172.169.8.253:31112/function/opt-66b-submod-0-latency-25.cdgp
1704042471751139507,1704042474850377824,200,http://172.169.8.253:31112/function/opt-66b-submod-0-latency-25.cdgp
1704042471751244831,1704042481545432223,500,http://172.169.8.253:31112/function/opt-66b-submod-0-latency-25.cdgp
1704042471751320511,1704042481302236532,500,http://172.169.8.253:31112/function/opt-66b-submod-0-latency-25.cdgp
1704042471751398554,1704042481342152327,500,http://172.169.8.253:31112/function/opt-66b-submod-0-latency-25.cdgp
1704042471751526521,1704042477840934262,200,http://172.169.8.253:31112/function/opt-66b-submod-0-latency-25.cdgp
1704042471751584475,1704042481556024814,500,http://172.169.8.253:31112/function/opt-66b-submod-0-latency-25.cdgp
1704042471910530684,1704042476273609391,200,http://172.169.8.253:31112/function/opt-66b-submod-0-latency-25.cdgp
1704042471910628906,1704042475859899304,200,http://172.169.8.253:31112/function/opt-66b-submod-0-latency-25.cdgp
1704042471922764811,1704042474428466864,200,http://172.169.8.253:31112/function/opt-66b-submod-0-latency-25.cdgp
1704042471922841855,1704042481187763095,500,http://172.169.8.253:31112/function/opt-66b-submod-0-latency-25.cdgp
1704042471922955970,1704042475817500897,200,http://172.169.8.253:31112/function/opt-66b-submod-0-latency-25.cdgp
1704042471923004576,1704042481475654207,500,http://172.169.8.253:31112/function/opt-66b-submod-0-latency-25.cdgp
1704042471923095193,1704042477158044427,200,http://172.169.8.253:31112/function/opt-66b-submod-0-latency-25.cdgp
1704042471923157604,1704042481669378184,500,http://172.169.8.253:31112/function/opt-66b-submod-0-latency-25.cdgp
1704042471923225568,1704042481865866915,500,http://172.169.8.253:31112/function/opt-66b-submod-0-latency-25.cdgp
1704042471933251210,1704042475220015356,200,http://172.169.8.253:31112/function/opt-66b-submod-0-latency-25.cdgp
1704042471933339813,1704042475536263394,200,http://172.169.8.253:31112/function/opt-66b-submod-0-latency-25.cdgp
1704042471933478392,1704042475087480518,200,http://172.169.8.253:31112/function/opt-66b-submod-0-latency-25.cdgp
1704042471933558984,1704042481514688645,500,http://172.169.8.253:31112/function/opt-66b-submod-0-latency-25.cdgp
1704042471933627684,1704042481860223383,500,http://172.169.8.253:31112/function/opt-66b-submod-0-latency-25.cdgp
1704042471933718342,1704042481805717496,500,http://172.169.8.253:31112/function/opt-66b-submod-0-latency-25.cdgp
1704042471933799855,1704042481864823123,500,http://172.169.8.253:31112/function/opt-66b-submod-0-latency-25.cdgp
1704042471933889275,1704042481479540229,500,http://172.169.8.253:31112/function/opt-66b-submod-0-latency-25.cdgp
1704042471933976424,1704042475087649510,200,http://172.169.8.253:31112/function/opt-66b-submod-0-latency-25.cdgp
1704042471934086910,1704042477659670144,200,http://172.169.8.253:31112/function/opt-66b-submod-0-latency-25.cdgp
1704042471934149755,1704042481851360086,500,http://172.169.8.253:31112/function/opt-66b-submod-0-latency-25.cdgp
1704042471934231437,1704042481880284686,500,http://172.169.8.253:31112/function/opt-66b-submod-0-latency-25.cdgp
1704042471934324091,1704042481875285457,500,http://172.169.8.253:31112/function/opt-66b-submod-0-latency-25.cdgp
1704042471934459491,1704042481477770338,500,http://172.169.8.253:31112/function/opt-66b-submod-0-latency-25.cdgp
1704042471934509844,1704042481865372557,500,http://172.169.8.253:31112/function/opt-66b-submod-0-latency-25.cdgp
1704042471934588426,1704042478542328383,200,http://172.169.8.253:31112/function/opt-66b-submod-0-latency-25.cdgp
1704042471934663570,1704042477412328100,200,http://172.169.8.253:31112/function/opt-66b-submod-0-latency-25.cdgp
1704042471934722420,1704042481866211010,500,http://172.169.8.253:31112/function/opt-66b-submod-0-latency-25.cdgp
1704042471934781980,1704042481870813290,500,http://172.169.8.253:31112/function/opt-66b-submod-0-latency-25.cdgp
1704042471934859620,1704042477154359353,200,http://172.169.8.253:31112/function/opt-66b-submod-0-latency-25.cdgp
1704042471934951208,1704042481810605886,500,http://172.169.8.253:31112/function/opt-66b-submod-0-latency-25.cdgp
1704042471935044198,1704042475819151449,200,http://172.169.8.253:31112/function/opt-66b-submod-0-latency-25.cdgp
1704042471935126681,1704042481879566734,500,http://172.169.8.253:31112/function/opt-66b-submod-0-latency-25.cdgp
1704042471935240234,1704042481866619740,500,http://172.169.8.253:31112/function/opt-66b-submod-0-latency-25.cdgp
1704042471935325697,1704042475814353438,200,http://172.169.8.253:31112/function/opt-66b-submod-0-latency-25.cdgp
1704042471935412172,1704042477858859809,200,http://172.169.8.253:31112/function/opt-66b-submod-0-latency-25.cdgp
1704042471940164590,1704042475742558168,200,http://172.169.8.253:31112/function/opt-66b-submod-0-latency-25.cdgp
1704042471940347313,1704042481874913258,500,http://172.169.8.253:31112/function/opt-66b-submod-0-latency-25.cdgp
1704042471940429676,1704042475741496256,200,http://172.169.8.253:31112/function/opt-66b-submod-0-latency-25.cdgp
1704042471940513190,1704042475583419493,200,http://172.169.8.253:31112/function/opt-66b-submod-0-latency-25.cdgp
1704042471940577767,1704042481873430467,500,http://172.169.8.253:31112/function/opt-66b-submod-0-latency-25.cdgp
1704042471940658096,1704042476463888833,200,http://172.169.8.253:31112/function/opt-66b-submod-0-latency-25.cdgp
1704042471940732939,1704042481873979806,500,http://172.169.8.253:31112/function/opt-66b-submod-0-latency-25.cdgp
1704042471940807122,1704042478538187083,200,http://172.169.8.253:31112/function/opt-66b-submod-0-latency-25.cdgp
1704042471940879470,1704042481680116240,500,http://172.169.8.253:31112/function/opt-66b-submod-0-latency-25.cdgp
1704042471940947038,1704042475215539353,200,http://172.169.8.253:31112/function/opt-66b-submod-0-latency-25.cdgp
1704042471941032234,1704042475817073436,200,http://172.169.8.253:31112/function/opt-66b-submod-0-latency-25.cdgp
1704042471941127534,1704042474779167441,200,http://172.169.8.253:31112/function/opt-66b-submod-0-latency-25.cdgp
1704042471941214389,1704042477461577809,200,http://172.169.8.253:31112/function/opt-66b-submod-0-latency-25.cdgp
1704042471941313994,1704042481810697461,500,http://172.169.8.253:31112/function/opt-66b-submod-0-latency-25.cdgp
1704042471941372516,1704042475536595029,200,http://172.169.8.253:31112/function/opt-66b-submod-0-latency-25.cdgp
1704042471941447703,1704042481879422935,500,http://172.169.8.253:31112/function/opt-66b-submod-0-latency-25.cdgp
1704042471941549537,1704042481811206649,500,http://172.169.8.253:31112/function/opt-66b-submod-0-latency-25.cdgp
1704042471941623800,1704042481882765505,500,http://172.169.8.253:31112/function/opt-66b-submod-0-latency-25.cdgp
1704042471941679311,1704042481677889272,500,http://172.169.8.253:31112/function/opt-66b-submod-0-latency-25.cdgp
1704042471941753862,1704042481474042534,500,http://172.169.8.253:31112/function/opt-66b-submod-0-latency-25.cdgp
1704042471941828492,1704042475087496294,200,http://172.169.8.253:31112/function/opt-66b-submod-0-latency-25.cdgp
1704042471941899793,1704042481875091635,500,http://172.169.8.253:31112/function/opt-66b-submod-0-latency-25.cdgp
1704042473547525932,1704042482639813342,500,http://172.169.8.253:31112/function/opt-66b-submod-0-latency-25.cdgp
1704042473547685935,1704042478286207209,200,http://172.169.8.253:31112/function/opt-66b-submod-0-latency-25.cdgp
1704042473547805599,1704042482611757955,500,http://172.169.8.253:31112/function/opt-66b-submod-0-latency-25.cdgp
1704042473547945535,1704042476385759552,200,http://172.169.8.253:31112/function/opt-66b-submod-0-latency-25.cdgp
1704042473548018548,1704042477154698341,200,http://172.169.8.253:31112/function/opt-66b-submod-0-latency-25.cdgp
1704042473548110187,1704042482582191832,500,http://172.169.8.253:31112/function/opt-66b-submod-0-latency-25.cdgp
1704042473548208034,1704042475853701426,200,http://172.169.8.253:31112/function/opt-66b-submod-0-latency-25.cdgp
1704042473548321966,1704042482839252885,500,http://172.169.8.253:31112/function/opt-66b-submod-0-latency-25.cdgp
1704042473548445925,1704042482692873897,500,http://172.169.8.253:31112/function/opt-66b-submod-0-latency-25.cdgp
1704042473548707991,1704042477105228009,200,http://172.169.8.253:31112/function/opt-66b-submod-0-latency-25.cdgp
1704042473548832708,1704042477856001472,200,http://172.169.8.253:31112/function/opt-66b-submod-0-latency-25.cdgp
1704042473548904398,1704042482692530732,500,http://172.169.8.253:31112/function/opt-66b-submod-0-latency-25.cdgp
1704042473572174424,1704042482966904332,500,http://172.169.8.253:31112/function/opt-66b-submod-0-latency-25.cdgp
1704042473572273142,1704042477154714115,200,http://172.169.8.253:31112/function/opt-66b-submod-0-latency-25.cdgp
1704042473572397668,1704042478288167811,200,http://172.169.8.253:31112/function/opt-66b-submod-0-latency-25.cdgp
1704042473630385754,1704042482968084942,500,http://172.169.8.253:31112/function/opt-66b-submod-0-latency-25.cdgp
1704042473630466943,1704042482837481468,500,http://172.169.8.253:31112/function/opt-66b-submod-0-latency-25.cdgp
1704042473630573595,1704042476726912826,200,http://172.169.8.253:31112/function/opt-66b-submod-0-latency-25.cdgp
1704042473630637377,1704042477745589950,200,http://172.169.8.253:31112/function/opt-66b-submod-0-latency-25.cdgp
1704042473630723727,1704042475839863547,200,http://172.169.8.253:31112/function/opt-66b-submod-0-latency-25.cdgp
1704042473630814375,1704042482836720409,500,http://172.169.8.253:31112/function/opt-66b-submod-0-latency-25.cdgp
1704042473630887160,1704042477105134562,200,http://172.169.8.253:31112/function/opt-66b-submod-0-latency-25.cdgp
1704042473630995411,1704042482919651446,500,http://172.169.8.253:31112/function/opt-66b-submod-0-latency-25.cdgp
1704042473631070665,1704042477105268601,200,http://172.169.8.253:31112/function/opt-66b-submod-0-latency-25.cdgp
1704042473631139378,1704042479021604476,200,http://172.169.8.253:31112/function/opt-66b-submod-0-latency-25.cdgp
1704042473631222779,1704042482732971084,500,http://172.169.8.253:31112/function/opt-66b-submod-0-latency-25.cdgp
1704042473631302898,1704042482919573513,500,http://172.169.8.253:31112/function/opt-66b-submod-0-latency-25.cdgp
1704042473631416485,1704042477413299392,200,http://172.169.8.253:31112/function/opt-66b-submod-0-latency-25.cdgp
1704042473631486558,1704042482839419518,500,http://172.169.8.253:31112/function/opt-66b-submod-0-latency-25.cdgp
1704042473631549909,1704042475536998152,200,http://172.169.8.253:31112/function/opt-66b-submod-0-latency-25.cdgp
1704042473631581332,1704042482851625259,500,http://172.169.8.253:31112/function/opt-66b-submod-0-latency-25.cdgp
1704042473631670045,1704042477105244472,200,http://172.169.8.253:31112/function/opt-66b-submod-0-latency-25.cdgp
1704042473631723904,1704042482755903829,500,http://172.169.8.253:31112/function/opt-66b-submod-0-latency-25.cdgp
1704042473631802420,1704042478958451571,200,http://172.169.8.253:31112/function/opt-66b-submod-0-latency-25.cdgp
1704042473631879464,1704042482974801779,500,http://172.169.8.253:31112/function/opt-66b-submod-0-latency-25.cdgp
1704042473631948046,1704042482819820236,500,http://172.169.8.253:31112/function/opt-66b-submod-0-latency-25.cdgp
1704042473632009785,1704042482836267592,500,http://172.169.8.253:31112/function/opt-66b-submod-0-latency-25.cdgp
1704042473632060637,1704042482791580923,500,http://172.169.8.253:31112/function/opt-66b-submod-0-latency-25.cdgp
1704042473632153274,1704042475854364133,200,http://172.169.8.253:31112/function/opt-66b-submod-0-latency-25.cdgp
1704042473632219847,1704042483015803920,500,http://172.169.8.253:31112/function/opt-66b-submod-0-latency-25.cdgp
1704042473841825023,1704042483039956060,500,http://172.169.8.253:31112/function/opt-66b-submod-0-latency-25.cdgp
1704042473841932156,1704042475536480159,200,http://172.169.8.253:31112/function/opt-66b-submod-0-latency-25.cdgp
1704042473842042544,1704042477154195841,200,http://172.169.8.253:31112/function/opt-66b-submod-0-latency-25.cdgp
1704042473842142952,1704042483138536786,500,http://172.169.8.253:31112/function/opt-66b-submod-0-latency-25.cdgp
1704042473849667237,1704042475811242290,200,http://172.169.8.253:31112/function/opt-66b-submod-0-latency-25.cdgp
1704042473849753615,1704042483364390015,500,http://172.169.8.253:31112/function/opt-66b-submod-0-latency-25.cdgp
1704042473849895405,1704042476197353393,200,http://172.169.8.253:31112/function/opt-66b-submod-0-latency-25.cdgp
1704042473849976444,1704042483850253412,500,http://172.169.8.253:31112/function/opt-66b-submod-0-latency-25.cdgp
1704042473850010598,1704042477503547717,200,http://172.169.8.253:31112/function/opt-66b-submod-0-latency-25.cdgp
1704042473850105068,1704042477461971778,200,http://172.169.8.253:31112/function/opt-66b-submod-0-latency-25.cdgp
1704042473850156581,1704042483273398797,500,http://172.169.8.253:31112/function/opt-66b-submod-0-latency-25.cdgp
1704042473850221548,1704042477459703252,200,http://172.169.8.253:31112/function/opt-66b-submod-0-latency-25.cdgp
1704042473850268358,1704042476266158186,200,http://172.169.8.253:31112/function/opt-66b-submod-0-latency-25.cdgp
1704042473850354363,1704042483634590142,500,http://172.169.8.253:31112/function/opt-66b-submod-0-latency-25.cdgp
1704042473850436120,1704042483851857457,500,http://172.169.8.253:31112/function/opt-66b-submod-0-latency-25.cdgp
1704042473850495657,1704042483087802659,500,http://172.169.8.253:31112/function/opt-66b-submod-0-latency-25.cdgp
1704042473850521289,1704042477747494399,200,http://172.169.8.253:31112/function/opt-66b-submod-0-latency-25.cdgp
1704042473850615717,1704042483851745436,500,http://172.169.8.253:31112/function/opt-66b-submod-0-latency-25.cdgp
1704042473850699287,1704042476720575157,200,http://172.169.8.253:31112/function/opt-66b-submod-0-latency-25.cdgp
1704042473850801140,1704042478240178038,200,http://172.169.8.253:31112/function/opt-66b-submod-0-latency-25.cdgp
1704042473850886701,1704042483144502625,500,http://172.169.8.253:31112/function/opt-66b-submod-0-latency-25.cdgp
1704042473850947346,1704042477984224180,200,http://172.169.8.253:31112/function/opt-66b-submod-0-latency-25.cdgp
1704042473851020689,1704042478542102597,200,http://172.169.8.253:31112/function/opt-66b-submod-0-latency-25.cdgp
1704042473851143586,1704042483187921437,500,http://172.169.8.253:31112/function/opt-66b-submod-0-latency-25.cdgp
1704042473851231382,1704042483615031261,500,http://172.169.8.253:31112/function/opt-66b-submod-0-latency-25.cdgp
1704042473851324373,1704042483851757129,500,http://172.169.8.253:31112/function/opt-66b-submod-0-latency-25.cdgp
1704042473851410241,1704042483851719668,500,http://172.169.8.253:31112/function/opt-66b-submod-0-latency-25.cdgp
1704042473851493834,1704042476384305367,200,http://172.169.8.253:31112/function/opt-66b-submod-0-latency-25.cdgp
1704042473851610835,1704042483324877181,500,http://172.169.8.253:31112/function/opt-66b-submod-0-latency-25.cdgp
1704042473851687653,1704042477154703887,200,http://172.169.8.253:31112/function/opt-66b-submod-0-latency-25.cdgp
1704042473851760891,1704042483851879235,500,http://172.169.8.253:31112/function/opt-66b-submod-0-latency-25.cdgp
1704042473851825455,1704042478778814581,200,http://172.169.8.253:31112/function/opt-66b-submod-0-latency-25.cdgp
1704042473851912649,1704042483852975008,500,http://172.169.8.253:31112/function/opt-66b-submod-0-latency-25.cdgp
1704042473851994402,1704042480431656957,200,http://172.169.8.253:31112/function/opt-66b-submod-0-latency-25.cdgp
1704042473852071152,1704042478540821833,200,http://172.169.8.253:31112/function/opt-66b-submod-0-latency-25.cdgp
1704042473852144700,1704042483769323897,500,http://172.169.8.253:31112/function/opt-66b-submod-0-latency-25.cdgp
1704042473852189378,1704042483183911548,500,http://172.169.8.253:31112/function/opt-66b-submod-0-latency-25.cdgp
1704042473852266916,1704042479457532961,200,http://172.169.8.253:31112/function/opt-66b-submod-0-latency-25.cdgp
1704042473852357756,1704042478912382598,200,http://172.169.8.253:31112/function/opt-66b-submod-0-latency-25.cdgp
1704042473852443706,1704042483852968244,500,http://172.169.8.253:31112/function/opt-66b-submod-0-latency-25.cdgp
1704042473852515093,1704042479225980696,200,http://172.169.8.253:31112/function/opt-66b-submod-0-latency-25.cdgp
1704042473852603219,1704042477858712676,200,http://172.169.8.253:31112/function/opt-66b-submod-0-latency-25.cdgp
1704042473852687264,1704042478780660210,200,http://172.169.8.253:31112/function/opt-66b-submod-0-latency-25.cdgp
1704042473852758171,1704042477218601442,200,http://172.169.8.253:31112/function/opt-66b-submod-0-latency-25.cdgp
1704042473852808974,1704042478777399193,200,http://172.169.8.253:31112/function/opt-66b-submod-0-latency-25.cdgp
1704042473852880502,1704042477758154735,200,http://172.169.8.253:31112/function/opt-66b-submod-0-latency-25.cdgp
1704042473852961807,1704042483853191362,500,http://172.169.8.253:31112/function/opt-66b-submod-0-latency-25.cdgp
1704042473853037789,1704042483771181707,500,http://172.169.8.253:31112/function/opt-66b-submod-0-latency-25.cdgp
1704042473853118995,1704042478298120556,200,http://172.169.8.253:31112/function/opt-66b-submod-0-latency-25.cdgp
1704042473853158644,1704042483853322647,500,http://172.169.8.253:31112/function/opt-66b-submod-0-latency-25.cdgp
1704042473853240851,1704042479202319820,200,http://172.169.8.253:31112/function/opt-66b-submod-0-latency-25.cdgp
1704042473853354526,1704042477460808084,200,http://172.169.8.253:31112/function/opt-66b-submod-0-latency-25.cdgp
1704042473853423423,1704042483854346743,500,http://172.169.8.253:31112/function/opt-66b-submod-0-latency-25.cdgp
1704042473853526319,1704042483854352460,500,http://172.169.8.253:31112/function/opt-66b-submod-0-latency-25.cdgp
1704042473853604213,1704042483854338100,500,http://172.169.8.253:31112/function/opt-66b-submod-0-latency-25.cdgp
1704042473853660598,1704042483854339623,500,http://172.169.8.253:31112/function/opt-66b-submod-0-latency-25.cdgp
1704042473853737927,1704042483854084230,500,http://172.169.8.253:31112/function/opt-66b-submod-0-latency-25.cdgp
1704042473853822196,1704042483854089236,500,http://172.169.8.253:31112/function/opt-66b-submod-0-latency-25.cdgp
1704042473853902500,1704042479334190046,200,http://172.169.8.253:31112/function/opt-66b-submod-0-latency-25.cdgp
1704042473854000872,1704042478781908052,200,http://172.169.8.253:31112/function/opt-66b-submod-0-latency-25.cdgp
1704042473854087369,1704042483854357442,500,http://172.169.8.253:31112/function/opt-66b-submod-0-latency-25.cdgp
1704042473854253676,1704042479185248898,200,http://172.169.8.253:31112/function/opt-66b-submod-0-latency-25.cdgp
1704042473854386879,1704042477858376993,200,http://172.169.8.253:31112/function/opt-66b-submod-0-latency-25.cdgp
1704042473854455453,1704042483762657714,500,http://172.169.8.253:31112/function/opt-66b-submod-0-latency-25.cdgp
1704042473854513764,1704042483772110332,500,http://172.169.8.253:31112/function/opt-66b-submod-0-latency-25.cdgp
1704042473854602723,1704042483855252427,500,http://172.169.8.253:31112/function/opt-66b-submod-0-latency-25.cdgp
1704042473854700782,1704042477412741815,200,http://172.169.8.253:31112/function/opt-66b-submod-0-latency-25.cdgp
1704042473854788802,1704042483855456448,500,http://172.169.8.253:31112/function/opt-66b-submod-0-latency-25.cdgp
1704042473854841121,1704042477405477995,200,http://172.169.8.253:31112/function/opt-66b-submod-0-latency-25.cdgp
1704042473854957666,1704042483855251719,500,http://172.169.8.253:31112/function/opt-66b-submod-0-latency-25.cdgp
1704042473855044131,1704042478282206289,200,http://172.169.8.253:31112/function/opt-66b-submod-0-latency-25.cdgp
1704042473855127626,1704042483855470077,500,http://172.169.8.253:31112/function/opt-66b-submod-0-latency-25.cdgp
1704042473855199054,1704042483855448801,500,http://172.169.8.253:31112/function/opt-66b-submod-0-latency-25.cdgp
1704042473855287041,1704042483855459371,500,http://172.169.8.253:31112/function/opt-66b-submod-0-latency-25.cdgp
1704042473855374318,1704042476200191674,200,http://172.169.8.253:31112/function/opt-66b-submod-0-latency-25.cdgp
1704042473855438037,1704042478952377144,200,http://172.169.8.253:31112/function/opt-66b-submod-0-latency-25.cdgp
1704042473855539450,1704042483856737385,500,http://172.169.8.253:31112/function/opt-66b-submod-0-latency-25.cdgp
1704042473855610276,1704042477150249834,200,http://172.169.8.253:31112/function/opt-66b-submod-0-latency-25.cdgp
1704042473855679603,1704042483856726781,500,http://172.169.8.253:31112/function/opt-66b-submod-0-latency-25.cdgp
1704042473855772655,1704042483856723217,500,http://172.169.8.253:31112/function/opt-66b-submod-0-latency-25.cdgp
1704042473855861168,1704042478346696312,200,http://172.169.8.253:31112/function/opt-66b-submod-0-latency-25.cdgp
1704042473855929696,1704042483856617922,500,http://172.169.8.253:31112/function/opt-66b-submod-0-latency-25.cdgp
1704042473856010559,1704042476461732922,200,http://172.169.8.253:31112/function/opt-66b-submod-0-latency-25.cdgp
1704042473856085455,1704042483768193997,500,http://172.169.8.253:31112/function/opt-66b-submod-0-latency-25.cdgp
1704042473856171914,1704042480294942423,200,http://172.169.8.253:31112/function/opt-66b-submod-0-latency-25.cdgp
1704042473856247859,1704042476811867739,200,http://172.169.8.253:31112/function/opt-66b-submod-0-latency-25.cdgp
1704042473856329147,1704042483856624800,500,http://172.169.8.253:31112/function/opt-66b-submod-0-latency-25.cdgp
1704042473856435482,1704042483856724699,500,http://172.169.8.253:31112/function/opt-66b-submod-0-latency-25.cdgp
1704042473856506739,1704042483764789195,500,http://172.169.8.253:31112/function/opt-66b-submod-0-latency-25.cdgp
1704042473856609510,1704042479331086298,200,http://172.169.8.253:31112/function/opt-66b-submod-0-latency-25.cdgp
1704042474671748278,1704042484065744399,500,http://172.169.8.253:31112/function/opt-66b-submod-0-latency-25.cdgp
1704042474671880767,1704042483896823197,500,http://172.169.8.253:31112/function/opt-66b-submod-0-latency-25.cdgp
1704042474671963708,1704042484058353558,500,http://172.169.8.253:31112/function/opt-66b-submod-0-latency-25.cdgp
1704042474672081968,1704042478546824680,200,http://172.169.8.253:31112/function/opt-66b-submod-0-latency-25.cdgp
1704042474672147929,1704042483860399280,500,http://172.169.8.253:31112/function/opt-66b-submod-0-latency-25.cdgp
1704042474805588813,1704042484147264749,500,http://172.169.8.253:31112/function/opt-66b-submod-0-latency-25.cdgp
1704042474805674073,1704042483861141266,500,http://172.169.8.253:31112/function/opt-66b-submod-0-latency-25.cdgp
1704042474805752367,1704042484190507788,500,http://172.169.8.253:31112/function/opt-66b-submod-0-latency-25.cdgp
1704042474805817605,1704042484490501390,500,http://172.169.8.253:31112/function/opt-66b-submod-0-latency-25.cdgp
1704042474805909155,1704042483929631228,500,http://172.169.8.253:31112/function/opt-66b-submod-0-latency-25.cdgp
1704042474806009427,1704042480561063230,200,http://172.169.8.253:31112/function/opt-66b-submod-0-latency-25.cdgp
1704042474806115042,1704042478582149746,200,http://172.169.8.253:31112/function/opt-66b-submod-0-latency-25.cdgp
1704042474806589604,1704042483927791862,500,http://172.169.8.253:31112/function/opt-66b-submod-0-latency-25.cdgp
1704042474806652115,1704042484271835039,500,http://172.169.8.253:31112/function/opt-66b-submod-0-latency-25.cdgp
1704042474806687164,1704042483913339387,500,http://172.169.8.253:31112/function/opt-66b-submod-0-latency-25.cdgp
1704042474806782918,1704042476315379422,200,http://172.169.8.253:31112/function/opt-66b-submod-0-latency-25.cdgp
1704042474811788525,1704042477593915084,200,http://172.169.8.253:31112/function/opt-66b-submod-0-latency-25.cdgp
1704042474811848355,1704042478546322176,200,http://172.169.8.253:31112/function/opt-66b-submod-0-latency-25.cdgp
1704042474811906704,1704042484494259765,500,http://172.169.8.253:31112/function/opt-66b-submod-0-latency-25.cdgp
1704042474991734461,1704042480272006351,200,http://172.169.8.253:31112/function/opt-66b-submod-0-latency-25.cdgp
1704042474994104975,1704042484621353227,500,http://172.169.8.253:31112/function/opt-66b-submod-0-latency-25.cdgp
1704042474994269654,1704042480436554089,200,http://172.169.8.253:31112/function/opt-66b-submod-0-latency-25.cdgp
1704042474994360773,1704042478805782617,200,http://172.169.8.253:31112/function/opt-66b-submod-0-latency-25.cdgp
1704042474994479535,1704042484582312308,500,http://172.169.8.253:31112/function/opt-66b-submod-0-latency-25.cdgp
1704042474994592509,1704042477760797150,200,http://172.169.8.253:31112/function/opt-66b-submod-0-latency-25.cdgp
1704042474994675255,1704042484634087790,500,http://172.169.8.253:31112/function/opt-66b-submod-0-latency-25.cdgp
1704042474994759802,1704042480221971419,200,http://172.169.8.253:31112/function/opt-66b-submod-0-latency-25.cdgp
1704042474994812163,1704042484589249159,500,http://172.169.8.253:31112/function/opt-66b-submod-0-latency-25.cdgp
1704042474994909766,1704042484441703060,500,http://172.169.8.253:31112/function/opt-66b-submod-0-latency-25.cdgp
1704042474994994274,1704042484581802892,500,http://172.169.8.253:31112/function/opt-66b-submod-0-latency-25.cdgp
1704042474995079864,1704042484582201602,500,http://172.169.8.253:31112/function/opt-66b-submod-0-latency-25.cdgp
1704042474995155888,1704042484634185600,500,http://172.169.8.253:31112/function/opt-66b-submod-0-latency-25.cdgp
1704042474995246038,1704042479268488047,200,http://172.169.8.253:31112/function/opt-66b-submod-0-latency-25.cdgp
1704042474995331852,1704042480560656550,200,http://172.169.8.253:31112/function/opt-66b-submod-0-latency-25.cdgp
1704042474995420998,1704042484582357494,500,http://172.169.8.253:31112/function/opt-66b-submod-0-latency-25.cdgp
1704042474995512912,1704042477154529640,200,http://172.169.8.253:31112/function/opt-66b-submod-0-latency-25.cdgp
1704042474995570867,1704042484582002976,500,http://172.169.8.253:31112/function/opt-66b-submod-0-latency-25.cdgp
1704042474995673107,1704042484441377325,500,http://172.169.8.253:31112/function/opt-66b-submod-0-latency-25.cdgp
1704042474995759269,1704042481246406519,200,http://172.169.8.253:31112/function/opt-66b-submod-0-latency-25.cdgp
1704042475169801238,1704042478335470105,200,http://172.169.8.253:31112/function/opt-66b-submod-0-latency-25.cdgp
1704042475169876496,1704042485015553643,500,http://172.169.8.253:31112/function/opt-66b-submod-0-latency-25.cdgp
1704042475169990108,1704042484622647896,500,http://172.169.8.253:31112/function/opt-66b-submod-0-latency-25.cdgp
1704042475170032295,1704042479330067168,200,http://172.169.8.253:31112/function/opt-66b-submod-0-latency-25.cdgp
1704042475170114355,1704042478544134848,200,http://172.169.8.253:31112/function/opt-66b-submod-0-latency-25.cdgp
1704042475170141105,1704042484623224399,500,http://172.169.8.253:31112/function/opt-66b-submod-0-latency-25.cdgp
1704042475170228698,1704042484631414616,500,http://172.169.8.253:31112/function/opt-66b-submod-0-latency-25.cdgp
1704042475170283065,1704042478241881353,200,http://172.169.8.253:31112/function/opt-66b-submod-0-latency-25.cdgp
1704042475170349381,1704042478548860817,200,http://172.169.8.253:31112/function/opt-66b-submod-0-latency-25.cdgp
1704042475170393456,1704042479224067576,200,http://172.169.8.253:31112/function/opt-66b-submod-0-latency-25.cdgp
1704042475170471176,1704042480222534285,200,http://172.169.8.253:31112/function/opt-66b-submod-0-latency-25.cdgp
1704042475171543583,1704042480884828454,200,http://172.169.8.253:31112/function/opt-66b-submod-0-latency-25.cdgp
1704042475171602010,1704042484747337889,500,http://172.169.8.253:31112/function/opt-66b-submod-0-latency-25.cdgp
1704042475171647618,1704042485014290899,500,http://172.169.8.253:31112/function/opt-66b-submod-0-latency-25.cdgp
1704042475171723613,1704042477762273417,200,http://172.169.8.253:31112/function/opt-66b-submod-0-latency-25.cdgp
1704042475171757845,1704042484707194936,500,http://172.169.8.253:31112/function/opt-66b-submod-0-latency-25.cdgp
1704042475171836689,1704042485011108931,500,http://172.169.8.253:31112/function/opt-66b-submod-0-latency-25.cdgp
1704042475171907649,1704042480435839636,200,http://172.169.8.253:31112/function/opt-66b-submod-0-latency-25.cdgp
1704042475171961293,1704042479385050382,200,http://172.169.8.253:31112/function/opt-66b-submod-0-latency-25.cdgp
1704042475172056162,1704042484706404108,500,http://172.169.8.253:31112/function/opt-66b-submod-0-latency-25.cdgp
1704042475172129535,1704042485106157675,500,http://172.169.8.253:31112/function/opt-66b-submod-0-latency-25.cdgp
1704042475172222071,1704042485105677307,500,http://172.169.8.253:31112/function/opt-66b-submod-0-latency-25.cdgp
1704042475172302797,1704042485103905792,500,http://172.169.8.253:31112/function/opt-66b-submod-0-latency-25.cdgp
1704042475172381140,1704042484706490167,500,http://172.169.8.253:31112/function/opt-66b-submod-0-latency-25.cdgp
1704042475172447529,1704042484993479559,500,http://172.169.8.253:31112/function/opt-66b-submod-0-latency-25.cdgp
1704042475172540829,1704042479331595890,200,http://172.169.8.253:31112/function/opt-66b-submod-0-latency-25.cdgp
1704042475172623671,1704042478368844455,200,http://172.169.8.253:31112/function/opt-66b-submod-0-latency-25.cdgp
1704042475172697279,1704042479022088959,200,http://172.169.8.253:31112/function/opt-66b-submod-0-latency-25.cdgp
1704042475183521011,1704042479586034742,200,http://172.169.8.253:31112/function/opt-66b-submod-0-latency-25.cdgp
1704042475183625888,1704042478293564534,200,http://172.169.8.253:31112/function/opt-66b-submod-0-latency-25.cdgp
1704042475183727477,1704042485108142205,500,http://172.169.8.253:31112/function/opt-66b-submod-0-latency-25.cdgp
1704042475183827572,1704042484819862106,500,http://172.169.8.253:31112/function/opt-66b-submod-0-latency-25.cdgp
1704042475183887230,1704042485108113483,500,http://172.169.8.253:31112/function/opt-66b-submod-0-latency-25.cdgp
1704042475183959984,1704042481206616125,200,http://172.169.8.253:31112/function/opt-66b-submod-0-latency-25.cdgp
1704042475184040241,1704042485017262558,500,http://172.169.8.253:31112/function/opt-66b-submod-0-latency-25.cdgp
1704042475184121931,1704042480307751777,200,http://172.169.8.253:31112/function/opt-66b-submod-0-latency-25.cdgp
1704042475184168930,1704042485009460153,500,http://172.169.8.253:31112/function/opt-66b-submod-0-latency-25.cdgp
1704042475184200802,1704042485010636546,500,http://172.169.8.253:31112/function/opt-66b-submod-0-latency-25.cdgp
1704042475184260468,1704042479070594463,200,http://172.169.8.253:31112/function/opt-66b-submod-0-latency-25.cdgp
1704042475184325538,1704042481245936750,200,http://172.169.8.253:31112/function/opt-66b-submod-0-latency-25.cdgp
1704042475184373746,1704042480884575742,200,http://172.169.8.253:31112/function/opt-66b-submod-0-latency-25.cdgp
1704042475184471573,1704042485107629304,500,http://172.169.8.253:31112/function/opt-66b-submod-0-latency-25.cdgp
1704042475184548566,1704042478587623788,200,http://172.169.8.253:31112/function/opt-66b-submod-0-latency-25.cdgp
1704042475184604527,1704042478323640380,200,http://172.169.8.253:31112/function/opt-66b-submod-0-latency-25.cdgp
1704042475184640081,1704042480431290157,200,http://172.169.8.253:31112/function/opt-66b-submod-0-latency-25.cdgp
1704042475184694746,1704042485010079403,500,http://172.169.8.253:31112/function/opt-66b-submod-0-latency-25.cdgp
1704042475184768580,1704042485107705850,500,http://172.169.8.253:31112/function/opt-66b-submod-0-latency-25.cdgp
1704042475184797770,1704042478238321259,200,http://172.169.8.253:31112/function/opt-66b-submod-0-latency-25.cdgp
1704042475184840357,1704042485009576118,500,http://172.169.8.253:31112/function/opt-66b-submod-0-latency-25.cdgp
1704042475184934648,1704042481205747502,200,http://172.169.8.253:31112/function/opt-66b-submod-0-latency-25.cdgp
1704042475184969258,1704042485004224503,500,http://172.169.8.253:31112/function/opt-66b-submod-0-latency-25.cdgp
1704042475185026892,1704042480271696222,200,http://172.169.8.253:31112/function/opt-66b-submod-0-latency-25.cdgp
1704042475185096685,1704042479790529066,200,http://172.169.8.253:31112/function/opt-66b-submod-0-latency-25.cdgp
1704042475185184108,1704042481199256805,200,http://172.169.8.253:31112/function/opt-66b-submod-0-latency-25.cdgp
1704042475323831852,1704042479542994919,200,http://172.169.8.253:31112/function/opt-66b-submod-0-latency-25.cdgp
1704042475323921902,1704042485112901474,500,http://172.169.8.253:31112/function/opt-66b-submod-0-latency-25.cdgp
1704042475324017379,1704042485138898928,500,http://172.169.8.253:31112/function/opt-66b-submod-0-latency-25.cdgp
1704042475324074297,1704042478826996190,200,http://172.169.8.253:31112/function/opt-66b-submod-0-latency-25.cdgp
1704042475324143642,1704042485010191851,500,http://172.169.8.253:31112/function/opt-66b-submod-0-latency-25.cdgp
1704042475324169595,1704042478479748602,200,http://172.169.8.253:31112/function/opt-66b-submod-0-latency-25.cdgp
1704042475462034011,1704042485084912083,500,http://172.169.8.253:31112/function/opt-66b-submod-0-latency-25.cdgp
1704042475462125843,1704042485109463336,500,http://172.169.8.253:31112/function/opt-66b-submod-0-latency-25.cdgp
1704042476674240455,1704042481009765616,200,http://172.169.8.253:31112/function/opt-66b-submod-0-latency-25.cdgp
1704042476674357712,1704042486193572292,500,http://172.169.8.253:31112/function/opt-66b-submod-0-latency-25.cdgp
1704042476684156924,1704042481208736700,200,http://172.169.8.253:31112/function/opt-66b-submod-0-latency-25.cdgp
1704042476694018481,1704042486358831225,500,http://172.169.8.253:31112/function/opt-66b-submod-0-latency-25.cdgp
1704042476694109572,1704042486332707694,500,http://172.169.8.253:31112/function/opt-66b-submod-0-latency-25.cdgp
1704042476694185943,1704042477932976649,200,http://172.169.8.253:31112/function/opt-66b-submod-0-latency-25.cdgp
1704042476694266946,1704042480604196345,200,http://172.169.8.253:31112/function/opt-66b-submod-0-latency-25.cdgp
1704042476734943400,1704042486735594077,500,http://172.169.8.253:31112/function/opt-66b-submod-0-latency-25.cdgp
1704042476735071077,1704042480479291280,200,http://172.169.8.253:31112/function/opt-66b-submod-0-latency-25.cdgp
1704042476735140734,1704042486735520748,500,http://172.169.8.253:31112/function/opt-66b-submod-0-latency-25.cdgp
1704042476735192474,1704042482837651487,200,http://172.169.8.253:31112/function/opt-66b-submod-0-latency-25.cdgp
1704042476735241672,1704042481570165189,200,http://172.169.8.253:31112/function/opt-66b-submod-0-latency-25.cdgp
1704042476735290655,1704042482302063034,200,http://172.169.8.253:31112/function/opt-66b-submod-0-latency-25.cdgp
1704042476735375677,1704042486343713716,500,http://172.169.8.253:31112/function/opt-66b-submod-0-latency-25.cdgp
1704042476735434977,1704042482395112117,200,http://172.169.8.253:31112/function/opt-66b-submod-0-latency-25.cdgp
1704042476735498260,1704042479332017748,200,http://172.169.8.253:31112/function/opt-66b-submod-0-latency-25.cdgp
1704042476735554766,1704042481201450624,200,http://172.169.8.253:31112/function/opt-66b-submod-0-latency-25.cdgp
1704042476735604825,1704042478520961474,200,http://172.169.8.253:31112/function/opt-66b-submod-0-latency-25.cdgp
1704042476735659944,1704042481563199892,200,http://172.169.8.253:31112/function/opt-66b-submod-0-latency-25.cdgp
1704042476737432663,1704042481448328531,200,http://172.169.8.253:31112/function/opt-66b-submod-0-latency-25.cdgp
1704042476737466657,1704042486392342822,500,http://172.169.8.253:31112/function/opt-66b-submod-0-latency-25.cdgp
1704042476737562311,1704042482262175468,200,http://172.169.8.253:31112/function/opt-66b-submod-0-latency-25.cdgp
1704042476737599956,1704042480272320297,200,http://172.169.8.253:31112/function/opt-66b-submod-0-latency-25.cdgp
1704042476737704687,1704042479906012932,200,http://172.169.8.253:31112/function/opt-66b-submod-0-latency-25.cdgp
1704042476737768442,1704042479910349648,200,http://172.169.8.253:31112/function/opt-66b-submod-0-latency-25.cdgp
1704042476737797866,1704042481392130364,200,http://172.169.8.253:31112/function/opt-66b-submod-0-latency-25.cdgp
1704042476737886312,1704042486392978067,500,http://172.169.8.253:31112/function/opt-66b-submod-0-latency-25.cdgp
1704042476737945215,1704042480608101449,200,http://172.169.8.253:31112/function/opt-66b-submod-0-latency-25.cdgp
1704042476738013861,1704042486738922271,500,http://172.169.8.253:31112/function/opt-66b-submod-0-latency-25.cdgp
1704042476738050371,1704042486738957693,500,http://172.169.8.253:31112/function/opt-66b-submod-0-latency-25.cdgp
1704042476738120305,1704042486739026921,500,http://172.169.8.253:31112/function/opt-66b-submod-0-latency-25.cdgp
1704042476738183301,1704042486739045077,500,http://172.169.8.253:31112/function/opt-66b-submod-0-latency-25.cdgp
1704042476738268977,1704042480435969857,200,http://172.169.8.253:31112/function/opt-66b-submod-0-latency-25.cdgp
1704042476738344844,1704042480222262659,200,http://172.169.8.253:31112/function/opt-66b-submod-0-latency-25.cdgp
1704042476738369677,1704042482645916006,200,http://172.169.8.253:31112/function/opt-66b-submod-0-latency-25.cdgp
1704042476738415642,1704042479543941200,200,http://172.169.8.253:31112/function/opt-66b-submod-0-latency-25.cdgp
1704042476738469490,1704042486739041649,500,http://172.169.8.253:31112/function/opt-66b-submod-0-latency-25.cdgp
1704042476738543300,1704042481557758677,200,http://172.169.8.253:31112/function/opt-66b-submod-0-latency-25.cdgp
1704042476743658049,1704042486745483696,500,http://172.169.8.253:31112/function/opt-66b-submod-0-latency-25.cdgp
1704042476743744310,1704042480968242855,200,http://172.169.8.253:31112/function/opt-66b-submod-0-latency-25.cdgp
1704042476743819091,1704042482178372961,200,http://172.169.8.253:31112/function/opt-66b-submod-0-latency-25.cdgp
1704042476743898600,1704042486745643315,500,http://172.169.8.253:31112/function/opt-66b-submod-0-latency-25.cdgp
1704042476743975799,1704042486745767282,500,http://172.169.8.253:31112/function/opt-66b-submod-0-latency-25.cdgp
1704042476744060524,1704042486741385806,500,http://172.169.8.253:31112/function/opt-66b-submod-0-latency-25.cdgp
1704042476744140901,1704042481448869046,200,http://172.169.8.253:31112/function/opt-66b-submod-0-latency-25.cdgp
1704042476744207778,1704042486745649318,500,http://172.169.8.253:31112/function/opt-66b-submod-0-latency-25.cdgp
1704042476744235052,1704042486745251566,500,http://172.169.8.253:31112/function/opt-66b-submod-0-latency-25.cdgp
1704042476744299093,1704042481465907058,200,http://172.169.8.253:31112/function/opt-66b-submod-0-latency-25.cdgp
1704042476744349279,1704042486426485606,500,http://172.169.8.253:31112/function/opt-66b-submod-0-latency-25.cdgp
1704042476744380750,1704042486745513397,500,http://172.169.8.253:31112/function/opt-66b-submod-0-latency-25.cdgp
1704042476744447788,1704042482839436597,200,http://172.169.8.253:31112/function/opt-66b-submod-0-latency-25.cdgp
1704042476744496641,1704042486745640716,500,http://172.169.8.253:31112/function/opt-66b-submod-0-latency-25.cdgp
1704042476744529110,1704042486745235768,500,http://172.169.8.253:31112/function/opt-66b-submod-0-latency-25.cdgp
1704042476744619982,1704042486744855357,500,http://172.169.8.253:31112/function/opt-66b-submod-0-latency-25.cdgp
1704042476744706528,1704042486745500185,500,http://172.169.8.253:31112/function/opt-66b-submod-0-latency-25.cdgp
1704042476744770921,1704042478863573592,200,http://172.169.8.253:31112/function/opt-66b-submod-0-latency-25.cdgp
1704042476744826661,1704042479159125715,200,http://172.169.8.253:31112/function/opt-66b-submod-0-latency-25.cdgp
1704042476744922530,1704042486745505418,500,http://172.169.8.253:31112/function/opt-66b-submod-0-latency-25.cdgp
1704042476745008803,1704042480565774106,200,http://172.169.8.253:31112/function/opt-66b-submod-0-latency-25.cdgp
1704042476745067776,1704042481509850289,200,http://172.169.8.253:31112/function/opt-66b-submod-0-latency-25.cdgp
1704042476745147474,1704042480436113435,200,http://172.169.8.253:31112/function/opt-66b-submod-0-latency-25.cdgp
1704042476745178709,1704042482081054003,200,http://172.169.8.253:31112/function/opt-66b-submod-0-latency-25.cdgp
1704042476745229962,1704042486745710936,500,http://172.169.8.253:31112/function/opt-66b-submod-0-latency-25.cdgp
1704042476745322712,1704042486745823403,500,http://172.169.8.253:31112/function/opt-66b-submod-0-latency-25.cdgp
1704042476745400076,1704042486745773367,500,http://172.169.8.253:31112/function/opt-66b-submod-0-latency-25.cdgp
1704042476745476992,1704042486745631698,500,http://172.169.8.253:31112/function/opt-66b-submod-0-latency-25.cdgp
1704042476745524835,1704042486745841672,500,http://172.169.8.253:31112/function/opt-66b-submod-0-latency-25.cdgp
1704042476745573455,1704042481208016460,200,http://172.169.8.253:31112/function/opt-66b-submod-0-latency-25.cdgp
1704042476745609651,1704042481511209539,200,http://172.169.8.253:31112/function/opt-66b-submod-0-latency-25.cdgp
1704042476745670631,1704042480880662500,200,http://172.169.8.253:31112/function/opt-66b-submod-0-latency-25.cdgp
1704042476745753297,1704042482255369370,200,http://172.169.8.253:31112/function/opt-66b-submod-0-latency-25.cdgp
1704042476745844171,1704042486746047026,500,http://172.169.8.253:31112/function/opt-66b-submod-0-latency-25.cdgp
1704042476745928728,1704042482038655425,200,http://172.169.8.253:31112/function/opt-66b-submod-0-latency-25.cdgp
1704042476746012280,1704042486746127510,500,http://172.169.8.253:31112/function/opt-66b-submod-0-latency-25.cdgp
1704042476746097203,1704042482086644948,200,http://172.169.8.253:31112/function/opt-66b-submod-0-latency-25.cdgp
1704042476746131620,1704042486746362964,500,http://172.169.8.253:31112/function/opt-66b-submod-0-latency-25.cdgp
1704042476746181002,1704042480888074345,200,http://172.169.8.253:31112/function/opt-66b-submod-0-latency-25.cdgp
1704042476746240709,1704042480560690371,200,http://172.169.8.253:31112/function/opt-66b-submod-0-latency-25.cdgp
1704042476746313236,1704042480609658988,200,http://172.169.8.253:31112/function/opt-66b-submod-0-latency-25.cdgp
1704042476746338561,1704042486746466695,500,http://172.169.8.253:31112/function/opt-66b-submod-0-latency-25.cdgp
1704042476746398047,1704042486746548173,500,http://172.169.8.253:31112/function/opt-66b-submod-0-latency-25.cdgp
1704042476746462107,1704042486746662566,500,http://172.169.8.253:31112/function/opt-66b-submod-0-latency-25.cdgp
1704042476746493746,1704042482559104945,200,http://172.169.8.253:31112/function/opt-66b-submod-0-latency-25.cdgp
1704042476746544154,1704042481468345355,200,http://172.169.8.253:31112/function/opt-66b-submod-0-latency-25.cdgp
1704042476746597500,1704042482046310271,200,http://172.169.8.253:31112/function/opt-66b-submod-0-latency-25.cdgp
1704042476746675701,1704042479910422199,200,http://172.169.8.253:31112/function/opt-66b-submod-0-latency-25.cdgp
1704042476746706876,1704042481445320660,200,http://172.169.8.253:31112/function/opt-66b-submod-0-latency-25.cdgp
1704042476746758755,1704042486747441196,500,http://172.169.8.253:31112/function/opt-66b-submod-0-latency-25.cdgp
1704042476746802581,1704042479927839997,200,http://172.169.8.253:31112/function/opt-66b-submod-0-latency-25.cdgp
1704042476746864286,1704042481451150385,200,http://172.169.8.253:31112/function/opt-66b-submod-0-latency-25.cdgp
1704042476746942409,1704042478775043834,200,http://172.169.8.253:31112/function/opt-66b-submod-0-latency-25.cdgp
1704042476747009899,1704042486741585737,500,http://172.169.8.253:31112/function/opt-66b-submod-0-latency-25.cdgp
1704042477778056337,1704042480918003800,200,http://172.169.8.253:31112/function/opt-66b-submod-0-latency-25.cdgp
1704042477778141644,1704042487779482083,500,http://172.169.8.253:31112/function/opt-66b-submod-0-latency-25.cdgp
1704042477778253376,1704042481530552272,200,http://172.169.8.253:31112/function/opt-66b-submod-0-latency-25.cdgp
1704042477778336336,1704042487107448393,500,http://172.169.8.253:31112/function/opt-66b-submod-0-latency-25.cdgp
1704042477778406357,1704042483010125692,200,http://172.169.8.253:31112/function/opt-66b-submod-0-latency-25.cdgp
1704042478672316112,1704042487992824291,500,http://172.169.8.253:31112/function/opt-66b-submod-0-latency-25.cdgp
1704042478672433770,1704042487852546264,500,http://172.169.8.253:31112/function/opt-66b-submod-0-latency-25.cdgp
1704042478690661108,1704042487853221548,500,http://172.169.8.253:31112/function/opt-66b-submod-0-latency-25.cdgp
1704042479065098456,1704042488124914526,500,http://172.169.8.253:31112/function/opt-66b-submod-0-latency-25.cdgp
1704042479065210518,1704042488224030613,500,http://172.169.8.253:31112/function/opt-66b-submod-0-latency-25.cdgp
1704042479065328447,1704042480971119328,200,http://172.169.8.253:31112/function/opt-66b-submod-0-latency-25.cdgp
1704042479065424223,1704042488443447748,500,http://172.169.8.253:31112/function/opt-66b-submod-0-latency-25.cdgp
1704042479065564601,1704042488451266170,500,http://172.169.8.253:31112/function/opt-66b-submod-0-latency-25.cdgp
1704042479065647060,1704042488545688214,500,http://172.169.8.253:31112/function/opt-66b-submod-0-latency-25.cdgp
1704042479065709144,1704042488405589883,500,http://172.169.8.253:31112/function/opt-66b-submod-0-latency-25.cdgp
1704042479065773557,1704042481243810377,200,http://172.169.8.253:31112/function/opt-66b-submod-0-latency-25.cdgp
1704042479065810352,1704042482318129423,200,http://172.169.8.253:31112/function/opt-66b-submod-0-latency-25.cdgp
1704042479065860443,1704042482112355697,200,http://172.169.8.253:31112/function/opt-66b-submod-0-latency-25.cdgp
1704042479065944906,1704042480642654191,200,http://172.169.8.253:31112/function/opt-66b-submod-0-latency-25.cdgp
1704042479066007454,1704042488720288855,500,http://172.169.8.253:31112/function/opt-66b-submod-0-latency-25.cdgp
1704042479066044853,1704042488545363335,500,http://172.169.8.253:31112/function/opt-66b-submod-0-latency-25.cdgp
1704042479066122496,1704042482088900455,200,http://172.169.8.253:31112/function/opt-66b-submod-0-latency-25.cdgp
1704042479066188291,1704042488544376235,500,http://172.169.8.253:31112/function/opt-66b-submod-0-latency-25.cdgp
1704042479189585892,1704042482619551358,200,http://172.169.8.253:31112/function/opt-66b-submod-0-latency-25.cdgp
1704042479189667420,1704042488809883511,500,http://172.169.8.253:31112/function/opt-66b-submod-0-latency-25.cdgp
1704042479189746072,1704042488545219705,500,http://172.169.8.253:31112/function/opt-66b-submod-0-latency-25.cdgp
1704042479189763144,1704042480607554746,200,http://172.169.8.253:31112/function/opt-66b-submod-0-latency-25.cdgp
1704042479189817002,1704042488587081868,500,http://172.169.8.253:31112/function/opt-66b-submod-0-latency-25.cdgp
1704042479258606282,1704042488587129736,500,http://172.169.8.253:31112/function/opt-66b-submod-0-latency-25.cdgp
1704042479258664433,1704042488543918288,500,http://172.169.8.253:31112/function/opt-66b-submod-0-latency-25.cdgp
1704042479258746317,1704042488490650943,500,http://172.169.8.253:31112/function/opt-66b-submod-0-latency-25.cdgp
1704042479258813308,1704042488871441808,500,http://172.169.8.253:31112/function/opt-66b-submod-0-latency-25.cdgp
1704042479258845166,1704042482217779253,200,http://172.169.8.253:31112/function/opt-66b-submod-0-latency-25.cdgp
1704042479258927412,1704042482139384281,200,http://172.169.8.253:31112/function/opt-66b-submod-0-latency-25.cdgp
1704042479258989580,1704042488813526578,500,http://172.169.8.253:31112/function/opt-66b-submod-0-latency-25.cdgp
1704042479259027099,1704042488813435629,500,http://172.169.8.253:31112/function/opt-66b-submod-0-latency-25.cdgp
1704042479259094386,1704042482017053415,200,http://172.169.8.253:31112/function/opt-66b-submod-0-latency-25.cdgp
1704042479259163699,1704042482133229571,200,http://172.169.8.253:31112/function/opt-66b-submod-0-latency-25.cdgp
1704042479259194893,1704042482122473981,200,http://172.169.8.253:31112/function/opt-66b-submod-0-latency-25.cdgp
1704042479259220998,1704042488810224527,500,http://172.169.8.253:31112/function/opt-66b-submod-0-latency-25.cdgp
1704042479672513128,1704042489673638851,500,http://172.169.8.253:31112/function/opt-66b-submod-0-latency-25.cdgp
1704042479672631134,1704042481514358789,200,http://172.169.8.253:31112/function/opt-66b-submod-0-latency-25.cdgp
1704042479672720654,1704042488848492039,500,http://172.169.8.253:31112/function/opt-66b-submod-0-latency-25.cdgp
1704042479672820610,1704042483445893625,200,http://172.169.8.253:31112/function/opt-66b-submod-0-latency-25.cdgp
1704042479672905567,1704042483014175684,200,http://172.169.8.253:31112/function/opt-66b-submod-0-latency-25.cdgp
1704042479672933586,1704042489240354421,500,http://172.169.8.253:31112/function/opt-66b-submod-0-latency-25.cdgp
1704042479673015647,1704042482973736128,200,http://172.169.8.253:31112/function/opt-66b-submod-0-latency-25.cdgp
1704042479673096840,1704042489135638385,500,http://172.169.8.253:31112/function/opt-66b-submod-0-latency-25.cdgp
1704042479673163716,1704042489027549115,500,http://172.169.8.253:31112/function/opt-66b-submod-0-latency-25.cdgp
1704042479673189199,1704042489050648851,500,http://172.169.8.253:31112/function/opt-66b-submod-0-latency-25.cdgp
1704042479673277682,1704042483313754913,200,http://172.169.8.253:31112/function/opt-66b-submod-0-latency-25.cdgp
1704042479673355538,1704042481588792060,200,http://172.169.8.253:31112/function/opt-66b-submod-0-latency-25.cdgp
1704042479673447791,1704042489050466892,500,http://172.169.8.253:31112/function/opt-66b-submod-0-latency-25.cdgp
1704042479673513789,1704042482996919098,200,http://172.169.8.253:31112/function/opt-66b-submod-0-latency-25.cdgp
1704042479673552619,1704042489242511580,500,http://172.169.8.253:31112/function/opt-66b-submod-0-latency-25.cdgp
1704042479673695940,1704042489050558489,500,http://172.169.8.253:31112/function/opt-66b-submod-0-latency-25.cdgp
1704042479673784194,1704042489239615065,500,http://172.169.8.253:31112/function/opt-66b-submod-0-latency-25.cdgp
1704042479673846856,1704042489395691523,500,http://172.169.8.253:31112/function/opt-66b-submod-0-latency-25.cdgp
1704042479760258019,1704042489427066661,500,http://172.169.8.253:31112/function/opt-66b-submod-0-latency-25.cdgp
1704042479760365378,1704042489323444246,500,http://172.169.8.253:31112/function/opt-66b-submod-0-latency-25.cdgp
1704042479760435136,1704042482216425339,200,http://172.169.8.253:31112/function/opt-66b-submod-0-latency-25.cdgp
1704042479760513931,1704042481612778394,200,http://172.169.8.253:31112/function/opt-66b-submod-0-latency-25.cdgp
1704042479773525664,1704042483491385740,200,http://172.169.8.253:31112/function/opt-66b-submod-0-latency-25.cdgp
1704042479774347993,1704042489515281458,500,http://172.169.8.253:31112/function/opt-66b-submod-0-latency-25.cdgp
1704042479774440523,1704042482852234865,200,http://172.169.8.253:31112/function/opt-66b-submod-0-latency-25.cdgp
1704042479774545442,1704042481848903615,200,http://172.169.8.253:31112/function/opt-66b-submod-0-latency-25.cdgp
1704042479784428555,1704042483368675049,200,http://172.169.8.253:31112/function/opt-66b-submod-0-latency-25.cdgp
1704042479784495742,1704042482499435371,200,http://172.169.8.253:31112/function/opt-66b-submod-0-latency-25.cdgp
1704042479784556757,1704042483843489838,200,http://172.169.8.253:31112/function/opt-66b-submod-0-latency-25.cdgp
1704042479784603029,1704042482832612048,200,http://172.169.8.253:31112/function/opt-66b-submod-0-latency-25.cdgp
1704042479784667800,1704042489785643864,500,http://172.169.8.253:31112/function/opt-66b-submod-0-latency-25.cdgp
1704042479784723621,1704042489309612219,500,http://172.169.8.253:31112/function/opt-66b-submod-0-latency-25.cdgp
1704042479784773715,1704042489785632497,500,http://172.169.8.253:31112/function/opt-66b-submod-0-latency-25.cdgp
1704042479784820355,1704042482996330736,200,http://172.169.8.253:31112/function/opt-66b-submod-0-latency-25.cdgp
1704042479784885172,1704042481522313092,200,http://172.169.8.253:31112/function/opt-66b-submod-0-latency-25.cdgp
1704042479784919337,1704042483646875831,200,http://172.169.8.253:31112/function/opt-66b-submod-0-latency-25.cdgp
1704042479784999625,1704042489518506716,500,http://172.169.8.253:31112/function/opt-66b-submod-0-latency-25.cdgp
1704042479785058672,1704042483904104988,200,http://172.169.8.253:31112/function/opt-66b-submod-0-latency-25.cdgp
1704042479785085073,1704042482086983446,200,http://172.169.8.253:31112/function/opt-66b-submod-0-latency-25.cdgp
1704042479785153143,1704042489431941156,500,http://172.169.8.253:31112/function/opt-66b-submod-0-latency-25.cdgp
1704042479785203403,1704042483856407206,200,http://172.169.8.253:31112/function/opt-66b-submod-0-latency-25.cdgp
1704042479872395894,1704042483281175923,200,http://172.169.8.253:31112/function/opt-66b-submod-0-latency-25.cdgp
1704042479872442166,1704042489525617504,500,http://172.169.8.253:31112/function/opt-66b-submod-0-latency-25.cdgp
1704042479872526025,1704042483850194053,200,http://172.169.8.253:31112/function/opt-66b-submod-0-latency-25.cdgp
1704042479872602412,1704042489721835933,500,http://172.169.8.253:31112/function/opt-66b-submod-0-latency-25.cdgp
1704042479872699347,1704042489816734018,500,http://172.169.8.253:31112/function/opt-66b-submod-0-latency-25.cdgp
1704042479872818416,1704042489848964371,500,http://172.169.8.253:31112/function/opt-66b-submod-0-latency-25.cdgp
1704042479872906602,1704042484379916165,200,http://172.169.8.253:31112/function/opt-66b-submod-0-latency-25.cdgp
1704042479872987966,1704042489873953453,500,http://172.169.8.253:31112/function/opt-66b-submod-0-latency-25.cdgp
1704042479873059298,1704042483496750260,200,http://172.169.8.253:31112/function/opt-66b-submod-0-latency-25.cdgp
1704042479873131041,1704042489426809157,500,http://172.169.8.253:31112/function/opt-66b-submod-0-latency-25.cdgp
1704042479873149577,1704042489847790190,500,http://172.169.8.253:31112/function/opt-66b-submod-0-latency-25.cdgp
1704042479873237667,1704042482341192672,200,http://172.169.8.253:31112/function/opt-66b-submod-0-latency-25.cdgp
1704042479873347297,1704042489507682052,500,http://172.169.8.253:31112/function/opt-66b-submod-0-latency-25.cdgp
1704042479873422689,1704042489869850808,500,http://172.169.8.253:31112/function/opt-66b-submod-0-latency-25.cdgp
1704042479873491197,1704042489873942799,500,http://172.169.8.253:31112/function/opt-66b-submod-0-latency-25.cdgp
1704042479873523557,1704042484131610692,200,http://172.169.8.253:31112/function/opt-66b-submod-0-latency-25.cdgp
1704042479873583831,1704042483039687465,200,http://172.169.8.253:31112/function/opt-66b-submod-0-latency-25.cdgp
1704042479873646943,1704042484515506776,200,http://172.169.8.253:31112/function/opt-66b-submod-0-latency-25.cdgp
1704042479873707701,1704042489845990236,500,http://172.169.8.253:31112/function/opt-66b-submod-0-latency-25.cdgp
1704042479873755742,1704042484405246519,200,http://172.169.8.253:31112/function/opt-66b-submod-0-latency-25.cdgp
1704042479873849804,1704042489524383123,500,http://172.169.8.253:31112/function/opt-66b-submod-0-latency-25.cdgp
1704042479873920557,1704042489238682033,500,http://172.169.8.253:31112/function/opt-66b-submod-0-latency-25.cdgp
1704042479873957436,1704042482454119811,200,http://172.169.8.253:31112/function/opt-66b-submod-0-latency-25.cdgp
1704042479874011070,1704042489747958970,500,http://172.169.8.253:31112/function/opt-66b-submod-0-latency-25.cdgp
1704042479874077856,1704042489293803119,500,http://172.169.8.253:31112/function/opt-66b-submod-0-latency-25.cdgp
1704042479874164796,1704042489871526822,500,http://172.169.8.253:31112/function/opt-66b-submod-0-latency-25.cdgp
1704042479874234078,1704042489875046507,500,http://172.169.8.253:31112/function/opt-66b-submod-0-latency-25.cdgp
1704042479874291137,1704042483982476435,200,http://172.169.8.253:31112/function/opt-66b-submod-0-latency-25.cdgp
1704042479874320183,1704042489677974725,500,http://172.169.8.253:31112/function/opt-66b-submod-0-latency-25.cdgp
1704042479874405027,1704042484244248914,200,http://172.169.8.253:31112/function/opt-66b-submod-0-latency-25.cdgp
1704042479874442014,1704042483177289203,200,http://172.169.8.253:31112/function/opt-66b-submod-0-latency-25.cdgp
1704042479874469430,1704042483202478743,200,http://172.169.8.253:31112/function/opt-66b-submod-0-latency-25.cdgp
1704042479874533088,1704042482779661578,200,http://172.169.8.253:31112/function/opt-66b-submod-0-latency-25.cdgp
1704042479874587930,1704042482255673534,200,http://172.169.8.253:31112/function/opt-66b-submod-0-latency-25.cdgp
1704042479874652866,1704042482162173045,200,http://172.169.8.253:31112/function/opt-66b-submod-0-latency-25.cdgp
1704042479874698746,1704042489770388817,500,http://172.169.8.253:31112/function/opt-66b-submod-0-latency-25.cdgp
1704042479874779430,1704042483824403408,200,http://172.169.8.253:31112/function/opt-66b-submod-0-latency-25.cdgp
1704042479874829258,1704042482297642439,200,http://172.169.8.253:31112/function/opt-66b-submod-0-latency-25.cdgp
1704042479874871889,1704042484246057291,200,http://172.169.8.253:31112/function/opt-66b-submod-0-latency-25.cdgp
1704042479874930631,1704042482559103401,200,http://172.169.8.253:31112/function/opt-66b-submod-0-latency-25.cdgp
1704042479875018670,1704042484405341991,200,http://172.169.8.253:31112/function/opt-66b-submod-0-latency-25.cdgp
1704042479875067809,1704042483342226854,200,http://172.169.8.253:31112/function/opt-66b-submod-0-latency-25.cdgp
1704042479875139920,1704042489428913577,500,http://172.169.8.253:31112/function/opt-66b-submod-0-latency-25.cdgp
1704042479875196243,1704042489293728039,500,http://172.169.8.253:31112/function/opt-66b-submod-0-latency-25.cdgp
1704042479875251003,1704042483034015014,200,http://172.169.8.253:31112/function/opt-66b-submod-0-latency-25.cdgp
1704042479923720573,1704042489923900601,500,http://172.169.8.253:31112/function/opt-66b-submod-0-latency-25.cdgp
1704042479923796974,1704042489475405175,500,http://172.169.8.253:31112/function/opt-66b-submod-0-latency-25.cdgp
1704042479930839994,1704042489823462279,500,http://172.169.8.253:31112/function/opt-66b-submod-0-latency-25.cdgp
1704042479930919373,1704042489815196033,500,http://172.169.8.253:31112/function/opt-66b-submod-0-latency-25.cdgp
1704042479930971862,1704042489931553513,500,http://172.169.8.253:31112/function/opt-66b-submod-0-latency-25.cdgp
1704042479931017159,1704042483935232017,200,http://172.169.8.253:31112/function/opt-66b-submod-0-latency-25.cdgp
1704042479931094893,1704042489931551793,500,http://172.169.8.253:31112/function/opt-66b-submod-0-latency-25.cdgp
1704042479931169580,1704042484245363918,200,http://172.169.8.253:31112/function/opt-66b-submod-0-latency-25.cdgp
1704042479931263377,1704042489930255363,500,http://172.169.8.253:31112/function/opt-66b-submod-0-latency-25.cdgp
1704042479931348920,1704042483728547935,200,http://172.169.8.253:31112/function/opt-66b-submod-0-latency-25.cdgp
1704042479931439801,1704042483269394265,200,http://172.169.8.253:31112/function/opt-66b-submod-0-latency-25.cdgp
1704042479931493713,1704042484291396785,200,http://172.169.8.253:31112/function/opt-66b-submod-0-latency-25.cdgp
1704042479931560232,1704042489781047546,500,http://172.169.8.253:31112/function/opt-66b-submod-0-latency-25.cdgp
1704042479931602583,1704042484246133998,200,http://172.169.8.253:31112/function/opt-66b-submod-0-latency-25.cdgp
1704042479931677056,1704042489775583731,500,http://172.169.8.253:31112/function/opt-66b-submod-0-latency-25.cdgp
1704042479931733015,1704042483851488794,200,http://172.169.8.253:31112/function/opt-66b-submod-0-latency-25.cdgp
1704042479931804938,1704042484486075895,200,http://172.169.8.253:31112/function/opt-66b-submod-0-latency-25.cdgp
1704042479931848701,1704042489932394670,500,http://172.169.8.253:31112/function/opt-66b-submod-0-latency-25.cdgp
1704042479931926340,1704042489680900098,500,http://172.169.8.253:31112/function/opt-66b-submod-0-latency-25.cdgp
1704042479931946578,1704042484405559369,200,http://172.169.8.253:31112/function/opt-66b-submod-0-latency-25.cdgp
1704042479932000408,1704042483209376704,200,http://172.169.8.253:31112/function/opt-66b-submod-0-latency-25.cdgp
1704042479932086056,1704042484405023544,200,http://172.169.8.253:31112/function/opt-66b-submod-0-latency-25.cdgp
1704042479932151174,1704042483128634553,200,http://172.169.8.253:31112/function/opt-66b-submod-0-latency-25.cdgp
1704042479932211427,1704042489932385494,500,http://172.169.8.253:31112/function/opt-66b-submod-0-latency-25.cdgp
1704042479932230746,1704042489773102940,500,http://172.169.8.253:31112/function/opt-66b-submod-0-latency-25.cdgp
1704042479932297193,1704042489932587808,500,http://172.169.8.253:31112/function/opt-66b-submod-0-latency-25.cdgp
1704042479932373434,1704042489771225283,500,http://172.169.8.253:31112/function/opt-66b-submod-0-latency-25.cdgp
1704042479932450879,1704042484441771101,200,http://172.169.8.253:31112/function/opt-66b-submod-0-latency-25.cdgp
1704042479932542785,1704042484296521408,200,http://172.169.8.253:31112/function/opt-66b-submod-0-latency-25.cdgp
1704042479932616673,1704042489933492784,500,http://172.169.8.253:31112/function/opt-66b-submod-0-latency-25.cdgp
1704042479932715675,1704042489679056493,500,http://172.169.8.253:31112/function/opt-66b-submod-0-latency-25.cdgp
1704042479932795320,1704042484441643657,200,http://172.169.8.253:31112/function/opt-66b-submod-0-latency-25.cdgp
1704042479932869084,1704042489776206677,500,http://172.169.8.253:31112/function/opt-66b-submod-0-latency-25.cdgp
1704042479932951117,1704042489933475007,500,http://172.169.8.253:31112/function/opt-66b-submod-0-latency-25.cdgp
1704042479933025672,1704042489932409805,500,http://172.169.8.253:31112/function/opt-66b-submod-0-latency-25.cdgp
1704042480321961127,1704042490322691434,500,http://172.169.8.253:31112/function/opt-66b-submod-0-latency-25.cdgp
1704042480322113230,1704042483863292677,200,http://172.169.8.253:31112/function/opt-66b-submod-0-latency-25.cdgp
1704042480322252949,1704042489942084574,500,http://172.169.8.253:31112/function/opt-66b-submod-0-latency-25.cdgp
1704042480322351427,1704042483727718798,200,http://172.169.8.253:31112/function/opt-66b-submod-0-latency-25.cdgp
1704042480322445279,1704042489941512638,500,http://172.169.8.253:31112/function/opt-66b-submod-0-latency-25.cdgp
1704042482415926130,1704042491607513228,500,http://172.169.8.253:31112/function/opt-66b-submod-0-latency-25.cdgp
1704042482416050758,1704042491546085801,500,http://172.169.8.253:31112/function/opt-66b-submod-0-latency-25.cdgp
1704042482416146883,1704042484712606741,200,http://172.169.8.253:31112/function/opt-66b-submod-0-latency-25.cdgp
1704042482416204502,1704042491545988680,500,http://172.169.8.253:31112/function/opt-66b-submod-0-latency-25.cdgp
1704042482417759069,1704042492068543257,500,http://172.169.8.253:31112/function/opt-66b-submod-0-latency-25.cdgp
1704042482417826909,1704042484887771371,200,http://172.169.8.253:31112/function/opt-66b-submod-0-latency-25.cdgp
1704042482417864591,1704042484288937105,200,http://172.169.8.253:31112/function/opt-66b-submod-0-latency-25.cdgp
1704042482417947351,1704042483908156388,200,http://172.169.8.253:31112/function/opt-66b-submod-0-latency-25.cdgp
1704042482418017554,1704042492067922847,500,http://172.169.8.253:31112/function/opt-66b-submod-0-latency-25.cdgp
1704042482418073070,1704042492064614484,500,http://172.169.8.253:31112/function/opt-66b-submod-0-latency-25.cdgp
1704042482418138304,1704042491866688337,500,http://172.169.8.253:31112/function/opt-66b-submod-0-latency-25.cdgp
1704042482418168060,1704042484706288464,200,http://172.169.8.253:31112/function/opt-66b-submod-0-latency-25.cdgp
1704042482418243606,1704042483926242334,200,http://172.169.8.253:31112/function/opt-66b-submod-0-latency-25.cdgp
1704042482418324344,1704042491716731265,500,http://172.169.8.253:31112/function/opt-66b-submod-0-latency-25.cdgp
1704042482418346873,1704042483821549251,200,http://172.169.8.253:31112/function/opt-66b-submod-0-latency-25.cdgp
1704042482418445854,1704042483645643834,200,http://172.169.8.253:31112/function/opt-66b-submod-0-latency-25.cdgp
1704042482418500266,1704042485005614405,200,http://172.169.8.253:31112/function/opt-66b-submod-0-latency-25.cdgp
1704042482418523083,1704042485005110639,200,http://172.169.8.253:31112/function/opt-66b-submod-0-latency-25.cdgp
1704042482418623861,1704042491866390672,500,http://172.169.8.253:31112/function/opt-66b-submod-0-latency-25.cdgp
1704042482418692785,1704042484093978036,200,http://172.169.8.253:31112/function/opt-66b-submod-0-latency-25.cdgp
1704042482418755872,1704042491865954961,500,http://172.169.8.253:31112/function/opt-66b-submod-0-latency-25.cdgp
1704042482418825117,1704042491867503952,500,http://172.169.8.253:31112/function/opt-66b-submod-0-latency-25.cdgp
1704042482418844225,1704042484706017979,200,http://172.169.8.253:31112/function/opt-66b-submod-0-latency-25.cdgp
1704042482418940705,1704042484590146846,200,http://172.169.8.253:31112/function/opt-66b-submod-0-latency-25.cdgp
1704042482419025747,1704042492064294900,500,http://172.169.8.253:31112/function/opt-66b-submod-0-latency-25.cdgp
1704042482873315984,1704042492160946157,500,http://172.169.8.253:31112/function/opt-66b-submod-0-latency-25.cdgp
1704042482873397059,1704042484931296323,200,http://172.169.8.253:31112/function/opt-66b-submod-0-latency-25.cdgp
1704042482873477894,1704042492207115291,500,http://172.169.8.253:31112/function/opt-66b-submod-0-latency-25.cdgp
1704042482873547533,1704042484927694583,200,http://172.169.8.253:31112/function/opt-66b-submod-0-latency-25.cdgp
1704042482873742041,1704042492203469581,500,http://172.169.8.253:31112/function/opt-66b-submod-0-latency-25.cdgp
1704042482873820580,1704042484747357715,200,http://172.169.8.253:31112/function/opt-66b-submod-0-latency-25.cdgp
1704042482873944014,1704042492163610977,500,http://172.169.8.253:31112/function/opt-66b-submod-0-latency-25.cdgp
1704042483365967314,1704042492891471865,500,http://172.169.8.253:31112/function/opt-66b-submod-0-latency-25.cdgp
1704042483366056546,1704042492563333184,500,http://172.169.8.253:31112/function/opt-66b-submod-0-latency-25.cdgp
1704042483366188174,1704042485242738505,200,http://172.169.8.253:31112/function/opt-66b-submod-0-latency-25.cdgp
1704042483366255854,1704042485008982617,200,http://172.169.8.253:31112/function/opt-66b-submod-0-latency-25.cdgp
1704042483366281768,1704042485470072234,200,http://172.169.8.253:31112/function/opt-66b-submod-0-latency-25.cdgp
1704042483366375821,1704042493367453787,500,http://172.169.8.253:31112/function/opt-66b-submod-0-latency-25.cdgp
1704042483366435590,1704042492846087046,500,http://172.169.8.253:31112/function/opt-66b-submod-0-latency-25.cdgp
1704042483366512299,1704042484931408191,200,http://172.169.8.253:31112/function/opt-66b-submod-0-latency-25.cdgp
1704042483366614561,1704042484820200971,200,http://172.169.8.253:31112/function/opt-66b-submod-0-latency-25.cdgp
1704042483366712200,1704042485106663864,200,http://172.169.8.253:31112/function/opt-66b-submod-0-latency-25.cdgp
1704042483366799712,1704042492519005343,500,http://172.169.8.253:31112/function/opt-66b-submod-0-latency-25.cdgp
1704042483366882983,1704042485483400621,200,http://172.169.8.253:31112/function/opt-66b-submod-0-latency-25.cdgp
1704042483366945209,1704042492846692485,500,http://172.169.8.253:31112/function/opt-66b-submod-0-latency-25.cdgp
1704042483366987431,1704042492832487206,500,http://172.169.8.253:31112/function/opt-66b-submod-0-latency-25.cdgp
1704042483367060488,1704042492846162361,500,http://172.169.8.253:31112/function/opt-66b-submod-0-latency-25.cdgp
1704042483367095044,1704042485277865028,200,http://172.169.8.253:31112/function/opt-66b-submod-0-latency-25.cdgp
1704042483367160831,1704042484887258122,200,http://172.169.8.253:31112/function/opt-66b-submod-0-latency-25.cdgp
1704042483480073147,1704042492845887634,500,http://172.169.8.253:31112/function/opt-66b-submod-0-latency-25.cdgp
1704042484143819391,1704042494144172628,500,http://172.169.8.253:31112/function/opt-66b-submod-0-latency-25.cdgp
1704042484145386358,1704042493592582254,500,http://172.169.8.253:31112/function/opt-66b-submod-0-latency-25.cdgp
1704042484145516295,1704042485882685948,200,http://172.169.8.253:31112/function/opt-66b-submod-0-latency-25.cdgp
1704042484145603315,1704042486384923740,200,http://172.169.8.253:31112/function/opt-66b-submod-0-latency-25.cdgp
1704042484145745730,1704042493523339277,500,http://172.169.8.253:31112/function/opt-66b-submod-0-latency-25.cdgp
1704042484145870656,1704042485882637597,200,http://172.169.8.253:31112/function/opt-66b-submod-0-latency-25.cdgp
1704042484145954335,1704042485628423322,200,http://172.169.8.253:31112/function/opt-66b-submod-0-latency-25.cdgp
1704042484146018546,1704042493541065956,500,http://172.169.8.253:31112/function/opt-66b-submod-0-latency-25.cdgp
1704042484146087903,1704042493419900865,500,http://172.169.8.253:31112/function/opt-66b-submod-0-latency-25.cdgp
1704042484146169495,1704042486425724638,200,http://172.169.8.253:31112/function/opt-66b-submod-0-latency-25.cdgp
1704042484146284401,1704042493384422255,500,http://172.169.8.253:31112/function/opt-66b-submod-0-latency-25.cdgp
1704042484146383040,1704042486876138657,200,http://172.169.8.253:31112/function/opt-66b-submod-0-latency-25.cdgp
1704042484156115443,1704042485916381558,200,http://172.169.8.253:31112/function/opt-66b-submod-0-latency-25.cdgp
1704042484158536029,1704042486702967235,200,http://172.169.8.253:31112/function/opt-66b-submod-0-latency-25.cdgp
1704042484158690709,1704042493905440831,500,http://172.169.8.253:31112/function/opt-66b-submod-0-latency-25.cdgp
1704042484158799062,1704042493385536923,500,http://172.169.8.253:31112/function/opt-66b-submod-0-latency-25.cdgp
1704042484158925010,1704042493385076688,500,http://172.169.8.253:31112/function/opt-66b-submod-0-latency-25.cdgp
1704042484159025655,1704042486350133022,200,http://172.169.8.253:31112/function/opt-66b-submod-0-latency-25.cdgp
1704042484159086968,1704042487265746992,200,http://172.169.8.253:31112/function/opt-66b-submod-0-latency-25.cdgp
1704042484159195042,1704042485916739080,200,http://172.169.8.253:31112/function/opt-66b-submod-0-latency-25.cdgp
1704042484159263288,1704042493594654280,500,http://172.169.8.253:31112/function/opt-66b-submod-0-latency-25.cdgp
1704042484159326984,1704042485467887911,200,http://172.169.8.253:31112/function/opt-66b-submod-0-latency-25.cdgp
1704042484159407021,1704042493420991934,500,http://172.169.8.253:31112/function/opt-66b-submod-0-latency-25.cdgp
1704042484270879224,1704042485963719835,200,http://172.169.8.253:31112/function/opt-66b-submod-0-latency-25.cdgp
1704042484270962906,1704042487165572789,200,http://172.169.8.253:31112/function/opt-66b-submod-0-latency-25.cdgp
1704042484271057616,1704042486243259980,200,http://172.169.8.253:31112/function/opt-66b-submod-0-latency-25.cdgp
1704042484271120907,1704042485916752767,200,http://172.169.8.253:31112/function/opt-66b-submod-0-latency-25.cdgp
1704042484271205070,1704042493485773138,500,http://172.169.8.253:31112/function/opt-66b-submod-0-latency-25.cdgp
1704042484271346260,1704042493887431208,500,http://172.169.8.253:31112/function/opt-66b-submod-0-latency-25.cdgp
1704042484271431092,1704042493679238550,500,http://172.169.8.253:31112/function/opt-66b-submod-0-latency-25.cdgp
1704042484271508255,1704042487347369438,200,http://172.169.8.253:31112/function/opt-66b-submod-0-latency-25.cdgp
1704042484271588457,1704042486385506597,200,http://172.169.8.253:31112/function/opt-66b-submod-0-latency-25.cdgp
1704042484271748124,1704042493385520645,500,http://172.169.8.253:31112/function/opt-66b-submod-0-latency-25.cdgp
1704042484271842408,1704042487261044155,200,http://172.169.8.253:31112/function/opt-66b-submod-0-latency-25.cdgp
1704042484271927077,1704042486384059719,200,http://172.169.8.253:31112/function/opt-66b-submod-0-latency-25.cdgp
1704042484271998660,1704042493552754315,500,http://172.169.8.253:31112/function/opt-66b-submod-0-latency-25.cdgp
1704042484272102171,1704042494134719444,500,http://172.169.8.253:31112/function/opt-66b-submod-0-latency-25.cdgp
1704042484272205473,1704042493895435162,500,http://172.169.8.253:31112/function/opt-66b-submod-0-latency-25.cdgp
1704042484272249181,1704042486890066905,200,http://172.169.8.253:31112/function/opt-66b-submod-0-latency-25.cdgp
1704042484272341789,1704042486742580584,200,http://172.169.8.253:31112/function/opt-66b-submod-0-latency-25.cdgp
1704042484272404818,1704042493846732472,500,http://172.169.8.253:31112/function/opt-66b-submod-0-latency-25.cdgp
1704042484298157508,1704042493859600821,500,http://172.169.8.253:31112/function/opt-66b-submod-0-latency-25.cdgp
1704042484298237012,1704042493785417335,500,http://172.169.8.253:31112/function/opt-66b-submod-0-latency-25.cdgp
1704042484298337962,1704042494007754673,500,http://172.169.8.253:31112/function/opt-66b-submod-0-latency-25.cdgp
1704042484298448642,1704042493776048370,500,http://172.169.8.253:31112/function/opt-66b-submod-0-latency-25.cdgp
1704042484298523381,1704042487161022960,200,http://172.169.8.253:31112/function/opt-66b-submod-0-latency-25.cdgp
1704042484298619885,1704042493815212857,500,http://172.169.8.253:31112/function/opt-66b-submod-0-latency-25.cdgp
1704042484298699643,1704042487449597741,200,http://172.169.8.253:31112/function/opt-66b-submod-0-latency-25.cdgp
1704042484298789032,1704042486350427837,200,http://172.169.8.253:31112/function/opt-66b-submod-0-latency-25.cdgp
1704042484298871895,1704042493913539360,500,http://172.169.8.253:31112/function/opt-66b-submod-0-latency-25.cdgp
1704042484298951420,1704042493772764955,500,http://172.169.8.253:31112/function/opt-66b-submod-0-latency-25.cdgp
1704042484299009950,1704042494009627071,500,http://172.169.8.253:31112/function/opt-66b-submod-0-latency-25.cdgp
1704042484299115568,1704042493786517733,500,http://172.169.8.253:31112/function/opt-66b-submod-0-latency-25.cdgp
1704042484299206872,1704042494091859211,500,http://172.169.8.253:31112/function/opt-66b-submod-0-latency-25.cdgp
1704042484299282772,1704042486426314808,200,http://172.169.8.253:31112/function/opt-66b-submod-0-latency-25.cdgp
1704042484299369172,1704042486986944139,200,http://172.169.8.253:31112/function/opt-66b-submod-0-latency-25.cdgp
1704042484299466576,1704042486385883945,200,http://172.169.8.253:31112/function/opt-66b-submod-0-latency-25.cdgp
1704042484498990796,1704042494055381490,500,http://172.169.8.253:31112/function/opt-66b-submod-0-latency-25.cdgp
1704042484536759570,1704042487272661154,200,http://172.169.8.253:31112/function/opt-66b-submod-0-latency-25.cdgp
1704042484536941163,1704042488103370664,200,http://172.169.8.253:31112/function/opt-66b-submod-0-latency-25.cdgp
1704042484537032194,1704042486392090110,200,http://172.169.8.253:31112/function/opt-66b-submod-0-latency-25.cdgp
1704042484537136230,1704042487273831085,200,http://172.169.8.253:31112/function/opt-66b-submod-0-latency-25.cdgp
1704042484537232673,1704042494538383810,500,http://172.169.8.253:31112/function/opt-66b-submod-0-latency-25.cdgp
1704042484537318797,1704042494538368456,500,http://172.169.8.253:31112/function/opt-66b-submod-0-latency-25.cdgp
1704042484537372202,1704042487508929744,200,http://172.169.8.253:31112/function/opt-66b-submod-0-latency-25.cdgp
1704042484537467923,1704042486774679233,200,http://172.169.8.253:31112/function/opt-66b-submod-0-latency-25.cdgp
1704042484537563161,1704042494071834318,500,http://172.169.8.253:31112/function/opt-66b-submod-0-latency-25.cdgp
1704042484537643553,1704042488597277428,200,http://172.169.8.253:31112/function/opt-66b-submod-0-latency-25.cdgp
1704042484537722314,1704042488216371633,200,http://172.169.8.253:31112/function/opt-66b-submod-0-latency-25.cdgp
1704042484537806583,1704042487637674758,200,http://172.169.8.253:31112/function/opt-66b-submod-0-latency-25.cdgp
1704042484617902553,1704042487267116697,200,http://172.169.8.253:31112/function/opt-66b-submod-0-latency-25.cdgp
1704042484618011677,1704042486967260471,200,http://172.169.8.253:31112/function/opt-66b-submod-0-latency-25.cdgp
1704042484669440874,1704042494071836662,500,http://172.169.8.253:31112/function/opt-66b-submod-0-latency-25.cdgp
1704042484669528252,1704042494147951525,500,http://172.169.8.253:31112/function/opt-66b-submod-0-latency-25.cdgp
1704042484669623688,1704042494100964964,500,http://172.169.8.253:31112/function/opt-66b-submod-0-latency-25.cdgp
1704042484669685964,1704042494124219286,500,http://172.169.8.253:31112/function/opt-66b-submod-0-latency-25.cdgp
1704042484669772348,1704042488546554871,200,http://172.169.8.253:31112/function/opt-66b-submod-0-latency-25.cdgp
1704042484669836054,1704042494056558533,500,http://172.169.8.253:31112/function/opt-66b-submod-0-latency-25.cdgp
1704042484669901882,1704042487451349950,200,http://172.169.8.253:31112/function/opt-66b-submod-0-latency-25.cdgp
1704042484669957618,1704042494105574991,500,http://172.169.8.253:31112/function/opt-66b-submod-0-latency-25.cdgp
1704042484669981569,1704042494112335061,500,http://172.169.8.253:31112/function/opt-66b-submod-0-latency-25.cdgp
1704042484670073834,1704042488398354587,200,http://172.169.8.253:31112/function/opt-66b-submod-0-latency-25.cdgp
1704042484670152273,1704042488024030067,200,http://172.169.8.253:31112/function/opt-66b-submod-0-latency-25.cdgp
1704042484670230463,1704042494152437708,500,http://172.169.8.253:31112/function/opt-66b-submod-0-latency-25.cdgp
1704042484670387890,1704042494131245759,500,http://172.169.8.253:31112/function/opt-66b-submod-0-latency-25.cdgp
1704042484670468671,1704042489237914603,200,http://172.169.8.253:31112/function/opt-66b-submod-0-latency-25.cdgp
1704042484670541135,1704042488547149852,200,http://172.169.8.253:31112/function/opt-66b-submod-0-latency-25.cdgp
1704042484670607655,1704042494338197499,500,http://172.169.8.253:31112/function/opt-66b-submod-0-latency-25.cdgp
1704042484670635027,1704042494320811902,500,http://172.169.8.253:31112/function/opt-66b-submod-0-latency-25.cdgp
1704042484670715263,1704042494132248573,500,http://172.169.8.253:31112/function/opt-66b-submod-0-latency-25.cdgp
1704042484670790235,1704042488214230659,200,http://172.169.8.253:31112/function/opt-66b-submod-0-latency-25.cdgp
1704042484670840334,1704042487340517432,200,http://172.169.8.253:31112/function/opt-66b-submod-0-latency-25.cdgp
1704042484670904353,1704042494315098320,500,http://172.169.8.253:31112/function/opt-66b-submod-0-latency-25.cdgp
1704042484670973194,1704042487510361397,200,http://172.169.8.253:31112/function/opt-66b-submod-0-latency-25.cdgp
1704042484671029188,1704042487852677786,200,http://172.169.8.253:31112/function/opt-66b-submod-0-latency-25.cdgp
1704042484671141207,1704042486992841353,200,http://172.169.8.253:31112/function/opt-66b-submod-0-latency-25.cdgp
1704042484671254237,1704042488397868545,200,http://172.169.8.253:31112/function/opt-66b-submod-0-latency-25.cdgp
1704042484671360460,1704042487510818113,200,http://172.169.8.253:31112/function/opt-66b-submod-0-latency-25.cdgp
1704042484671417807,1704042494131471912,500,http://172.169.8.253:31112/function/opt-66b-submod-0-latency-25.cdgp
1704042484671448968,1704042489087924097,200,http://172.169.8.253:31112/function/opt-66b-submod-0-latency-25.cdgp
1704042484671527454,1704042486830322868,200,http://172.169.8.253:31112/function/opt-66b-submod-0-latency-25.cdgp
1704042484671609168,1704042494317596291,500,http://172.169.8.253:31112/function/opt-66b-submod-0-latency-25.cdgp
1704042484671666195,1704042494146173545,500,http://172.169.8.253:31112/function/opt-66b-submod-0-latency-25.cdgp
1704042484671719956,1704042489089258351,200,http://172.169.8.253:31112/function/opt-66b-submod-0-latency-25.cdgp
1704042484671742659,1704042494140365607,500,http://172.169.8.253:31112/function/opt-66b-submod-0-latency-25.cdgp
1704042484671849714,1704042489237227701,200,http://172.169.8.253:31112/function/opt-66b-submod-0-latency-25.cdgp
1704042484671910488,1704042494166385626,500,http://172.169.8.253:31112/function/opt-66b-submod-0-latency-25.cdgp
1704042485285651472,1704042494618369658,500,http://172.169.8.253:31112/function/opt-66b-submod-0-latency-25.cdgp
1704042485285770116,1704042494689686361,500,http://172.169.8.253:31112/function/opt-66b-submod-0-latency-25.cdgp
1704042485285864597,1704042489279699405,200,http://172.169.8.253:31112/function/opt-66b-submod-0-latency-25.cdgp
1704042485285965842,1704042487930320951,200,http://172.169.8.253:31112/function/opt-66b-submod-0-latency-25.cdgp
1704042485286016555,1704042494662590506,500,http://172.169.8.253:31112/function/opt-66b-submod-0-latency-25.cdgp
1704042485286099652,1704042488267383928,200,http://172.169.8.253:31112/function/opt-66b-submod-0-latency-25.cdgp
1704042485286145867,1704042494833412185,500,http://172.169.8.253:31112/function/opt-66b-submod-0-latency-25.cdgp
1704042485286233015,1704042494457675031,500,http://172.169.8.253:31112/function/opt-66b-submod-0-latency-25.cdgp
1704042485286308085,1704042487640007997,200,http://172.169.8.253:31112/function/opt-66b-submod-0-latency-25.cdgp
1704042485286398307,1704042494299374822,500,http://172.169.8.253:31112/function/opt-66b-submod-0-latency-25.cdgp
1704042485286471908,1704042494662829444,500,http://172.169.8.253:31112/function/opt-66b-submod-0-latency-25.cdgp
1704042485286567626,1704042489089289901,200,http://172.169.8.253:31112/function/opt-66b-submod-0-latency-25.cdgp
1704042485286643030,1704042489237280416,200,http://172.169.8.253:31112/function/opt-66b-submod-0-latency-25.cdgp
1704042485286736282,1704042488023466967,200,http://172.169.8.253:31112/function/opt-66b-submod-0-latency-25.cdgp
1704042485286824662,1704042487852888499,200,http://172.169.8.253:31112/function/opt-66b-submod-0-latency-25.cdgp
1704042485286918117,1704042487001681689,200,http://172.169.8.253:31112/function/opt-66b-submod-0-latency-25.cdgp
1704042485286966674,1704042489085644586,200,http://172.169.8.253:31112/function/opt-66b-submod-0-latency-25.cdgp
1704042485287067484,1704042494662907657,500,http://172.169.8.253:31112/function/opt-66b-submod-0-latency-25.cdgp
1704042485287128526,1704042494833735781,500,http://172.169.8.253:31112/function/opt-66b-submod-0-latency-25.cdgp
1704042485287178849,1704042487959980135,200,http://172.169.8.253:31112/function/opt-66b-submod-0-latency-25.cdgp
1704042485287221702,1704042494844648309,500,http://172.169.8.253:31112/function/opt-66b-submod-0-latency-25.cdgp
1704042485287306653,1704042494311421090,500,http://172.169.8.253:31112/function/opt-66b-submod-0-latency-25.cdgp
1704042485287384258,1704042487852874310,200,http://172.169.8.253:31112/function/opt-66b-submod-0-latency-25.cdgp
1704042485287414969,1704042487451537009,200,http://172.169.8.253:31112/function/opt-66b-submod-0-latency-25.cdgp
1704042485287487987,1704042487451223203,200,http://172.169.8.253:31112/function/opt-66b-submod-0-latency-25.cdgp
1704042485287549762,1704042489087428471,200,http://172.169.8.253:31112/function/opt-66b-submod-0-latency-25.cdgp
1704042485287605962,1704042494832838926,500,http://172.169.8.253:31112/function/opt-66b-submod-0-latency-25.cdgp
1704042485287660765,1704042494663287183,500,http://172.169.8.253:31112/function/opt-66b-submod-0-latency-25.cdgp
1704042485287706411,1704042494662649020,500,http://172.169.8.253:31112/function/opt-66b-submod-0-latency-25.cdgp
1704042485634350960,1704042488546086962,200,http://172.169.8.253:31112/function/opt-66b-submod-0-latency-25.cdgp
1704042485634434300,1704042494955257571,500,http://172.169.8.253:31112/function/opt-66b-submod-0-latency-25.cdgp
1704042485634540471,1704042489424795631,200,http://172.169.8.253:31112/function/opt-66b-submod-0-latency-25.cdgp
1704042485634602105,1704042489089578628,200,http://172.169.8.253:31112/function/opt-66b-submod-0-latency-25.cdgp
1704042485634644626,1704042494919041035,500,http://172.169.8.253:31112/function/opt-66b-submod-0-latency-25.cdgp
1704042485634738938,1704042495521530067,500,http://172.169.8.253:31112/function/opt-66b-submod-0-latency-25.cdgp
1704042485634790619,1704042495170727783,500,http://172.169.8.253:31112/function/opt-66b-submod-0-latency-25.cdgp
1704042485634855733,1704042488214384947,200,http://172.169.8.253:31112/function/opt-66b-submod-0-latency-25.cdgp
1704042485634897502,1704042488224431831,200,http://172.169.8.253:31112/function/opt-66b-submod-0-latency-25.cdgp
1704042485634985037,1704042495386854612,500,http://172.169.8.253:31112/function/opt-66b-submod-0-latency-25.cdgp
1704042485635034719,1704042488502061131,200,http://172.169.8.253:31112/function/opt-66b-submod-0-latency-25.cdgp
1704042485635060417,1704042487417756508,200,http://172.169.8.253:31112/function/opt-66b-submod-0-latency-25.cdgp
1704042485635140030,1704042488217363968,200,http://172.169.8.253:31112/function/opt-66b-submod-0-latency-25.cdgp
1704042485635194796,1704042488830089755,200,http://172.169.8.253:31112/function/opt-66b-submod-0-latency-25.cdgp
1704042485635266888,1704042488397778601,200,http://172.169.8.253:31112/function/opt-66b-submod-0-latency-25.cdgp
1704042485635349758,1704042495520651437,500,http://172.169.8.253:31112/function/opt-66b-submod-0-latency-25.cdgp
1704042485635370528,1704042494861340266,500,http://172.169.8.253:31112/function/opt-66b-submod-0-latency-25.cdgp
1704042485635435401,1704042495007789100,500,http://172.169.8.253:31112/function/opt-66b-submod-0-latency-25.cdgp
1704042485635519388,1704042495515065766,500,http://172.169.8.253:31112/function/opt-66b-submod-0-latency-25.cdgp
1704042485635597076,1704042488030575057,200,http://172.169.8.253:31112/function/opt-66b-submod-0-latency-25.cdgp
1704042485635645073,1704042495354572887,500,http://172.169.8.253:31112/function/opt-66b-submod-0-latency-25.cdgp
1704042485635734169,1704042488212400068,200,http://172.169.8.253:31112/function/opt-66b-submod-0-latency-25.cdgp
1704042485635812893,1704042495530259074,500,http://172.169.8.253:31112/function/opt-66b-submod-0-latency-25.cdgp
1704042485635885383,1704042495235608181,500,http://172.169.8.253:31112/function/opt-66b-submod-0-latency-25.cdgp
1704042485635965176,1704042495005874816,500,http://172.169.8.253:31112/function/opt-66b-submod-0-latency-25.cdgp
1704042485636091570,1704042488470120703,200,http://172.169.8.253:31112/function/opt-66b-submod-0-latency-25.cdgp
1704042485636144341,1704042488544500656,200,http://172.169.8.253:31112/function/opt-66b-submod-0-latency-25.cdgp
1704042485636219651,1704042489239164467,200,http://172.169.8.253:31112/function/opt-66b-submod-0-latency-25.cdgp
1704042485636264623,1704042495224173670,500,http://172.169.8.253:31112/function/opt-66b-submod-0-latency-25.cdgp
1704042485636322516,1704042495299654657,500,http://172.169.8.253:31112/function/opt-66b-submod-0-latency-25.cdgp
1704042485638621054,1704042489087440460,200,http://172.169.8.253:31112/function/opt-66b-submod-0-latency-25.cdgp
1704042485639417867,1704042489087840545,200,http://172.169.8.253:31112/function/opt-66b-submod-0-latency-25.cdgp
1704042485639824755,1704042495517750034,500,http://172.169.8.253:31112/function/opt-66b-submod-0-latency-25.cdgp
1704042485639906951,1704042489085505293,200,http://172.169.8.253:31112/function/opt-66b-submod-0-latency-25.cdgp
1704042485640123600,1704042488563740775,200,http://172.169.8.253:31112/function/opt-66b-submod-0-latency-25.cdgp
1704042485640253390,1704042489088335498,200,http://172.169.8.253:31112/function/opt-66b-submod-0-latency-25.cdgp
1704042485640416244,1704042495524494796,500,http://172.169.8.253:31112/function/opt-66b-submod-0-latency-25.cdgp
1704042485640608809,1704042495298208217,500,http://172.169.8.253:31112/function/opt-66b-submod-0-latency-25.cdgp
1704042485640692799,1704042495532468570,500,http://172.169.8.253:31112/function/opt-66b-submod-0-latency-25.cdgp
1704042485640807722,1704042490130116817,200,http://172.169.8.253:31112/function/opt-66b-submod-0-latency-25.cdgp
1704042485640880663,1704042494846742994,500,http://172.169.8.253:31112/function/opt-66b-submod-0-latency-25.cdgp
1704042485641000874,1704042495491619986,500,http://172.169.8.253:31112/function/opt-66b-submod-0-latency-25.cdgp
1704042485641167032,1704042495009297408,500,http://172.169.8.253:31112/function/opt-66b-submod-0-latency-25.cdgp
1704042485641323354,1704042495349897206,500,http://172.169.8.253:31112/function/opt-66b-submod-0-latency-25.cdgp
1704042485642031693,1704042489239249437,200,http://172.169.8.253:31112/function/opt-66b-submod-0-latency-25.cdgp
1704042485642120071,1704042495352456874,500,http://172.169.8.253:31112/function/opt-66b-submod-0-latency-25.cdgp
1704042485642168615,1704042495301116096,500,http://172.169.8.253:31112/function/opt-66b-submod-0-latency-25.cdgp
1704042485642932101,1704042495532537344,500,http://172.169.8.253:31112/function/opt-66b-submod-0-latency-25.cdgp
1704042485643029322,1704042488399066946,200,http://172.169.8.253:31112/function/opt-66b-submod-0-latency-25.cdgp
1704042485643105743,1704042490004321003,200,http://172.169.8.253:31112/function/opt-66b-submod-0-latency-25.cdgp
1704042485724777738,1704042489484189067,200,http://172.169.8.253:31112/function/opt-66b-submod-0-latency-25.cdgp
1704042485724881454,1704042490130700877,200,http://172.169.8.253:31112/function/opt-66b-submod-0-latency-25.cdgp
1704042485724945257,1704042495612407656,500,http://172.169.8.253:31112/function/opt-66b-submod-0-latency-25.cdgp
1704042485725021611,1704042489521105358,200,http://172.169.8.253:31112/function/opt-66b-submod-0-latency-25.cdgp
1704042485725078975,1704042495610531271,500,http://172.169.8.253:31112/function/opt-66b-submod-0-latency-25.cdgp
1704042485725125071,1704042495600073793,500,http://172.169.8.253:31112/function/opt-66b-submod-0-latency-25.cdgp
1704042485725208914,1704042488830164217,200,http://172.169.8.253:31112/function/opt-66b-submod-0-latency-25.cdgp
1704042485725285439,1704042489574146100,200,http://172.169.8.253:31112/function/opt-66b-submod-0-latency-25.cdgp
1704042485725374048,1704042495726056424,500,http://172.169.8.253:31112/function/opt-66b-submod-0-latency-25.cdgp
1704042485725454900,1704042495523570090,500,http://172.169.8.253:31112/function/opt-66b-submod-0-latency-25.cdgp
1704042485725521491,1704042489571553101,200,http://172.169.8.253:31112/function/opt-66b-submod-0-latency-25.cdgp
1704042485725599656,1704042495351575933,500,http://172.169.8.253:31112/function/opt-66b-submod-0-latency-25.cdgp
1704042485725669904,1704042495684967016,500,http://172.169.8.253:31112/function/opt-66b-submod-0-latency-25.cdgp
1704042485725696909,1704042495571714899,500,http://172.169.8.253:31112/function/opt-66b-submod-0-latency-25.cdgp
1704042485725767441,1704042489427497658,200,http://172.169.8.253:31112/function/opt-66b-submod-0-latency-25.cdgp
1704042485725833191,1704042495686681418,500,http://172.169.8.253:31112/function/opt-66b-submod-0-latency-25.cdgp
1704042485733197191,1704042495608370668,500,http://172.169.8.253:31112/function/opt-66b-submod-0-latency-25.cdgp
1704042485733261379,1704042491559360909,200,http://172.169.8.253:31112/function/opt-66b-submod-0-latency-25.cdgp
1704042485733339512,1704042495517750923,500,http://172.169.8.253:31112/function/opt-66b-submod-0-latency-25.cdgp
1704042485733417981,1704042495734473259,500,http://172.169.8.253:31112/function/opt-66b-submod-0-latency-25.cdgp
1704042485733523050,1704042495570403313,500,http://172.169.8.253:31112/function/opt-66b-submod-0-latency-25.cdgp
1704042485733586974,1704042491559094292,200,http://172.169.8.253:31112/function/opt-66b-submod-0-latency-25.cdgp
1704042485733627383,1704042495734491356,500,http://172.169.8.253:31112/function/opt-66b-submod-0-latency-25.cdgp
1704042485733718308,1704042491496892498,200,http://172.169.8.253:31112/function/opt-66b-submod-0-latency-25.cdgp
1704042485917794226,1704042491496238939,200,http://172.169.8.253:31112/function/opt-66b-submod-0-latency-25.cdgp
1704042485917892644,1704042489918654916,200,http://172.169.8.253:31112/function/opt-66b-submod-0-latency-25.cdgp
1704042485918007129,1704042495847374264,500,http://172.169.8.253:31112/function/opt-66b-submod-0-latency-25.cdgp
1704042485918065287,1704042495839530864,500,http://172.169.8.253:31112/function/opt-66b-submod-0-latency-25.cdgp
1704042485918099521,1704042488971510822,200,http://172.169.8.253:31112/function/opt-66b-submod-0-latency-25.cdgp
1704042485918178319,1704042495609588333,500,http://172.169.8.253:31112/function/opt-66b-submod-0-latency-25.cdgp
1704042485918292099,1704042489469827586,200,http://172.169.8.253:31112/function/opt-66b-submod-0-latency-25.cdgp
1704042485918333987,1704042489428506097,200,http://172.169.8.253:31112/function/opt-66b-submod-0-latency-25.cdgp
1704042485920075063,1704042495921320932,500,http://172.169.8.253:31112/function/opt-66b-submod-0-latency-25.cdgp
1704042485920132616,1704042495605267596,500,http://172.169.8.253:31112/function/opt-66b-submod-0-latency-25.cdgp
1704042485920167453,1704042490468377262,200,http://172.169.8.253:31112/function/opt-66b-submod-0-latency-25.cdgp
1704042485920247860,1704042495808950426,500,http://172.169.8.253:31112/function/opt-66b-submod-0-latency-25.cdgp
1704042485920310600,1704042495601469942,500,http://172.169.8.253:31112/function/opt-66b-submod-0-latency-25.cdgp
1704042485920346626,1704042495610693516,500,http://172.169.8.253:31112/function/opt-66b-submod-0-latency-25.cdgp
1704042485920429203,1704042489435105944,200,http://172.169.8.253:31112/function/opt-66b-submod-0-latency-25.cdgp
1704042485920484532,1704042490725938264,200,http://172.169.8.253:31112/function/opt-66b-submod-0-latency-25.cdgp
1704042485920553266,1704042495807845185,500,http://172.169.8.253:31112/function/opt-66b-submod-0-latency-25.cdgp
1704042485920604398,1704042495921407862,500,http://172.169.8.253:31112/function/opt-66b-submod-0-latency-25.cdgp
1704042485920670280,1704042495921211724,500,http://172.169.8.253:31112/function/opt-66b-submod-0-latency-25.cdgp
1704042485920692769,1704042495808712434,500,http://172.169.8.253:31112/function/opt-66b-submod-0-latency-25.cdgp
1704042486090291810,1704042496091243727,500,http://172.169.8.253:31112/function/opt-66b-submod-0-latency-25.cdgp
1704042486090703237,1704042495866122189,500,http://172.169.8.253:31112/function/opt-66b-submod-0-latency-25.cdgp
1704042486090797488,1704042495606674516,500,http://172.169.8.253:31112/function/opt-66b-submod-0-latency-25.cdgp
1704042486090865048,1704042495921576994,500,http://172.169.8.253:31112/function/opt-66b-submod-0-latency-25.cdgp
1704042486090912072,1704042489083959930,200,http://172.169.8.253:31112/function/opt-66b-submod-0-latency-25.cdgp
1704042486091006258,1704042495832421973,500,http://172.169.8.253:31112/function/opt-66b-submod-0-latency-25.cdgp
1704042486091041724,1704042495957012157,500,http://172.169.8.253:31112/function/opt-66b-submod-0-latency-25.cdgp
1704042486091121004,1704042490474032135,200,http://172.169.8.253:31112/function/opt-66b-submod-0-latency-25.cdgp
1704042486091184212,1704042491048032653,200,http://172.169.8.253:31112/function/opt-66b-submod-0-latency-25.cdgp
1704042486091244511,1704042495909844398,500,http://172.169.8.253:31112/function/opt-66b-submod-0-latency-25.cdgp
1704042486091345977,1704042489244364210,200,http://172.169.8.253:31112/function/opt-66b-submod-0-latency-25.cdgp
1704042486091421420,1704042489851960906,200,http://172.169.8.253:31112/function/opt-66b-submod-0-latency-25.cdgp
1704042486091462365,1704042495864222201,500,http://172.169.8.253:31112/function/opt-66b-submod-0-latency-25.cdgp
1704042486091539925,1704042491337408350,200,http://172.169.8.253:31112/function/opt-66b-submod-0-latency-25.cdgp
1704042486091631051,1704042495909647050,500,http://172.169.8.253:31112/function/opt-66b-submod-0-latency-25.cdgp
1704042486091686357,1704042495957028139,500,http://172.169.8.253:31112/function/opt-66b-submod-0-latency-25.cdgp
1704042486091780520,1704042488993591009,200,http://172.169.8.253:31112/function/opt-66b-submod-0-latency-25.cdgp
1704042486091830555,1704042488810239930,200,http://172.169.8.253:31112/function/opt-66b-submod-0-latency-25.cdgp
1704042486091917532,1704042489428919872,200,http://172.169.8.253:31112/function/opt-66b-submod-0-latency-25.cdgp
1704042486091954569,1704042495921484856,500,http://172.169.8.253:31112/function/opt-66b-submod-0-latency-25.cdgp
1704042486092051455,1704042495864378598,500,http://172.169.8.253:31112/function/opt-66b-submod-0-latency-25.cdgp
1704042486092141742,1704042495956888991,500,http://172.169.8.253:31112/function/opt-66b-submod-0-latency-25.cdgp
1704042486092195430,1704042491002877206,200,http://172.169.8.253:31112/function/opt-66b-submod-0-latency-25.cdgp
1704042486092265402,1704042495956146246,500,http://172.169.8.253:31112/function/opt-66b-submod-0-latency-25.cdgp
1704042486092354550,1704042491337180610,200,http://172.169.8.253:31112/function/opt-66b-submod-0-latency-25.cdgp
1704042486092419118,1704042495922697609,500,http://172.169.8.253:31112/function/opt-66b-submod-0-latency-25.cdgp
1704042486092444647,1704042490268010339,200,http://172.169.8.253:31112/function/opt-66b-submod-0-latency-25.cdgp
1704042486092498869,1704042491496511154,200,http://172.169.8.253:31112/function/opt-66b-submod-0-latency-25.cdgp
1704042486092566291,1704042495923428511,500,http://172.169.8.253:31112/function/opt-66b-submod-0-latency-25.cdgp
1704042486092634893,1704042489522544502,200,http://172.169.8.253:31112/function/opt-66b-submod-0-latency-25.cdgp
1704042486092672642,1704042491336868195,200,http://172.169.8.253:31112/function/opt-66b-submod-0-latency-25.cdgp
1704042486092729125,1704042495958163466,500,http://172.169.8.253:31112/function/opt-66b-submod-0-latency-25.cdgp
1704042486092832575,1704042495958532057,500,http://172.169.8.253:31112/function/opt-66b-submod-0-latency-25.cdgp
1704042486092903970,1704042489473327543,200,http://172.169.8.253:31112/function/opt-66b-submod-0-latency-25.cdgp
1704042486092990382,1704042495922967346,500,http://172.169.8.253:31112/function/opt-66b-submod-0-latency-25.cdgp
1704042486093074343,1704042495921338827,500,http://172.169.8.253:31112/function/opt-66b-submod-0-latency-25.cdgp
1704042486093132404,1704042495922474177,500,http://172.169.8.253:31112/function/opt-66b-submod-0-latency-25.cdgp
1704042486093215100,1704042489713803498,200,http://172.169.8.253:31112/function/opt-66b-submod-0-latency-25.cdgp
1704042486525782882,1704042492161713680,200,http://172.169.8.253:31112/function/opt-66b-submod-0-latency-25.cdgp
1704042486525881472,1704042496211970900,500,http://172.169.8.253:31112/function/opt-66b-submod-0-latency-25.cdgp
1704042486525975441,1704042491496991922,200,http://172.169.8.253:31112/function/opt-66b-submod-0-latency-25.cdgp
1704042486526057805,1704042490032710209,200,http://172.169.8.253:31112/function/opt-66b-submod-0-latency-25.cdgp
1704042486526139294,1704042489752336320,200,http://172.169.8.253:31112/function/opt-66b-submod-0-latency-25.cdgp
1704042486526262817,1704042490255774597,200,http://172.169.8.253:31112/function/opt-66b-submod-0-latency-25.cdgp
1704042486526362539,1704042496219696441,500,http://172.169.8.253:31112/function/opt-66b-submod-0-latency-25.cdgp
1704042486526444669,1704042496307649176,500,http://172.169.8.253:31112/function/opt-66b-submod-0-latency-25.cdgp
1704042486526505010,1704042496368534843,500,http://172.169.8.253:31112/function/opt-66b-submod-0-latency-25.cdgp
1704042486526576152,1704042492167381005,200,http://172.169.8.253:31112/function/opt-66b-submod-0-latency-25.cdgp
1704042486526688664,1704042496158238326,500,http://172.169.8.253:31112/function/opt-66b-submod-0-latency-25.cdgp
1704042486526762292,1704042490005408337,200,http://172.169.8.253:31112/function/opt-66b-submod-0-latency-25.cdgp
1704042486526789298,1704042496373848347,500,http://172.169.8.253:31112/function/opt-66b-submod-0-latency-25.cdgp
1704042486526876596,1704042496310304505,500,http://172.169.8.253:31112/function/opt-66b-submod-0-latency-25.cdgp
1704042486526955356,1704042496370065030,500,http://172.169.8.253:31112/function/opt-66b-submod-0-latency-25.cdgp
1704042486527004951,1704042496037855936,500,http://172.169.8.253:31112/function/opt-66b-submod-0-latency-25.cdgp
1704042486527086437,1704042496374970533,500,http://172.169.8.253:31112/function/opt-66b-submod-0-latency-25.cdgp
1704042486527168702,1704042496371860892,500,http://172.169.8.253:31112/function/opt-66b-submod-0-latency-25.cdgp
1704042486533825301,1704042496181110543,500,http://172.169.8.253:31112/function/opt-66b-submod-0-latency-25.cdgp
1704042486533929774,1704042496182506728,500,http://172.169.8.253:31112/function/opt-66b-submod-0-latency-25.cdgp
1704042486534007325,1704042496182992118,500,http://172.169.8.253:31112/function/opt-66b-submod-0-latency-25.cdgp
1704042486534095020,1704042496379795089,500,http://172.169.8.253:31112/function/opt-66b-submod-0-latency-25.cdgp
1704042486543038000,1704042496145539923,500,http://172.169.8.253:31112/function/opt-66b-submod-0-latency-25.cdgp
1704042486543128364,1704042496138747888,500,http://172.169.8.253:31112/function/opt-66b-submod-0-latency-25.cdgp
1704042486543200451,1704042496144272308,500,http://172.169.8.253:31112/function/opt-66b-submod-0-latency-25.cdgp
1704042486543337691,1704042489569625925,200,http://172.169.8.253:31112/function/opt-66b-submod-0-latency-25.cdgp
1704042486543440987,1704042491105917452,200,http://172.169.8.253:31112/function/opt-66b-submod-0-latency-25.cdgp
1704042486543523026,1704042489962707246,200,http://172.169.8.253:31112/function/opt-66b-submod-0-latency-25.cdgp
1704042486543596064,1704042496225961421,500,http://172.169.8.253:31112/function/opt-66b-submod-0-latency-25.cdgp
1704042486543691667,1704042490124437716,200,http://172.169.8.253:31112/function/opt-66b-submod-0-latency-25.cdgp
1704042486543768208,1704042489292589138,200,http://172.169.8.253:31112/function/opt-66b-submod-0-latency-25.cdgp
1704042486543828236,1704042490961876806,200,http://172.169.8.253:31112/function/opt-66b-submod-0-latency-25.cdgp
1704042487324254528,1704042491535397039,200,http://172.169.8.253:31112/function/opt-66b-submod-0-latency-25.cdgp
1704042487324386271,1704042496512004718,500,http://172.169.8.253:31112/function/opt-66b-submod-0-latency-25.cdgp
1704042487324476914,1704042496513576324,500,http://172.169.8.253:31112/function/opt-66b-submod-0-latency-25.cdgp
1704042487324575199,1704042496776169871,500,http://172.169.8.253:31112/function/opt-66b-submod-0-latency-25.cdgp
1704042487345441845,1704042496527226332,500,http://172.169.8.253:31112/function/opt-66b-submod-0-latency-25.cdgp
1704042487345524653,1704042496727878939,500,http://172.169.8.253:31112/function/opt-66b-submod-0-latency-25.cdgp
1704042487345588452,1704042497346964887,500,http://172.169.8.253:31112/function/opt-66b-submod-0-latency-25.cdgp
1704042487345644942,1704042497346883740,500,http://172.169.8.253:31112/function/opt-66b-submod-0-latency-25.cdgp
1704042487345687165,1704042492495443926,200,http://172.169.8.253:31112/function/opt-66b-submod-0-latency-25.cdgp
1704042487345766691,1704042497131520101,500,http://172.169.8.253:31112/function/opt-66b-submod-0-latency-25.cdgp
1704042487345825259,1704042492891451820,200,http://172.169.8.253:31112/function/opt-66b-submod-0-latency-25.cdgp
1704042487345887799,1704042491337475052,200,http://172.169.8.253:31112/function/opt-66b-submod-0-latency-25.cdgp
1704042487345919259,1704042497198343409,500,http://172.169.8.253:31112/function/opt-66b-submod-0-latency-25.cdgp
1704042487345996744,1704042490255217069,200,http://172.169.8.253:31112/function/opt-66b-submod-0-latency-25.cdgp
1704042487346071083,1704042489569808087,200,http://172.169.8.253:31112/function/opt-66b-submod-0-latency-25.cdgp
1704042487346125764,1704042492831813404,200,http://172.169.8.253:31112/function/opt-66b-submod-0-latency-25.cdgp
1704042487346148424,1704042497346861602,500,http://172.169.8.253:31112/function/opt-66b-submod-0-latency-25.cdgp
1704042487348391898,1704042497349249046,500,http://172.169.8.253:31112/function/opt-66b-submod-0-latency-25.cdgp
1704042487348468271,1704042491535354697,200,http://172.169.8.253:31112/function/opt-66b-submod-0-latency-25.cdgp
1704042487348485743,1704042497166924067,500,http://172.169.8.253:31112/function/opt-66b-submod-0-latency-25.cdgp
1704042487348572312,1704042489893293926,200,http://172.169.8.253:31112/function/opt-66b-submod-0-latency-25.cdgp
1704042487348647155,1704042497316305338,500,http://172.169.8.253:31112/function/opt-66b-submod-0-latency-25.cdgp
1704042487348689046,1704042497349242261,500,http://172.169.8.253:31112/function/opt-66b-submod-0-latency-25.cdgp
1704042487348763202,1704042492495037494,200,http://172.169.8.253:31112/function/opt-66b-submod-0-latency-25.cdgp
1704042487348786210,1704042497100650135,500,http://172.169.8.253:31112/function/opt-66b-submod-0-latency-25.cdgp
1704042487348863452,1704042491535305343,200,http://172.169.8.253:31112/function/opt-66b-submod-0-latency-25.cdgp
1704042487348954675,1704042489744459882,200,http://172.169.8.253:31112/function/opt-66b-submod-0-latency-25.cdgp
1704042487348984928,1704042497132405285,500,http://172.169.8.253:31112/function/opt-66b-submod-0-latency-25.cdgp
1704042487349062940,1704042497349324755,500,http://172.169.8.253:31112/function/opt-66b-submod-0-latency-25.cdgp
1704042487349132449,1704042497101503164,500,http://172.169.8.253:31112/function/opt-66b-submod-0-latency-25.cdgp
1704042487349202589,1704042496987569126,500,http://172.169.8.253:31112/function/opt-66b-submod-0-latency-25.cdgp
1704042487349228936,1704042497132656283,500,http://172.169.8.253:31112/function/opt-66b-submod-0-latency-25.cdgp
1704042487349303740,1704042490413527292,200,http://172.169.8.253:31112/function/opt-66b-submod-0-latency-25.cdgp
1704042487349401861,1704042490723894254,200,http://172.169.8.253:31112/function/opt-66b-submod-0-latency-25.cdgp
1704042487349474790,1704042496989649679,500,http://172.169.8.253:31112/function/opt-66b-submod-0-latency-25.cdgp
1704042487349506305,1704042490295220845,200,http://172.169.8.253:31112/function/opt-66b-submod-0-latency-25.cdgp
1704042487349575307,1704042496939632006,500,http://172.169.8.253:31112/function/opt-66b-submod-0-latency-25.cdgp
1704042487349621250,1704042497314206492,500,http://172.169.8.253:31112/function/opt-66b-submod-0-latency-25.cdgp
1704042487349659165,1704042496995846209,500,http://172.169.8.253:31112/function/opt-66b-submod-0-latency-25.cdgp
1704042487349725988,1704042490569269941,200,http://172.169.8.253:31112/function/opt-66b-submod-0-latency-25.cdgp
1704042487349806521,1704042491337800007,200,http://172.169.8.253:31112/function/opt-66b-submod-0-latency-25.cdgp
1704042487350356949,1704042491336798062,200,http://172.169.8.253:31112/function/opt-66b-submod-0-latency-25.cdgp
1704042487350450094,1704042496520461273,500,http://172.169.8.253:31112/function/opt-66b-submod-0-latency-25.cdgp
1704042487369668904,1704042497101660125,500,http://172.169.8.253:31112/function/opt-66b-submod-0-latency-25.cdgp
1704042487369751893,1704042492376893501,200,http://172.169.8.253:31112/function/opt-66b-submod-0-latency-25.cdgp
1704042487369813551,1704042489783252626,200,http://172.169.8.253:31112/function/opt-66b-submod-0-latency-25.cdgp
1704042487369833667,1704042496704603992,500,http://172.169.8.253:31112/function/opt-66b-submod-0-latency-25.cdgp
1704042487369897630,1704042491496892528,200,http://172.169.8.253:31112/function/opt-66b-submod-0-latency-25.cdgp
1704042487369983684,1704042496941486084,500,http://172.169.8.253:31112/function/opt-66b-submod-0-latency-25.cdgp
1704042487370066257,1704042496941983563,500,http://172.169.8.253:31112/function/opt-66b-submod-0-latency-25.cdgp
1704042487370087655,1704042492163186924,200,http://172.169.8.253:31112/function/opt-66b-submod-0-latency-25.cdgp
1704042487370169488,1704042497318002482,500,http://172.169.8.253:31112/function/opt-66b-submod-0-latency-25.cdgp
1704042487370220417,1704042497371357323,500,http://172.169.8.253:31112/function/opt-66b-submod-0-latency-25.cdgp
1704042487370299615,1704042492127655050,200,http://172.169.8.253:31112/function/opt-66b-submod-0-latency-25.cdgp
1704042487370341099,1704042496704184605,500,http://172.169.8.253:31112/function/opt-66b-submod-0-latency-25.cdgp
1704042487370392520,1704042497371298031,500,http://172.169.8.253:31112/function/opt-66b-submod-0-latency-25.cdgp
1704042487370445825,1704042492064847613,200,http://172.169.8.253:31112/function/opt-66b-submod-0-latency-25.cdgp
1704042487370520604,1704042497371232817,500,http://172.169.8.253:31112/function/opt-66b-submod-0-latency-25.cdgp
1704042487370610404,1704042490431104494,200,http://172.169.8.253:31112/function/opt-66b-submod-0-latency-25.cdgp
1704042487370669339,1704042492834416001,200,http://172.169.8.253:31112/function/opt-66b-submod-0-latency-25.cdgp
1704042487370729266,1704042496880819826,500,http://172.169.8.253:31112/function/opt-66b-submod-0-latency-25.cdgp
1704042487370851768,1704042490867687316,200,http://172.169.8.253:31112/function/opt-66b-submod-0-latency-25.cdgp
1704042487370907013,1704042490763535343,200,http://172.169.8.253:31112/function/opt-66b-submod-0-latency-25.cdgp
1704042487370954534,1704042496940969704,500,http://172.169.8.253:31112/function/opt-66b-submod-0-latency-25.cdgp
1704042487371025052,1704042497371248115,500,http://172.169.8.253:31112/function/opt-66b-submod-0-latency-25.cdgp
1704042487988043243,1704042497295265746,500,http://172.169.8.253:31112/function/opt-66b-submod-0-latency-25.cdgp
1704042487988168446,1704042494209897580,200,http://172.169.8.253:31112/function/opt-66b-submod-0-latency-25.cdgp
1704042487988256548,1704042497647483224,500,http://172.169.8.253:31112/function/opt-66b-submod-0-latency-25.cdgp
1704042488005919434,1704042492831989333,200,http://172.169.8.253:31112/function/opt-66b-submod-0-latency-25.cdgp
1704042488006031196,1704042498006905015,500,http://172.169.8.253:31112/function/opt-66b-submod-0-latency-25.cdgp
1704042488006161199,1704042492522064090,200,http://172.169.8.253:31112/function/opt-66b-submod-0-latency-25.cdgp
1704042488006231852,1704042497427287431,500,http://172.169.8.253:31112/function/opt-66b-submod-0-latency-25.cdgp
1704042488006323195,1704042497616887952,500,http://172.169.8.253:31112/function/opt-66b-submod-0-latency-25.cdgp
1704042488006336185,1704042497425920183,500,http://172.169.8.253:31112/function/opt-66b-submod-0-latency-25.cdgp
1704042488006418329,1704042491535831284,200,http://172.169.8.253:31112/function/opt-66b-submod-0-latency-25.cdgp
1704042488006541737,1704042494266501275,200,http://172.169.8.253:31112/function/opt-66b-submod-0-latency-25.cdgp
1704042488006628094,1704042491105052313,200,http://172.169.8.253:31112/function/opt-66b-submod-0-latency-25.cdgp
1704042488006734814,1704042490440917131,200,http://172.169.8.253:31112/function/opt-66b-submod-0-latency-25.cdgp
1704042488006815290,1704042494233501451,200,http://172.169.8.253:31112/function/opt-66b-submod-0-latency-25.cdgp
1704042488006894430,1704042492833711117,200,http://172.169.8.253:31112/function/opt-66b-submod-0-latency-25.cdgp
1704042488046627582,1704042491583413153,200,http://172.169.8.253:31112/function/opt-66b-submod-0-latency-25.cdgp
1704042488046704247,1704042491379239521,200,http://172.169.8.253:31112/function/opt-66b-submod-0-latency-25.cdgp
1704042488080108082,1704042497511613340,500,http://172.169.8.253:31112/function/opt-66b-submod-0-latency-25.cdgp
1704042488080188467,1704042491679689959,200,http://172.169.8.253:31112/function/opt-66b-submod-0-latency-25.cdgp
1704042488103962023,1704042494148625618,200,http://172.169.8.253:31112/function/opt-66b-submod-0-latency-25.cdgp
1704042488104033952,1704042491546029867,200,http://172.169.8.253:31112/function/opt-66b-submod-0-latency-25.cdgp
1704042488104074046,1704042490167899602,200,http://172.169.8.253:31112/function/opt-66b-submod-0-latency-25.cdgp
1704042488104150009,1704042497436489308,500,http://172.169.8.253:31112/function/opt-66b-submod-0-latency-25.cdgp
1704042488104264796,1704042492891369192,200,http://172.169.8.253:31112/function/opt-66b-submod-0-latency-25.cdgp
1704042488104308810,1704042492115064913,200,http://172.169.8.253:31112/function/opt-66b-submod-0-latency-25.cdgp
1704042488104384005,1704042497511596395,500,http://172.169.8.253:31112/function/opt-66b-submod-0-latency-25.cdgp
1704042488104446417,1704042497860883071,500,http://172.169.8.253:31112/function/opt-66b-submod-0-latency-25.cdgp
1704042488104524507,1704042498105175071,500,http://172.169.8.253:31112/function/opt-66b-submod-0-latency-25.cdgp
1704042488104643396,1704042490754090838,200,http://172.169.8.253:31112/function/opt-66b-submod-0-latency-25.cdgp
1704042488104707396,1704042492204139353,200,http://172.169.8.253:31112/function/opt-66b-submod-0-latency-25.cdgp
1704042488104795513,1704042492847250023,200,http://172.169.8.253:31112/function/opt-66b-submod-0-latency-25.cdgp
1704042488104864442,1704042497858733575,500,http://172.169.8.253:31112/function/opt-66b-submod-0-latency-25.cdgp
1704042488104934516,1704042497314105289,500,http://172.169.8.253:31112/function/opt-66b-submod-0-latency-25.cdgp
1704042488104975174,1704042490408210265,200,http://172.169.8.253:31112/function/opt-66b-submod-0-latency-25.cdgp
1704042488105046934,1704042492846982930,200,http://172.169.8.253:31112/function/opt-66b-submod-0-latency-25.cdgp
1704042488105121967,1704042497858510325,500,http://172.169.8.253:31112/function/opt-66b-submod-0-latency-25.cdgp
1704042488105199896,1704042498106352754,500,http://172.169.8.253:31112/function/opt-66b-submod-0-latency-25.cdgp
1704042488229577211,1704042492151348397,200,http://172.169.8.253:31112/function/opt-66b-submod-0-latency-25.cdgp
1704042488476340057,1704042497860990170,500,http://172.169.8.253:31112/function/opt-66b-submod-0-latency-25.cdgp
1704042488476449915,1704042491911363872,200,http://172.169.8.253:31112/function/opt-66b-submod-0-latency-25.cdgp
1704042488476537728,1704042492151249048,200,http://172.169.8.253:31112/function/opt-66b-submod-0-latency-25.cdgp
1704042488476620512,1704042494264367085,200,http://172.169.8.253:31112/function/opt-66b-submod-0-latency-25.cdgp
1704042488481307153,1704042492834433096,200,http://172.169.8.253:31112/function/opt-66b-submod-0-latency-25.cdgp
1704042488481476453,1704042491867950164,200,http://172.169.8.253:31112/function/opt-66b-submod-0-latency-25.cdgp
1704042488481564116,1704042497860530039,500,http://172.169.8.253:31112/function/opt-66b-submod-0-latency-25.cdgp
1704042488570326174,1704042497903199080,500,http://172.169.8.253:31112/function/opt-66b-submod-0-latency-25.cdgp
1704042488570406629,1704042498135436032,500,http://172.169.8.253:31112/function/opt-66b-submod-0-latency-25.cdgp
1704042488570500105,1704042498483462136,500,http://172.169.8.253:31112/function/opt-66b-submod-0-latency-25.cdgp
1704042488570577971,1704042498107274771,500,http://172.169.8.253:31112/function/opt-66b-submod-0-latency-25.cdgp
1704042488570660294,1704042497595285684,500,http://172.169.8.253:31112/function/opt-66b-submod-0-latency-25.cdgp
1704042488570737964,1704042492832383565,200,http://172.169.8.253:31112/function/opt-66b-submod-0-latency-25.cdgp
1704042488570803346,1704042492891440216,200,http://172.169.8.253:31112/function/opt-66b-submod-0-latency-25.cdgp
1704042488570899635,1704042498438986324,500,http://172.169.8.253:31112/function/opt-66b-submod-0-latency-25.cdgp
1704042488570962174,1704042497927424883,500,http://172.169.8.253:31112/function/opt-66b-submod-0-latency-25.cdgp
1704042488571029400,1704042498483266484,500,http://172.169.8.253:31112/function/opt-66b-submod-0-latency-25.cdgp
1704042488571041499,1704042493320998989,200,http://172.169.8.253:31112/function/opt-66b-submod-0-latency-25.cdgp
1704042488571118752,1704042498475226854,500,http://172.169.8.253:31112/function/opt-66b-submod-0-latency-25.cdgp
1704042488571187893,1704042498063604258,500,http://172.169.8.253:31112/function/opt-66b-submod-0-latency-25.cdgp
1704042488571265856,1704042492419986705,200,http://172.169.8.253:31112/function/opt-66b-submod-0-latency-25.cdgp
1704042488571342863,1704042492847209301,200,http://172.169.8.253:31112/function/opt-66b-submod-0-latency-25.cdgp
1704042488571414601,1704042498469157363,500,http://172.169.8.253:31112/function/opt-66b-submod-0-latency-25.cdgp
1704042488571449321,1704042498255879186,500,http://172.169.8.253:31112/function/opt-66b-submod-0-latency-25.cdgp
1704042488571532915,1704042498417439283,500,http://172.169.8.253:31112/function/opt-66b-submod-0-latency-25.cdgp
1704042488571618842,1704042492376678719,200,http://172.169.8.253:31112/function/opt-66b-submod-0-latency-25.cdgp
1704042488571652583,1704042492095416947,200,http://172.169.8.253:31112/function/opt-66b-submod-0-latency-25.cdgp
1704042488571731012,1704042498063948994,500,http://172.169.8.253:31112/function/opt-66b-submod-0-latency-25.cdgp
1704042488571803362,1704042494229965711,200,http://172.169.8.253:31112/function/opt-66b-submod-0-latency-25.cdgp
1704042488571833387,1704042494142921928,200,http://172.169.8.253:31112/function/opt-66b-submod-0-latency-25.cdgp
1704042488571896971,1704042492846582007,200,http://172.169.8.253:31112/function/opt-66b-submod-0-latency-25.cdgp
1704042488571977045,1704042492519907511,200,http://172.169.8.253:31112/function/opt-66b-submod-0-latency-25.cdgp
1704042488572091943,1704042498420292906,500,http://172.169.8.253:31112/function/opt-66b-submod-0-latency-25.cdgp
1704042488572152588,1704042498465810433,500,http://172.169.8.253:31112/function/opt-66b-submod-0-latency-25.cdgp
1704042488572227240,1704042498186777905,500,http://172.169.8.253:31112/function/opt-66b-submod-0-latency-25.cdgp
1704042488572265415,1704042492065758218,200,http://172.169.8.253:31112/function/opt-66b-submod-0-latency-25.cdgp
1704042488572318498,1704042493320333523,200,http://172.169.8.253:31112/function/opt-66b-submod-0-latency-25.cdgp
1704042488572388995,1704042498195499232,500,http://172.169.8.253:31112/function/opt-66b-submod-0-latency-25.cdgp
1704042488572489801,1704042497882486674,500,http://172.169.8.253:31112/function/opt-66b-submod-0-latency-25.cdgp
1704042488572587696,1704042498063621449,500,http://172.169.8.253:31112/function/opt-66b-submod-0-latency-25.cdgp
1704042488572638204,1704042498472593531,500,http://172.169.8.253:31112/function/opt-66b-submod-0-latency-25.cdgp
1704042488572755705,1704042498468763409,500,http://172.169.8.253:31112/function/opt-66b-submod-0-latency-25.cdgp
1704042488573606484,1704042494149726805,200,http://172.169.8.253:31112/function/opt-66b-submod-0-latency-25.cdgp
1704042488573647187,1704042492831969710,200,http://172.169.8.253:31112/function/opt-66b-submod-0-latency-25.cdgp
1704042488573739232,1704042498471801469,500,http://172.169.8.253:31112/function/opt-66b-submod-0-latency-25.cdgp
1704042488574230639,1704042494182990222,200,http://172.169.8.253:31112/function/opt-66b-submod-0-latency-25.cdgp
1704042488574857565,1704042498371833655,500,http://172.169.8.253:31112/function/opt-66b-submod-0-latency-25.cdgp
1704042488574987731,1704042498423387893,500,http://172.169.8.253:31112/function/opt-66b-submod-0-latency-25.cdgp
1704042488575081254,1704042498471173392,500,http://172.169.8.253:31112/function/opt-66b-submod-0-latency-25.cdgp
1704042488575166029,1704042491546225235,200,http://172.169.8.253:31112/function/opt-66b-submod-0-latency-25.cdgp
1704042488575229942,1704042492832850335,200,http://172.169.8.253:31112/function/opt-66b-submod-0-latency-25.cdgp
1704042488575270540,1704042492130802795,200,http://172.169.8.253:31112/function/opt-66b-submod-0-latency-25.cdgp
1704042488575351917,1704042492832266395,200,http://172.169.8.253:31112/function/opt-66b-submod-0-latency-25.cdgp
1704042488575422108,1704042492064156164,200,http://172.169.8.253:31112/function/opt-66b-submod-0-latency-25.cdgp
1704042488575458984,1704042498035733834,500,http://172.169.8.253:31112/function/opt-66b-submod-0-latency-25.cdgp
1704042488631506621,1704042498538998706,500,http://172.169.8.253:31112/function/opt-66b-submod-0-latency-25.cdgp
1704042488631584510,1704042490690882666,200,http://172.169.8.253:31112/function/opt-66b-submod-0-latency-25.cdgp
1704042488631614358,1704042498449362261,500,http://172.169.8.253:31112/function/opt-66b-submod-0-latency-25.cdgp
1704042488631688638,1704042492832473841,200,http://172.169.8.253:31112/function/opt-66b-submod-0-latency-25.cdgp
1704042488631776716,1704042494234873913,200,http://172.169.8.253:31112/function/opt-66b-submod-0-latency-25.cdgp
1704042488631854956,1704042498546041385,500,http://172.169.8.253:31112/function/opt-66b-submod-0-latency-25.cdgp
1704042488631922173,1704042494142401948,200,http://172.169.8.253:31112/function/opt-66b-submod-0-latency-25.cdgp
1704042488632019363,1704042498371373118,500,http://172.169.8.253:31112/function/opt-66b-submod-0-latency-25.cdgp
1704042488632089608,1704042498579283478,500,http://172.169.8.253:31112/function/opt-66b-submod-0-latency-25.cdgp
1704042488632149883,1704042494232849486,200,http://172.169.8.253:31112/function/opt-66b-submod-0-latency-25.cdgp
1704042488632175126,1704042498544056367,500,http://172.169.8.253:31112/function/opt-66b-submod-0-latency-25.cdgp
1704042488632251975,1704042498373865718,500,http://172.169.8.253:31112/function/opt-66b-submod-0-latency-25.cdgp
1704042488632350493,1704042498543081682,500,http://172.169.8.253:31112/function/opt-66b-submod-0-latency-25.cdgp
1704042488874857622,1704042492055597809,200,http://172.169.8.253:31112/function/opt-66b-submod-0-latency-25.cdgp
1704042488874935214,1704042498235614612,500,http://172.169.8.253:31112/function/opt-66b-submod-0-latency-25.cdgp
1704042488875360695,1704042498574308457,500,http://172.169.8.253:31112/function/opt-66b-submod-0-latency-25.cdgp
1704042488875421795,1704042498639303458,500,http://172.169.8.253:31112/function/opt-66b-submod-0-latency-25.cdgp
1704042488875460745,1704042494150982556,200,http://172.169.8.253:31112/function/opt-66b-submod-0-latency-25.cdgp
1704042488875544143,1704042498606950640,500,http://172.169.8.253:31112/function/opt-66b-submod-0-latency-25.cdgp
1704042488875603431,1704042494232797203,200,http://172.169.8.253:31112/function/opt-66b-submod-0-latency-25.cdgp
1704042488875660205,1704042493321125045,200,http://172.169.8.253:31112/function/opt-66b-submod-0-latency-25.cdgp
1704042488875714619,1704042498572733456,500,http://172.169.8.253:31112/function/opt-66b-submod-0-latency-25.cdgp
1704042488875795989,1704042492891456943,200,http://172.169.8.253:31112/function/opt-66b-submod-0-latency-25.cdgp
1704042488932816710,1704042492377296609,200,http://172.169.8.253:31112/function/opt-66b-submod-0-latency-25.cdgp
1704042488932937650,1704042494182556772,200,http://172.169.8.253:31112/function/opt-66b-submod-0-latency-25.cdgp
1704042488933068183,1704042498562398350,500,http://172.169.8.253:31112/function/opt-66b-submod-0-latency-25.cdgp
1704042488933134989,1704042498375883004,500,http://172.169.8.253:31112/function/opt-66b-submod-0-latency-25.cdgp
1704042491051624475,1704042492846438309,200,http://172.169.8.253:31112/function/opt-66b-submod-0-latency-25.cdgp
1704042491051738747,1704042500070523527,500,http://172.169.8.253:31112/function/opt-66b-submod-0-latency-25.cdgp
1704042491051826351,1704042500128702553,500,http://172.169.8.253:31112/function/opt-66b-submod-0-latency-25.cdgp
1704042491051921829,1704042493875526741,200,http://172.169.8.253:31112/function/opt-66b-submod-0-latency-25.cdgp
1704042491053347399,1704042493750597578,200,http://172.169.8.253:31112/function/opt-66b-submod-0-latency-25.cdgp
1704042491053409671,1704042494921524454,200,http://172.169.8.253:31112/function/opt-66b-submod-0-latency-25.cdgp
1704042491053437678,1704042500602808592,500,http://172.169.8.253:31112/function/opt-66b-submod-0-latency-25.cdgp
1704042491053516584,1704042500837653007,500,http://172.169.8.253:31112/function/opt-66b-submod-0-latency-25.cdgp
1704042491053589463,1704042493751595994,200,http://172.169.8.253:31112/function/opt-66b-submod-0-latency-25.cdgp
1704042491053641340,1704042501054570065,500,http://172.169.8.253:31112/function/opt-66b-submod-0-latency-25.cdgp
1704042491053707015,1704042500837729513,500,http://172.169.8.253:31112/function/opt-66b-submod-0-latency-25.cdgp
1704042491053728566,1704042495273222603,200,http://172.169.8.253:31112/function/opt-66b-submod-0-latency-25.cdgp
1704042491053823930,1704042495493328760,200,http://172.169.8.253:31112/function/opt-66b-submod-0-latency-25.cdgp
1704042491053883428,1704042501054589727,500,http://172.169.8.253:31112/function/opt-66b-submod-0-latency-25.cdgp
1704042491053935748,1704042493320304684,200,http://172.169.8.253:31112/function/opt-66b-submod-0-latency-25.cdgp
1704042491053963727,1704042500869921807,500,http://172.169.8.253:31112/function/opt-66b-submod-0-latency-25.cdgp
1704042491054037153,1704042501054901548,500,http://172.169.8.253:31112/function/opt-66b-submod-0-latency-25.cdgp
1704042491054093061,1704042494192727422,200,http://172.169.8.253:31112/function/opt-66b-submod-0-latency-25.cdgp
1704042491054172277,1704042494238423713,200,http://172.169.8.253:31112/function/opt-66b-submod-0-latency-25.cdgp
1704042491054255771,1704042501054909895,500,http://172.169.8.253:31112/function/opt-66b-submod-0-latency-25.cdgp
1704042491054397581,1704042495165851855,200,http://172.169.8.253:31112/function/opt-66b-submod-0-latency-25.cdgp
1704042491054483397,1704042501054888156,500,http://172.169.8.253:31112/function/opt-66b-submod-0-latency-25.cdgp
1704042491054554419,1704042501054912944,500,http://172.169.8.253:31112/function/opt-66b-submod-0-latency-25.cdgp
1704042491060290974,1704042501061393804,500,http://172.169.8.253:31112/function/opt-66b-submod-0-latency-25.cdgp
1704042491060384826,1704042494237104381,200,http://172.169.8.253:31112/function/opt-66b-submod-0-latency-25.cdgp
1704042491060460081,1704042501061076723,500,http://172.169.8.253:31112/function/opt-66b-submod-0-latency-25.cdgp
1704042491060593972,1704042501061420749,500,http://172.169.8.253:31112/function/opt-66b-submod-0-latency-25.cdgp
1704042491060673462,1704042493748930899,200,http://172.169.8.253:31112/function/opt-66b-submod-0-latency-25.cdgp
1704042491060743258,1704042501061397275,500,http://172.169.8.253:31112/function/opt-66b-submod-0-latency-25.cdgp
1704042491060837119,1704042501061079890,500,http://172.169.8.253:31112/function/opt-66b-submod-0-latency-25.cdgp
1704042491060880911,1704042494229186173,200,http://172.169.8.253:31112/function/opt-66b-submod-0-latency-25.cdgp
1704042491060946573,1704042494229629988,200,http://172.169.8.253:31112/function/opt-66b-submod-0-latency-25.cdgp
1704042491061042675,1704042496314835271,200,http://172.169.8.253:31112/function/opt-66b-submod-0-latency-25.cdgp
1704042491061121089,1704042501061413302,500,http://172.169.8.253:31112/function/opt-66b-submod-0-latency-25.cdgp
1704042491061194683,1704042494230476012,200,http://172.169.8.253:31112/function/opt-66b-submod-0-latency-25.cdgp
1704042491061309303,1704042493754883392,200,http://172.169.8.253:31112/function/opt-66b-submod-0-latency-25.cdgp
1704042491061397566,1704042501061535295,500,http://172.169.8.253:31112/function/opt-66b-submod-0-latency-25.cdgp
1704042491061465160,1704042494228596996,200,http://172.169.8.253:31112/function/opt-66b-submod-0-latency-25.cdgp
1704042491061529287,1704042493753141882,200,http://172.169.8.253:31112/function/opt-66b-submod-0-latency-25.cdgp
1704042491061598636,1704042501062303810,500,http://172.169.8.253:31112/function/opt-66b-submod-0-latency-25.cdgp
1704042491061644286,1704042501062272062,500,http://172.169.8.253:31112/function/opt-66b-submod-0-latency-25.cdgp
1704042491063286724,1704042495489563962,200,http://172.169.8.253:31112/function/opt-66b-submod-0-latency-25.cdgp
1704042491063375610,1704042501064949650,500,http://172.169.8.253:31112/function/opt-66b-submod-0-latency-25.cdgp
1704042491063471910,1704042501064745493,500,http://172.169.8.253:31112/function/opt-66b-submod-0-latency-25.cdgp
1704042491063548736,1704042501064963879,500,http://172.169.8.253:31112/function/opt-66b-submod-0-latency-25.cdgp
1704042491063649789,1704042501064980952,500,http://172.169.8.253:31112/function/opt-66b-submod-0-latency-25.cdgp
1704042491063728261,1704042494286779813,200,http://172.169.8.253:31112/function/opt-66b-submod-0-latency-25.cdgp
1704042491063793800,1704042501064992869,500,http://172.169.8.253:31112/function/opt-66b-submod-0-latency-25.cdgp
1704042491063873793,1704042493384664443,200,http://172.169.8.253:31112/function/opt-66b-submod-0-latency-25.cdgp
1704042491063928816,1704042501064983887,500,http://172.169.8.253:31112/function/opt-66b-submod-0-latency-25.cdgp
1704042491063999267,1704042501064974793,500,http://172.169.8.253:31112/function/opt-66b-submod-0-latency-25.cdgp
1704042491075108694,1704042496195257561,200,http://172.169.8.253:31112/function/opt-66b-submod-0-latency-25.cdgp
1704042491075218820,1704042501076351240,500,http://172.169.8.253:31112/function/opt-66b-submod-0-latency-25.cdgp
1704042491075295900,1704042494230919726,200,http://172.169.8.253:31112/function/opt-66b-submod-0-latency-25.cdgp
1704042491075346097,1704042501076382817,500,http://172.169.8.253:31112/function/opt-66b-submod-0-latency-25.cdgp
1704042491075406215,1704042493752425339,200,http://172.169.8.253:31112/function/opt-66b-submod-0-latency-25.cdgp
1704042491075495116,1704042501076374549,500,http://172.169.8.253:31112/function/opt-66b-submod-0-latency-25.cdgp
1704042491075562527,1704042501076356885,500,http://172.169.8.253:31112/function/opt-66b-submod-0-latency-25.cdgp
1704042491075643049,1704042494168345265,200,http://172.169.8.253:31112/function/opt-66b-submod-0-latency-25.cdgp
1704042491075684574,1704042501076373129,500,http://172.169.8.253:31112/function/opt-66b-submod-0-latency-25.cdgp
1704042491075756872,1704042494681977474,200,http://172.169.8.253:31112/function/opt-66b-submod-0-latency-25.cdgp
1704042491075839280,1704042495279095208,200,http://172.169.8.253:31112/function/opt-66b-submod-0-latency-25.cdgp
1704042491075910299,1704042501076379728,500,http://172.169.8.253:31112/function/opt-66b-submod-0-latency-25.cdgp
1704042491075952828,1704042494271732530,200,http://172.169.8.253:31112/function/opt-66b-submod-0-latency-25.cdgp
1704042491076046762,1704042496397689317,200,http://172.169.8.253:31112/function/opt-66b-submod-0-latency-25.cdgp
1704042491076114817,1704042501076363396,500,http://172.169.8.253:31112/function/opt-66b-submod-0-latency-25.cdgp
1704042491076169872,1704042501076542059,500,http://172.169.8.253:31112/function/opt-66b-submod-0-latency-25.cdgp
1704042491076235087,1704042495276734742,200,http://172.169.8.253:31112/function/opt-66b-submod-0-latency-25.cdgp
1704042491076321095,1704042494149606428,200,http://172.169.8.253:31112/function/opt-66b-submod-0-latency-25.cdgp
1704042491076362544,1704042501076561405,500,http://172.169.8.253:31112/function/opt-66b-submod-0-latency-25.cdgp
1704042491076447743,1704042493916420143,200,http://172.169.8.253:31112/function/opt-66b-submod-0-latency-25.cdgp
1704042491076539808,1704042494248882828,200,http://172.169.8.253:31112/function/opt-66b-submod-0-latency-25.cdgp
1704042491076624672,1704042501077242569,500,http://172.169.8.253:31112/function/opt-66b-submod-0-latency-25.cdgp
1704042491076704537,1704042496312891727,200,http://172.169.8.253:31112/function/opt-66b-submod-0-latency-25.cdgp
1704042491076774528,1704042501077230947,500,http://172.169.8.253:31112/function/opt-66b-submod-0-latency-25.cdgp
1704042491080962451,1704042501081451403,500,http://172.169.8.253:31112/function/opt-66b-submod-0-latency-25.cdgp
1704042491081038819,1704042501081312801,500,http://172.169.8.253:31112/function/opt-66b-submod-0-latency-25.cdgp
1704042491081109436,1704042501081296247,500,http://172.169.8.253:31112/function/opt-66b-submod-0-latency-25.cdgp
1704042491081198078,1704042494766140788,200,http://172.169.8.253:31112/function/opt-66b-submod-0-latency-25.cdgp
1704042491081266727,1704042495565278785,200,http://172.169.8.253:31112/function/opt-66b-submod-0-latency-25.cdgp
1704042491081341999,1704042501081465379,500,http://172.169.8.253:31112/function/opt-66b-submod-0-latency-25.cdgp
1704042491081422465,1704042501081700889,500,http://172.169.8.253:31112/function/opt-66b-submod-0-latency-25.cdgp
1704042491081471758,1704042501081693178,500,http://172.169.8.253:31112/function/opt-66b-submod-0-latency-25.cdgp
1704042491081551348,1704042494693925101,200,http://172.169.8.253:31112/function/opt-66b-submod-0-latency-25.cdgp
1704042491081636697,1704042501081786134,500,http://172.169.8.253:31112/function/opt-66b-submod-0-latency-25.cdgp
1704042491081724399,1704042501081897774,500,http://172.169.8.253:31112/function/opt-66b-submod-0-latency-25.cdgp
1704042491081777782,1704042501081908309,500,http://172.169.8.253:31112/function/opt-66b-submod-0-latency-25.cdgp
1704042491081843659,1704042501082032813,500,http://172.169.8.253:31112/function/opt-66b-submod-0-latency-25.cdgp
1704042491081912724,1704042501082228731,500,http://172.169.8.253:31112/function/opt-66b-submod-0-latency-25.cdgp
1704042491081988251,1704042501082241828,500,http://172.169.8.253:31112/function/opt-66b-submod-0-latency-25.cdgp
1704042491082024499,1704042501082240047,500,http://172.169.8.253:31112/function/opt-66b-submod-0-latency-25.cdgp
1704042491310480747,1704042501287341713,500,http://172.169.8.253:31112/function/opt-66b-submod-0-latency-25.cdgp
1704042491310574474,1704042501311880441,500,http://172.169.8.253:31112/function/opt-66b-submod-0-latency-25.cdgp
1704042491310670392,1704042494810710799,200,http://172.169.8.253:31112/function/opt-66b-submod-0-latency-25.cdgp
1704042491310729902,1704042501311870668,500,http://172.169.8.253:31112/function/opt-66b-submod-0-latency-25.cdgp
1704042491314305706,1704042501287111195,500,http://172.169.8.253:31112/function/opt-66b-submod-0-latency-25.cdgp
1704042491314363971,1704042495832744274,200,http://172.169.8.253:31112/function/opt-66b-submod-0-latency-25.cdgp
1704042491314413969,1704042501315281238,500,http://172.169.8.253:31112/function/opt-66b-submod-0-latency-25.cdgp
1704042491314470381,1704042501315301211,500,http://172.169.8.253:31112/function/opt-66b-submod-0-latency-25.cdgp
1704042491339903104,1704042495175634427,200,http://172.169.8.253:31112/function/opt-66b-submod-0-latency-25.cdgp
1704042491340022513,1704042501287472646,500,http://172.169.8.253:31112/function/opt-66b-submod-0-latency-25.cdgp
1704042491340113554,1704042495562229062,200,http://172.169.8.253:31112/function/opt-66b-submod-0-latency-25.cdgp
1704042491430122950,1704042501324360100,500,http://172.169.8.253:31112/function/opt-66b-submod-0-latency-25.cdgp
1704042491430218319,1704042501286776396,500,http://172.169.8.253:31112/function/opt-66b-submod-0-latency-25.cdgp
1704042491430312596,1704042495831570796,200,http://172.169.8.253:31112/function/opt-66b-submod-0-latency-25.cdgp
1704042491430390533,1704042501324003817,500,http://172.169.8.253:31112/function/opt-66b-submod-0-latency-25.cdgp
1704042491430464724,1704042494083361803,200,http://172.169.8.253:31112/function/opt-66b-submod-0-latency-25.cdgp
1704042491431214497,1704042501324374508,500,http://172.169.8.253:31112/function/opt-66b-submod-0-latency-25.cdgp
1704042491431277509,1704042494316934275,200,http://172.169.8.253:31112/function/opt-66b-submod-0-latency-25.cdgp
1704042491431401572,1704042494300075976,200,http://172.169.8.253:31112/function/opt-66b-submod-0-latency-25.cdgp
1704042491431470630,1704042496022196869,200,http://172.169.8.253:31112/function/opt-66b-submod-0-latency-25.cdgp
1704042491431555424,1704042501322546903,500,http://172.169.8.253:31112/function/opt-66b-submod-0-latency-25.cdgp
1704042491431626600,1704042494682370906,200,http://172.169.8.253:31112/function/opt-66b-submod-0-latency-25.cdgp
1704042491431712130,1704042501323000644,500,http://172.169.8.253:31112/function/opt-66b-submod-0-latency-25.cdgp
1704042491431762794,1704042495362673659,200,http://172.169.8.253:31112/function/opt-66b-submod-0-latency-25.cdgp
1704042491431823735,1704042501325801380,500,http://172.169.8.253:31112/function/opt-66b-submod-0-latency-25.cdgp
1704042491471792612,1704042501325242048,500,http://172.169.8.253:31112/function/opt-66b-submod-0-latency-25.cdgp
1704042491471870592,1704042494406593924,200,http://172.169.8.253:31112/function/opt-66b-submod-0-latency-25.cdgp
1704042491471904117,1704042501325708908,500,http://172.169.8.253:31112/function/opt-66b-submod-0-latency-25.cdgp
1704042491677045470,1704042494815128521,200,http://172.169.8.253:31112/function/opt-66b-submod-0-latency-25.cdgp
1704042491677124264,1704042495690208517,200,http://172.169.8.253:31112/function/opt-66b-submod-0-latency-25.cdgp
1704042491677346106,1704042495531351059,200,http://172.169.8.253:31112/function/opt-66b-submod-0-latency-25.cdgp
1704042491677370233,1704042501353879882,500,http://172.169.8.253:31112/function/opt-66b-submod-0-latency-25.cdgp
1704042491677441660,1704042496350905929,200,http://172.169.8.253:31112/function/opt-66b-submod-0-latency-25.cdgp
1704042491677530205,1704042501325225903,500,http://172.169.8.253:31112/function/opt-66b-submod-0-latency-25.cdgp
1704042491677594413,1704042501353178117,500,http://172.169.8.253:31112/function/opt-66b-submod-0-latency-25.cdgp
1704042492206195524,1704042501863444690,500,http://172.169.8.253:31112/function/opt-66b-submod-0-latency-25.cdgp
1704042492206286360,1704042494809901578,200,http://172.169.8.253:31112/function/opt-66b-submod-0-latency-25.cdgp
1704042492206406307,1704042494712209050,200,http://172.169.8.253:31112/function/opt-66b-submod-0-latency-25.cdgp
1704042492206496737,1704042501821991337,500,http://172.169.8.253:31112/function/opt-66b-submod-0-latency-25.cdgp
1704042492206587631,1704042496454191116,200,http://172.169.8.253:31112/function/opt-66b-submod-0-latency-25.cdgp
1704042492206695297,1704042496983574906,200,http://172.169.8.253:31112/function/opt-66b-submod-0-latency-25.cdgp
1704042492206756058,1704042494432084920,200,http://172.169.8.253:31112/function/opt-66b-submod-0-latency-25.cdgp
1704042492206825940,1704042496747246482,200,http://172.169.8.253:31112/function/opt-66b-submod-0-latency-25.cdgp
1704042492206894446,1704042501725846455,500,http://172.169.8.253:31112/function/opt-66b-submod-0-latency-25.cdgp
1704042492230704021,1704042494692857050,200,http://172.169.8.253:31112/function/opt-66b-submod-0-latency-25.cdgp
1704042492230773551,1704042495062108942,200,http://172.169.8.253:31112/function/opt-66b-submod-0-latency-25.cdgp
1704042492230842708,1704042496168767449,200,http://172.169.8.253:31112/function/opt-66b-submod-0-latency-25.cdgp
1704042492230871644,1704042501864702624,500,http://172.169.8.253:31112/function/opt-66b-submod-0-latency-25.cdgp
1704042492230956608,1704042501727366772,500,http://172.169.8.253:31112/function/opt-66b-submod-0-latency-25.cdgp
1704042492231017686,1704042501861594495,500,http://172.169.8.253:31112/function/opt-66b-submod-0-latency-25.cdgp
1704042492231042941,1704042496464271799,200,http://172.169.8.253:31112/function/opt-66b-submod-0-latency-25.cdgp
1704042492231131636,1704042496704203837,200,http://172.169.8.253:31112/function/opt-66b-submod-0-latency-25.cdgp
1704042492231164165,1704042496777799498,200,http://172.169.8.253:31112/function/opt-66b-submod-0-latency-25.cdgp
1704042492231228602,1704042501864078268,500,http://172.169.8.253:31112/function/opt-66b-submod-0-latency-25.cdgp
1704042492478697629,1704042496270788446,200,http://172.169.8.253:31112/function/opt-66b-submod-0-latency-25.cdgp
1704042492478804034,1704042495927628909,200,http://172.169.8.253:31112/function/opt-66b-submod-0-latency-25.cdgp
1704042492478919980,1704042496312130253,200,http://172.169.8.253:31112/function/opt-66b-submod-0-latency-25.cdgp
1704042492478972076,1704042501862442085,500,http://172.169.8.253:31112/function/opt-66b-submod-0-latency-25.cdgp
1704042492485347914,1704042501800639501,500,http://172.169.8.253:31112/function/opt-66b-submod-0-latency-25.cdgp
1704042492615476838,1704042501922144783,500,http://172.169.8.253:31112/function/opt-66b-submod-0-latency-25.cdgp
1704042492615726070,1704042502302857609,500,http://172.169.8.253:31112/function/opt-66b-submod-0-latency-25.cdgp
1704042492623997278,1704042502306243765,500,http://172.169.8.253:31112/function/opt-66b-submod-0-latency-25.cdgp
1704042492624102865,1704042495211677036,200,http://172.169.8.253:31112/function/opt-66b-submod-0-latency-25.cdgp
1704042492624198978,1704042495019808923,200,http://172.169.8.253:31112/function/opt-66b-submod-0-latency-25.cdgp
1704042492624298088,1704042502328867617,500,http://172.169.8.253:31112/function/opt-66b-submod-0-latency-25.cdgp
1704042492624422936,1704042496318887479,200,http://172.169.8.253:31112/function/opt-66b-submod-0-latency-25.cdgp
1704042492624522303,1704042502307978371,500,http://172.169.8.253:31112/function/opt-66b-submod-0-latency-25.cdgp
1704042492624696059,1704042496317636522,200,http://172.169.8.253:31112/function/opt-66b-submod-0-latency-25.cdgp
1704042492624740216,1704042495782018827,200,http://172.169.8.253:31112/function/opt-66b-submod-0-latency-25.cdgp
1704042492624863021,1704042501908992136,500,http://172.169.8.253:31112/function/opt-66b-submod-0-latency-25.cdgp
1704042492652109679,1704042496444255505,200,http://172.169.8.253:31112/function/opt-66b-submod-0-latency-25.cdgp
1704042492652198444,1704042496704820959,200,http://172.169.8.253:31112/function/opt-66b-submod-0-latency-25.cdgp
1704042492652271906,1704042502193619862,500,http://172.169.8.253:31112/function/opt-66b-submod-0-latency-25.cdgp
1704042492652335265,1704042502249048311,500,http://172.169.8.253:31112/function/opt-66b-submod-0-latency-25.cdgp
1704042492652360010,1704042497129786783,200,http://172.169.8.253:31112/function/opt-66b-submod-0-latency-25.cdgp
1704042492652423374,1704042496950329836,200,http://172.169.8.253:31112/function/opt-66b-submod-0-latency-25.cdgp
1704042492652489198,1704042502184277010,500,http://172.169.8.253:31112/function/opt-66b-submod-0-latency-25.cdgp
1704042492652553331,1704042502184092255,500,http://172.169.8.253:31112/function/opt-66b-submod-0-latency-25.cdgp
1704042492652619948,1704042496365984506,200,http://172.169.8.253:31112/function/opt-66b-submod-0-latency-25.cdgp
1704042492652687298,1704042502177508266,500,http://172.169.8.253:31112/function/opt-66b-submod-0-latency-25.cdgp
1704042492652724807,1704042496941414385,200,http://172.169.8.253:31112/function/opt-66b-submod-0-latency-25.cdgp
1704042492652760324,1704042494923838401,200,http://172.169.8.253:31112/function/opt-66b-submod-0-latency-25.cdgp
1704042492652831026,1704042502186867103,500,http://172.169.8.253:31112/function/opt-66b-submod-0-latency-25.cdgp
1704042492656278536,1704042502180957076,500,http://172.169.8.253:31112/function/opt-66b-submod-0-latency-25.cdgp
1704042492656350842,1704042495795846699,200,http://172.169.8.253:31112/function/opt-66b-submod-0-latency-25.cdgp
1704042492656386216,1704042502250760169,500,http://172.169.8.253:31112/function/opt-66b-submod-0-latency-25.cdgp
1704042492656420092,1704042502253808674,500,http://172.169.8.253:31112/function/opt-66b-submod-0-latency-25.cdgp
1704042492656457427,1704042494755566107,200,http://172.169.8.253:31112/function/opt-66b-submod-0-latency-25.cdgp
1704042492656489967,1704042502192683688,500,http://172.169.8.253:31112/function/opt-66b-submod-0-latency-25.cdgp
1704042492656522444,1704042502188292468,500,http://172.169.8.253:31112/function/opt-66b-submod-0-latency-25.cdgp
1704042492656581139,1704042502332877225,500,http://172.169.8.253:31112/function/opt-66b-submod-0-latency-25.cdgp
1704042492656643407,1704042496201604733,200,http://172.169.8.253:31112/function/opt-66b-submod-0-latency-25.cdgp
1704042492656701683,1704042497136417302,200,http://172.169.8.253:31112/function/opt-66b-submod-0-latency-25.cdgp
1704042492656717076,1704042496437014802,200,http://172.169.8.253:31112/function/opt-66b-submod-0-latency-25.cdgp
1704042492656756943,1704042496018459473,200,http://172.169.8.253:31112/function/opt-66b-submod-0-latency-25.cdgp
1704042492656768045,1704042502175826968,500,http://172.169.8.253:31112/function/opt-66b-submod-0-latency-25.cdgp
1704042492656832124,1704042502456143603,500,http://172.169.8.253:31112/function/opt-66b-submod-0-latency-25.cdgp
1704042492656857886,1704042496701162794,200,http://172.169.8.253:31112/function/opt-66b-submod-0-latency-25.cdgp
1704042492656887169,1704042502335015258,500,http://172.169.8.253:31112/function/opt-66b-submod-0-latency-25.cdgp
1704042492811491993,1704042495090097768,200,http://172.169.8.253:31112/function/opt-66b-submod-0-latency-25.cdgp
1704042492816008227,1704042502195597572,500,http://172.169.8.253:31112/function/opt-66b-submod-0-latency-25.cdgp
1704042492816130278,1704042495190595181,200,http://172.169.8.253:31112/function/opt-66b-submod-0-latency-25.cdgp
1704042492816273833,1704042497109597409,200,http://172.169.8.253:31112/function/opt-66b-submod-0-latency-25.cdgp
1704042492816364103,1704042502383412354,500,http://172.169.8.253:31112/function/opt-66b-submod-0-latency-25.cdgp
1704042492816427168,1704042502533231474,500,http://172.169.8.253:31112/function/opt-66b-submod-0-latency-25.cdgp
1704042492816493902,1704042502400132603,500,http://172.169.8.253:31112/function/opt-66b-submod-0-latency-25.cdgp
1704042492816523893,1704042502543400521,500,http://172.169.8.253:31112/function/opt-66b-submod-0-latency-25.cdgp
1704042492816619097,1704042495559612806,200,http://172.169.8.253:31112/function/opt-66b-submod-0-latency-25.cdgp
1704042492816711956,1704042496019669736,200,http://172.169.8.253:31112/function/opt-66b-submod-0-latency-25.cdgp
1704042492816782751,1704042496016818391,200,http://172.169.8.253:31112/function/opt-66b-submod-0-latency-25.cdgp
1704042492816870972,1704042502534875334,500,http://172.169.8.253:31112/function/opt-66b-submod-0-latency-25.cdgp
1704042492816958457,1704042497140935341,200,http://172.169.8.253:31112/function/opt-66b-submod-0-latency-25.cdgp
1704042492817046192,1704042502621367728,500,http://172.169.8.253:31112/function/opt-66b-submod-0-latency-25.cdgp
1704042492817153506,1704042495847732081,200,http://172.169.8.253:31112/function/opt-66b-submod-0-latency-25.cdgp
1704042492817233681,1704042502547486672,500,http://172.169.8.253:31112/function/opt-66b-submod-0-latency-25.cdgp
1704042492817271658,1704042502385384878,500,http://172.169.8.253:31112/function/opt-66b-submod-0-latency-25.cdgp
1704042492817345635,1704042502538146330,500,http://172.169.8.253:31112/function/opt-66b-submod-0-latency-25.cdgp
1704042492817443097,1704042494524954920,200,http://172.169.8.253:31112/function/opt-66b-submod-0-latency-25.cdgp
1704042492817520256,1704042502541745744,500,http://172.169.8.253:31112/function/opt-66b-submod-0-latency-25.cdgp
1704042492817549329,1704042502547024151,500,http://172.169.8.253:31112/function/opt-66b-submod-0-latency-25.cdgp
1704042492817599306,1704042502531895255,500,http://172.169.8.253:31112/function/opt-66b-submod-0-latency-25.cdgp
1704042492817637547,1704042502529828801,500,http://172.169.8.253:31112/function/opt-66b-submod-0-latency-25.cdgp
1704042492821803685,1704042495033875501,200,http://172.169.8.253:31112/function/opt-66b-submod-0-latency-25.cdgp
1704042492821882497,1704042502398246959,500,http://172.169.8.253:31112/function/opt-66b-submod-0-latency-25.cdgp
1704042492821961436,1704042495385470002,200,http://172.169.8.253:31112/function/opt-66b-submod-0-latency-25.cdgp
1704042492822052291,1704042502533924546,500,http://172.169.8.253:31112/function/opt-66b-submod-0-latency-25.cdgp
1704042492822125697,1704042496485080467,200,http://172.169.8.253:31112/function/opt-66b-submod-0-latency-25.cdgp
1704042493180612987,1704042496881105817,200,http://172.169.8.253:31112/function/opt-66b-submod-0-latency-25.cdgp
1704042493180739711,1704042496951690319,200,http://172.169.8.253:31112/function/opt-66b-submod-0-latency-25.cdgp
1704042493180864043,1704042502561810960,500,http://172.169.8.253:31112/function/opt-66b-submod-0-latency-25.cdgp
1704042493180964223,1704042502506614967,500,http://172.169.8.253:31112/function/opt-66b-submod-0-latency-25.cdgp
1704042493182938819,1704042497097689478,200,http://172.169.8.253:31112/function/opt-66b-submod-0-latency-25.cdgp
1704042493183041832,1704042502504610953,500,http://172.169.8.253:31112/function/opt-66b-submod-0-latency-25.cdgp
1704042493183126963,1704042502559812827,500,http://172.169.8.253:31112/function/opt-66b-submod-0-latency-25.cdgp
1704042493826880033,1704042502736616478,500,http://172.169.8.253:31112/function/opt-66b-submod-0-latency-25.cdgp
1704042494206603243,1704042497187433107,200,http://172.169.8.253:31112/function/opt-66b-submod-0-latency-25.cdgp
1704042494206682001,1704042495419502754,200,http://172.169.8.253:31112/function/opt-66b-submod-0-latency-25.cdgp
1704042494312951092,1704042497475403070,200,http://172.169.8.253:31112/function/opt-66b-submod-0-latency-25.cdgp
1704042494328873178,1704042503663442385,500,http://172.169.8.253:31112/function/opt-66b-submod-0-latency-25.cdgp
1704042494328954508,1704042503255540566,500,http://172.169.8.253:31112/function/opt-66b-submod-0-latency-25.cdgp
1704042494333527996,1704042497471418649,200,http://172.169.8.253:31112/function/opt-66b-submod-0-latency-25.cdgp
1704042494333688575,1704042497422210477,200,http://172.169.8.253:31112/function/opt-66b-submod-0-latency-25.cdgp
1704042494333819204,1704042497523173779,200,http://172.169.8.253:31112/function/opt-66b-submod-0-latency-25.cdgp
1704042494334181603,1704042496983371765,200,http://172.169.8.253:31112/function/opt-66b-submod-0-latency-25.cdgp
1704042494335141077,1704042497479757437,200,http://172.169.8.253:31112/function/opt-66b-submod-0-latency-25.cdgp
1704042494336319545,1704042496403412683,200,http://172.169.8.253:31112/function/opt-66b-submod-0-latency-25.cdgp
1704042494336420233,1704042503343529149,500,http://172.169.8.253:31112/function/opt-66b-submod-0-latency-25.cdgp
1704042494336639376,1704042495948503653,200,http://172.169.8.253:31112/function/opt-66b-submod-0-latency-25.cdgp
1704042494336847131,1704042503751455440,500,http://172.169.8.253:31112/function/opt-66b-submod-0-latency-25.cdgp
1704042494336964098,1704042503741180789,500,http://172.169.8.253:31112/function/opt-66b-submod-0-latency-25.cdgp
1704042494337076052,1704042497396808586,200,http://172.169.8.253:31112/function/opt-66b-submod-0-latency-25.cdgp
1704042494360773401,1704042496880239150,200,http://172.169.8.253:31112/function/opt-66b-submod-0-latency-25.cdgp
1704042494360873075,1704042497254227084,200,http://172.169.8.253:31112/function/opt-66b-submod-0-latency-25.cdgp
1704042494360941387,1704042503724959605,500,http://172.169.8.253:31112/function/opt-66b-submod-0-latency-25.cdgp
1704042494361749578,1704042503317444125,500,http://172.169.8.253:31112/function/opt-66b-submod-0-latency-25.cdgp
1704042494538953081,1704042503931649870,500,http://172.169.8.253:31112/function/opt-66b-submod-0-latency-25.cdgp
1704042494539066374,1704042497493648084,200,http://172.169.8.253:31112/function/opt-66b-submod-0-latency-25.cdgp
1704042494539225233,1704042497582863281,200,http://172.169.8.253:31112/function/opt-66b-submod-0-latency-25.cdgp
1704042494539306265,1704042497145228721,200,http://172.169.8.253:31112/function/opt-66b-submod-0-latency-25.cdgp
1704042494539409021,1704042496674704514,200,http://172.169.8.253:31112/function/opt-66b-submod-0-latency-25.cdgp
1704042494539489304,1704042503919825822,500,http://172.169.8.253:31112/function/opt-66b-submod-0-latency-25.cdgp
1704042494539550009,1704042503921595574,500,http://172.169.8.253:31112/function/opt-66b-submod-0-latency-25.cdgp
1704042495689604987,1704042504775429813,500,http://172.169.8.253:31112/function/opt-66b-submod-0-latency-25.cdgp
1704042495697269031,1704042504915751052,500,http://172.169.8.253:31112/function/opt-66b-submod-0-latency-25.cdgp
1704042495697433470,1704042504919511619,500,http://172.169.8.253:31112/function/opt-66b-submod-0-latency-25.cdgp
1704042495697540128,1704042504672326894,500,http://172.169.8.253:31112/function/opt-66b-submod-0-latency-25.cdgp
1704042495697641018,1704042505067702757,500,http://172.169.8.253:31112/function/opt-66b-submod-0-latency-25.cdgp
1704042495697739046,1704042497478214284,200,http://172.169.8.253:31112/function/opt-66b-submod-0-latency-25.cdgp
1704042495697839565,1704042504878472507,504,http://172.169.8.253:31112/function/opt-66b-submod-0-latency-25.cdgp
1704042495697919238,1704042504876312728,500,http://172.169.8.253:31112/function/opt-66b-submod-0-latency-25.cdgp
1704042495698016277,1704042497201152521,200,http://172.169.8.253:31112/function/opt-66b-submod-0-latency-25.cdgp
1704042495698074381,1704042497692066781,200,http://172.169.8.253:31112/function/opt-66b-submod-0-latency-25.cdgp
1704042495698174029,1704042497361647082,200,http://172.169.8.253:31112/function/opt-66b-submod-0-latency-25.cdgp
1704042495698252114,1704042504879338560,500,http://172.169.8.253:31112/function/opt-66b-submod-0-latency-25.cdgp
1704042495698313838,1704042505195643325,500,http://172.169.8.253:31112/function/opt-66b-submod-0-latency-25.cdgp
1704042495698393142,1704042497686199978,200,http://172.169.8.253:31112/function/opt-66b-submod-0-latency-25.cdgp
1704042495712033379,1704042505025820718,500,http://172.169.8.253:31112/function/opt-66b-submod-0-latency-25.cdgp
1704042495712125323,1704042497436160308,200,http://172.169.8.253:31112/function/opt-66b-submod-0-latency-25.cdgp
1704042495712193752,1704042497247700090,200,http://172.169.8.253:31112/function/opt-66b-submod-0-latency-25.cdgp
1704042495712270321,1704042497582461585,200,http://172.169.8.253:31112/function/opt-66b-submod-0-latency-25.cdgp
1704042495722734638,1704042504879406300,500,http://172.169.8.253:31112/function/opt-66b-submod-0-latency-25.cdgp
1704042495722823732,1704042504892728966,500,http://172.169.8.253:31112/function/opt-66b-submod-0-latency-25.cdgp
1704042495722898342,1704042504893162682,500,http://172.169.8.253:31112/function/opt-66b-submod-0-latency-25.cdgp
1704042495722979509,1704042497143481481,200,http://172.169.8.253:31112/function/opt-66b-submod-0-latency-25.cdgp
1704042496508598919,1704042498062432146,200,http://172.169.8.253:31112/function/opt-66b-submod-0-latency-25.cdgp
1704042496508844345,1704042506054058678,500,http://172.169.8.253:31112/function/opt-66b-submod-0-latency-25.cdgp
1704042496508970989,1704042506099838215,500,http://172.169.8.253:31112/function/opt-66b-submod-0-latency-25.cdgp
1704042496509073686,1704042505639571663,500,http://172.169.8.253:31112/function/opt-66b-submod-0-latency-25.cdgp
1704042496509182131,1704042505593878503,500,http://172.169.8.253:31112/function/opt-66b-submod-0-latency-25.cdgp
1704042496509313730,1704042506175663441,500,http://172.169.8.253:31112/function/opt-66b-submod-0-latency-25.cdgp
1704042496509418219,1704042506122592318,500,http://172.169.8.253:31112/function/opt-66b-submod-0-latency-25.cdgp
1704042496509518029,1704042498186850872,200,http://172.169.8.253:31112/function/opt-66b-submod-0-latency-25.cdgp
1704042496509640608,1704042497935341066,200,http://172.169.8.253:31112/function/opt-66b-submod-0-latency-25.cdgp
1704042496509752858,1704042498619495027,200,http://172.169.8.253:31112/function/opt-66b-submod-0-latency-25.cdgp
1704042496509876279,1704042505822176869,500,http://172.169.8.253:31112/function/opt-66b-submod-0-latency-25.cdgp
1704042496509993617,1704042505972185523,500,http://172.169.8.253:31112/function/opt-66b-submod-0-latency-25.cdgp
1704042496510155511,1704042505612957804,500,http://172.169.8.253:31112/function/opt-66b-submod-0-latency-25.cdgp
1704042496510262873,1704042506125516090,500,http://172.169.8.253:31112/function/opt-66b-submod-0-latency-25.cdgp
1704042496510292984,1704042498221779798,200,http://172.169.8.253:31112/function/opt-66b-submod-0-latency-25.cdgp
1704042496510392622,1704042505675513060,500,http://172.169.8.253:31112/function/opt-66b-submod-0-latency-25.cdgp
1704042496510435475,1704042498340461044,200,http://172.169.8.253:31112/function/opt-66b-submod-0-latency-25.cdgp
1704042496510487545,1704042498758621247,200,http://172.169.8.253:31112/function/opt-66b-submod-0-latency-25.cdgp
1704042496510600246,1704042506165599629,500,http://172.169.8.253:31112/function/opt-66b-submod-0-latency-25.cdgp
1704042496510655166,1704042498382762173,200,http://172.169.8.253:31112/function/opt-66b-submod-0-latency-25.cdgp
1704042496510740088,1704042505784503097,500,http://172.169.8.253:31112/function/opt-66b-submod-0-latency-25.cdgp
1704042496510818755,1704042498065633653,200,http://172.169.8.253:31112/function/opt-66b-submod-0-latency-25.cdgp
1704042496510905638,1704042505973020282,500,http://172.169.8.253:31112/function/opt-66b-submod-0-latency-25.cdgp
1704042496510952671,1704042498430161066,200,http://172.169.8.253:31112/function/opt-66b-submod-0-latency-25.cdgp
1704042496511046903,1704042497909252784,200,http://172.169.8.253:31112/function/opt-66b-submod-0-latency-25.cdgp
1704042496511126335,1704042498382816316,200,http://172.169.8.253:31112/function/opt-66b-submod-0-latency-25.cdgp
1704042496511210186,1704042506129383142,500,http://172.169.8.253:31112/function/opt-66b-submod-0-latency-25.cdgp
1704042496511326084,1704042498397301320,200,http://172.169.8.253:31112/function/opt-66b-submod-0-latency-25.cdgp
1704042496512906223,1704042498600250968,200,http://172.169.8.253:31112/function/opt-66b-submod-0-latency-25.cdgp
1704042496512993958,1704042498559603191,200,http://172.169.8.253:31112/function/opt-66b-submod-0-latency-25.cdgp
1704042496533009186,1704042498287652731,200,http://172.169.8.253:31112/function/opt-66b-submod-0-latency-25.cdgp
1704042496533091860,1704042498687238669,200,http://172.169.8.253:31112/function/opt-66b-submod-0-latency-25.cdgp
1704042496533153558,1704042506123223481,500,http://172.169.8.253:31112/function/opt-66b-submod-0-latency-25.cdgp
1704042496533218481,1704042506167373206,500,http://172.169.8.253:31112/function/opt-66b-submod-0-latency-25.cdgp
1704042496533252755,1704042506162678016,500,http://172.169.8.253:31112/function/opt-66b-submod-0-latency-25.cdgp
1704042496541082216,1704042498034716827,200,http://172.169.8.253:31112/function/opt-66b-submod-0-latency-25.cdgp
1704042496541162576,1704042506164119562,500,http://172.169.8.253:31112/function/opt-66b-submod-0-latency-25.cdgp
1704042496541226897,1704042506164303290,500,http://172.169.8.253:31112/function/opt-66b-submod-0-latency-25.cdgp
1704042496541307985,1704042506156540703,500,http://172.169.8.253:31112/function/opt-66b-submod-0-latency-25.cdgp
1704042496541373000,1704042498292627974,200,http://172.169.8.253:31112/function/opt-66b-submod-0-latency-25.cdgp
1704042496541397341,1704042506159224172,500,http://172.169.8.253:31112/function/opt-66b-submod-0-latency-25.cdgp
1704042496541453804,1704042498564626767,200,http://172.169.8.253:31112/function/opt-66b-submod-0-latency-25.cdgp
1704042496541549213,1704042506131279107,500,http://172.169.8.253:31112/function/opt-66b-submod-0-latency-25.cdgp
1704042496541621419,1704042506124345331,500,http://172.169.8.253:31112/function/opt-66b-submod-0-latency-25.cdgp
1704042496541695999,1704042506176286781,500,http://172.169.8.253:31112/function/opt-66b-submod-0-latency-25.cdgp
1704042497003749901,1704042498795273407,200,http://172.169.8.253:31112/function/opt-66b-submod-0-latency-25.cdgp
1704042497003859497,1704042498919410028,200,http://172.169.8.253:31112/function/opt-66b-submod-0-latency-25.cdgp
1704042497333974330,1704042498567610562,200,http://172.169.8.253:31112/function/opt-66b-submod-0-latency-25.cdgp
1704042497334054915,1704042506491374980,500,http://172.169.8.253:31112/function/opt-66b-submod-0-latency-25.cdgp
1704042497334198767,1704042506519249787,500,http://172.169.8.253:31112/function/opt-66b-submod-0-latency-25.cdgp
1704042497334269757,1704042498902492068,200,http://172.169.8.253:31112/function/opt-66b-submod-0-latency-25.cdgp
1704042497334331076,1704042498768538658,200,http://172.169.8.253:31112/function/opt-66b-submod-0-latency-25.cdgp
1704042497334404453,1704042506536595732,500,http://172.169.8.253:31112/function/opt-66b-submod-0-latency-25.cdgp
1704042497334454352,1704042506405029874,500,http://172.169.8.253:31112/function/opt-66b-submod-0-latency-25.cdgp
1704042497334523258,1704042506484499406,500,http://172.169.8.253:31112/function/opt-66b-submod-0-latency-25.cdgp
1704042497334580225,1704042498843413910,200,http://172.169.8.253:31112/function/opt-66b-submod-0-latency-25.cdgp
1704042497334625827,1704042499012440963,200,http://172.169.8.253:31112/function/opt-66b-submod-0-latency-25.cdgp
1704042497349444078,1704042506266171104,500,http://172.169.8.253:31112/function/opt-66b-submod-0-latency-25.cdgp
1704042497349503987,1704042506492477884,500,http://172.169.8.253:31112/function/opt-66b-submod-0-latency-25.cdgp
1704042497349551403,1704042506560759152,500,http://172.169.8.253:31112/function/opt-66b-submod-0-latency-25.cdgp
1704042497349617561,1704042506425220019,500,http://172.169.8.253:31112/function/opt-66b-submod-0-latency-25.cdgp
1704042497420299686,1704042498923379707,200,http://172.169.8.253:31112/function/opt-66b-submod-0-latency-25.cdgp
1704042497420382718,1704042506598982702,500,http://172.169.8.253:31112/function/opt-66b-submod-0-latency-25.cdgp
1704042497420504312,1704042499172566656,200,http://172.169.8.253:31112/function/opt-66b-submod-0-latency-25.cdgp
1704042497420569001,1704042498905190090,200,http://172.169.8.253:31112/function/opt-66b-submod-0-latency-25.cdgp
1704042497420624968,1704042498735387040,200,http://172.169.8.253:31112/function/opt-66b-submod-0-latency-25.cdgp
1704042497420693522,1704042498813828816,200,http://172.169.8.253:31112/function/opt-66b-submod-0-latency-25.cdgp
1704042497420732331,1704042506488793744,500,http://172.169.8.253:31112/function/opt-66b-submod-0-latency-25.cdgp
1704042497420814885,1704042498600417975,200,http://172.169.8.253:31112/function/opt-66b-submod-0-latency-25.cdgp
1704042497420866819,1704042506533376576,500,http://172.169.8.253:31112/function/opt-66b-submod-0-latency-25.cdgp
1704042497698900517,1704042498915495598,200,http://172.169.8.253:31112/function/opt-66b-submod-0-latency-25.cdgp
1704042497699021837,1704042506630819967,500,http://172.169.8.253:31112/function/opt-66b-submod-0-latency-25.cdgp
1704042497699163375,1704042506627929011,500,http://172.169.8.253:31112/function/opt-66b-submod-0-latency-25.cdgp
1704042497699232590,1704042506907384983,500,http://172.169.8.253:31112/function/opt-66b-submod-0-latency-25.cdgp
1704042497699280357,1704042506938782903,500,http://172.169.8.253:31112/function/opt-66b-submod-0-latency-25.cdgp
1704042497741385448,1704042507057227344,500,http://172.169.8.253:31112/function/opt-66b-submod-0-latency-25.cdgp
1704042497741467055,1704042507084702281,500,http://172.169.8.253:31112/function/opt-66b-submod-0-latency-25.cdgp
1704042497741528682,1704042499108119931,200,http://172.169.8.253:31112/function/opt-66b-submod-0-latency-25.cdgp
1704042497741575241,1704042499370223806,200,http://172.169.8.253:31112/function/opt-66b-submod-0-latency-25.cdgp
1704042497741645269,1704042499644729130,200,http://172.169.8.253:31112/function/opt-66b-submod-0-latency-25.cdgp
1704042497741722310,1704042507011640567,500,http://172.169.8.253:31112/function/opt-66b-submod-0-latency-25.cdgp
1704042497741818135,1704042506970740808,500,http://172.169.8.253:31112/function/opt-66b-submod-0-latency-25.cdgp
1704042497741925675,1704042499012171948,200,http://172.169.8.253:31112/function/opt-66b-submod-0-latency-25.cdgp
1704042497742031314,1704042506896721202,500,http://172.169.8.253:31112/function/opt-66b-submod-0-latency-25.cdgp
1704042497742139012,1704042499369757471,200,http://172.169.8.253:31112/function/opt-66b-submod-0-latency-25.cdgp
1704042497742220316,1704042499277168729,200,http://172.169.8.253:31112/function/opt-66b-submod-0-latency-25.cdgp
1704042497742295616,1704042507086276103,500,http://172.169.8.253:31112/function/opt-66b-submod-0-latency-25.cdgp
1704042497742378921,1704042506815792983,500,http://172.169.8.253:31112/function/opt-66b-submod-0-latency-25.cdgp
1704042497742434468,1704042499078731906,200,http://172.169.8.253:31112/function/opt-66b-submod-0-latency-25.cdgp
1704042497742484183,1704042507086154374,500,http://172.169.8.253:31112/function/opt-66b-submod-0-latency-25.cdgp
1704042497742564362,1704042499364530462,200,http://172.169.8.253:31112/function/opt-66b-submod-0-latency-25.cdgp
1704042497742633916,1704042507135783122,500,http://172.169.8.253:31112/function/opt-66b-submod-0-latency-25.cdgp
1704042497742683200,1704042507055554061,500,http://172.169.8.253:31112/function/opt-66b-submod-0-latency-25.cdgp
1704042497742748292,1704042499475672026,200,http://172.169.8.253:31112/function/opt-66b-submod-0-latency-25.cdgp
1704042497742787840,1704042499353651241,200,http://172.169.8.253:31112/function/opt-66b-submod-0-latency-25.cdgp
1704042497742875398,1704042499136736587,200,http://172.169.8.253:31112/function/opt-66b-submod-0-latency-25.cdgp
1704042497742964346,1704042498838537982,200,http://172.169.8.253:31112/function/opt-66b-submod-0-latency-25.cdgp
1704042497743052164,1704042507056832908,500,http://172.169.8.253:31112/function/opt-66b-submod-0-latency-25.cdgp
1704042499304762370,1704042508436198655,500,http://172.169.8.253:31112/function/opt-66b-submod-0-latency-25.cdgp
1704042499304847801,1704042500837734729,200,http://172.169.8.253:31112/function/opt-66b-submod-0-latency-25.cdgp
1704042499304994696,1704042500603115112,200,http://172.169.8.253:31112/function/opt-66b-submod-0-latency-25.cdgp
1704042499305065737,1704042508496545881,500,http://172.169.8.253:31112/function/opt-66b-submod-0-latency-25.cdgp
1704042499305160023,1704042501238063808,200,http://172.169.8.253:31112/function/opt-66b-submod-0-latency-25.cdgp
1704042499305261836,1704042508539410610,500,http://172.169.8.253:31112/function/opt-66b-submod-0-latency-25.cdgp
1704042499305310388,1704042508769070451,500,http://172.169.8.253:31112/function/opt-66b-submod-0-latency-25.cdgp
1704042499305389178,1704042508438506014,500,http://172.169.8.253:31112/function/opt-66b-submod-0-latency-25.cdgp
1704042499305422699,1704042509009049192,500,http://172.169.8.253:31112/function/opt-66b-submod-0-latency-25.cdgp
1704042499305487510,1704042508623276986,500,http://172.169.8.253:31112/function/opt-66b-submod-0-latency-25.cdgp
1704042499305558577,1704042508494946000,500,http://172.169.8.253:31112/function/opt-66b-submod-0-latency-25.cdgp
1704042499305638782,1704042508516564149,500,http://172.169.8.253:31112/function/opt-66b-submod-0-latency-25.cdgp
1704042499305681881,1704042500290286925,200,http://172.169.8.253:31112/function/opt-66b-submod-0-latency-25.cdgp
1704042499305764848,1704042501242898643,200,http://172.169.8.253:31112/function/opt-66b-submod-0-latency-25.cdgp
1704042499305885945,1704042500165932038,200,http://172.169.8.253:31112/function/opt-66b-submod-0-latency-25.cdgp
1704042499305923214,1704042501082379184,200,http://172.169.8.253:31112/function/opt-66b-submod-0-latency-25.cdgp
1704042499306003550,1704042509009145540,500,http://172.169.8.253:31112/function/opt-66b-submod-0-latency-25.cdgp
1704042499306076878,1704042509109827737,500,http://172.169.8.253:31112/function/opt-66b-submod-0-latency-25.cdgp
1704042499306148823,1704042508976910604,500,http://172.169.8.253:31112/function/opt-66b-submod-0-latency-25.cdgp
1704042499306174414,1704042500342342385,200,http://172.169.8.253:31112/function/opt-66b-submod-0-latency-25.cdgp
1704042499306239457,1704042500552686095,200,http://172.169.8.253:31112/function/opt-66b-submod-0-latency-25.cdgp
1704042499306327615,1704042508496524640,500,http://172.169.8.253:31112/function/opt-66b-submod-0-latency-25.cdgp
1704042499306392239,1704042500889855663,200,http://172.169.8.253:31112/function/opt-66b-submod-0-latency-25.cdgp
1704042499306456725,1704042508976736838,500,http://172.169.8.253:31112/function/opt-66b-submod-0-latency-25.cdgp
1704042499306472486,1704042501085623195,200,http://172.169.8.253:31112/function/opt-66b-submod-0-latency-25.cdgp
1704042499306520313,1704042508977279654,500,http://172.169.8.253:31112/function/opt-66b-submod-0-latency-25.cdgp
1704042499306577336,1704042501081723331,200,http://172.169.8.253:31112/function/opt-66b-submod-0-latency-25.cdgp
1704042499406494618,1704042509109427293,500,http://172.169.8.253:31112/function/opt-66b-submod-0-latency-25.cdgp
1704042499406858454,1704042509109789502,500,http://172.169.8.253:31112/function/opt-66b-submod-0-latency-25.cdgp
1704042499406932018,1704042508770317133,500,http://172.169.8.253:31112/function/opt-66b-submod-0-latency-25.cdgp
1704042499407004607,1704042501041676339,200,http://172.169.8.253:31112/function/opt-66b-submod-0-latency-25.cdgp
1704042499407030675,1704042509109020496,500,http://172.169.8.253:31112/function/opt-66b-submod-0-latency-25.cdgp
1704042499407122659,1704042501627557368,200,http://172.169.8.253:31112/function/opt-66b-submod-0-latency-25.cdgp
1704042499407171045,1704042500837735309,200,http://172.169.8.253:31112/function/opt-66b-submod-0-latency-25.cdgp
1704042499407239454,1704042509109039153,500,http://172.169.8.253:31112/function/opt-66b-submod-0-latency-25.cdgp
1704042499407281930,1704042509108805754,500,http://172.169.8.253:31112/function/opt-66b-submod-0-latency-25.cdgp
1704042499407345072,1704042501102751668,200,http://172.169.8.253:31112/function/opt-66b-submod-0-latency-25.cdgp
1704042499407420218,1704042509009352160,500,http://172.169.8.253:31112/function/opt-66b-submod-0-latency-25.cdgp
1704042499407478663,1704042509013112395,500,http://172.169.8.253:31112/function/opt-66b-submod-0-latency-25.cdgp
1704042499407503981,1704042501682357741,200,http://172.169.8.253:31112/function/opt-66b-submod-0-latency-25.cdgp
1704042499407597380,1704042508769619377,500,http://172.169.8.253:31112/function/opt-66b-submod-0-latency-25.cdgp
1704042499407621251,1704042508976914529,500,http://172.169.8.253:31112/function/opt-66b-submod-0-latency-25.cdgp
1704042499407693711,1704042509055629194,500,http://172.169.8.253:31112/function/opt-66b-submod-0-latency-25.cdgp
1704042499407750625,1704042509109344545,500,http://172.169.8.253:31112/function/opt-66b-submod-0-latency-25.cdgp
1704042499407810209,1704042509009236005,500,http://172.169.8.253:31112/function/opt-66b-submod-0-latency-25.cdgp
1704042499407884168,1704042509009652602,500,http://172.169.8.253:31112/function/opt-66b-submod-0-latency-25.cdgp
1704042499407952216,1704042501681007215,200,http://172.169.8.253:31112/function/opt-66b-submod-0-latency-25.cdgp
1704042499408013427,1704042508770364052,500,http://172.169.8.253:31112/function/opt-66b-submod-0-latency-25.cdgp
1704042499408035689,1704042509104643519,500,http://172.169.8.253:31112/function/opt-66b-submod-0-latency-25.cdgp
1704042499408121827,1704042509112161307,500,http://172.169.8.253:31112/function/opt-66b-submod-0-latency-25.cdgp
1704042499408197771,1704042509105023610,500,http://172.169.8.253:31112/function/opt-66b-submod-0-latency-25.cdgp
1704042499408226893,1704042501457613384,200,http://172.169.8.253:31112/function/opt-66b-submod-0-latency-25.cdgp
1704042499408323022,1704042509052140013,500,http://172.169.8.253:31112/function/opt-66b-submod-0-latency-25.cdgp
1704042499408381827,1704042501454808583,200,http://172.169.8.253:31112/function/opt-66b-submod-0-latency-25.cdgp
1704042500149594459,1704042501917146963,200,http://172.169.8.253:31112/function/opt-66b-submod-0-latency-25.cdgp
1704042500149760371,1704042501455478124,200,http://172.169.8.253:31112/function/opt-66b-submod-0-latency-25.cdgp
1704042500149852231,1704042501625878817,200,http://172.169.8.253:31112/function/opt-66b-submod-0-latency-25.cdgp
1704042500149916168,1704042501081133789,200,http://172.169.8.253:31112/function/opt-66b-submod-0-latency-25.cdgp
1704042500149987206,1704042509182681879,500,http://172.169.8.253:31112/function/opt-66b-submod-0-latency-25.cdgp
1704042500150019791,1704042501053363801,200,http://172.169.8.253:31112/function/opt-66b-submod-0-latency-25.cdgp
1704042500150117831,1704042509451285046,500,http://172.169.8.253:31112/function/opt-66b-submod-0-latency-25.cdgp
1704042500150151578,1704042502058529042,200,http://172.169.8.253:31112/function/opt-66b-submod-0-latency-25.cdgp
1704042500150236926,1704042509179834375,500,http://172.169.8.253:31112/function/opt-66b-submod-0-latency-25.cdgp
1704042500150274119,1704042509406670335,500,http://172.169.8.253:31112/function/opt-66b-submod-0-latency-25.cdgp
1704042500150346791,1704042509406051589,500,http://172.169.8.253:31112/function/opt-66b-submod-0-latency-25.cdgp
1704042500365716804,1704042501920847592,200,http://172.169.8.253:31112/function/opt-66b-submod-0-latency-25.cdgp
1704042500365808577,1704042501918299346,200,http://172.169.8.253:31112/function/opt-66b-submod-0-latency-25.cdgp
1704042500365911228,1704042509867211877,500,http://172.169.8.253:31112/function/opt-66b-submod-0-latency-25.cdgp
1704042500366074555,1704042509891202307,500,http://172.169.8.253:31112/function/opt-66b-submod-0-latency-25.cdgp
1704042500366198362,1704042501723718555,200,http://172.169.8.253:31112/function/opt-66b-submod-0-latency-25.cdgp
1704042500366277321,1704042502063519604,200,http://172.169.8.253:31112/function/opt-66b-submod-0-latency-25.cdgp
1704042500366351243,1704042502330691113,200,http://172.169.8.253:31112/function/opt-66b-submod-0-latency-25.cdgp
1704042500366380994,1704042509891748841,500,http://172.169.8.253:31112/function/opt-66b-submod-0-latency-25.cdgp
1704042500366435695,1704042502238344092,200,http://172.169.8.253:31112/function/opt-66b-submod-0-latency-25.cdgp
1704042500366450118,1704042510058931683,500,http://172.169.8.253:31112/function/opt-66b-submod-0-latency-25.cdgp
1704042500366520561,1704042509407979656,500,http://172.169.8.253:31112/function/opt-66b-submod-0-latency-25.cdgp
1704042500366614916,1704042509867306581,500,http://172.169.8.253:31112/function/opt-66b-submod-0-latency-25.cdgp
1704042500366686148,1704042509891567152,500,http://172.169.8.253:31112/function/opt-66b-submod-0-latency-25.cdgp
1704042500366826634,1704042509891552865,500,http://172.169.8.253:31112/function/opt-66b-submod-0-latency-25.cdgp
1704042500366911731,1704042502064304670,200,http://172.169.8.253:31112/function/opt-66b-submod-0-latency-25.cdgp
1704042500366982001,1704042509451792295,500,http://172.169.8.253:31112/function/opt-66b-submod-0-latency-25.cdgp
1704042500367041886,1704042509867271401,500,http://172.169.8.253:31112/function/opt-66b-submod-0-latency-25.cdgp
1704042500367142949,1704042509813149061,500,http://172.169.8.253:31112/function/opt-66b-submod-0-latency-25.cdgp
1704042500367206022,1704042510053442909,500,http://172.169.8.253:31112/function/opt-66b-submod-0-latency-25.cdgp
1704042500367260951,1704042509810471825,500,http://172.169.8.253:31112/function/opt-66b-submod-0-latency-25.cdgp
1704042500367347183,1704042509866983153,500,http://172.169.8.253:31112/function/opt-66b-submod-0-latency-25.cdgp
1704042500367425584,1704042509891301215,500,http://172.169.8.253:31112/function/opt-66b-submod-0-latency-25.cdgp
1704042500367490872,1704042502496726879,200,http://172.169.8.253:31112/function/opt-66b-submod-0-latency-25.cdgp
1704042500367559614,1704042509919458989,500,http://172.169.8.253:31112/function/opt-66b-submod-0-latency-25.cdgp
1704042500367645978,1704042509813270773,500,http://172.169.8.253:31112/function/opt-66b-submod-0-latency-25.cdgp
1704042500367727992,1704042510053786051,500,http://172.169.8.253:31112/function/opt-66b-submod-0-latency-25.cdgp
1704042500367816093,1704042509808110698,500,http://172.169.8.253:31112/function/opt-66b-submod-0-latency-25.cdgp
1704042500367901677,1704042509890859193,500,http://172.169.8.253:31112/function/opt-66b-submod-0-latency-25.cdgp
1704042500367951626,1704042502057281140,200,http://172.169.8.253:31112/function/opt-66b-submod-0-latency-25.cdgp
1704042500367999995,1704042509810641873,500,http://172.169.8.253:31112/function/opt-66b-submod-0-latency-25.cdgp
1704042500368191495,1704042502830873578,200,http://172.169.8.253:31112/function/opt-66b-submod-0-latency-25.cdgp
1704042500368266953,1704042502545608735,200,http://172.169.8.253:31112/function/opt-66b-submod-0-latency-25.cdgp
1704042500368350704,1704042510053616918,500,http://172.169.8.253:31112/function/opt-66b-submod-0-latency-25.cdgp
1704042500374935194,1704042509891025053,500,http://172.169.8.253:31112/function/opt-66b-submod-0-latency-25.cdgp
1704042500375068470,1704042509891216435,500,http://172.169.8.253:31112/function/opt-66b-submod-0-latency-25.cdgp
1704042500375174868,1704042509808283525,500,http://172.169.8.253:31112/function/opt-66b-submod-0-latency-25.cdgp
1704042500375275705,1704042509890844824,500,http://172.169.8.253:31112/function/opt-66b-submod-0-latency-25.cdgp
1704042500375358421,1704042509807634262,500,http://172.169.8.253:31112/function/opt-66b-submod-0-latency-25.cdgp
1704042500375438807,1704042502165300807,200,http://172.169.8.253:31112/function/opt-66b-submod-0-latency-25.cdgp
1704042500375528154,1704042502077515852,200,http://172.169.8.253:31112/function/opt-66b-submod-0-latency-25.cdgp
1704042500375601716,1704042502118447207,200,http://172.169.8.253:31112/function/opt-66b-submod-0-latency-25.cdgp
1704042500444425897,1704042502543990911,200,http://172.169.8.253:31112/function/opt-66b-submod-0-latency-25.cdgp
1704042500444515493,1704042510445541908,500,http://172.169.8.253:31112/function/opt-66b-submod-0-latency-25.cdgp
1704042500460596659,1704042502974846306,200,http://172.169.8.253:31112/function/opt-66b-submod-0-latency-25.cdgp
1704042500460704778,1704042502574732766,200,http://172.169.8.253:31112/function/opt-66b-submod-0-latency-25.cdgp
1704042500460805267,1704042502483242741,200,http://172.169.8.253:31112/function/opt-66b-submod-0-latency-25.cdgp
1704042500460865095,1704042502953719471,200,http://172.169.8.253:31112/function/opt-66b-submod-0-latency-25.cdgp
1704042500460931610,1704042502406542565,200,http://172.169.8.253:31112/function/opt-66b-submod-0-latency-25.cdgp
1704042500515661588,1704042502544569458,200,http://172.169.8.253:31112/function/opt-66b-submod-0-latency-25.cdgp
1704042500515715764,1704042510516480958,500,http://172.169.8.253:31112/function/opt-66b-submod-0-latency-25.cdgp
1704042500515813196,1704042502840851619,200,http://172.169.8.253:31112/function/opt-66b-submod-0-latency-25.cdgp
1704042500515929237,1704042510499786806,500,http://172.169.8.253:31112/function/opt-66b-submod-0-latency-25.cdgp
1704042500515979769,1704042503375249355,200,http://172.169.8.253:31112/function/opt-66b-submod-0-latency-25.cdgp
1704042500516051714,1704042510499401378,500,http://172.169.8.253:31112/function/opt-66b-submod-0-latency-25.cdgp
1704042500516076267,1704042502238652466,200,http://172.169.8.253:31112/function/opt-66b-submod-0-latency-25.cdgp
1704042500516166129,1704042503064001294,200,http://172.169.8.253:31112/function/opt-66b-submod-0-latency-25.cdgp
1704042500516232487,1704042510087733442,500,http://172.169.8.253:31112/function/opt-66b-submod-0-latency-25.cdgp
1704042500516272346,1704042502669700883,200,http://172.169.8.253:31112/function/opt-66b-submod-0-latency-25.cdgp
1704042500516358239,1704042510261784422,500,http://172.169.8.253:31112/function/opt-66b-submod-0-latency-25.cdgp
1704042500516393792,1704042510499515973,500,http://172.169.8.253:31112/function/opt-66b-submod-0-latency-25.cdgp
1704042500516484891,1704042503314585196,200,http://172.169.8.253:31112/function/opt-66b-submod-0-latency-25.cdgp
1704042500516547913,1704042510359652807,500,http://172.169.8.253:31112/function/opt-66b-submod-0-latency-25.cdgp
1704042500516605977,1704042510070180463,500,http://172.169.8.253:31112/function/opt-66b-submod-0-latency-25.cdgp
1704042500516673951,1704042510360480307,500,http://172.169.8.253:31112/function/opt-66b-submod-0-latency-25.cdgp
1704042500516765965,1704042502758736250,200,http://172.169.8.253:31112/function/opt-66b-submod-0-latency-25.cdgp
1704042500516835007,1704042510517727694,500,http://172.169.8.253:31112/function/opt-66b-submod-0-latency-25.cdgp
1704042500516895313,1704042510499596013,500,http://172.169.8.253:31112/function/opt-66b-submod-0-latency-25.cdgp
1704042500516964824,1704042502667860247,200,http://172.169.8.253:31112/function/opt-66b-submod-0-latency-25.cdgp
1704042500517013370,1704042510360169647,500,http://172.169.8.253:31112/function/opt-66b-submod-0-latency-25.cdgp
1704042500517089615,1704042503110966535,200,http://172.169.8.253:31112/function/opt-66b-submod-0-latency-25.cdgp
1704042500517171263,1704042510359541153,500,http://172.169.8.253:31112/function/opt-66b-submod-0-latency-25.cdgp
1704042500517231265,1704042510517695342,500,http://172.169.8.253:31112/function/opt-66b-submod-0-latency-25.cdgp
1704042500517325527,1704042510359665700,500,http://172.169.8.253:31112/function/opt-66b-submod-0-latency-25.cdgp
1704042500517473954,1704042510499494071,500,http://172.169.8.253:31112/function/opt-66b-submod-0-latency-25.cdgp
1704042500517534218,1704042503145053241,200,http://172.169.8.253:31112/function/opt-66b-submod-0-latency-25.cdgp
1704042500517623438,1704042502641680769,200,http://172.169.8.253:31112/function/opt-66b-submod-0-latency-25.cdgp
1704042500517701592,1704042510075038638,500,http://172.169.8.253:31112/function/opt-66b-submod-0-latency-25.cdgp
1704042500603146404,1704042510543469085,500,http://172.169.8.253:31112/function/opt-66b-submod-0-latency-25.cdgp
1704042500603235198,1704042502870425762,200,http://172.169.8.253:31112/function/opt-66b-submod-0-latency-25.cdgp
1704042500605621741,1704042510426834655,500,http://172.169.8.253:31112/function/opt-66b-submod-0-latency-25.cdgp
1704042500605719570,1704042503293195904,200,http://172.169.8.253:31112/function/opt-66b-submod-0-latency-25.cdgp
1704042500605856294,1704042510500202735,500,http://172.169.8.253:31112/function/opt-66b-submod-0-latency-25.cdgp
1704042500605921723,1704042502691858141,200,http://172.169.8.253:31112/function/opt-66b-submod-0-latency-25.cdgp
1704042500605967987,1704042510261665502,500,http://172.169.8.253:31112/function/opt-66b-submod-0-latency-25.cdgp
1704042500606046162,1704042510543574397,500,http://172.169.8.253:31112/function/opt-66b-submod-0-latency-25.cdgp
1704042500614665882,1704042510500006918,500,http://172.169.8.253:31112/function/opt-66b-submod-0-latency-25.cdgp
1704042500614785588,1704042502664751947,200,http://172.169.8.253:31112/function/opt-66b-submod-0-latency-25.cdgp
1704042500614929617,1704042502306699524,200,http://172.169.8.253:31112/function/opt-66b-submod-0-latency-25.cdgp
1704042500615008933,1704042503165169733,200,http://172.169.8.253:31112/function/opt-66b-submod-0-latency-25.cdgp
1704042500615114316,1704042510256745757,500,http://172.169.8.253:31112/function/opt-66b-submod-0-latency-25.cdgp
1704042500615198494,1704042503094286085,200,http://172.169.8.253:31112/function/opt-66b-submod-0-latency-25.cdgp
1704042500623954168,1704042510500221247,500,http://172.169.8.253:31112/function/opt-66b-submod-0-latency-25.cdgp
1704042500624052392,1704042502834634902,200,http://172.169.8.253:31112/function/opt-66b-submod-0-latency-25.cdgp
1704042500871915468,1704042510687384117,500,http://172.169.8.253:31112/function/opt-66b-submod-0-latency-25.cdgp
1704042500872070308,1704042503416815225,200,http://172.169.8.253:31112/function/opt-66b-submod-0-latency-25.cdgp
1704042500872171429,1704042510631095798,500,http://172.169.8.253:31112/function/opt-66b-submod-0-latency-25.cdgp
1704042500872236649,1704042502752710165,200,http://172.169.8.253:31112/function/opt-66b-submod-0-latency-25.cdgp
1704042500872303708,1704042503186532965,200,http://172.169.8.253:31112/function/opt-66b-submod-0-latency-25.cdgp
1704042500872335511,1704042503635929353,200,http://172.169.8.253:31112/function/opt-66b-submod-0-latency-25.cdgp
1704042500872423563,1704042510873723780,500,http://172.169.8.253:31112/function/opt-66b-submod-0-latency-25.cdgp
1704042500872478571,1704042502881146472,200,http://172.169.8.253:31112/function/opt-66b-submod-0-latency-25.cdgp
1704042500872545636,1704042510652058890,500,http://172.169.8.253:31112/function/opt-66b-submod-0-latency-25.cdgp
1704042500872580784,1704042510646072619,500,http://172.169.8.253:31112/function/opt-66b-submod-0-latency-25.cdgp
1704042500872642929,1704042503003714637,200,http://172.169.8.253:31112/function/opt-66b-submod-0-latency-25.cdgp
1704042500872730871,1704042510646735444,500,http://172.169.8.253:31112/function/opt-66b-submod-0-latency-25.cdgp
1704042500872787786,1704042503493430618,200,http://172.169.8.253:31112/function/opt-66b-submod-0-latency-25.cdgp
1704042500872860258,1704042510647595365,500,http://172.169.8.253:31112/function/opt-66b-submod-0-latency-25.cdgp
1704042500872925361,1704042510873715786,500,http://172.169.8.253:31112/function/opt-66b-submod-0-latency-25.cdgp
1704042500872968530,1704042510683866573,500,http://172.169.8.253:31112/function/opt-66b-submod-0-latency-25.cdgp
1704042500873052069,1704042510692293549,500,http://172.169.8.253:31112/function/opt-66b-submod-0-latency-25.cdgp
1704042500873078830,1704042503393038087,200,http://172.169.8.253:31112/function/opt-66b-submod-0-latency-25.cdgp
1704042500873136701,1704042503446703107,200,http://172.169.8.253:31112/function/opt-66b-submod-0-latency-25.cdgp
1704042500873250709,1704042510646815069,500,http://172.169.8.253:31112/function/opt-66b-submod-0-latency-25.cdgp
1704042500873326624,1704042510873694262,500,http://172.169.8.253:31112/function/opt-66b-submod-0-latency-25.cdgp
1704042500873469904,1704042510683435768,500,http://172.169.8.253:31112/function/opt-66b-submod-0-latency-25.cdgp
1704042500873521843,1704042503488592957,200,http://172.169.8.253:31112/function/opt-66b-submod-0-latency-25.cdgp
1704042500873575610,1704042510656928307,500,http://172.169.8.253:31112/function/opt-66b-submod-0-latency-25.cdgp
1704042500873647919,1704042502936232701,200,http://172.169.8.253:31112/function/opt-66b-submod-0-latency-25.cdgp
1704042500873713327,1704042503296427882,200,http://172.169.8.253:31112/function/opt-66b-submod-0-latency-25.cdgp
1704042500873814689,1704042503435377866,200,http://172.169.8.253:31112/function/opt-66b-submod-0-latency-25.cdgp
1704042500877748832,1704042510647599730,500,http://172.169.8.253:31112/function/opt-66b-submod-0-latency-25.cdgp
1704042500887003673,1704042510888145230,500,http://172.169.8.253:31112/function/opt-66b-submod-0-latency-25.cdgp
1704042500887078251,1704042503520986576,200,http://172.169.8.253:31112/function/opt-66b-submod-0-latency-25.cdgp
1704042500887160178,1704042503301072305,200,http://172.169.8.253:31112/function/opt-66b-submod-0-latency-25.cdgp
1704042500887255595,1704042510887944664,500,http://172.169.8.253:31112/function/opt-66b-submod-0-latency-25.cdgp
1704042500887361225,1704042510888168911,500,http://172.169.8.253:31112/function/opt-66b-submod-0-latency-25.cdgp
1704042500887451747,1704042503152080285,200,http://172.169.8.253:31112/function/opt-66b-submod-0-latency-25.cdgp
1704042500887535656,1704042510688193699,500,http://172.169.8.253:31112/function/opt-66b-submod-0-latency-25.cdgp
1704042501379860773,1704042510793930164,500,http://172.169.8.253:31112/function/opt-66b-submod-0-latency-25.cdgp
1704042501380045229,1704042503451515981,200,http://172.169.8.253:31112/function/opt-66b-submod-0-latency-25.cdgp
1704042502970499795,1704042504104670908,200,http://172.169.8.253:31112/function/opt-66b-submod-0-latency-25.cdgp
1704042502970677662,1704042511952630936,500,http://172.169.8.253:31112/function/opt-66b-submod-0-latency-25.cdgp
1704042502970748784,1704042504079525098,200,http://172.169.8.253:31112/function/opt-66b-submod-0-latency-25.cdgp
1704042502970848134,1704042503894586055,200,http://172.169.8.253:31112/function/opt-66b-submod-0-latency-25.cdgp
1704042502970926834,1704042503847840983,200,http://172.169.8.253:31112/function/opt-66b-submod-0-latency-25.cdgp
1704042504732124556,1704042506019455537,200,http://172.169.8.253:31112/function/opt-66b-submod-0-latency-25.cdgp
1704042504732265213,1704042505922046542,200,http://172.169.8.253:31112/function/opt-66b-submod-0-latency-25.cdgp
1704042504732359980,1704042513792103386,500,http://172.169.8.253:31112/function/opt-66b-submod-0-latency-25.cdgp
1704042504732440989,1704042513884331556,500,http://172.169.8.253:31112/function/opt-66b-submod-0-latency-25.cdgp
1704042504732510612,1704042505837900469,200,http://172.169.8.253:31112/function/opt-66b-submod-0-latency-25.cdgp
1704042504732538515,1704042514105174240,500,http://172.169.8.253:31112/function/opt-66b-submod-0-latency-25.cdgp
1704042504732623060,1704042505785076000,200,http://172.169.8.253:31112/function/opt-66b-submod-0-latency-25.cdgp
1704042504732698735,1704042513940566863,500,http://172.169.8.253:31112/function/opt-66b-submod-0-latency-25.cdgp
1704042504732760927,1704042514108674576,500,http://172.169.8.253:31112/function/opt-66b-submod-0-latency-25.cdgp
1704042504732851669,1704042514102536562,500,http://172.169.8.253:31112/function/opt-66b-submod-0-latency-25.cdgp
1704042504732906180,1704042505644850630,200,http://172.169.8.253:31112/function/opt-66b-submod-0-latency-25.cdgp
1704042504732984609,1704042513979412036,500,http://172.169.8.253:31112/function/opt-66b-submod-0-latency-25.cdgp
1704042504733038748,1704042513819042575,500,http://172.169.8.253:31112/function/opt-66b-submod-0-latency-25.cdgp
1704042504733110532,1704042513878812426,500,http://172.169.8.253:31112/function/opt-66b-submod-0-latency-25.cdgp
1704042504733183205,1704042513817007801,500,http://172.169.8.253:31112/function/opt-66b-submod-0-latency-25.cdgp
1704042504733213660,1704042514106865277,500,http://172.169.8.253:31112/function/opt-66b-submod-0-latency-25.cdgp
1704042504733328673,1704042513959819205,500,http://172.169.8.253:31112/function/opt-66b-submod-0-latency-25.cdgp
1704042504733427218,1704042506048669372,200,http://172.169.8.253:31112/function/opt-66b-submod-0-latency-25.cdgp
1704042504733461360,1704042513962668914,500,http://172.169.8.253:31112/function/opt-66b-submod-0-latency-25.cdgp
1704042504733535714,1704042513961684861,500,http://172.169.8.253:31112/function/opt-66b-submod-0-latency-25.cdgp
1704042504733605258,1704042514103212717,500,http://172.169.8.253:31112/function/opt-66b-submod-0-latency-25.cdgp
1704042504733670832,1704042513969114393,500,http://172.169.8.253:31112/function/opt-66b-submod-0-latency-25.cdgp
1704042505665870950,1704042514579605017,500,http://172.169.8.253:31112/function/opt-66b-submod-0-latency-25.cdgp
1704042505673756413,1704042514811223328,500,http://172.169.8.253:31112/function/opt-66b-submod-0-latency-25.cdgp
1704042505673912525,1704042506592813089,200,http://172.169.8.253:31112/function/opt-66b-submod-0-latency-25.cdgp
1704042505674029921,1704042506763269029,200,http://172.169.8.253:31112/function/opt-66b-submod-0-latency-25.cdgp
1704042505674077241,1704042506657116523,200,http://172.169.8.253:31112/function/opt-66b-submod-0-latency-25.cdgp
1704042505674173523,1704042514776962881,500,http://172.169.8.253:31112/function/opt-66b-submod-0-latency-25.cdgp
1704042505674234050,1704042514825485945,500,http://172.169.8.253:31112/function/opt-66b-submod-0-latency-25.cdgp
1704042505674332627,1704042514857173675,500,http://172.169.8.253:31112/function/opt-66b-submod-0-latency-25.cdgp
1704042505674457016,1704042506970937821,200,http://172.169.8.253:31112/function/opt-66b-submod-0-latency-25.cdgp
1704042505674531699,1704042506717072961,200,http://172.169.8.253:31112/function/opt-66b-submod-0-latency-25.cdgp
1704042505674601397,1704042506460531467,200,http://172.169.8.253:31112/function/opt-66b-submod-0-latency-25.cdgp
1704042505674715282,1704042506657685925,200,http://172.169.8.253:31112/function/opt-66b-submod-0-latency-25.cdgp
1704042505674781329,1704042514720209818,500,http://172.169.8.253:31112/function/opt-66b-submod-0-latency-25.cdgp
1704042505674813880,1704042514831637250,500,http://172.169.8.253:31112/function/opt-66b-submod-0-latency-25.cdgp
1704042505674901515,1704042506859514221,200,http://172.169.8.253:31112/function/opt-66b-submod-0-latency-25.cdgp
1704042505674972053,1704042514820098390,500,http://172.169.8.253:31112/function/opt-66b-submod-0-latency-25.cdgp
1704042505675001930,1704042514823273970,500,http://172.169.8.253:31112/function/opt-66b-submod-0-latency-25.cdgp
1704042505675104858,1704042506868263886,200,http://172.169.8.253:31112/function/opt-66b-submod-0-latency-25.cdgp
1704042505683614283,1704042506706424503,200,http://172.169.8.253:31112/function/opt-66b-submod-0-latency-25.cdgp
1704042506768956957,1704042507659396435,200,http://172.169.8.253:31112/function/opt-66b-submod-0-latency-25.cdgp
1704042506769050561,1704042515924306491,500,http://172.169.8.253:31112/function/opt-66b-submod-0-latency-25.cdgp
1704042506769165986,1704042516025530129,500,http://172.169.8.253:31112/function/opt-66b-submod-0-latency-25.cdgp
1704042506769236442,1704042507710603164,200,http://172.169.8.253:31112/function/opt-66b-submod-0-latency-25.cdgp
1704042506769287905,1704042507687034042,200,http://172.169.8.253:31112/function/opt-66b-submod-0-latency-25.cdgp
1704042506769375757,1704042507783067387,200,http://172.169.8.253:31112/function/opt-66b-submod-0-latency-25.cdgp
1704042506784219759,1704042516021440879,500,http://172.169.8.253:31112/function/opt-66b-submod-0-latency-25.cdgp
1704042506784268609,1704042516021441601,500,http://172.169.8.253:31112/function/opt-66b-submod-0-latency-25.cdgp
1704042506784365103,1704042507714267158,200,http://172.169.8.253:31112/function/opt-66b-submod-0-latency-25.cdgp
1704042506784421940,1704042507708890113,200,http://172.169.8.253:31112/function/opt-66b-submod-0-latency-25.cdgp
1704042506784504313,1704042515924449670,500,http://172.169.8.253:31112/function/opt-66b-submod-0-latency-25.cdgp
1704042506823878226,1704042516059405228,500,http://172.169.8.253:31112/function/opt-66b-submod-0-latency-25.cdgp
1704042506823961845,1704042516283578485,500,http://172.169.8.253:31112/function/opt-66b-submod-0-latency-25.cdgp
1704042506824000096,1704042516025645095,500,http://172.169.8.253:31112/function/opt-66b-submod-0-latency-25.cdgp
1704042506824101527,1704042516021807574,500,http://172.169.8.253:31112/function/opt-66b-submod-0-latency-25.cdgp
1704042506824160953,1704042507844307983,200,http://172.169.8.253:31112/function/opt-66b-submod-0-latency-25.cdgp
1704042506824242504,1704042508218341534,200,http://172.169.8.253:31112/function/opt-66b-submod-0-latency-25.cdgp
1704042506824526342,1704042508214736661,200,http://172.169.8.253:31112/function/opt-66b-submod-0-latency-25.cdgp
1704042506824654202,1704042508387257651,200,http://172.169.8.253:31112/function/opt-66b-submod-0-latency-25.cdgp
1704042506824742588,1704042516175364980,500,http://172.169.8.253:31112/function/opt-66b-submod-0-latency-25.cdgp
1704042506824823942,1704042516284028407,500,http://172.169.8.253:31112/function/opt-66b-submod-0-latency-25.cdgp
1704042506824909091,1704042507913773967,200,http://172.169.8.253:31112/function/opt-66b-submod-0-latency-25.cdgp
1704042506824941915,1704042508387590111,200,http://172.169.8.253:31112/function/opt-66b-submod-0-latency-25.cdgp
1704042506825026233,1704042516014538885,500,http://172.169.8.253:31112/function/opt-66b-submod-0-latency-25.cdgp
1704042506860481489,1704042516055364115,500,http://172.169.8.253:31112/function/opt-66b-submod-0-latency-25.cdgp
1704042506860569133,1704042508025549635,200,http://172.169.8.253:31112/function/opt-66b-submod-0-latency-25.cdgp
1704042506893783783,1704042507967443723,200,http://172.169.8.253:31112/function/opt-66b-submod-0-latency-25.cdgp
1704042506893863641,1704042516331520397,500,http://172.169.8.253:31112/function/opt-66b-submod-0-latency-25.cdgp
1704042507101362705,1704042516299751826,500,http://172.169.8.253:31112/function/opt-66b-submod-0-latency-25.cdgp
1704042507101445869,1704042516215516967,500,http://172.169.8.253:31112/function/opt-66b-submod-0-latency-25.cdgp
1704042507101890375,1704042516172916671,500,http://172.169.8.253:31112/function/opt-66b-submod-0-latency-25.cdgp
1704042507119914738,1704042516300277499,500,http://172.169.8.253:31112/function/opt-66b-submod-0-latency-25.cdgp
1704042507119997083,1704042507947476952,200,http://172.169.8.253:31112/function/opt-66b-submod-0-latency-25.cdgp
1704042507120110581,1704042516375119681,500,http://172.169.8.253:31112/function/opt-66b-submod-0-latency-25.cdgp
1704042507120174648,1704042516172311249,500,http://172.169.8.253:31112/function/opt-66b-submod-0-latency-25.cdgp
1704042507120200872,1704042516375468704,500,http://172.169.8.253:31112/function/opt-66b-submod-0-latency-25.cdgp
1704042508035851188,1704042509813762664,200,http://172.169.8.253:31112/function/opt-66b-submod-0-latency-25.cdgp
1704042508036103793,1704042508668227873,200,http://172.169.8.253:31112/function/opt-66b-submod-0-latency-25.cdgp
1704042508036204976,1704042517311112402,500,http://172.169.8.253:31112/function/opt-66b-submod-0-latency-25.cdgp
1704042508036288998,1704042511427035704,200,http://172.169.8.253:31112/function/opt-66b-submod-0-latency-25.cdgp
1704042508036377979,1704042509445298085,200,http://172.169.8.253:31112/function/opt-66b-submod-0-latency-25.cdgp
1704042508036442232,1704042517801724555,500,http://172.169.8.253:31112/function/opt-66b-submod-0-latency-25.cdgp
1704042508036518003,1704042517238126031,500,http://172.169.8.253:31112/function/opt-66b-submod-0-latency-25.cdgp
1704042508036593105,1704042517904117363,500,http://172.169.8.253:31112/function/opt-66b-submod-0-latency-25.cdgp
1704042508036685420,1704042517380248746,500,http://172.169.8.253:31112/function/opt-66b-submod-0-latency-25.cdgp
1704042508036759932,1704042517249401249,500,http://172.169.8.253:31112/function/opt-66b-submod-0-latency-25.cdgp
1704042508036769201,1704042509009374575,200,http://172.169.8.253:31112/function/opt-66b-submod-0-latency-25.cdgp
1704042508036840955,1704042517898343213,500,http://172.169.8.253:31112/function/opt-66b-submod-0-latency-25.cdgp
1704042508036920828,1704042517905831479,500,http://172.169.8.253:31112/function/opt-66b-submod-0-latency-25.cdgp
1704042508036960659,1704042510359635724,200,http://172.169.8.253:31112/function/opt-66b-submod-0-latency-25.cdgp
1704042508037042762,1704042517123364843,500,http://172.169.8.253:31112/function/opt-66b-submod-0-latency-25.cdgp
1704042508037139970,1704042510869151637,200,http://172.169.8.253:31112/function/opt-66b-submod-0-latency-25.cdgp
1704042508037228130,1704042511200598741,200,http://172.169.8.253:31112/function/opt-66b-submod-0-latency-25.cdgp
1704042508037338453,1704042509813591931,200,http://172.169.8.253:31112/function/opt-66b-submod-0-latency-25.cdgp
1704042508037410849,1704042510427229497,200,http://172.169.8.253:31112/function/opt-66b-submod-0-latency-25.cdgp
1704042508037495448,1704042517239833493,500,http://172.169.8.253:31112/function/opt-66b-submod-0-latency-25.cdgp
1704042508037577424,1704042510427231067,200,http://172.169.8.253:31112/function/opt-66b-submod-0-latency-25.cdgp
1704042508037643546,1704042517727606303,500,http://172.169.8.253:31112/function/opt-66b-submod-0-latency-25.cdgp
1704042508037718056,1704042517897647172,500,http://172.169.8.253:31112/function/opt-66b-submod-0-latency-25.cdgp
1704042508037782473,1704042518039125024,500,http://172.169.8.253:31112/function/opt-66b-submod-0-latency-25.cdgp
1704042508037894641,1704042509507601130,200,http://172.169.8.253:31112/function/opt-66b-submod-0-latency-25.cdgp
1704042508037989364,1704042518039020454,500,http://172.169.8.253:31112/function/opt-66b-submod-0-latency-25.cdgp
1704042508038069193,1704042510427406010,200,http://172.169.8.253:31112/function/opt-66b-submod-0-latency-25.cdgp
1704042508038142094,1704042511543573622,200,http://172.169.8.253:31112/function/opt-66b-submod-0-latency-25.cdgp
1704042508038209990,1704042509811036617,200,http://172.169.8.253:31112/function/opt-66b-submod-0-latency-25.cdgp
1704042508038290477,1704042517611966829,500,http://172.169.8.253:31112/function/opt-66b-submod-0-latency-25.cdgp
1704042508038372521,1704042517857104405,500,http://172.169.8.253:31112/function/opt-66b-submod-0-latency-25.cdgp
1704042508038458577,1704042510325559129,200,http://172.169.8.253:31112/function/opt-66b-submod-0-latency-25.cdgp
1704042508038541118,1704042510935384420,200,http://172.169.8.253:31112/function/opt-66b-submod-0-latency-25.cdgp
1704042508038620444,1704042513106122803,200,http://172.169.8.253:31112/function/opt-66b-submod-0-latency-25.cdgp
1704042508038695039,1704042518039012541,500,http://172.169.8.253:31112/function/opt-66b-submod-0-latency-25.cdgp
1704042508038752717,1704042517802042019,500,http://172.169.8.253:31112/function/opt-66b-submod-0-latency-25.cdgp
1704042508038845879,1704042510090247056,200,http://172.169.8.253:31112/function/opt-66b-submod-0-latency-25.cdgp
1704042508038926349,1704042517934444638,500,http://172.169.8.253:31112/function/opt-66b-submod-0-latency-25.cdgp
1704042508039010172,1704042511322825401,200,http://172.169.8.253:31112/function/opt-66b-submod-0-latency-25.cdgp
1704042508039104483,1704042510868139110,200,http://172.169.8.253:31112/function/opt-66b-submod-0-latency-25.cdgp
1704042508039162515,1704042510038396401,200,http://172.169.8.253:31112/function/opt-66b-submod-0-latency-25.cdgp
1704042508039221849,1704042510868244274,200,http://172.169.8.253:31112/function/opt-66b-submod-0-latency-25.cdgp
1704042508039297217,1704042517933908155,500,http://172.169.8.253:31112/function/opt-66b-submod-0-latency-25.cdgp
1704042508039344656,1704042518040273679,500,http://172.169.8.253:31112/function/opt-66b-submod-0-latency-25.cdgp
1704042508039430831,1704042511324258301,200,http://172.169.8.253:31112/function/opt-66b-submod-0-latency-25.cdgp
1704042508039493363,1704042511619585407,200,http://172.169.8.253:31112/function/opt-66b-submod-0-latency-25.cdgp
1704042508039569592,1704042510427074087,200,http://172.169.8.253:31112/function/opt-66b-submod-0-latency-25.cdgp
1704042508039631413,1704042518040174970,500,http://172.169.8.253:31112/function/opt-66b-submod-0-latency-25.cdgp
1704042508039706523,1704042509866922171,200,http://172.169.8.253:31112/function/opt-66b-submod-0-latency-25.cdgp
1704042508039784824,1704042511488698200,200,http://172.169.8.253:31112/function/opt-66b-submod-0-latency-25.cdgp
1704042508039886829,1704042510836272159,200,http://172.169.8.253:31112/function/opt-66b-submod-0-latency-25.cdgp
1704042508039978307,1704042517608783717,500,http://172.169.8.253:31112/function/opt-66b-submod-0-latency-25.cdgp
1704042508040069879,1704042518040270889,500,http://172.169.8.253:31112/function/opt-66b-submod-0-latency-25.cdgp
1704042508040150702,1704042510260608031,200,http://172.169.8.253:31112/function/opt-66b-submod-0-latency-25.cdgp
1704042508040226923,1704042518040380588,500,http://172.169.8.253:31112/function/opt-66b-submod-0-latency-25.cdgp
1704042508040290796,1704042509810664211,200,http://172.169.8.253:31112/function/opt-66b-submod-0-latency-25.cdgp
1704042508040374016,1704042517932209321,500,http://172.169.8.253:31112/function/opt-66b-submod-0-latency-25.cdgp
1704042508040447135,1704042511320841559,200,http://172.169.8.253:31112/function/opt-66b-submod-0-latency-25.cdgp
1704042508040522758,1704042510256544325,200,http://172.169.8.253:31112/function/opt-66b-submod-0-latency-25.cdgp
1704042508040581041,1704042517902348588,500,http://172.169.8.253:31112/function/opt-66b-submod-0-latency-25.cdgp
1704042508040640208,1704042509813682437,200,http://172.169.8.253:31112/function/opt-66b-submod-0-latency-25.cdgp
1704042508040741432,1704042518041283446,500,http://172.169.8.253:31112/function/opt-66b-submod-0-latency-25.cdgp
1704042508040815913,1704042517609971210,500,http://172.169.8.253:31112/function/opt-66b-submod-0-latency-25.cdgp
1704042508040867945,1704042510868751306,200,http://172.169.8.253:31112/function/opt-66b-submod-0-latency-25.cdgp
1704042508040915724,1704042510110667960,200,http://172.169.8.253:31112/function/opt-66b-submod-0-latency-25.cdgp
1704042508040973602,1704042517933093354,500,http://172.169.8.253:31112/function/opt-66b-submod-0-latency-25.cdgp
1704042508041068685,1704042509407262516,200,http://172.169.8.253:31112/function/opt-66b-submod-0-latency-25.cdgp
1704042508041188665,1704042517904412215,500,http://172.169.8.253:31112/function/opt-66b-submod-0-latency-25.cdgp
1704042508041252973,1704042518041365320,500,http://172.169.8.253:31112/function/opt-66b-submod-0-latency-25.cdgp
1704042508225002327,1704042518226186617,500,http://172.169.8.253:31112/function/opt-66b-submod-0-latency-25.cdgp
1704042508225090931,1704042517979438842,500,http://172.169.8.253:31112/function/opt-66b-submod-0-latency-25.cdgp
1704042508225161106,1704042518226183272,500,http://172.169.8.253:31112/function/opt-66b-submod-0-latency-25.cdgp
1704042508225184014,1704042518124756625,500,http://172.169.8.253:31112/function/opt-66b-submod-0-latency-25.cdgp
1704042508225248521,1704042518127176359,500,http://172.169.8.253:31112/function/opt-66b-submod-0-latency-25.cdgp
1704042508258730611,1704042518125298521,500,http://172.169.8.253:31112/function/opt-66b-submod-0-latency-25.cdgp
1704042508330545083,1704042518194069162,500,http://172.169.8.253:31112/function/opt-66b-submod-0-latency-25.cdgp
1704042508330629192,1704042517935038752,500,http://172.169.8.253:31112/function/opt-66b-submod-0-latency-25.cdgp
1704042508330714369,1704042518121894012,500,http://172.169.8.253:31112/function/opt-66b-submod-0-latency-25.cdgp
1704042508330777244,1704042511698757148,200,http://172.169.8.253:31112/function/opt-66b-submod-0-latency-25.cdgp
1704042508330858800,1704042518126724344,500,http://172.169.8.253:31112/function/opt-66b-submod-0-latency-25.cdgp
1704042508330903323,1704042510257310016,200,http://172.169.8.253:31112/function/opt-66b-submod-0-latency-25.cdgp
1704042508706142412,1704042511617489935,200,http://172.169.8.253:31112/function/opt-66b-submod-0-latency-25.cdgp
1704042508706228535,1704042511153617880,200,http://172.169.8.253:31112/function/opt-66b-submod-0-latency-25.cdgp
1704042508706320693,1704042518308247264,500,http://172.169.8.253:31112/function/opt-66b-submod-0-latency-25.cdgp
1704042508706391984,1704042511429137288,200,http://172.169.8.253:31112/function/opt-66b-submod-0-latency-25.cdgp
1704042508706493458,1704042518285251502,500,http://172.169.8.253:31112/function/opt-66b-submod-0-latency-25.cdgp
1704042508706558663,1704042513074716000,200,http://172.169.8.253:31112/function/opt-66b-submod-0-latency-25.cdgp
1704042508706622961,1704042512643605401,200,http://172.169.8.253:31112/function/opt-66b-submod-0-latency-25.cdgp
1704042508706643213,1704042518280313249,500,http://172.169.8.253:31112/function/opt-66b-submod-0-latency-25.cdgp
1704042508706748992,1704042511471207046,200,http://172.169.8.253:31112/function/opt-66b-submod-0-latency-25.cdgp
1704042508882380749,1704042518392068321,500,http://172.169.8.253:31112/function/opt-66b-submod-0-latency-25.cdgp
1704042508900431594,1704042512444629810,200,http://172.169.8.253:31112/function/opt-66b-submod-0-latency-25.cdgp
1704042508900515979,1704042518394442021,500,http://172.169.8.253:31112/function/opt-66b-submod-0-latency-25.cdgp
1704042508900640554,1704042518328348916,500,http://172.169.8.253:31112/function/opt-66b-submod-0-latency-25.cdgp
1704042508900712740,1704042518519718708,500,http://172.169.8.253:31112/function/opt-66b-submod-0-latency-25.cdgp
1704042508900745179,1704042518431363670,500,http://172.169.8.253:31112/function/opt-66b-submod-0-latency-25.cdgp
1704042508900848573,1704042518284435621,500,http://172.169.8.253:31112/function/opt-66b-submod-0-latency-25.cdgp
1704042508900974719,1704042511584956651,200,http://172.169.8.253:31112/function/opt-66b-submod-0-latency-25.cdgp
1704042508901061078,1704042518390758468,500,http://172.169.8.253:31112/function/opt-66b-submod-0-latency-25.cdgp
1704042508901118160,1704042518518879563,500,http://172.169.8.253:31112/function/opt-66b-submod-0-latency-25.cdgp
1704042508901165351,1704042511154146889,200,http://172.169.8.253:31112/function/opt-66b-submod-0-latency-25.cdgp
1704042508902998950,1704042511183697179,200,http://172.169.8.253:31112/function/opt-66b-submod-0-latency-25.cdgp
1704042508903069725,1704042518429182094,500,http://172.169.8.253:31112/function/opt-66b-submod-0-latency-25.cdgp
1704042508903087225,1704042518534911747,500,http://172.169.8.253:31112/function/opt-66b-submod-0-latency-25.cdgp
1704042508903169457,1704042518517166081,500,http://172.169.8.253:31112/function/opt-66b-submod-0-latency-25.cdgp
1704042508903249199,1704042512514971543,200,http://172.169.8.253:31112/function/opt-66b-submod-0-latency-25.cdgp
1704042508903326244,1704042511618587366,200,http://172.169.8.253:31112/function/opt-66b-submod-0-latency-25.cdgp
1704042508903411575,1704042511541501427,200,http://172.169.8.253:31112/function/opt-66b-submod-0-latency-25.cdgp
1704042508903490895,1704042511184870459,200,http://172.169.8.253:31112/function/opt-66b-submod-0-latency-25.cdgp
1704042508903553136,1704042518387961169,500,http://172.169.8.253:31112/function/opt-66b-submod-0-latency-25.cdgp
1704042508903628036,1704042511365165673,200,http://172.169.8.253:31112/function/opt-66b-submod-0-latency-25.cdgp
1704042508903718915,1704042511488282149,200,http://172.169.8.253:31112/function/opt-66b-submod-0-latency-25.cdgp
1704042508903860200,1704042518416968379,500,http://172.169.8.253:31112/function/opt-66b-submod-0-latency-25.cdgp
1704042508903913104,1704042518534903779,500,http://172.169.8.253:31112/function/opt-66b-submod-0-latency-25.cdgp
1704042508903999120,1704042511485874333,200,http://172.169.8.253:31112/function/opt-66b-submod-0-latency-25.cdgp
1704042508904073931,1704042512444636951,200,http://172.169.8.253:31112/function/opt-66b-submod-0-latency-25.cdgp
1704042508904160641,1704042518534646418,500,http://172.169.8.253:31112/function/opt-66b-submod-0-latency-25.cdgp
1704042508905498702,1704042518516734380,500,http://172.169.8.253:31112/function/opt-66b-submod-0-latency-25.cdgp
1704042508905596083,1704042518419659626,500,http://172.169.8.253:31112/function/opt-66b-submod-0-latency-25.cdgp
1704042508905833617,1704042511157870535,200,http://172.169.8.253:31112/function/opt-66b-submod-0-latency-25.cdgp
1704042509706687455,1704042518999860744,500,http://172.169.8.253:31112/function/opt-66b-submod-0-latency-25.cdgp
1704042509706851729,1704042518707683894,500,http://172.169.8.253:31112/function/opt-66b-submod-0-latency-25.cdgp
1704042509707000558,1704042518799469165,500,http://172.169.8.253:31112/function/opt-66b-submod-0-latency-25.cdgp
1704042509707087417,1704042519230411427,500,http://172.169.8.253:31112/function/opt-66b-submod-0-latency-25.cdgp
1704042509707128024,1704042511187127302,200,http://172.169.8.253:31112/function/opt-66b-submod-0-latency-25.cdgp
1704042509707188443,1704042512741169257,200,http://172.169.8.253:31112/function/opt-66b-submod-0-latency-25.cdgp
1704042509707248542,1704042518971737961,500,http://172.169.8.253:31112/function/opt-66b-submod-0-latency-25.cdgp
1704042509707341716,1704042519033366056,500,http://172.169.8.253:31112/function/opt-66b-submod-0-latency-25.cdgp
1704042509707422380,1704042518756485600,500,http://172.169.8.253:31112/function/opt-66b-submod-0-latency-25.cdgp
1704042509707511610,1704042518868129536,500,http://172.169.8.253:31112/function/opt-66b-submod-0-latency-25.cdgp
1704042509707665857,1704042511534615972,200,http://172.169.8.253:31112/function/opt-66b-submod-0-latency-25.cdgp
1704042509707847616,1704042518878384468,500,http://172.169.8.253:31112/function/opt-66b-submod-0-latency-25.cdgp
1704042509707980594,1704042511917122992,200,http://172.169.8.253:31112/function/opt-66b-submod-0-latency-25.cdgp
1704042509708063200,1704042519033964614,500,http://172.169.8.253:31112/function/opt-66b-submod-0-latency-25.cdgp
1704042509708150085,1704042519030223903,500,http://172.169.8.253:31112/function/opt-66b-submod-0-latency-25.cdgp
1704042509708276551,1704042511270430924,200,http://172.169.8.253:31112/function/opt-66b-submod-0-latency-25.cdgp
1704042509708366025,1704042512515346939,200,http://172.169.8.253:31112/function/opt-66b-submod-0-latency-25.cdgp
1704042509708469362,1704042519014321201,500,http://172.169.8.253:31112/function/opt-66b-submod-0-latency-25.cdgp
1704042509708539443,1704042511779057712,200,http://172.169.8.253:31112/function/opt-66b-submod-0-latency-25.cdgp
1704042509708610305,1704042518939111772,500,http://172.169.8.253:31112/function/opt-66b-submod-0-latency-25.cdgp
1704042509708691087,1704042511877361721,200,http://172.169.8.253:31112/function/opt-66b-submod-0-latency-25.cdgp
1704042509708764043,1704042518986624674,500,http://172.169.8.253:31112/function/opt-66b-submod-0-latency-25.cdgp
1704042509708819997,1704042513642847095,200,http://172.169.8.253:31112/function/opt-66b-submod-0-latency-25.cdgp
1704042509708882035,1704042511871733516,200,http://172.169.8.253:31112/function/opt-66b-submod-0-latency-25.cdgp
1704042509708946623,1704042519029369709,500,http://172.169.8.253:31112/function/opt-66b-submod-0-latency-25.cdgp
1704042509709047618,1704042519041039064,500,http://172.169.8.253:31112/function/opt-66b-submod-0-latency-25.cdgp
1704042509709097139,1704042512643655475,200,http://172.169.8.253:31112/function/opt-66b-submod-0-latency-25.cdgp
1704042509709168403,1704042519134727924,500,http://172.169.8.253:31112/function/opt-66b-submod-0-latency-25.cdgp
1704042509709260460,1704042518867185137,500,http://172.169.8.253:31112/function/opt-66b-submod-0-latency-25.cdgp
1704042509709346197,1704042519605657140,500,http://172.169.8.253:31112/function/opt-66b-submod-0-latency-25.cdgp
1704042509709415776,1704042511494072125,200,http://172.169.8.253:31112/function/opt-66b-submod-0-latency-25.cdgp
1704042509709500726,1704042519044929964,500,http://172.169.8.253:31112/function/opt-66b-submod-0-latency-25.cdgp
1704042509726601525,1704042519404945842,500,http://172.169.8.253:31112/function/opt-66b-submod-0-latency-25.cdgp
1704042509726688487,1704042513602164624,200,http://172.169.8.253:31112/function/opt-66b-submod-0-latency-25.cdgp
1704042509844304527,1704042513647110612,200,http://172.169.8.253:31112/function/opt-66b-submod-0-latency-25.cdgp
1704042509844411716,1704042513687591140,200,http://172.169.8.253:31112/function/opt-66b-submod-0-latency-25.cdgp
1704042509844523373,1704042511888455739,200,http://172.169.8.253:31112/function/opt-66b-submod-0-latency-25.cdgp
1704042509844591847,1704042512739611846,200,http://172.169.8.253:31112/function/opt-66b-submod-0-latency-25.cdgp
1704042509844680919,1704042512622746353,200,http://172.169.8.253:31112/function/opt-66b-submod-0-latency-25.cdgp
1704042509844775477,1704042519343142115,500,http://172.169.8.253:31112/function/opt-66b-submod-0-latency-25.cdgp
1704042509844854077,1704042513214668850,200,http://172.169.8.253:31112/function/opt-66b-submod-0-latency-25.cdgp
1704042509844917313,1704042511936035685,200,http://172.169.8.253:31112/function/opt-66b-submod-0-latency-25.cdgp
1704042509845009113,1704042512239394227,200,http://172.169.8.253:31112/function/opt-66b-submod-0-latency-25.cdgp
1704042509845092776,1704042519227346070,500,http://172.169.8.253:31112/function/opt-66b-submod-0-latency-25.cdgp
1704042509845187798,1704042519607875776,500,http://172.169.8.253:31112/function/opt-66b-submod-0-latency-25.cdgp
1704042509845236298,1704042512253318313,200,http://172.169.8.253:31112/function/opt-66b-submod-0-latency-25.cdgp
1704042509845281704,1704042514203339532,200,http://172.169.8.253:31112/function/opt-66b-submod-0-latency-25.cdgp
1704042509845364263,1704042519606468754,500,http://172.169.8.253:31112/function/opt-66b-submod-0-latency-25.cdgp
1704042509845442583,1704042519443476841,500,http://172.169.8.253:31112/function/opt-66b-submod-0-latency-25.cdgp
1704042509845520977,1704042513600754069,200,http://172.169.8.253:31112/function/opt-66b-submod-0-latency-25.cdgp
1704042509845585271,1704042512735098966,200,http://172.169.8.253:31112/function/opt-66b-submod-0-latency-25.cdgp
1704042509845652057,1704042512962380791,200,http://172.169.8.253:31112/function/opt-66b-submod-0-latency-25.cdgp
1704042509845668229,1704042519202127138,500,http://172.169.8.253:31112/function/opt-66b-submod-0-latency-25.cdgp
1704042509845784674,1704042519266068753,500,http://172.169.8.253:31112/function/opt-66b-submod-0-latency-25.cdgp
1704042509845886989,1704042513684954790,200,http://172.169.8.253:31112/function/opt-66b-submod-0-latency-25.cdgp
1704042509845960707,1704042519479390619,500,http://172.169.8.253:31112/function/opt-66b-submod-0-latency-25.cdgp
1704042510027363837,1704042519606368315,500,http://172.169.8.253:31112/function/opt-66b-submod-0-latency-25.cdgp
1704042510027457879,1704042511508074334,200,http://172.169.8.253:31112/function/opt-66b-submod-0-latency-25.cdgp
1704042510027587822,1704042519344434538,500,http://172.169.8.253:31112/function/opt-66b-submod-0-latency-25.cdgp
1704042510027691276,1704042519603011304,500,http://172.169.8.253:31112/function/opt-66b-submod-0-latency-25.cdgp
1704042510027781448,1704042513435646383,200,http://172.169.8.253:31112/function/opt-66b-submod-0-latency-25.cdgp
1704042510027886015,1704042513598014307,200,http://172.169.8.253:31112/function/opt-66b-submod-0-latency-25.cdgp
1704042510027944097,1704042519601601947,500,http://172.169.8.253:31112/function/opt-66b-submod-0-latency-25.cdgp
1704042510028012545,1704042513182367560,200,http://172.169.8.253:31112/function/opt-66b-submod-0-latency-25.cdgp
1704042510275381428,1704042519731432450,500,http://172.169.8.253:31112/function/opt-66b-submod-0-latency-25.cdgp
1704042510276832950,1704042514153614796,200,http://172.169.8.253:31112/function/opt-66b-submod-0-latency-25.cdgp
1704042510276943678,1704042514157074259,200,http://172.169.8.253:31112/function/opt-66b-submod-0-latency-25.cdgp
1704042510277039989,1704042512439353122,200,http://172.169.8.253:31112/function/opt-66b-submod-0-latency-25.cdgp
1704042510277104480,1704042519563427340,500,http://172.169.8.253:31112/function/opt-66b-submod-0-latency-25.cdgp
1704042510277180124,1704042514051478539,200,http://172.169.8.253:31112/function/opt-66b-submod-0-latency-25.cdgp
1704042510277294745,1704042519518596785,500,http://172.169.8.253:31112/function/opt-66b-submod-0-latency-25.cdgp
1704042510277363818,1704042514352799060,200,http://172.169.8.253:31112/function/opt-66b-submod-0-latency-25.cdgp
1704042510279697047,1704042519700864902,500,http://172.169.8.253:31112/function/opt-66b-submod-0-latency-25.cdgp
1704042510279771625,1704042512086882362,200,http://172.169.8.253:31112/function/opt-66b-submod-0-latency-25.cdgp
1704042510279865637,1704042519979299859,500,http://172.169.8.253:31112/function/opt-66b-submod-0-latency-25.cdgp
1704042510279926125,1704042519909374369,500,http://172.169.8.253:31112/function/opt-66b-submod-0-latency-25.cdgp
1704042510279997797,1704042519723427378,500,http://172.169.8.253:31112/function/opt-66b-submod-0-latency-25.cdgp
1704042510280088578,1704042519687306755,500,http://172.169.8.253:31112/function/opt-66b-submod-0-latency-25.cdgp
1704042510293149584,1704042519696630824,500,http://172.169.8.253:31112/function/opt-66b-submod-0-latency-25.cdgp
1704042510293232687,1704042519917377592,500,http://172.169.8.253:31112/function/opt-66b-submod-0-latency-25.cdgp
1704042510293303985,1704042513102480208,200,http://172.169.8.253:31112/function/opt-66b-submod-0-latency-25.cdgp
1704042510293518726,1704042519916501605,500,http://172.169.8.253:31112/function/opt-66b-submod-0-latency-25.cdgp
1704042510293585220,1704042514157426036,200,http://172.169.8.253:31112/function/opt-66b-submod-0-latency-25.cdgp
1704042510293600257,1704042519755941656,500,http://172.169.8.253:31112/function/opt-66b-submod-0-latency-25.cdgp
1704042510339669284,1704042519915619322,500,http://172.169.8.253:31112/function/opt-66b-submod-0-latency-25.cdgp
1704042510363828379,1704042512095394825,200,http://172.169.8.253:31112/function/opt-66b-submod-0-latency-25.cdgp
1704042510363962686,1704042514405779360,200,http://172.169.8.253:31112/function/opt-66b-submod-0-latency-25.cdgp
1704042510364112191,1704042519723615932,500,http://172.169.8.253:31112/function/opt-66b-submod-0-latency-25.cdgp
1704042510364195872,1704042513115364982,200,http://172.169.8.253:31112/function/opt-66b-submod-0-latency-25.cdgp
1704042510364292678,1704042512783544017,200,http://172.169.8.253:31112/function/opt-66b-submod-0-latency-25.cdgp
1704042510364369644,1704042514275246310,200,http://172.169.8.253:31112/function/opt-66b-submod-0-latency-25.cdgp
1704042510364466773,1704042519748860632,500,http://172.169.8.253:31112/function/opt-66b-submod-0-latency-25.cdgp
1704042510364537507,1704042519899416221,500,http://172.169.8.253:31112/function/opt-66b-submod-0-latency-25.cdgp
1704042510369372351,1704042519878411349,500,http://172.169.8.253:31112/function/opt-66b-submod-0-latency-25.cdgp
1704042510369470268,1704042514155159060,200,http://172.169.8.253:31112/function/opt-66b-submod-0-latency-25.cdgp
1704042510383966137,1704042514316278903,200,http://172.169.8.253:31112/function/opt-66b-submod-0-latency-25.cdgp
1704042510384049936,1704042512756502294,200,http://172.169.8.253:31112/function/opt-66b-submod-0-latency-25.cdgp
1704042510388640850,1704042520000271524,500,http://172.169.8.253:31112/function/opt-66b-submod-0-latency-25.cdgp
1704042510388732327,1704042513934670339,200,http://172.169.8.253:31112/function/opt-66b-submod-0-latency-25.cdgp
1704042510388821509,1704042519994663438,500,http://172.169.8.253:31112/function/opt-66b-submod-0-latency-25.cdgp
1704042510388936601,1704042514242844736,200,http://172.169.8.253:31112/function/opt-66b-submod-0-latency-25.cdgp
1704042510389023839,1704042519876801871,500,http://172.169.8.253:31112/function/opt-66b-submod-0-latency-25.cdgp
1704042510389113902,1704042512612349194,200,http://172.169.8.253:31112/function/opt-66b-submod-0-latency-25.cdgp
1704042510389195296,1704042519994607160,500,http://172.169.8.253:31112/function/opt-66b-submod-0-latency-25.cdgp
1704042510389275334,1704042519750816284,500,http://172.169.8.253:31112/function/opt-66b-submod-0-latency-25.cdgp
1704042510389341893,1704042514005267864,200,http://172.169.8.253:31112/function/opt-66b-submod-0-latency-25.cdgp
1704042510424526123,1704042514319405210,200,http://172.169.8.253:31112/function/opt-66b-submod-0-latency-25.cdgp
1704042510424621237,1704042520003370076,500,http://172.169.8.253:31112/function/opt-66b-submod-0-latency-25.cdgp
1704042510424709227,1704042512847553879,200,http://172.169.8.253:31112/function/opt-66b-submod-0-latency-25.cdgp
1704042510424771694,1704042520194919989,500,http://172.169.8.253:31112/function/opt-66b-submod-0-latency-25.cdgp
1704042510424861523,1704042520009980445,500,http://172.169.8.253:31112/function/opt-66b-submod-0-latency-25.cdgp
1704042510424947227,1704042514147595060,200,http://172.169.8.253:31112/function/opt-66b-submod-0-latency-25.cdgp
1704042510424998399,1704042514203300216,200,http://172.169.8.253:31112/function/opt-66b-submod-0-latency-25.cdgp
1704042510425015183,1704042513431413818,200,http://172.169.8.253:31112/function/opt-66b-submod-0-latency-25.cdgp
1704042510425091726,1704042513102114046,200,http://172.169.8.253:31112/function/opt-66b-submod-0-latency-25.cdgp
1704042510425205459,1704042514296406525,200,http://172.169.8.253:31112/function/opt-66b-submod-0-latency-25.cdgp
1704042510425674766,1704042520059695755,500,http://172.169.8.253:31112/function/opt-66b-submod-0-latency-25.cdgp
1704042510425723392,1704042512198793921,200,http://172.169.8.253:31112/function/opt-66b-submod-0-latency-25.cdgp
1704042510425816301,1704042519993762907,500,http://172.169.8.253:31112/function/opt-66b-submod-0-latency-25.cdgp
1704042510425905089,1704042514190846499,200,http://172.169.8.253:31112/function/opt-66b-submod-0-latency-25.cdgp
1704042510425991044,1704042514339060630,200,http://172.169.8.253:31112/function/opt-66b-submod-0-latency-25.cdgp
1704042512289041933,1704042521392917047,500,http://172.169.8.253:31112/function/opt-66b-submod-0-latency-25.cdgp
1704042512289198079,1704042521465007048,500,http://172.169.8.253:31112/function/opt-66b-submod-0-latency-25.cdgp
1704042512289268562,1704042514322486456,200,http://172.169.8.253:31112/function/opt-66b-submod-0-latency-25.cdgp
1704042512289343847,1704042514751339614,200,http://172.169.8.253:31112/function/opt-66b-submod-0-latency-25.cdgp
1704042512289381196,1704042521266762415,500,http://172.169.8.253:31112/function/opt-66b-submod-0-latency-25.cdgp
1704042512289459918,1704042521423346636,500,http://172.169.8.253:31112/function/opt-66b-submod-0-latency-25.cdgp
1704042512289545785,1704042521422868830,500,http://172.169.8.253:31112/function/opt-66b-submod-0-latency-25.cdgp
1704042512289645196,1704042521669872836,500,http://172.169.8.253:31112/function/opt-66b-submod-0-latency-25.cdgp
1704042512289767622,1704042521541349845,500,http://172.169.8.253:31112/function/opt-66b-submod-0-latency-25.cdgp
1704042512289886450,1704042515293444001,200,http://172.169.8.253:31112/function/opt-66b-submod-0-latency-25.cdgp
1704042512289928526,1704042515257312136,200,http://172.169.8.253:31112/function/opt-66b-submod-0-latency-25.cdgp
1704042512290018392,1704042515027972915,200,http://172.169.8.253:31112/function/opt-66b-submod-0-latency-25.cdgp
1704042512290116206,1704042514380477353,200,http://172.169.8.253:31112/function/opt-66b-submod-0-latency-25.cdgp
1704042512290183077,1704042521378308577,500,http://172.169.8.253:31112/function/opt-66b-submod-0-latency-25.cdgp
1704042512290263497,1704042514530251800,200,http://172.169.8.253:31112/function/opt-66b-submod-0-latency-25.cdgp
1704042512290328250,1704042514555599643,200,http://172.169.8.253:31112/function/opt-66b-submod-0-latency-25.cdgp
1704042512290438875,1704042521963769160,500,http://172.169.8.253:31112/function/opt-66b-submod-0-latency-25.cdgp
1704042512362342905,1704042521982108662,500,http://172.169.8.253:31112/function/opt-66b-submod-0-latency-25.cdgp
1704042512362431574,1704042521465305348,500,http://172.169.8.253:31112/function/opt-66b-submod-0-latency-25.cdgp
1704042512362546947,1704042514643027499,200,http://172.169.8.253:31112/function/opt-66b-submod-0-latency-25.cdgp
1704042512362613466,1704042514334179441,200,http://172.169.8.253:31112/function/opt-66b-submod-0-latency-25.cdgp
1704042512362649828,1704042521642854890,500,http://172.169.8.253:31112/function/opt-66b-submod-0-latency-25.cdgp
1704042512362730211,1704042515269006654,200,http://172.169.8.253:31112/function/opt-66b-submod-0-latency-25.cdgp
1704042512362812170,1704042515520714002,200,http://172.169.8.253:31112/function/opt-66b-submod-0-latency-25.cdgp
1704042512371129841,1704042514646580134,200,http://172.169.8.253:31112/function/opt-66b-submod-0-latency-25.cdgp
1704042512371215282,1704042521564216215,500,http://172.169.8.253:31112/function/opt-66b-submod-0-latency-25.cdgp
1704042512371305702,1704042515257173282,200,http://172.169.8.253:31112/function/opt-66b-submod-0-latency-25.cdgp
1704042512371369163,1704042521977787276,500,http://172.169.8.253:31112/function/opt-66b-submod-0-latency-25.cdgp
1704042512371455588,1704042514839703238,200,http://172.169.8.253:31112/function/opt-66b-submod-0-latency-25.cdgp
1704042512371522647,1704042521563992606,500,http://172.169.8.253:31112/function/opt-66b-submod-0-latency-25.cdgp
1704042512371567301,1704042515507714832,200,http://172.169.8.253:31112/function/opt-66b-submod-0-latency-25.cdgp
1704042512575112007,1704042515313607254,200,http://172.169.8.253:31112/function/opt-66b-submod-0-latency-25.cdgp
1704042512575222085,1704042514291781042,200,http://172.169.8.253:31112/function/opt-66b-submod-0-latency-25.cdgp
1704042512575285440,1704042521980977246,500,http://172.169.8.253:31112/function/opt-66b-submod-0-latency-25.cdgp
1704042512575368146,1704042522021224626,500,http://172.169.8.253:31112/function/opt-66b-submod-0-latency-25.cdgp
1704042512575443693,1704042513779681857,200,http://172.169.8.253:31112/function/opt-66b-submod-0-latency-25.cdgp
1704042512575497291,1704042521837854245,500,http://172.169.8.253:31112/function/opt-66b-submod-0-latency-25.cdgp
1704042512575584943,1704042515296546635,200,http://172.169.8.253:31112/function/opt-66b-submod-0-latency-25.cdgp
1704042512576473593,1704042521732221403,500,http://172.169.8.253:31112/function/opt-66b-submod-0-latency-25.cdgp
1704042512576633637,1704042521721947479,500,http://172.169.8.253:31112/function/opt-66b-submod-0-latency-25.cdgp
1704042512619149977,1704042521982907148,500,http://172.169.8.253:31112/function/opt-66b-submod-0-latency-25.cdgp
1704042512619224774,1704042521563672302,500,http://172.169.8.253:31112/function/opt-66b-submod-0-latency-25.cdgp
1704042512619295283,1704042515212329206,200,http://172.169.8.253:31112/function/opt-66b-submod-0-latency-25.cdgp
1704042512698921051,1704042521723133113,500,http://172.169.8.253:31112/function/opt-66b-submod-0-latency-25.cdgp
1704042512699001224,1704042521999956709,500,http://172.169.8.253:31112/function/opt-66b-submod-0-latency-25.cdgp
1704042512699104339,1704042514064795021,200,http://172.169.8.253:31112/function/opt-66b-submod-0-latency-25.cdgp
1704042512699153336,1704042522021741552,200,http://172.169.8.253:31112/function/opt-66b-submod-0-latency-25.cdgp
1704042512987479798,1704042522123525712,500,http://172.169.8.253:31112/function/opt-66b-submod-0-latency-25.cdgp
1704042512987596523,1704042522118475579,500,http://172.169.8.253:31112/function/opt-66b-submod-0-latency-25.cdgp
1704042512987703192,1704042514749323757,200,http://172.169.8.253:31112/function/opt-66b-submod-0-latency-25.cdgp
1704042512987815402,1704042522162539537,500,http://172.169.8.253:31112/function/opt-66b-submod-0-latency-25.cdgp
1704042512987876436,1704042515311838459,200,http://172.169.8.253:31112/function/opt-66b-submod-0-latency-25.cdgp
1704042513015882965,1704042522199425959,500,http://172.169.8.253:31112/function/opt-66b-submod-0-latency-25.cdgp
1704042513015934522,1704042515486658141,200,http://172.169.8.253:31112/function/opt-66b-submod-0-latency-25.cdgp
1704042513016040367,1704042515489287742,200,http://172.169.8.253:31112/function/opt-66b-submod-0-latency-25.cdgp
1704042513016103378,1704042522146921621,500,http://172.169.8.253:31112/function/opt-66b-submod-0-latency-25.cdgp
1704042513016166101,1704042522134802879,500,http://172.169.8.253:31112/function/opt-66b-submod-0-latency-25.cdgp
1704042513016178272,1704042514940965566,200,http://172.169.8.253:31112/function/opt-66b-submod-0-latency-25.cdgp
1704042513016235944,1704042521901419000,500,http://172.169.8.253:31112/function/opt-66b-submod-0-latency-25.cdgp
1704042513016261577,1704042522087441886,500,http://172.169.8.253:31112/function/opt-66b-submod-0-latency-25.cdgp
1704042513016335388,1704042522197109757,500,http://172.169.8.253:31112/function/opt-66b-submod-0-latency-25.cdgp
1704042513016412679,1704042515839848629,200,http://172.169.8.253:31112/function/opt-66b-submod-0-latency-25.cdgp
1704042513016449118,1704042515076297863,200,http://172.169.8.253:31112/function/opt-66b-submod-0-latency-25.cdgp
1704042513016921971,1704042522087213070,500,http://172.169.8.253:31112/function/opt-66b-submod-0-latency-25.cdgp
1704042513017019279,1704042521996300136,500,http://172.169.8.253:31112/function/opt-66b-submod-0-latency-25.cdgp
1704042513017071548,1704042522171121442,500,http://172.169.8.253:31112/function/opt-66b-submod-0-latency-25.cdgp
1704042513017560231,1704042522152714256,500,http://172.169.8.253:31112/function/opt-66b-submod-0-latency-25.cdgp
1704042513017653762,1704042515221360569,200,http://172.169.8.253:31112/function/opt-66b-submod-0-latency-25.cdgp
1704042513040825413,1704042522361980803,500,http://172.169.8.253:31112/function/opt-66b-submod-0-latency-25.cdgp
1704042513040906649,1704042522244235906,500,http://172.169.8.253:31112/function/opt-66b-submod-0-latency-25.cdgp
1704042513040978103,1704042521976124601,200,http://172.169.8.253:31112/function/opt-66b-submod-0-latency-25.cdgp
1704042513041048589,1704042522316341475,500,http://172.169.8.253:31112/function/opt-66b-submod-0-latency-25.cdgp
1704042513041149758,1704042515371669328,200,http://172.169.8.253:31112/function/opt-66b-submod-0-latency-25.cdgp
1704042513041210087,1704042522035731755,500,http://172.169.8.253:31112/function/opt-66b-submod-0-latency-25.cdgp
1704042513041279670,1704042522365712834,500,http://172.169.8.253:31112/function/opt-66b-submod-0-latency-25.cdgp
1704042513049906083,1704042515209966772,200,http://172.169.8.253:31112/function/opt-66b-submod-0-latency-25.cdgp
1704042513050021349,1704042521974456569,200,http://172.169.8.253:31112/function/opt-66b-submod-0-latency-25.cdgp
1704042513077907696,1704042515199698373,200,http://172.169.8.253:31112/function/opt-66b-submod-0-latency-25.cdgp
1704042513077969724,1704042515210752341,200,http://172.169.8.253:31112/function/opt-66b-submod-0-latency-25.cdgp
1704042513078006771,1704042515207251364,200,http://172.169.8.253:31112/function/opt-66b-submod-0-latency-25.cdgp
1704042513078083846,1704042522271477244,500,http://172.169.8.253:31112/function/opt-66b-submod-0-latency-25.cdgp
1704042513108423910,1704042522407502309,500,http://172.169.8.253:31112/function/opt-66b-submod-0-latency-25.cdgp
1704042513108521633,1704042522359410642,500,http://172.169.8.253:31112/function/opt-66b-submod-0-latency-25.cdgp
1704042513129952141,1704042522356254578,500,http://172.169.8.253:31112/function/opt-66b-submod-0-latency-25.cdgp
1704042513130030307,1704042522407426049,500,http://172.169.8.253:31112/function/opt-66b-submod-0-latency-25.cdgp
1704042513157492814,1704042514573749321,200,http://172.169.8.253:31112/function/opt-66b-submod-0-latency-25.cdgp
1704042513157577520,1704042522359066794,500,http://172.169.8.253:31112/function/opt-66b-submod-0-latency-25.cdgp
1704042515583912276,1704042524176706322,200,http://172.169.8.253:31112/function/opt-66b-submod-0-latency-25.cdgp
1704042515584037695,1704042516727670688,200,http://172.169.8.253:31112/function/opt-66b-submod-0-latency-25.cdgp
1704042515584139889,1704042516708836020,200,http://172.169.8.253:31112/function/opt-66b-submod-0-latency-25.cdgp
1704042515584227247,1704042517031553338,200,http://172.169.8.253:31112/function/opt-66b-submod-0-latency-25.cdgp
1704042515584313225,1704042516773183233,200,http://172.169.8.253:31112/function/opt-66b-submod-0-latency-25.cdgp
1704042515584423328,1704042524372536543,200,http://172.169.8.253:31112/function/opt-66b-submod-0-latency-25.cdgp
1704042515585506906,1704042525225918164,500,http://172.169.8.253:31112/function/opt-66b-submod-0-latency-25.cdgp
1704042515585619779,1704042516694498074,200,http://172.169.8.253:31112/function/opt-66b-submod-0-latency-25.cdgp
1704042515603409339,1704042523342272886,200,http://172.169.8.253:31112/function/opt-66b-submod-0-latency-25.cdgp
1704042515603513640,1704042523432604541,200,http://172.169.8.253:31112/function/opt-66b-submod-0-latency-25.cdgp
1704042515603604190,1704042517524459781,200,http://172.169.8.253:31112/function/opt-66b-submod-0-latency-25.cdgp
1704042515603658223,1704042517726536812,200,http://172.169.8.253:31112/function/opt-66b-submod-0-latency-25.cdgp
1704042515603743751,1704042524119126693,200,http://172.169.8.253:31112/function/opt-66b-submod-0-latency-25.cdgp
1704042515603824190,1704042517671905877,200,http://172.169.8.253:31112/function/opt-66b-submod-0-latency-25.cdgp
1704042515603897964,1704042524375647952,200,http://172.169.8.253:31112/function/opt-66b-submod-0-latency-25.cdgp
1704042515603987408,1704042517199206192,200,http://172.169.8.253:31112/function/opt-66b-submod-0-latency-25.cdgp
1704042515604067235,1704042517727451548,200,http://172.169.8.253:31112/function/opt-66b-submod-0-latency-25.cdgp
1704042515604134729,1704042524161849178,200,http://172.169.8.253:31112/function/opt-66b-submod-0-latency-25.cdgp
1704042515604199106,1704042517229829755,200,http://172.169.8.253:31112/function/opt-66b-submod-0-latency-25.cdgp
1704042515604282001,1704042517504285205,200,http://172.169.8.253:31112/function/opt-66b-submod-0-latency-25.cdgp
1704042515604359830,1704042524371784503,200,http://172.169.8.253:31112/function/opt-66b-submod-0-latency-25.cdgp
1704042515604424538,1704042517155784322,200,http://172.169.8.253:31112/function/opt-66b-submod-0-latency-25.cdgp
1704042515604500701,1704042525009017867,200,http://172.169.8.253:31112/function/opt-66b-submod-0-latency-25.cdgp
1704042515604564405,1704042517294432691,200,http://172.169.8.253:31112/function/opt-66b-submod-0-latency-25.cdgp
1704042515604652175,1704042524966338004,200,http://172.169.8.253:31112/function/opt-66b-submod-0-latency-25.cdgp
1704042515604770927,1704042525185944058,500,http://172.169.8.253:31112/function/opt-66b-submod-0-latency-25.cdgp
1704042515604832637,1704042525088771138,500,http://172.169.8.253:31112/function/opt-66b-submod-0-latency-25.cdgp
1704042515604904339,1704042517435966028,200,http://172.169.8.253:31112/function/opt-66b-submod-0-latency-25.cdgp
1704042515604951126,1704042525090245549,500,http://172.169.8.253:31112/function/opt-66b-submod-0-latency-25.cdgp
1704042515605035529,1704042524962714295,500,http://172.169.8.253:31112/function/opt-66b-submod-0-latency-25.cdgp
1704042515605095264,1704042517951733626,200,http://172.169.8.253:31112/function/opt-66b-submod-0-latency-25.cdgp
1704042515605118874,1704042518423795732,200,http://172.169.8.253:31112/function/opt-66b-submod-0-latency-25.cdgp
1704042515605177353,1704042524968418314,500,http://172.169.8.253:31112/function/opt-66b-submod-0-latency-25.cdgp
1704042515605259837,1704042525509555806,200,http://172.169.8.253:31112/function/opt-66b-submod-0-latency-25.cdgp
1704042515605335305,1704042517217539090,200,http://172.169.8.253:31112/function/opt-66b-submod-0-latency-25.cdgp
1704042515605358040,1704042518093461623,200,http://172.169.8.253:31112/function/opt-66b-submod-0-latency-25.cdgp
1704042515605481418,1704042524367903092,200,http://172.169.8.253:31112/function/opt-66b-submod-0-latency-25.cdgp
1704042515605539475,1704042516993712580,200,http://172.169.8.253:31112/function/opt-66b-submod-0-latency-25.cdgp
1704042515605594692,1704042525536670802,500,http://172.169.8.253:31112/function/opt-66b-submod-0-latency-25.cdgp
1704042515605682658,1704042524665739866,200,http://172.169.8.253:31112/function/opt-66b-submod-0-latency-25.cdgp
1704042515605773866,1704042517361499216,200,http://172.169.8.253:31112/function/opt-66b-submod-0-latency-25.cdgp
1704042515605824377,1704042517342364070,200,http://172.169.8.253:31112/function/opt-66b-submod-0-latency-25.cdgp
1704042515605881523,1704042517142096454,200,http://172.169.8.253:31112/function/opt-66b-submod-0-latency-25.cdgp
1704042515605959548,1704042523751345404,200,http://172.169.8.253:31112/function/opt-66b-submod-0-latency-25.cdgp
1704042515606049075,1704042524479561079,200,http://172.169.8.253:31112/function/opt-66b-submod-0-latency-25.cdgp
1704042515606117518,1704042524938426975,500,http://172.169.8.253:31112/function/opt-66b-submod-0-latency-25.cdgp
1704042515606208084,1704042523749684706,200,http://172.169.8.253:31112/function/opt-66b-submod-0-latency-25.cdgp
1704042515606294040,1704042524955898107,500,http://172.169.8.253:31112/function/opt-66b-submod-0-latency-25.cdgp
1704042515606369485,1704042517359654450,200,http://172.169.8.253:31112/function/opt-66b-submod-0-latency-25.cdgp
1704042515606444962,1704042524370581068,200,http://172.169.8.253:31112/function/opt-66b-submod-0-latency-25.cdgp
1704042515606500046,1704042523748590758,200,http://172.169.8.253:31112/function/opt-66b-submod-0-latency-25.cdgp
1704042515606577573,1704042517610262725,200,http://172.169.8.253:31112/function/opt-66b-submod-0-latency-25.cdgp
1704042515606633945,1704042524957840739,500,http://172.169.8.253:31112/function/opt-66b-submod-0-latency-25.cdgp
1704042515606719792,1704042524960051646,500,http://172.169.8.253:31112/function/opt-66b-submod-0-latency-25.cdgp
1704042515913226763,1704042517334209377,200,http://172.169.8.253:31112/function/opt-66b-submod-0-latency-25.cdgp
1704042515913348122,1704042517787056711,200,http://172.169.8.253:31112/function/opt-66b-submod-0-latency-25.cdgp
1704042515913505115,1704042525578165396,500,http://172.169.8.253:31112/function/opt-66b-submod-0-latency-25.cdgp
1704042515913573336,1704042518688292432,200,http://172.169.8.253:31112/function/opt-66b-submod-0-latency-25.cdgp
1704042515913601131,1704042517722971072,200,http://172.169.8.253:31112/function/opt-66b-submod-0-latency-25.cdgp
1704042515913706887,1704042518422511903,200,http://172.169.8.253:31112/function/opt-66b-submod-0-latency-25.cdgp
1704042515916923232,1704042525537439783,500,http://172.169.8.253:31112/function/opt-66b-submod-0-latency-25.cdgp
1704042515917077823,1704042518512745692,200,http://172.169.8.253:31112/function/opt-66b-submod-0-latency-25.cdgp
1704042515917157398,1704042517900278870,200,http://172.169.8.253:31112/function/opt-66b-submod-0-latency-25.cdgp
1704042515917237817,1704042518211784951,200,http://172.169.8.253:31112/function/opt-66b-submod-0-latency-25.cdgp
1704042515917310759,1704042517725882838,200,http://172.169.8.253:31112/function/opt-66b-submod-0-latency-25.cdgp
1704042515917401158,1704042525576820622,500,http://172.169.8.253:31112/function/opt-66b-submod-0-latency-25.cdgp
1704042515917468461,1704042518509378345,200,http://172.169.8.253:31112/function/opt-66b-submod-0-latency-25.cdgp
1704042515917549165,1704042524663643761,200,http://172.169.8.253:31112/function/opt-66b-submod-0-latency-25.cdgp
1704042515917639933,1704042518233902413,200,http://172.169.8.253:31112/function/opt-66b-submod-0-latency-25.cdgp
1704042515917703172,1704042525576607922,500,http://172.169.8.253:31112/function/opt-66b-submod-0-latency-25.cdgp
1704042515917788957,1704042525521470833,500,http://172.169.8.253:31112/function/opt-66b-submod-0-latency-25.cdgp
1704042515917867243,1704042517610452215,200,http://172.169.8.253:31112/function/opt-66b-submod-0-latency-25.cdgp
1704042516310586415,1704042517915282302,200,http://172.169.8.253:31112/function/opt-66b-submod-0-latency-25.cdgp
1704042516310702479,1704042517947390635,200,http://172.169.8.253:31112/function/opt-66b-submod-0-latency-25.cdgp
1704042516310773642,1704042518091841849,200,http://172.169.8.253:31112/function/opt-66b-submod-0-latency-25.cdgp
1704042516310841610,1704042524419263011,200,http://172.169.8.253:31112/function/opt-66b-submod-0-latency-25.cdgp
1704042516310931586,1704042524973760511,200,http://172.169.8.253:31112/function/opt-66b-submod-0-latency-25.cdgp
1704042516310981103,1704042518709731310,200,http://172.169.8.253:31112/function/opt-66b-submod-0-latency-25.cdgp
1704042516311073034,1704042523835816920,200,http://172.169.8.253:31112/function/opt-66b-submod-0-latency-25.cdgp
1704042516311181556,1704042518052905255,200,http://172.169.8.253:31112/function/opt-66b-submod-0-latency-25.cdgp
1704042516311260169,1704042518247991240,200,http://172.169.8.253:31112/function/opt-66b-submod-0-latency-25.cdgp
1704042516311293470,1704042525004841492,200,http://172.169.8.253:31112/function/opt-66b-submod-0-latency-25.cdgp
1704042516311375465,1704042524958066465,200,http://172.169.8.253:31112/function/opt-66b-submod-0-latency-25.cdgp
1704042516311463837,1704042524121073078,200,http://172.169.8.253:31112/function/opt-66b-submod-0-latency-25.cdgp
1704042516311558312,1704042518575462501,200,http://172.169.8.253:31112/function/opt-66b-submod-0-latency-25.cdgp
1704042517517348114,1704042519015502008,200,http://172.169.8.253:31112/function/opt-66b-submod-0-latency-25.cdgp
1704042517517438610,1704042524408264761,200,http://172.169.8.253:31112/function/opt-66b-submod-0-latency-25.cdgp
1704042517517586075,1704042524568225674,200,http://172.169.8.253:31112/function/opt-66b-submod-0-latency-25.cdgp
1704042517517702467,1704042518795225146,200,http://172.169.8.253:31112/function/opt-66b-submod-0-latency-25.cdgp
1704042517517828823,1704042518873898310,200,http://172.169.8.253:31112/function/opt-66b-submod-0-latency-25.cdgp
1704042517517908233,1704042519414083774,200,http://172.169.8.253:31112/function/opt-66b-submod-0-latency-25.cdgp
1704042517518016290,1704042525335621661,200,http://172.169.8.253:31112/function/opt-66b-submod-0-latency-25.cdgp
1704042517518076346,1704042525607480927,200,http://172.169.8.253:31112/function/opt-66b-submod-0-latency-25.cdgp
1704042517518166645,1704042525718521738,200,http://172.169.8.253:31112/function/opt-66b-submod-0-latency-25.cdgp
1704042517518253401,1704042518795554329,200,http://172.169.8.253:31112/function/opt-66b-submod-0-latency-25.cdgp
1704042517518342291,1704042524477659022,200,http://172.169.8.253:31112/function/opt-66b-submod-0-latency-25.cdgp
1704042517518415543,1704042519274606577,200,http://172.169.8.253:31112/function/opt-66b-submod-0-latency-25.cdgp
1704042517518491566,1704042525602529144,200,http://172.169.8.253:31112/function/opt-66b-submod-0-latency-25.cdgp
1704042517518564535,1704042524355688516,200,http://172.169.8.253:31112/function/opt-66b-submod-0-latency-25.cdgp
1704042517518615984,1704042519261684729,200,http://172.169.8.253:31112/function/opt-66b-submod-0-latency-25.cdgp
1704042517518708076,1704042518760727011,200,http://172.169.8.253:31112/function/opt-66b-submod-0-latency-25.cdgp
1704042517549280017,1704042519185759368,200,http://172.169.8.253:31112/function/opt-66b-submod-0-latency-25.cdgp
1704042517549349653,1704042525658676041,200,http://172.169.8.253:31112/function/opt-66b-submod-0-latency-25.cdgp
1704042517549401037,1704042526064564220,200,http://172.169.8.253:31112/function/opt-66b-submod-0-latency-25.cdgp
1704042517549438333,1704042525312870009,200,http://172.169.8.253:31112/function/opt-66b-submod-0-latency-25.cdgp
1704042517549529562,1704042519460740458,200,http://172.169.8.253:31112/function/opt-66b-submod-0-latency-25.cdgp
1704042517549590201,1704042519200540625,200,http://172.169.8.253:31112/function/opt-66b-submod-0-latency-25.cdgp
1704042517549690042,1704042519319233127,200,http://172.169.8.253:31112/function/opt-66b-submod-0-latency-25.cdgp
1704042517549768418,1704042519273145535,200,http://172.169.8.253:31112/function/opt-66b-submod-0-latency-25.cdgp
1704042517634962515,1704042524692337290,200,http://172.169.8.253:31112/function/opt-66b-submod-0-latency-25.cdgp
1704042517635040084,1704042518943092774,200,http://172.169.8.253:31112/function/opt-66b-submod-0-latency-25.cdgp
1704042517635191673,1704042523959181655,200,http://172.169.8.253:31112/function/opt-66b-submod-0-latency-25.cdgp
1704042517635257230,1704042525023448644,200,http://172.169.8.253:31112/function/opt-66b-submod-0-latency-25.cdgp
1704042517635280781,1704042519507118153,200,http://172.169.8.253:31112/function/opt-66b-submod-0-latency-25.cdgp
1704042517635380845,1704042519162318158,200,http://172.169.8.253:31112/function/opt-66b-submod-0-latency-25.cdgp
1704042517635450079,1704042519139364235,200,http://172.169.8.253:31112/function/opt-66b-submod-0-latency-25.cdgp
1704042517635476292,1704042525239459257,200,http://172.169.8.253:31112/function/opt-66b-submod-0-latency-25.cdgp
1704042517635562514,1704042524455587456,200,http://172.169.8.253:31112/function/opt-66b-submod-0-latency-25.cdgp
1704042517635637786,1704042519367516553,200,http://172.169.8.253:31112/function/opt-66b-submod-0-latency-25.cdgp
1704042517635731487,1704042519279433563,200,http://172.169.8.253:31112/function/opt-66b-submod-0-latency-25.cdgp
1704042518132538990,1704042523427677288,200,http://172.169.8.253:31112/function/opt-66b-submod-0-latency-25.cdgp
1704042518132637502,1704042525243496704,200,http://172.169.8.253:31112/function/opt-66b-submod-0-latency-25.cdgp
1704042518132764391,1704042525650799320,200,http://172.169.8.253:31112/function/opt-66b-submod-0-latency-25.cdgp
1704042518132831492,1704042519107628145,200,http://172.169.8.253:31112/function/opt-66b-submod-0-latency-25.cdgp
1704042518132876062,1704042519682947153,200,http://172.169.8.253:31112/function/opt-66b-submod-0-latency-25.cdgp
1704042518132962899,1704042526710353114,200,http://172.169.8.253:31112/function/opt-66b-submod-0-latency-25.cdgp
1704042518133031571,1704042519122815254,200,http://172.169.8.253:31112/function/opt-66b-submod-0-latency-25.cdgp
1704042518133095118,1704042525507531051,200,http://172.169.8.253:31112/function/opt-66b-submod-0-latency-25.cdgp
1704042518458609165,1704042519943376206,200,http://172.169.8.253:31112/function/opt-66b-submod-0-latency-25.cdgp
1704042518458693015,1704042519856330121,200,http://172.169.8.253:31112/function/opt-66b-submod-0-latency-25.cdgp
1704042518458762076,1704042519603550336,200,http://172.169.8.253:31112/function/opt-66b-submod-0-latency-25.cdgp
1704042518458821495,1704042525044426797,200,http://172.169.8.253:31112/function/opt-66b-submod-0-latency-25.cdgp
1704042518458874618,1704042526504745081,200,http://172.169.8.253:31112/function/opt-66b-submod-0-latency-25.cdgp
1704042518458915481,1704042519667752068,200,http://172.169.8.253:31112/function/opt-66b-submod-0-latency-25.cdgp
1704042518459022684,1704042519645716058,200,http://172.169.8.253:31112/function/opt-66b-submod-0-latency-25.cdgp
1704042518545625039,1704042526483154539,200,http://172.169.8.253:31112/function/opt-66b-submod-0-latency-25.cdgp
1704042518545784138,1704042525011134866,200,http://172.169.8.253:31112/function/opt-66b-submod-0-latency-25.cdgp
1704042518545878253,1704042519603361374,200,http://172.169.8.253:31112/function/opt-66b-submod-0-latency-25.cdgp
1704042518554995757,1704042523752315842,200,http://172.169.8.253:31112/function/opt-66b-submod-0-latency-25.cdgp
1704042518555148942,1704042520863724382,200,http://172.169.8.253:31112/function/opt-66b-submod-0-latency-25.cdgp
1704042518555241132,1704042526234552490,200,http://172.169.8.253:31112/function/opt-66b-submod-0-latency-25.cdgp
1704042518555332140,1704042523930581683,200,http://172.169.8.253:31112/function/opt-66b-submod-0-latency-25.cdgp
1704042518555406586,1704042519928031730,200,http://172.169.8.253:31112/function/opt-66b-submod-0-latency-25.cdgp
1704042518555498796,1704042524409083921,200,http://172.169.8.253:31112/function/opt-66b-submod-0-latency-25.cdgp
1704042518555582451,1704042524525257637,200,http://172.169.8.253:31112/function/opt-66b-submod-0-latency-25.cdgp
1704042518555669054,1704042526078655318,200,http://172.169.8.253:31112/function/opt-66b-submod-0-latency-25.cdgp
1704042518555746083,1704042520860677878,200,http://172.169.8.253:31112/function/opt-66b-submod-0-latency-25.cdgp
1704042518555832026,1704042519879881779,200,http://172.169.8.253:31112/function/opt-66b-submod-0-latency-25.cdgp
1704042518555955257,1704042523911622183,200,http://172.169.8.253:31112/function/opt-66b-submod-0-latency-25.cdgp
1704042518555985332,1704042525466614424,200,http://172.169.8.253:31112/function/opt-66b-submod-0-latency-25.cdgp
1704042518556062194,1704042525472500690,200,http://172.169.8.253:31112/function/opt-66b-submod-0-latency-25.cdgp
1704042518556149868,1704042519890091042,200,http://172.169.8.253:31112/function/opt-66b-submod-0-latency-25.cdgp
1704042518556212282,1704042519955554503,200,http://172.169.8.253:31112/function/opt-66b-submod-0-latency-25.cdgp
1704042518556272844,1704042519766503592,200,http://172.169.8.253:31112/function/opt-66b-submod-0-latency-25.cdgp
1704042518556382021,1704042524079511149,200,http://172.169.8.253:31112/function/opt-66b-submod-0-latency-25.cdgp
1704042521197149816,1704042526114518236,200,http://172.169.8.253:31112/function/opt-66b-submod-0-latency-25.cdgp
1704042521197501532,1704042524484910701,200,http://172.169.8.253:31112/function/opt-66b-submod-0-latency-25.cdgp
1704042521197616259,1704042526008551906,200,http://172.169.8.253:31112/function/opt-66b-submod-0-latency-25.cdgp
1704042521200116236,1704042524046254092,200,http://172.169.8.253:31112/function/opt-66b-submod-0-latency-25.cdgp
1704042521200241659,1704042526008733885,200,http://172.169.8.253:31112/function/opt-66b-submod-0-latency-25.cdgp
1704042521200363989,1704042525605181424,200,http://172.169.8.253:31112/function/opt-66b-submod-0-latency-25.cdgp
1704042521200434147,1704042525629500841,200,http://172.169.8.253:31112/function/opt-66b-submod-0-latency-25.cdgp
1704042521200540535,1704042526540290860,200,http://172.169.8.253:31112/function/opt-66b-submod-0-latency-25.cdgp
1704042521200611823,1704042525246654502,200,http://172.169.8.253:31112/function/opt-66b-submod-0-latency-25.cdgp
1704042521200700320,1704042526083765603,200,http://172.169.8.253:31112/function/opt-66b-submod-0-latency-25.cdgp
1704042521200821839,1704042525838846047,200,http://172.169.8.253:31112/function/opt-66b-submod-0-latency-25.cdgp
1704042521200878485,1704042526490530640,200,http://172.169.8.253:31112/function/opt-66b-submod-0-latency-25.cdgp
1704042521201024868,1704042525655344438,200,http://172.169.8.253:31112/function/opt-66b-submod-0-latency-25.cdgp
1704042521374602895,1704042525059265631,200,http://172.169.8.253:31112/function/opt-66b-submod-0-latency-25.cdgp
1704042521380943569,1704042525523772714,200,http://172.169.8.253:31112/function/opt-66b-submod-0-latency-25.cdgp
1704042521381101529,1704042525491277006,200,http://172.169.8.253:31112/function/opt-66b-submod-0-latency-25.cdgp
1704042521381850634,1704042525927227741,200,http://172.169.8.253:31112/function/opt-66b-submod-0-latency-25.cdgp
1704042521381947185,1704042525799456924,200,http://172.169.8.253:31112/function/opt-66b-submod-0-latency-25.cdgp
1704042521382042920,1704042526728701206,200,http://172.169.8.253:31112/function/opt-66b-submod-0-latency-25.cdgp
1704042521382163114,1704042524740693072,200,http://172.169.8.253:31112/function/opt-66b-submod-0-latency-25.cdgp
1704042521382228404,1704042525319181295,200,http://172.169.8.253:31112/function/opt-66b-submod-0-latency-25.cdgp
1704042521382332854,1704042526520461034,200,http://172.169.8.253:31112/function/opt-66b-submod-0-latency-25.cdgp
1704042521382422385,1704042525287478270,200,http://172.169.8.253:31112/function/opt-66b-submod-0-latency-25.cdgp
1704042521382514562,1704042525364789711,200,http://172.169.8.253:31112/function/opt-66b-submod-0-latency-25.cdgp
1704042521382572572,1704042524373997018,200,http://172.169.8.253:31112/function/opt-66b-submod-0-latency-25.cdgp
1704042521382723806,1704042526486737614,200,http://172.169.8.253:31112/function/opt-66b-submod-0-latency-25.cdgp
1704042521382846357,1704042525463839432,200,http://172.169.8.253:31112/function/opt-66b-submod-0-latency-25.cdgp
1704042521382928427,1704042526182766599,200,http://172.169.8.253:31112/function/opt-66b-submod-0-latency-25.cdgp
1704042521383007712,1704042524523150361,200,http://172.169.8.253:31112/function/opt-66b-submod-0-latency-25.cdgp
1704042521429775475,1704042524753941826,200,http://172.169.8.253:31112/function/opt-66b-submod-0-latency-25.cdgp
1704042521554086945,1704042524735473430,200,http://172.169.8.253:31112/function/opt-66b-submod-0-latency-25.cdgp
1704042521554179266,1704042525284291844,200,http://172.169.8.253:31112/function/opt-66b-submod-0-latency-25.cdgp
1704042521554257409,1704042524376394974,200,http://172.169.8.253:31112/function/opt-66b-submod-0-latency-25.cdgp
1704042521560887151,1704042525507391059,200,http://172.169.8.253:31112/function/opt-66b-submod-0-latency-25.cdgp
1704042522712305532,1704042526186501226,200,http://172.169.8.253:31112/function/opt-66b-submod-0-latency-25.cdgp
1704042522712397266,1704042525917425226,200,http://172.169.8.253:31112/function/opt-66b-submod-0-latency-25.cdgp
1704042522712521432,1704042526516657007,200,http://172.169.8.253:31112/function/opt-66b-submod-0-latency-25.cdgp
1704042522712572266,1704042526488250367,200,http://172.169.8.253:31112/function/opt-66b-submod-0-latency-25.cdgp
1704042522712683609,1704042526529639324,200,http://172.169.8.253:31112/function/opt-66b-submod-0-latency-25.cdgp
1704042522712794472,1704042526604324183,200,http://172.169.8.253:31112/function/opt-66b-submod-0-latency-25.cdgp
1704042522712945564,1704042526851542418,200,http://172.169.8.253:31112/function/opt-66b-submod-0-latency-25.cdgp
1704042522713030255,1704042524979415293,200,http://172.169.8.253:31112/function/opt-66b-submod-0-latency-25.cdgp
1704042522713096240,1704042525473683875,200,http://172.169.8.253:31112/function/opt-66b-submod-0-latency-25.cdgp
1704042522713184823,1704042525808852930,200,http://172.169.8.253:31112/function/opt-66b-submod-0-latency-25.cdgp
1704042522776000966,1704042526769930296,200,http://172.169.8.253:31112/function/opt-66b-submod-0-latency-25.cdgp
1704042522776136945,1704042526752418308,200,http://172.169.8.253:31112/function/opt-66b-submod-0-latency-25.cdgp
1704042522776247171,1704042526645057123,200,http://172.169.8.253:31112/function/opt-66b-submod-0-latency-25.cdgp
1704042522776365322,1704042526482899488,200,http://172.169.8.253:31112/function/opt-66b-submod-0-latency-25.cdgp
1704042522776452857,1704042526455577116,200,http://172.169.8.253:31112/function/opt-66b-submod-0-latency-25.cdgp
1704042522776526592,1704042526132505915,200,http://172.169.8.253:31112/function/opt-66b-submod-0-latency-25.cdgp
1704042522776620707,1704042526482236542,200,http://172.169.8.253:31112/function/opt-66b-submod-0-latency-25.cdgp
1704042522776707302,1704042526819366896,200,http://172.169.8.253:31112/function/opt-66b-submod-0-latency-25.cdgp
1704042522776829689,1704042524971981271,200,http://172.169.8.253:31112/function/opt-66b-submod-0-latency-25.cdgp
1704042522776957846,1704042525457150526,200,http://172.169.8.253:31112/function/opt-66b-submod-0-latency-25.cdgp
1704042522777022868,1704042526494820023,200,http://172.169.8.253:31112/function/opt-66b-submod-0-latency-25.cdgp
1704042522777055282,1704042525845646779,200,http://172.169.8.253:31112/function/opt-66b-submod-0-latency-25.cdgp
1704042522777116282,1704042525347809411,200,http://172.169.8.253:31112/function/opt-66b-submod-0-latency-25.cdgp
1704042522777166258,1704042526280359205,200,http://172.169.8.253:31112/function/opt-66b-submod-0-latency-25.cdgp
1704042522777277374,1704042525797611334,200,http://172.169.8.253:31112/function/opt-66b-submod-0-latency-25.cdgp
1704042523013387825,1704042526571912042,200,http://172.169.8.253:31112/function/opt-66b-submod-0-latency-25.cdgp
1704042523013492884,1704042526094766487,200,http://172.169.8.253:31112/function/opt-66b-submod-0-latency-25.cdgp
1704042523013581132,1704042526156101911,200,http://172.169.8.253:31112/function/opt-66b-submod-0-latency-25.cdgp
1704042523013658712,1704042526253452666,200,http://172.169.8.253:31112/function/opt-66b-submod-0-latency-25.cdgp
1704042523074378513,1704042524970286403,200,http://172.169.8.253:31112/function/opt-66b-submod-0-latency-25.cdgp
1704042523177813717,1704042526302804056,200,http://172.169.8.253:31112/function/opt-66b-submod-0-latency-25.cdgp
1704042525686363168,1704042526951185330,200,http://172.169.8.253:31112/function/opt-66b-submod-0-latency-25.cdgp
1704042525686440999,1704042527044332105,200,http://172.169.8.253:31112/function/opt-66b-submod-0-latency-25.cdgp
1704042525686593631,1704042527068870235,200,http://172.169.8.253:31112/function/opt-66b-submod-0-latency-25.cdgp
1704042525686661449,1704042526895577209,200,http://172.169.8.253:31112/function/opt-66b-submod-0-latency-25.cdgp
1704042525686703582,1704042527063381811,200,http://172.169.8.253:31112/function/opt-66b-submod-0-latency-25.cdgp
1704042525686824607,1704042527085362073,200,http://172.169.8.253:31112/function/opt-66b-submod-0-latency-25.cdgp
1704042525686886593,1704042526943500744,200,http://172.169.8.253:31112/function/opt-66b-submod-0-latency-25.cdgp
1704042527848599310,1704042529252621842,200,http://172.169.8.253:31112/function/opt-66b-submod-0-latency-25.cdgp
1704042527848779597,1704042529807755638,200,http://172.169.8.253:31112/function/opt-66b-submod-0-latency-25.cdgp
1704042527848850814,1704042528987556808,200,http://172.169.8.253:31112/function/opt-66b-submod-0-latency-25.cdgp
1704042527848921365,1704042529699979461,200,http://172.169.8.253:31112/function/opt-66b-submod-0-latency-25.cdgp
1704042527848992993,1704042529917867944,200,http://172.169.8.253:31112/function/opt-66b-submod-0-latency-25.cdgp
1704042527849046534,1704042531124137723,200,http://172.169.8.253:31112/function/opt-66b-submod-0-latency-25.cdgp
1704042527849140778,1704042530751302779,200,http://172.169.8.253:31112/function/opt-66b-submod-0-latency-25.cdgp
1704042527849213294,1704042529665697218,200,http://172.169.8.253:31112/function/opt-66b-submod-0-latency-25.cdgp
1704042527849288584,1704042531123574982,200,http://172.169.8.253:31112/function/opt-66b-submod-0-latency-25.cdgp
1704042527849311538,1704042530750752450,200,http://172.169.8.253:31112/function/opt-66b-submod-0-latency-25.cdgp
1704042527849395455,1704042528790929011,200,http://172.169.8.253:31112/function/opt-66b-submod-0-latency-25.cdgp
1704042527849485710,1704042530373765584,200,http://172.169.8.253:31112/function/opt-66b-submod-0-latency-25.cdgp
1704042527849573991,1704042529429512732,200,http://172.169.8.253:31112/function/opt-66b-submod-0-latency-25.cdgp
1704042527849638194,1704042529662154748,200,http://172.169.8.253:31112/function/opt-66b-submod-0-latency-25.cdgp
1704042527849717906,1704042530174623008,200,http://172.169.8.253:31112/function/opt-66b-submod-0-latency-25.cdgp
1704042527849824454,1704042529025385071,200,http://172.169.8.253:31112/function/opt-66b-submod-0-latency-25.cdgp
1704042527849922144,1704042530446784369,200,http://172.169.8.253:31112/function/opt-66b-submod-0-latency-25.cdgp
1704042527850081700,1704042529524492316,200,http://172.169.8.253:31112/function/opt-66b-submod-0-latency-25.cdgp
1704042527850137510,1704042529931179379,200,http://172.169.8.253:31112/function/opt-66b-submod-0-latency-25.cdgp
1704042527850231772,1704042529660143040,200,http://172.169.8.253:31112/function/opt-66b-submod-0-latency-25.cdgp
1704042527850311519,1704042529876776450,200,http://172.169.8.253:31112/function/opt-66b-submod-0-latency-25.cdgp
1704042527850401197,1704042530631073594,200,http://172.169.8.253:31112/function/opt-66b-submod-0-latency-25.cdgp
1704042527850522959,1704042531016025835,200,http://172.169.8.253:31112/function/opt-66b-submod-0-latency-25.cdgp
1704042527850599116,1704042530774287186,200,http://172.169.8.253:31112/function/opt-66b-submod-0-latency-25.cdgp
1704042527850691367,1704042529553219585,200,http://172.169.8.253:31112/function/opt-66b-submod-0-latency-25.cdgp
1704042527850780415,1704042530073363049,200,http://172.169.8.253:31112/function/opt-66b-submod-0-latency-25.cdgp
1704042527850873989,1704042530751733252,200,http://172.169.8.253:31112/function/opt-66b-submod-0-latency-25.cdgp
1704042527850990140,1704042529753627248,200,http://172.169.8.253:31112/function/opt-66b-submod-0-latency-25.cdgp
1704042527851076776,1704042528791428684,200,http://172.169.8.253:31112/function/opt-66b-submod-0-latency-25.cdgp
1704042527851164980,1704042530372230299,200,http://172.169.8.253:31112/function/opt-66b-submod-0-latency-25.cdgp
1704042527851258994,1704042529371427830,200,http://172.169.8.253:31112/function/opt-66b-submod-0-latency-25.cdgp
1704042527851339168,1704042531650916773,200,http://172.169.8.253:31112/function/opt-66b-submod-0-latency-25.cdgp
1704042527851394339,1704042531314995821,200,http://172.169.8.253:31112/function/opt-66b-submod-0-latency-25.cdgp
1704042527851476347,1704042531016178024,200,http://172.169.8.253:31112/function/opt-66b-submod-0-latency-25.cdgp
1704042527851556168,1704042530751647066,200,http://172.169.8.253:31112/function/opt-66b-submod-0-latency-25.cdgp
1704042527851652270,1704042529526480444,200,http://172.169.8.253:31112/function/opt-66b-submod-0-latency-25.cdgp
1704042527851736409,1704042531313930549,200,http://172.169.8.253:31112/function/opt-66b-submod-0-latency-25.cdgp
1704042527851844025,1704042531952863578,200,http://172.169.8.253:31112/function/opt-66b-submod-0-latency-25.cdgp
1704042527851915341,1704042529916975433,200,http://172.169.8.253:31112/function/opt-66b-submod-0-latency-25.cdgp
1704042527852009620,1704042530065250146,200,http://172.169.8.253:31112/function/opt-66b-submod-0-latency-25.cdgp
1704042527852118840,1704042529877909600,200,http://172.169.8.253:31112/function/opt-66b-submod-0-latency-25.cdgp
1704042527852192793,1704042530834090829,200,http://172.169.8.253:31112/function/opt-66b-submod-0-latency-25.cdgp
1704042528670352695,1704042530409706878,200,http://172.169.8.253:31112/function/opt-66b-submod-0-latency-25.cdgp
1704042528670505643,1704042530631088303,200,http://172.169.8.253:31112/function/opt-66b-submod-0-latency-25.cdgp
1704042528670609013,1704042530412406284,200,http://172.169.8.253:31112/function/opt-66b-submod-0-latency-25.cdgp
1704042528771436442,1704042530406644953,200,http://172.169.8.253:31112/function/opt-66b-submod-0-latency-25.cdgp
1704042528771558663,1704042530750932165,200,http://172.169.8.253:31112/function/opt-66b-submod-0-latency-25.cdgp
1704042528771668202,1704042531953095847,200,http://172.169.8.253:31112/function/opt-66b-submod-0-latency-25.cdgp
1704042528771734408,1704042531650717205,200,http://172.169.8.253:31112/function/opt-66b-submod-0-latency-25.cdgp
1704042528771779873,1704042531345367489,200,http://172.169.8.253:31112/function/opt-66b-submod-0-latency-25.cdgp
1704042528771861758,1704042530405743254,200,http://172.169.8.253:31112/function/opt-66b-submod-0-latency-25.cdgp
1704042528916510357,1704042531016037773,200,http://172.169.8.253:31112/function/opt-66b-submod-0-latency-25.cdgp
1704042528916610076,1704042530631343736,200,http://172.169.8.253:31112/function/opt-66b-submod-0-latency-25.cdgp
1704042529725785440,1704042531952504511,200,http://172.169.8.253:31112/function/opt-66b-submod-0-latency-25.cdgp
1704042529725917623,1704042531953235006,200,http://172.169.8.253:31112/function/opt-66b-submod-0-latency-25.cdgp
1704042529726008029,1704042531651474433,200,http://172.169.8.253:31112/function/opt-66b-submod-0-latency-25.cdgp
1704042529735167492,1704042531359763958,200,http://172.169.8.253:31112/function/opt-66b-submod-0-latency-25.cdgp
1704042529899260540,1704042532051374254,200,http://172.169.8.253:31112/function/opt-66b-submod-0-latency-25.cdgp
1704042529899376418,1704042533603702392,200,http://172.169.8.253:31112/function/opt-66b-submod-0-latency-25.cdgp
1704042529913546402,1704042532007918711,200,http://172.169.8.253:31112/function/opt-66b-submod-0-latency-25.cdgp
1704042529913740455,1704042533511901893,200,http://172.169.8.253:31112/function/opt-66b-submod-0-latency-25.cdgp
1704042529913830059,1704042533509630662,200,http://172.169.8.253:31112/function/opt-66b-submod-0-latency-25.cdgp
1704042529913898124,1704042532007429807,200,http://172.169.8.253:31112/function/opt-66b-submod-0-latency-25.cdgp
1704042529913978084,1704042531953018195,200,http://172.169.8.253:31112/function/opt-66b-submod-0-latency-25.cdgp
1704042529914058398,1704042532007877116,200,http://172.169.8.253:31112/function/opt-66b-submod-0-latency-25.cdgp
1704042529914194818,1704042532012320572,200,http://172.169.8.253:31112/function/opt-66b-submod-0-latency-25.cdgp
1704042529914283257,1704042533200513390,200,http://172.169.8.253:31112/function/opt-66b-submod-0-latency-25.cdgp
1704042529914373423,1704042531952845681,200,http://172.169.8.253:31112/function/opt-66b-submod-0-latency-25.cdgp
1704042529914440372,1704042531987462029,200,http://172.169.8.253:31112/function/opt-66b-submod-0-latency-25.cdgp
1704042529914472637,1704042532183609110,200,http://172.169.8.253:31112/function/opt-66b-submod-0-latency-25.cdgp
1704042529914533613,1704042531952486078,200,http://172.169.8.253:31112/function/opt-66b-submod-0-latency-25.cdgp
1704042529914643815,1704042531359629869,200,http://172.169.8.253:31112/function/opt-66b-submod-0-latency-25.cdgp
1704042529914720287,1704042532153630510,200,http://172.169.8.253:31112/function/opt-66b-submod-0-latency-25.cdgp
1704042529914796951,1704042532179091060,200,http://172.169.8.253:31112/function/opt-66b-submod-0-latency-25.cdgp
1704042529914878761,1704042532392239949,200,http://172.169.8.253:31112/function/opt-66b-submod-0-latency-25.cdgp
1704042529914959706,1704042533249790207,200,http://172.169.8.253:31112/function/opt-66b-submod-0-latency-25.cdgp
1704042530420503432,1704042532415555951,200,http://172.169.8.253:31112/function/opt-66b-submod-0-latency-25.cdgp
1704042530420613995,1704042532967030509,200,http://172.169.8.253:31112/function/opt-66b-submod-0-latency-25.cdgp
1704042530420697801,1704042536081128323,200,http://172.169.8.253:31112/function/opt-66b-submod-0-latency-25.cdgp
1704042530420758751,1704042532147167764,200,http://172.169.8.253:31112/function/opt-66b-submod-0-latency-25.cdgp
1704042530420836381,1704042532187350721,200,http://172.169.8.253:31112/function/opt-66b-submod-0-latency-25.cdgp
1704042530420884071,1704042536509387073,200,http://172.169.8.253:31112/function/opt-66b-submod-0-latency-25.cdgp
1704042530420959661,1704042533669357043,200,http://172.169.8.253:31112/function/opt-66b-submod-0-latency-25.cdgp
1704042530421032047,1704042533167451591,200,http://172.169.8.253:31112/function/opt-66b-submod-0-latency-25.cdgp
1704042530421115257,1704042533167424938,200,http://172.169.8.253:31112/function/opt-66b-submod-0-latency-25.cdgp
1704042530421195325,1704042532654671306,200,http://172.169.8.253:31112/function/opt-66b-submod-0-latency-25.cdgp
1704042530421281111,1704042533165409590,200,http://172.169.8.253:31112/function/opt-66b-submod-0-latency-25.cdgp
1704042530421439303,1704042533228686665,200,http://172.169.8.253:31112/function/opt-66b-submod-0-latency-25.cdgp
1704042530421532906,1704042533511140341,200,http://172.169.8.253:31112/function/opt-66b-submod-0-latency-25.cdgp
1704042530455321184,1704042536547452654,200,http://172.169.8.253:31112/function/opt-66b-submod-0-latency-25.cdgp
1704042530455425429,1704042533312843017,200,http://172.169.8.253:31112/function/opt-66b-submod-0-latency-25.cdgp
1704042530455505697,1704042536773440114,200,http://172.169.8.253:31112/function/opt-66b-submod-0-latency-25.cdgp
1704042530455569682,1704042534251395726,200,http://172.169.8.253:31112/function/opt-66b-submod-0-latency-25.cdgp
1704042530455639942,1704042533365305978,200,http://172.169.8.253:31112/function/opt-66b-submod-0-latency-25.cdgp
1704042530455680030,1704042536548297326,200,http://172.169.8.253:31112/function/opt-66b-submod-0-latency-25.cdgp
1704042530455757482,1704042533205859881,200,http://172.169.8.253:31112/function/opt-66b-submod-0-latency-25.cdgp
1704042530455786212,1704042533452674423,200,http://172.169.8.253:31112/function/opt-66b-submod-0-latency-25.cdgp
1704042530455848832,1704042534038240324,200,http://172.169.8.253:31112/function/opt-66b-submod-0-latency-25.cdgp
1704042530455942100,1704042533951463775,200,http://172.169.8.253:31112/function/opt-66b-submod-0-latency-25.cdgp
1704042530456003356,1704042533377320992,200,http://172.169.8.253:31112/function/opt-66b-submod-0-latency-25.cdgp
1704042530456025339,1704042534665940974,200,http://172.169.8.253:31112/function/opt-66b-submod-0-latency-25.cdgp
1704042530456099802,1704042535208061271,200,http://172.169.8.253:31112/function/opt-66b-submod-0-latency-25.cdgp
1704042530456191568,1704042536507269945,200,http://172.169.8.253:31112/function/opt-66b-submod-0-latency-25.cdgp
1704042530456285325,1704042536078096983,200,http://172.169.8.253:31112/function/opt-66b-submod-0-latency-25.cdgp
1704042530456310143,1704042533069478076,200,http://172.169.8.253:31112/function/opt-66b-submod-0-latency-25.cdgp
1704042530456378357,1704042532668339379,200,http://172.169.8.253:31112/function/opt-66b-submod-0-latency-25.cdgp
1704042530456467929,1704042532471725067,200,http://172.169.8.253:31112/function/opt-66b-submod-0-latency-25.cdgp
1704042530456503171,1704042536081494489,200,http://172.169.8.253:31112/function/opt-66b-submod-0-latency-25.cdgp
1704042530456567298,1704042533252432634,200,http://172.169.8.253:31112/function/opt-66b-submod-0-latency-25.cdgp
1704042530456633000,1704042533507788253,200,http://172.169.8.253:31112/function/opt-66b-submod-0-latency-25.cdgp
1704042530456705822,1704042532924872952,200,http://172.169.8.253:31112/function/opt-66b-submod-0-latency-25.cdgp
1704042530456790882,1704042533490433217,200,http://172.169.8.253:31112/function/opt-66b-submod-0-latency-25.cdgp
1704042530456873039,1704042536506657232,200,http://172.169.8.253:31112/function/opt-66b-submod-0-latency-25.cdgp
1704042530456968385,1704042533270852082,200,http://172.169.8.253:31112/function/opt-66b-submod-0-latency-25.cdgp
1704042530456994246,1704042536546818725,200,http://172.169.8.253:31112/function/opt-66b-submod-0-latency-25.cdgp
1704042530457108931,1704042536779889614,200,http://172.169.8.253:31112/function/opt-66b-submod-0-latency-25.cdgp
1704042530457171484,1704042536514253330,200,http://172.169.8.253:31112/function/opt-66b-submod-0-latency-25.cdgp
1704042530457210837,1704042534210048405,200,http://172.169.8.253:31112/function/opt-66b-submod-0-latency-25.cdgp
1704042530457274683,1704042533330099297,200,http://172.169.8.253:31112/function/opt-66b-submod-0-latency-25.cdgp
1704042530457348070,1704042533551199762,200,http://172.169.8.253:31112/function/opt-66b-submod-0-latency-25.cdgp
1704042530457394582,1704042533032382527,200,http://172.169.8.253:31112/function/opt-66b-submod-0-latency-25.cdgp
1704042530457471703,1704042536546952100,200,http://172.169.8.253:31112/function/opt-66b-submod-0-latency-25.cdgp
1704042530457537677,1704042536511300249,200,http://172.169.8.253:31112/function/opt-66b-submod-0-latency-25.cdgp
1704042530457579199,1704042534464091615,200,http://172.169.8.253:31112/function/opt-66b-submod-0-latency-25.cdgp
1704042530457635032,1704042536781236438,200,http://172.169.8.253:31112/function/opt-66b-submod-0-latency-25.cdgp
1704042530457704673,1704042540377903306,500,http://172.169.8.253:31112/function/opt-66b-submod-0-latency-25.cdgp
1704042530457738523,1704042534034457093,200,http://172.169.8.253:31112/function/opt-66b-submod-0-latency-25.cdgp
1704042530501548680,1704042534038742161,200,http://172.169.8.253:31112/function/opt-66b-submod-0-latency-25.cdgp
1704042530501636615,1704042534463595473,200,http://172.169.8.253:31112/function/opt-66b-submod-0-latency-25.cdgp
1704042530501742179,1704042533315677025,200,http://172.169.8.253:31112/function/opt-66b-submod-0-latency-25.cdgp
1704042530530335493,1704042532932274074,200,http://172.169.8.253:31112/function/opt-66b-submod-0-latency-25.cdgp
1704042530530434454,1704042540134487520,500,http://172.169.8.253:31112/function/opt-66b-submod-0-latency-25.cdgp
1704042530530462126,1704042533128807477,200,http://172.169.8.253:31112/function/opt-66b-submod-0-latency-25.cdgp
1704042530530589418,1704042534212666170,200,http://172.169.8.253:31112/function/opt-66b-submod-0-latency-25.cdgp
1704042530530651105,1704042534463512946,200,http://172.169.8.253:31112/function/opt-66b-submod-0-latency-25.cdgp
1704042530530681345,1704042533363514542,200,http://172.169.8.253:31112/function/opt-66b-submod-0-latency-25.cdgp
1704042530530787036,1704042534003387469,200,http://172.169.8.253:31112/function/opt-66b-submod-0-latency-25.cdgp
1704042530530843496,1704042533058235971,200,http://172.169.8.253:31112/function/opt-66b-submod-0-latency-25.cdgp
1704042530530945124,1704042536775343133,200,http://172.169.8.253:31112/function/opt-66b-submod-0-latency-25.cdgp
1704042530530984156,1704042536079657953,200,http://172.169.8.253:31112/function/opt-66b-submod-0-latency-25.cdgp
1704042530531067532,1704042533448644765,200,http://172.169.8.253:31112/function/opt-66b-submod-0-latency-25.cdgp
1704042530531175500,1704042532851880228,200,http://172.169.8.253:31112/function/opt-66b-submod-0-latency-25.cdgp
1704042530531261962,1704042532471574237,200,http://172.169.8.253:31112/function/opt-66b-submod-0-latency-25.cdgp
1704042530792657762,1704042533184673442,200,http://172.169.8.253:31112/function/opt-66b-submod-0-latency-25.cdgp
1704042530792745723,1704042534694701285,200,http://172.169.8.253:31112/function/opt-66b-submod-0-latency-25.cdgp
1704042530792875494,1704042533355911350,200,http://172.169.8.253:31112/function/opt-66b-submod-0-latency-25.cdgp
1704042530795122403,1704042534252645984,200,http://172.169.8.253:31112/function/opt-66b-submod-0-latency-25.cdgp
1704042531369271831,1704042540471615081,500,http://172.169.8.253:31112/function/opt-66b-submod-0-latency-25.cdgp
1704042531369355942,1704042534463858450,200,http://172.169.8.253:31112/function/opt-66b-submod-0-latency-25.cdgp
1704042531369449268,1704042540422211258,500,http://172.169.8.253:31112/function/opt-66b-submod-0-latency-25.cdgp
1704042531369534243,1704042540965410603,500,http://172.169.8.253:31112/function/opt-66b-submod-0-latency-25.cdgp
1704042531369614667,1704042535393988094,200,http://172.169.8.253:31112/function/opt-66b-submod-0-latency-25.cdgp
1704042531369682596,1704042541216848033,500,http://172.169.8.253:31112/function/opt-66b-submod-0-latency-25.cdgp
1704042531369754955,1704042541215660392,500,http://172.169.8.253:31112/function/opt-66b-submod-0-latency-25.cdgp
1704042531369780979,1704042534779468886,200,http://172.169.8.253:31112/function/opt-66b-submod-0-latency-25.cdgp
1704042531369836217,1704042536514820384,200,http://172.169.8.253:31112/function/opt-66b-submod-0-latency-25.cdgp
1704042531370333403,1704042536563277520,200,http://172.169.8.253:31112/function/opt-66b-submod-0-latency-25.cdgp
1704042531370425344,1704042536823827037,200,http://172.169.8.253:31112/function/opt-66b-submod-0-latency-25.cdgp
1704042531371264050,1704042541216776286,500,http://172.169.8.253:31112/function/opt-66b-submod-0-latency-25.cdgp
1704042531371337309,1704042536777785497,200,http://172.169.8.253:31112/function/opt-66b-submod-0-latency-25.cdgp
1704042531371444264,1704042541211185691,500,http://172.169.8.253:31112/function/opt-66b-submod-0-latency-25.cdgp
1704042531371530495,1704042535392689790,200,http://172.169.8.253:31112/function/opt-66b-submod-0-latency-25.cdgp
1704042531371654602,1704042540965928137,500,http://172.169.8.253:31112/function/opt-66b-submod-0-latency-25.cdgp
1704042531371736426,1704042541221607374,500,http://172.169.8.253:31112/function/opt-66b-submod-0-latency-25.cdgp
1704042531371812316,1704042541216210329,500,http://172.169.8.253:31112/function/opt-66b-submod-0-latency-25.cdgp
1704042531371883424,1704042541373150450,500,http://172.169.8.253:31112/function/opt-66b-submod-0-latency-25.cdgp
1704042531371981410,1704042541373161319,500,http://172.169.8.253:31112/function/opt-66b-submod-0-latency-25.cdgp
1704042531372039419,1704042536518902019,200,http://172.169.8.253:31112/function/opt-66b-submod-0-latency-25.cdgp
1704042531372122208,1704042540965549461,500,http://172.169.8.253:31112/function/opt-66b-submod-0-latency-25.cdgp
1704042531372202951,1704042541221577145,500,http://172.169.8.253:31112/function/opt-66b-submod-0-latency-25.cdgp
1704042531372275688,1704042534736854208,200,http://172.169.8.253:31112/function/opt-66b-submod-0-latency-25.cdgp
1704042531372333004,1704042532791224113,200,http://172.169.8.253:31112/function/opt-66b-submod-0-latency-25.cdgp
1704042531372390280,1704042534463956867,200,http://172.169.8.253:31112/function/opt-66b-submod-0-latency-25.cdgp
1704042531372449859,1704042540869648532,500,http://172.169.8.253:31112/function/opt-66b-submod-0-latency-25.cdgp
1704042531372532319,1704042541216773276,500,http://172.169.8.253:31112/function/opt-66b-submod-0-latency-25.cdgp
1704042531372607957,1704042534251417391,200,http://172.169.8.253:31112/function/opt-66b-submod-0-latency-25.cdgp
1704042531372697493,1704042541211009464,500,http://172.169.8.253:31112/function/opt-66b-submod-0-latency-25.cdgp
1704042531372775883,1704042534694716422,200,http://172.169.8.253:31112/function/opt-66b-submod-0-latency-25.cdgp
1704042531372916145,1704042535968020424,200,http://172.169.8.253:31112/function/opt-66b-submod-0-latency-25.cdgp
1704042531372994441,1704042541003160260,500,http://172.169.8.253:31112/function/opt-66b-submod-0-latency-25.cdgp
1704042531373078796,1704042535970693405,200,http://172.169.8.253:31112/function/opt-66b-submod-0-latency-25.cdgp
1704042531373153290,1704042536521135592,200,http://172.169.8.253:31112/function/opt-66b-submod-0-latency-25.cdgp
1704042531373228199,1704042533253872419,200,http://172.169.8.253:31112/function/opt-66b-submod-0-latency-25.cdgp
1704042531373299100,1704042541229542723,500,http://172.169.8.253:31112/function/opt-66b-submod-0-latency-25.cdgp
1704042531373380488,1704042536824358315,200,http://172.169.8.253:31112/function/opt-66b-submod-0-latency-25.cdgp
1704042531373462021,1704042534210177873,200,http://172.169.8.253:31112/function/opt-66b-submod-0-latency-25.cdgp
1704042531373542600,1704042541217019365,500,http://172.169.8.253:31112/function/opt-66b-submod-0-latency-25.cdgp
1704042531373616455,1704042533494617101,200,http://172.169.8.253:31112/function/opt-66b-submod-0-latency-25.cdgp
1704042531373668926,1704042533227476315,200,http://172.169.8.253:31112/function/opt-66b-submod-0-latency-25.cdgp
1704042531410599372,1704042533332725316,200,http://172.169.8.253:31112/function/opt-66b-submod-0-latency-25.cdgp
1704042531410683313,1704042535970870753,200,http://172.169.8.253:31112/function/opt-66b-submod-0-latency-25.cdgp
1704042531410877615,1704042541411175863,500,http://172.169.8.253:31112/function/opt-66b-submod-0-latency-25.cdgp
1704042531410946176,1704042534736741269,200,http://172.169.8.253:31112/function/opt-66b-submod-0-latency-25.cdgp
1704042531411012731,1704042535440172667,200,http://172.169.8.253:31112/function/opt-66b-submod-0-latency-25.cdgp
1704042531411113668,1704042533767671309,200,http://172.169.8.253:31112/function/opt-66b-submod-0-latency-25.cdgp
1704042531411182576,1704042534694717803,200,http://172.169.8.253:31112/function/opt-66b-submod-0-latency-25.cdgp
1704042531411259414,1704042533879899389,200,http://172.169.8.253:31112/function/opt-66b-submod-0-latency-25.cdgp
1704042531434909343,1704042533488543951,200,http://172.169.8.253:31112/function/opt-66b-submod-0-latency-25.cdgp
1704042531435012188,1704042535504197511,200,http://172.169.8.253:31112/function/opt-66b-submod-0-latency-25.cdgp
1704042531435164306,1704042534463603697,200,http://172.169.8.253:31112/function/opt-66b-submod-0-latency-25.cdgp
1704042531435247784,1704042534833352813,200,http://172.169.8.253:31112/function/opt-66b-submod-0-latency-25.cdgp
1704042531435328893,1704042541361559057,500,http://172.169.8.253:31112/function/opt-66b-submod-0-latency-25.cdgp
1704042531435442941,1704042536309801500,200,http://172.169.8.253:31112/function/opt-66b-submod-0-latency-25.cdgp
1704042531435530563,1704042541217337384,500,http://172.169.8.253:31112/function/opt-66b-submod-0-latency-25.cdgp
1704042531435626185,1704042541361030593,500,http://172.169.8.253:31112/function/opt-66b-submod-0-latency-25.cdgp
1704042531435707203,1704042541436522332,500,http://172.169.8.253:31112/function/opt-66b-submod-0-latency-25.cdgp
1704042531435779927,1704042541436558395,500,http://172.169.8.253:31112/function/opt-66b-submod-0-latency-25.cdgp
1704042531435876697,1704042534694603264,200,http://172.169.8.253:31112/function/opt-66b-submod-0-latency-25.cdgp
1704042531435980924,1704042534736870844,200,http://172.169.8.253:31112/function/opt-66b-submod-0-latency-25.cdgp
1704042531436076200,1704042541436775074,500,http://172.169.8.253:31112/function/opt-66b-submod-0-latency-25.cdgp
1704042531436146731,1704042534463228823,200,http://172.169.8.253:31112/function/opt-66b-submod-0-latency-25.cdgp
1704042531436239811,1704042535804544422,200,http://172.169.8.253:31112/function/opt-66b-submod-0-latency-25.cdgp
1704042531436326220,1704042541436765129,500,http://172.169.8.253:31112/function/opt-66b-submod-0-latency-25.cdgp
1704042531436397122,1704042535970404487,200,http://172.169.8.253:31112/function/opt-66b-submod-0-latency-25.cdgp
1704042531436463358,1704042541436865533,500,http://172.169.8.253:31112/function/opt-66b-submod-0-latency-25.cdgp
1704042531436546567,1704042541436880758,500,http://172.169.8.253:31112/function/opt-66b-submod-0-latency-25.cdgp
1704042531436611092,1704042541436878772,500,http://172.169.8.253:31112/function/opt-66b-submod-0-latency-25.cdgp
1704042531436685641,1704042533906325781,200,http://172.169.8.253:31112/function/opt-66b-submod-0-latency-25.cdgp
1704042531436752458,1704042534666470815,200,http://172.169.8.253:31112/function/opt-66b-submod-0-latency-25.cdgp
1704042531436820049,1704042541436998668,500,http://172.169.8.253:31112/function/opt-66b-submod-0-latency-25.cdgp
1704042531522202415,1704042541360825131,500,http://172.169.8.253:31112/function/opt-66b-submod-0-latency-25.cdgp
1704042531549908216,1704042541550078485,500,http://172.169.8.253:31112/function/opt-66b-submod-0-latency-25.cdgp
1704042531549993567,1704042535112009924,200,http://172.169.8.253:31112/function/opt-66b-submod-0-latency-25.cdgp
1704042531550103260,1704042535393335108,200,http://172.169.8.253:31112/function/opt-66b-submod-0-latency-25.cdgp
1704042531550168918,1704042541551336274,500,http://172.169.8.253:31112/function/opt-66b-submod-0-latency-25.cdgp
1704042531550238577,1704042536306669471,200,http://172.169.8.253:31112/function/opt-66b-submod-0-latency-25.cdgp
1704042531550311039,1704042541218096955,500,http://172.169.8.253:31112/function/opt-66b-submod-0-latency-25.cdgp
1704042531550373039,1704042541448034971,500,http://172.169.8.253:31112/function/opt-66b-submod-0-latency-25.cdgp
1704042531550429127,1704042536410562931,200,http://172.169.8.253:31112/function/opt-66b-submod-0-latency-25.cdgp
1704042531550442719,1704042534699189261,200,http://172.169.8.253:31112/function/opt-66b-submod-0-latency-25.cdgp
1704042531550483232,1704042533986123751,200,http://172.169.8.253:31112/function/opt-66b-submod-0-latency-25.cdgp
1704042531550517552,1704042536307306566,200,http://172.169.8.253:31112/function/opt-66b-submod-0-latency-25.cdgp
1704042531550589858,1704042541361549175,500,http://172.169.8.253:31112/function/opt-66b-submod-0-latency-25.cdgp
1704042531550624203,1704042535112300257,200,http://172.169.8.253:31112/function/opt-66b-submod-0-latency-25.cdgp
1704042531550690391,1704042541448822753,500,http://172.169.8.253:31112/function/opt-66b-submod-0-latency-25.cdgp
1704042531550776161,1704042541217563125,500,http://172.169.8.253:31112/function/opt-66b-submod-0-latency-25.cdgp
1704042531550806950,1704042535296300453,200,http://172.169.8.253:31112/function/opt-66b-submod-0-latency-25.cdgp
1704042531550842012,1704042534699630982,200,http://172.169.8.253:31112/function/opt-66b-submod-0-latency-25.cdgp
1704042531550915845,1704042541221594008,500,http://172.169.8.253:31112/function/opt-66b-submod-0-latency-25.cdgp
1704042531551006149,1704042541551346144,500,http://172.169.8.253:31112/function/opt-66b-submod-0-latency-25.cdgp
1704042531551086376,1704042541461883258,500,http://172.169.8.253:31112/function/opt-66b-submod-0-latency-25.cdgp
1704042531551134496,1704042535971856884,200,http://172.169.8.253:31112/function/opt-66b-submod-0-latency-25.cdgp
1704042531551228656,1704042541551534895,500,http://172.169.8.253:31112/function/opt-66b-submod-0-latency-25.cdgp
1704042531551316873,1704042541462017216,500,http://172.169.8.253:31112/function/opt-66b-submod-0-latency-25.cdgp
1704042531551378862,1704042541551549731,500,http://172.169.8.253:31112/function/opt-66b-submod-0-latency-25.cdgp
1704042531551418436,1704042536984811410,200,http://172.169.8.253:31112/function/opt-66b-submod-0-latency-25.cdgp
1704042531551493260,1704042536270480319,200,http://172.169.8.253:31112/function/opt-66b-submod-0-latency-25.cdgp
1704042531551528243,1704042535819061312,200,http://172.169.8.253:31112/function/opt-66b-submod-0-latency-25.cdgp
1704042531551574155,1704042541448359343,500,http://172.169.8.253:31112/function/opt-66b-submod-0-latency-25.cdgp
1704042531551599627,1704042541222782260,500,http://172.169.8.253:31112/function/opt-66b-submod-0-latency-25.cdgp
1704042531551652364,1704042535116915269,200,http://172.169.8.253:31112/function/opt-66b-submod-0-latency-25.cdgp
1704042531551683608,1704042541447397541,500,http://172.169.8.253:31112/function/opt-66b-submod-0-latency-25.cdgp
1704042531551754785,1704042541552363867,500,http://172.169.8.253:31112/function/opt-66b-submod-0-latency-25.cdgp
1704042531551838562,1704042541217660596,500,http://172.169.8.253:31112/function/opt-66b-submod-0-latency-25.cdgp
1704042531551865874,1704042541446499179,500,http://172.169.8.253:31112/function/opt-66b-submod-0-latency-25.cdgp
1704042531551942488,1704042536276579746,200,http://172.169.8.253:31112/function/opt-66b-submod-0-latency-25.cdgp
1704042533539650352,1704042542783504091,500,http://172.169.8.253:31112/function/opt-66b-submod-0-latency-25.cdgp
1704042533551766557,1704042537414470857,200,http://172.169.8.253:31112/function/opt-66b-submod-0-latency-25.cdgp
1704042533551863311,1704042543036893315,500,http://172.169.8.253:31112/function/opt-66b-submod-0-latency-25.cdgp
1704042533551963502,1704042535968834823,200,http://172.169.8.253:31112/function/opt-66b-submod-0-latency-25.cdgp
1704042533552034883,1704042542825708546,500,http://172.169.8.253:31112/function/opt-66b-submod-0-latency-25.cdgp
1704042533552089336,1704042536093735141,200,http://172.169.8.253:31112/function/opt-66b-submod-0-latency-25.cdgp
1704042533552194261,1704042543056708271,500,http://172.169.8.253:31112/function/opt-66b-submod-0-latency-25.cdgp
1704042533552254641,1704042542779402715,200,http://172.169.8.253:31112/function/opt-66b-submod-0-latency-25.cdgp
1704042533552314968,1704042543035539027,500,http://172.169.8.253:31112/function/opt-66b-submod-0-latency-25.cdgp
1704042533552376209,1704042542520708331,200,http://172.169.8.253:31112/function/opt-66b-submod-0-latency-25.cdgp
1704042533552408242,1704042536989132717,200,http://172.169.8.253:31112/function/opt-66b-submod-0-latency-25.cdgp
1704042533552478956,1704042543002947652,500,http://172.169.8.253:31112/function/opt-66b-submod-0-latency-25.cdgp
1704042533552569646,1704042542707605554,200,http://172.169.8.253:31112/function/opt-66b-submod-0-latency-25.cdgp
1704042533552682178,1704042542563092129,200,http://172.169.8.253:31112/function/opt-66b-submod-0-latency-25.cdgp
1704042533552771817,1704042543055581882,500,http://172.169.8.253:31112/function/opt-66b-submod-0-latency-25.cdgp
1704042533552789986,1704042543025338207,500,http://172.169.8.253:31112/function/opt-66b-submod-0-latency-25.cdgp
1704042533552851182,1704042536450932544,200,http://172.169.8.253:31112/function/opt-66b-submod-0-latency-25.cdgp
1704042533552880541,1704042543439494712,500,http://172.169.8.253:31112/function/opt-66b-submod-0-latency-25.cdgp
1704042533552972510,1704042543040254213,500,http://172.169.8.253:31112/function/opt-66b-submod-0-latency-25.cdgp
1704042533553001281,1704042538753502927,200,http://172.169.8.253:31112/function/opt-66b-submod-0-latency-25.cdgp
1704042533553065792,1704042537331052523,200,http://172.169.8.253:31112/function/opt-66b-submod-0-latency-25.cdgp
1704042533553140250,1704042543041316991,500,http://172.169.8.253:31112/function/opt-66b-submod-0-latency-25.cdgp
1704042533553220545,1704042543440865512,500,http://172.169.8.253:31112/function/opt-66b-submod-0-latency-25.cdgp
1704042533553325711,1704042542708086867,200,http://172.169.8.253:31112/function/opt-66b-submod-0-latency-25.cdgp
1704042533553397756,1704042543002932687,500,http://172.169.8.253:31112/function/opt-66b-submod-0-latency-25.cdgp
1704042533553469933,1704042535504660840,200,http://172.169.8.253:31112/function/opt-66b-submod-0-latency-25.cdgp
1704042533553537911,1704042536235007762,200,http://172.169.8.253:31112/function/opt-66b-submod-0-latency-25.cdgp
1704042533553599168,1704042543002913530,500,http://172.169.8.253:31112/function/opt-66b-submod-0-latency-25.cdgp
1704042533553630690,1704042536986027049,200,http://172.169.8.253:31112/function/opt-66b-submod-0-latency-25.cdgp
1704042533553713867,1704042543025746679,500,http://172.169.8.253:31112/function/opt-66b-submod-0-latency-25.cdgp
1704042533553782157,1704042536534527690,200,http://172.169.8.253:31112/function/opt-66b-submod-0-latency-25.cdgp
1704042533553804063,1704042543061030848,500,http://172.169.8.253:31112/function/opt-66b-submod-0-latency-25.cdgp
1704042533553886388,1704042536001490387,200,http://172.169.8.253:31112/function/opt-66b-submod-0-latency-25.cdgp
1704042533553953742,1704042542708446060,200,http://172.169.8.253:31112/function/opt-66b-submod-0-latency-25.cdgp
1704042533553983225,1704042537414927292,200,http://172.169.8.253:31112/function/opt-66b-submod-0-latency-25.cdgp
1704042534036979886,1704042535755574424,200,http://172.169.8.253:31112/function/opt-66b-submod-0-latency-25.cdgp
1704042534037053952,1704042536589992224,200,http://172.169.8.253:31112/function/opt-66b-submod-0-latency-25.cdgp
1704042534037208116,1704042543495601922,500,http://172.169.8.253:31112/function/opt-66b-submod-0-latency-25.cdgp
1704042534051621305,1704042537770918366,200,http://172.169.8.253:31112/function/opt-66b-submod-0-latency-25.cdgp
1704042534051670894,1704042543099962946,500,http://172.169.8.253:31112/function/opt-66b-submod-0-latency-25.cdgp
1704042534051755264,1704042537242619021,200,http://172.169.8.253:31112/function/opt-66b-submod-0-latency-25.cdgp
1704042534051821343,1704042543483380111,500,http://172.169.8.253:31112/function/opt-66b-submod-0-latency-25.cdgp
1704042534051868737,1704042543440189716,500,http://172.169.8.253:31112/function/opt-66b-submod-0-latency-25.cdgp
1704042534130072590,1704042543440879558,500,http://172.169.8.253:31112/function/opt-66b-submod-0-latency-25.cdgp
1704042534130166137,1704042543153254316,500,http://172.169.8.253:31112/function/opt-66b-submod-0-latency-25.cdgp
1704042534130264023,1704042536977303092,200,http://172.169.8.253:31112/function/opt-66b-submod-0-latency-25.cdgp
1704042534130323244,1704042543439503096,500,http://172.169.8.253:31112/function/opt-66b-submod-0-latency-25.cdgp
1704042534130391441,1704042536631114224,200,http://172.169.8.253:31112/function/opt-66b-submod-0-latency-25.cdgp
1704042534130467565,1704042543451972589,500,http://172.169.8.253:31112/function/opt-66b-submod-0-latency-25.cdgp
1704042534130531431,1704042538613943692,200,http://172.169.8.253:31112/function/opt-66b-submod-0-latency-25.cdgp
1704042534130572943,1704042538606063082,200,http://172.169.8.253:31112/function/opt-66b-submod-0-latency-25.cdgp
1704042534130647970,1704042538594391524,200,http://172.169.8.253:31112/function/opt-66b-submod-0-latency-25.cdgp
1704042534130681163,1704042543447915958,500,http://172.169.8.253:31112/function/opt-66b-submod-0-latency-25.cdgp
1704042534130767865,1704042543487895558,500,http://172.169.8.253:31112/function/opt-66b-submod-0-latency-25.cdgp
1704042534130799916,1704042538524247532,200,http://172.169.8.253:31112/function/opt-66b-submod-0-latency-25.cdgp
1704042534133506868,1704042543459958994,500,http://172.169.8.253:31112/function/opt-66b-submod-0-latency-25.cdgp
1704042534133590746,1704042537096886138,200,http://172.169.8.253:31112/function/opt-66b-submod-0-latency-25.cdgp
1704042534133679724,1704042544134758380,500,http://172.169.8.253:31112/function/opt-66b-submod-0-latency-25.cdgp
1704042534133803908,1704042536229518391,200,http://172.169.8.253:31112/function/opt-66b-submod-0-latency-25.cdgp
1704042534133884403,1704042543772099352,500,http://172.169.8.253:31112/function/opt-66b-submod-0-latency-25.cdgp
1704042534164762617,1704042544165004961,500,http://172.169.8.253:31112/function/opt-66b-submod-0-latency-25.cdgp
1704042534164847077,1704042543774678985,500,http://172.169.8.253:31112/function/opt-66b-submod-0-latency-25.cdgp
1704042534164973059,1704042536983590190,200,http://172.169.8.253:31112/function/opt-66b-submod-0-latency-25.cdgp
1704042534165038118,1704042539054148152,200,http://172.169.8.253:31112/function/opt-66b-submod-0-latency-25.cdgp
1704042534166299944,1704042544167255447,500,http://172.169.8.253:31112/function/opt-66b-submod-0-latency-25.cdgp
1704042534167262076,1704042543774754451,500,http://172.169.8.253:31112/function/opt-66b-submod-0-latency-25.cdgp
1704042534167356054,1704042543777282557,500,http://172.169.8.253:31112/function/opt-66b-submod-0-latency-25.cdgp
1704042534167443462,1704042538128612568,200,http://172.169.8.253:31112/function/opt-66b-submod-0-latency-25.cdgp
1704042534167545071,1704042544168421287,500,http://172.169.8.253:31112/function/opt-66b-submod-0-latency-25.cdgp
1704042534167645320,1704042538644962633,200,http://172.169.8.253:31112/function/opt-66b-submod-0-latency-25.cdgp
1704042534167728532,1704042537575222924,200,http://172.169.8.253:31112/function/opt-66b-submod-0-latency-25.cdgp
1704042534167834800,1704042536728073021,200,http://172.169.8.253:31112/function/opt-66b-submod-0-latency-25.cdgp
1704042534167902875,1704042543453728689,500,http://172.169.8.253:31112/function/opt-66b-submod-0-latency-25.cdgp
1704042534168029106,1704042539376730106,200,http://172.169.8.253:31112/function/opt-66b-submod-0-latency-25.cdgp
1704042534168093695,1704042537913412721,200,http://172.169.8.253:31112/function/opt-66b-submod-0-latency-25.cdgp
1704042534168176073,1704042543756468640,500,http://172.169.8.253:31112/function/opt-66b-submod-0-latency-25.cdgp
1704042534168220460,1704042538640939244,200,http://172.169.8.253:31112/function/opt-66b-submod-0-latency-25.cdgp
1704042534168283293,1704042536408951658,200,http://172.169.8.253:31112/function/opt-66b-submod-0-latency-25.cdgp
1704042534174020551,1704042544174685753,500,http://172.169.8.253:31112/function/opt-66b-submod-0-latency-25.cdgp
1704042534174100351,1704042543776434510,500,http://172.169.8.253:31112/function/opt-66b-submod-0-latency-25.cdgp
1704042534174186122,1704042544035368180,500,http://172.169.8.253:31112/function/opt-66b-submod-0-latency-25.cdgp
1704042534174265090,1704042537785482687,200,http://172.169.8.253:31112/function/opt-66b-submod-0-latency-25.cdgp
1704042534174348546,1704042544030951750,500,http://172.169.8.253:31112/function/opt-66b-submod-0-latency-25.cdgp
1704042534174398806,1704042537746867339,200,http://172.169.8.253:31112/function/opt-66b-submod-0-latency-25.cdgp
1704042534174503277,1704042537891555212,200,http://172.169.8.253:31112/function/opt-66b-submod-0-latency-25.cdgp
1704042534174583381,1704042536243515003,200,http://172.169.8.253:31112/function/opt-66b-submod-0-latency-25.cdgp
1704042534174661770,1704042544174774080,500,http://172.169.8.253:31112/function/opt-66b-submod-0-latency-25.cdgp
1704042534174740188,1704042539010986651,200,http://172.169.8.253:31112/function/opt-66b-submod-0-latency-25.cdgp
1704042534174824749,1704042544030783507,500,http://172.169.8.253:31112/function/opt-66b-submod-0-latency-25.cdgp
1704042534174906073,1704042537736865047,200,http://172.169.8.253:31112/function/opt-66b-submod-0-latency-25.cdgp
1704042534174982485,1704042539054155319,200,http://172.169.8.253:31112/function/opt-66b-submod-0-latency-25.cdgp
1704042534175063407,1704042544176381074,500,http://172.169.8.253:31112/function/opt-66b-submod-0-latency-25.cdgp
1704042534175146324,1704042536561401388,200,http://172.169.8.253:31112/function/opt-66b-submod-0-latency-25.cdgp
1704042534175240502,1704042538657029491,200,http://172.169.8.253:31112/function/opt-66b-submod-0-latency-25.cdgp
1704042534175335419,1704042536901209856,200,http://172.169.8.253:31112/function/opt-66b-submod-0-latency-25.cdgp
1704042534175421177,1704042538657439961,200,http://172.169.8.253:31112/function/opt-66b-submod-0-latency-25.cdgp
1704042534175494899,1704042544175946455,500,http://172.169.8.253:31112/function/opt-66b-submod-0-latency-25.cdgp
1704042534175589965,1704042544176357376,500,http://172.169.8.253:31112/function/opt-66b-submod-0-latency-25.cdgp
1704042534175661618,1704042544176127762,500,http://172.169.8.253:31112/function/opt-66b-submod-0-latency-25.cdgp
1704042534175735294,1704042536116637081,200,http://172.169.8.253:31112/function/opt-66b-submod-0-latency-25.cdgp
1704042534175794437,1704042544176114213,500,http://172.169.8.253:31112/function/opt-66b-submod-0-latency-25.cdgp
1704042534175877800,1704042544176382562,500,http://172.169.8.253:31112/function/opt-66b-submod-0-latency-25.cdgp
1704042534175953178,1704042544176389496,500,http://172.169.8.253:31112/function/opt-66b-submod-0-latency-25.cdgp
1704042534176038363,1704042543777366861,500,http://172.169.8.253:31112/function/opt-66b-submod-0-latency-25.cdgp
1704042534176132616,1704042544176441741,500,http://172.169.8.253:31112/function/opt-66b-submod-0-latency-25.cdgp
1704042534176213382,1704042544176451125,500,http://172.169.8.253:31112/function/opt-66b-submod-0-latency-25.cdgp
1704042534176278925,1704042536777167116,200,http://172.169.8.253:31112/function/opt-66b-submod-0-latency-25.cdgp
1704042534176365329,1704042544176674282,500,http://172.169.8.253:31112/function/opt-66b-submod-0-latency-25.cdgp
1704042534176420928,1704042544030764883,500,http://172.169.8.253:31112/function/opt-66b-submod-0-latency-25.cdgp
1704042534176477292,1704042543776002127,500,http://172.169.8.253:31112/function/opt-66b-submod-0-latency-25.cdgp
1704042534176546882,1704042538522352684,200,http://172.169.8.253:31112/function/opt-66b-submod-0-latency-25.cdgp
1704042534202640691,1704042544203168031,500,http://172.169.8.253:31112/function/opt-66b-submod-0-latency-25.cdgp
1704042534202721190,1704042537332747164,200,http://172.169.8.253:31112/function/opt-66b-submod-0-latency-25.cdgp
1704042534202790265,1704042538342290699,200,http://172.169.8.253:31112/function/opt-66b-submod-0-latency-25.cdgp
1704042534202861741,1704042537734532613,200,http://172.169.8.253:31112/function/opt-66b-submod-0-latency-25.cdgp
1704042534212626151,1704042544213005370,500,http://172.169.8.253:31112/function/opt-66b-submod-0-latency-25.cdgp
1704042534212739813,1704042538707374185,200,http://172.169.8.253:31112/function/opt-66b-submod-0-latency-25.cdgp
1704042534212819828,1704042544213061363,500,http://172.169.8.253:31112/function/opt-66b-submod-0-latency-25.cdgp
1704042534212892155,1704042540016310667,200,http://172.169.8.253:31112/function/opt-66b-submod-0-latency-25.cdgp
1704042534212967480,1704042544213092594,500,http://172.169.8.253:31112/function/opt-66b-submod-0-latency-25.cdgp
1704042534213065591,1704042538591258301,200,http://172.169.8.253:31112/function/opt-66b-submod-0-latency-25.cdgp
1704042534213149394,1704042544214550765,500,http://172.169.8.253:31112/function/opt-66b-submod-0-latency-25.cdgp
1704042534213240595,1704042544214527792,500,http://172.169.8.253:31112/function/opt-66b-submod-0-latency-25.cdgp
1704042534213334180,1704042544079362263,500,http://172.169.8.253:31112/function/opt-66b-submod-0-latency-25.cdgp
1704042534213402570,1704042544214531519,500,http://172.169.8.253:31112/function/opt-66b-submod-0-latency-25.cdgp
1704042534213497177,1704042544031428702,500,http://172.169.8.253:31112/function/opt-66b-submod-0-latency-25.cdgp
1704042534213578764,1704042537867013185,200,http://172.169.8.253:31112/function/opt-66b-submod-0-latency-25.cdgp
1704042534213636678,1704042537367759759,200,http://172.169.8.253:31112/function/opt-66b-submod-0-latency-25.cdgp
1704042534213719104,1704042537751929729,200,http://172.169.8.253:31112/function/opt-66b-submod-0-latency-25.cdgp
1704042534213793965,1704042544214512374,500,http://172.169.8.253:31112/function/opt-66b-submod-0-latency-25.cdgp
1704042534213877929,1704042536550114347,200,http://172.169.8.253:31112/function/opt-66b-submod-0-latency-25.cdgp
1704042534213991299,1704042544214676650,500,http://172.169.8.253:31112/function/opt-66b-submod-0-latency-25.cdgp
1704042534214067929,1704042539054092400,200,http://172.169.8.253:31112/function/opt-66b-submod-0-latency-25.cdgp
1704042534214116854,1704042540012438629,200,http://172.169.8.253:31112/function/opt-66b-submod-0-latency-25.cdgp
1704042534214204747,1704042544214664388,500,http://172.169.8.253:31112/function/opt-66b-submod-0-latency-25.cdgp
1704042534214277207,1704042544214679783,500,http://172.169.8.253:31112/function/opt-66b-submod-0-latency-25.cdgp
1704042534214358708,1704042544214686369,500,http://172.169.8.253:31112/function/opt-66b-submod-0-latency-25.cdgp
1704042534214453634,1704042540011838908,200,http://172.169.8.253:31112/function/opt-66b-submod-0-latency-25.cdgp
1704042534214511730,1704042537053644833,200,http://172.169.8.253:31112/function/opt-66b-submod-0-latency-25.cdgp
1704042534214556278,1704042538825415110,200,http://172.169.8.253:31112/function/opt-66b-submod-0-latency-25.cdgp
1704042534214656170,1704042544214759281,500,http://172.169.8.253:31112/function/opt-66b-submod-0-latency-25.cdgp
1704042534214734825,1704042539057087053,200,http://172.169.8.253:31112/function/opt-66b-submod-0-latency-25.cdgp
1704042534214831190,1704042539034061662,200,http://172.169.8.253:31112/function/opt-66b-submod-0-latency-25.cdgp
1704042534214897739,1704042538645013589,200,http://172.169.8.253:31112/function/opt-66b-submod-0-latency-25.cdgp
1704042534214989830,1704042544215442925,500,http://172.169.8.253:31112/function/opt-66b-submod-0-latency-25.cdgp
1704042534215097523,1704042538656919213,200,http://172.169.8.253:31112/function/opt-66b-submod-0-latency-25.cdgp
1704042534215175079,1704042538368578428,200,http://172.169.8.253:31112/function/opt-66b-submod-0-latency-25.cdgp
1704042534215244368,1704042544215428007,500,http://172.169.8.253:31112/function/opt-66b-submod-0-latency-25.cdgp
1704042534215335819,1704042544215478822,500,http://172.169.8.253:31112/function/opt-66b-submod-0-latency-25.cdgp
1704042534215445281,1704042544215518728,500,http://172.169.8.253:31112/function/opt-66b-submod-0-latency-25.cdgp
1704042534281282947,1704042538196002363,200,http://172.169.8.253:31112/function/opt-66b-submod-0-latency-25.cdgp
1704042534281368388,1704042544282331228,500,http://172.169.8.253:31112/function/opt-66b-submod-0-latency-25.cdgp
1704042534281450144,1704042538147456990,200,http://172.169.8.253:31112/function/opt-66b-submod-0-latency-25.cdgp
1704042534281509962,1704042544282335992,500,http://172.169.8.253:31112/function/opt-66b-submod-0-latency-25.cdgp
1704042534281578535,1704042539054201887,200,http://172.169.8.253:31112/function/opt-66b-submod-0-latency-25.cdgp
1704042534281630857,1704042538595030292,200,http://172.169.8.253:31112/function/opt-66b-submod-0-latency-25.cdgp
1704042534281713300,1704042544282311536,500,http://172.169.8.253:31112/function/opt-66b-submod-0-latency-25.cdgp
1704042534281786964,1704042544282404212,500,http://172.169.8.253:31112/function/opt-66b-submod-0-latency-25.cdgp
1704042534281815133,1704042544282315269,500,http://172.169.8.253:31112/function/opt-66b-submod-0-latency-25.cdgp
1704042534281893092,1704042544282382912,500,http://172.169.8.253:31112/function/opt-66b-submod-0-latency-25.cdgp
1704042534281959015,1704042544282395629,500,http://172.169.8.253:31112/function/opt-66b-submod-0-latency-25.cdgp
1704042534282042977,1704042544282419682,500,http://172.169.8.253:31112/function/opt-66b-submod-0-latency-25.cdgp
1704042534282067358,1704042540012596028,200,http://172.169.8.253:31112/function/opt-66b-submod-0-latency-25.cdgp
1704042534755441010,1704042538787496387,200,http://172.169.8.253:31112/function/opt-66b-submod-0-latency-25.cdgp
1704042534755525770,1704042544756545587,500,http://172.169.8.253:31112/function/opt-66b-submod-0-latency-25.cdgp
1704042534755623441,1704042544450475621,500,http://172.169.8.253:31112/function/opt-66b-submod-0-latency-25.cdgp
1704042534755720723,1704042544756549791,500,http://172.169.8.253:31112/function/opt-66b-submod-0-latency-25.cdgp
1704042534755787864,1704042544728040244,500,http://172.169.8.253:31112/function/opt-66b-submod-0-latency-25.cdgp
1704042534755859643,1704042539701059658,200,http://172.169.8.253:31112/function/opt-66b-submod-0-latency-25.cdgp
1704042534755947364,1704042538747513582,200,http://172.169.8.253:31112/function/opt-66b-submod-0-latency-25.cdgp
1704042534755975546,1704042544728129377,500,http://172.169.8.253:31112/function/opt-66b-submod-0-latency-25.cdgp
1704042534756075561,1704042544727649349,500,http://172.169.8.253:31112/function/opt-66b-submod-0-latency-25.cdgp
1704042535441224830,1704042540215456717,200,http://172.169.8.253:31112/function/opt-66b-submod-0-latency-25.cdgp
1704042535442903468,1704042545079858909,500,http://172.169.8.253:31112/function/opt-66b-submod-0-latency-25.cdgp
1704042535469559999,1704042545025252807,500,http://172.169.8.253:31112/function/opt-66b-submod-0-latency-25.cdgp
1704042535469635278,1704042537396187194,200,http://172.169.8.253:31112/function/opt-66b-submod-0-latency-25.cdgp
1704042535469726288,1704042545031340968,500,http://172.169.8.253:31112/function/opt-66b-submod-0-latency-25.cdgp
1704042535469793395,1704042538365147714,200,http://172.169.8.253:31112/function/opt-66b-submod-0-latency-25.cdgp
1704042535469855831,1704042545112443566,500,http://172.169.8.253:31112/function/opt-66b-submod-0-latency-25.cdgp
1704042535476488151,1704042545112164399,500,http://172.169.8.253:31112/function/opt-66b-submod-0-latency-25.cdgp
1704042535476572093,1704042545031968106,500,http://172.169.8.253:31112/function/opt-66b-submod-0-latency-25.cdgp
1704042535476716695,1704042538284266773,200,http://172.169.8.253:31112/function/opt-66b-submod-0-latency-25.cdgp
1704042535476781708,1704042545108019794,500,http://172.169.8.253:31112/function/opt-66b-submod-0-latency-25.cdgp
1704042535476822954,1704042545026347248,500,http://172.169.8.253:31112/function/opt-66b-submod-0-latency-25.cdgp
1704042535476887849,1704042545105795634,500,http://172.169.8.253:31112/function/opt-66b-submod-0-latency-25.cdgp
1704042537816449618,1704042540111603673,200,http://172.169.8.253:31112/function/opt-66b-submod-0-latency-25.cdgp
1704042537816608309,1704042541812322880,200,http://172.169.8.253:31112/function/opt-66b-submod-0-latency-25.cdgp
1704042537816701651,1704042540140360291,200,http://172.169.8.253:31112/function/opt-66b-submod-0-latency-25.cdgp
1704042537816758806,1704042540018362955,200,http://172.169.8.253:31112/function/opt-66b-submod-0-latency-25.cdgp
1704042537816865880,1704042547242413657,500,http://172.169.8.253:31112/function/opt-66b-submod-0-latency-25.cdgp
1704042537816926668,1704042540012152762,200,http://172.169.8.253:31112/function/opt-66b-submod-0-latency-25.cdgp
1704042537816959720,1704042547566391007,500,http://172.169.8.253:31112/function/opt-66b-submod-0-latency-25.cdgp
1704042537817021998,1704042547246962709,500,http://172.169.8.253:31112/function/opt-66b-submod-0-latency-25.cdgp
1704042537817078060,1704042547240061444,500,http://172.169.8.253:31112/function/opt-66b-submod-0-latency-25.cdgp
1704042537817172307,1704042547242587610,500,http://172.169.8.253:31112/function/opt-66b-submod-0-latency-25.cdgp
1704042537817208121,1704042541731377765,200,http://172.169.8.253:31112/function/opt-66b-submod-0-latency-25.cdgp
1704042537817289275,1704042540965923700,200,http://172.169.8.253:31112/function/opt-66b-submod-0-latency-25.cdgp
1704042537817339944,1704042540497636046,200,http://172.169.8.253:31112/function/opt-66b-submod-0-latency-25.cdgp
1704042537817365586,1704042540114403024,200,http://172.169.8.253:31112/function/opt-66b-submod-0-latency-25.cdgp
1704042537817463297,1704042547242896797,500,http://172.169.8.253:31112/function/opt-66b-submod-0-latency-25.cdgp
1704042537817540749,1704042547250911096,500,http://172.169.8.253:31112/function/opt-66b-submod-0-latency-25.cdgp
1704042537817630749,1704042540869839407,200,http://172.169.8.253:31112/function/opt-66b-submod-0-latency-25.cdgp
1704042537817687720,1704042547240573316,500,http://172.169.8.253:31112/function/opt-66b-submod-0-latency-25.cdgp
1704042537817748122,1704042540965521345,200,http://172.169.8.253:31112/function/opt-66b-submod-0-latency-25.cdgp
1704042537817792096,1704042540111818228,200,http://172.169.8.253:31112/function/opt-66b-submod-0-latency-25.cdgp
1704042537817877799,1704042540422870887,200,http://172.169.8.253:31112/function/opt-66b-submod-0-latency-25.cdgp
1704042537817961421,1704042547242397882,500,http://172.169.8.253:31112/function/opt-66b-submod-0-latency-25.cdgp
1704042537817996274,1704042540111633701,200,http://172.169.8.253:31112/function/opt-66b-submod-0-latency-25.cdgp
1704042537818068228,1704042547248682636,500,http://172.169.8.253:31112/function/opt-66b-submod-0-latency-25.cdgp
1704042537934024987,1704042541731352887,200,http://172.169.8.253:31112/function/opt-66b-submod-0-latency-25.cdgp
1704042537934108187,1704042541381855393,200,http://172.169.8.253:31112/function/opt-66b-submod-0-latency-25.cdgp
1704042537934209525,1704042541003204505,200,http://172.169.8.253:31112/function/opt-66b-submod-0-latency-25.cdgp
1704042537934294714,1704042540423054292,200,http://172.169.8.253:31112/function/opt-66b-submod-0-latency-25.cdgp
1704042537934387390,1704042540114386561,200,http://172.169.8.253:31112/function/opt-66b-submod-0-latency-25.cdgp
1704042537934454129,1704042539469530208,200,http://172.169.8.253:31112/function/opt-66b-submod-0-latency-25.cdgp
1704042538543234808,1704042548543517677,500,http://172.169.8.253:31112/function/opt-66b-submod-0-latency-25.cdgp
1704042538543418234,1704042547933380835,500,http://172.169.8.253:31112/function/opt-66b-submod-0-latency-25.cdgp
1704042538543518078,1704042547988112411,500,http://172.169.8.253:31112/function/opt-66b-submod-0-latency-25.cdgp
1704042538543585247,1704042541047267388,200,http://172.169.8.253:31112/function/opt-66b-submod-0-latency-25.cdgp
1704042538543675820,1704042547628366788,500,http://172.169.8.253:31112/function/opt-66b-submod-0-latency-25.cdgp
1704042538543755466,1704042541690185918,200,http://172.169.8.253:31112/function/opt-66b-submod-0-latency-25.cdgp
1704042538543834571,1704042547671894687,500,http://172.169.8.253:31112/function/opt-66b-submod-0-latency-25.cdgp
1704042538543920212,1704042547671366826,500,http://172.169.8.253:31112/function/opt-66b-submod-0-latency-25.cdgp
1704042538544023817,1704042541463799973,200,http://172.169.8.253:31112/function/opt-66b-submod-0-latency-25.cdgp
1704042538544135500,1704042547937136810,500,http://172.169.8.253:31112/function/opt-66b-submod-0-latency-25.cdgp
1704042538544231995,1704042547586027630,500,http://172.169.8.253:31112/function/opt-66b-submod-0-latency-25.cdgp
1704042538544321109,1704042547935458409,500,http://172.169.8.253:31112/function/opt-66b-submod-0-latency-25.cdgp
1704042538544377638,1704042547998463125,500,http://172.169.8.253:31112/function/opt-66b-submod-0-latency-25.cdgp
1704042538544405563,1704042541003603441,200,http://172.169.8.253:31112/function/opt-66b-submod-0-latency-25.cdgp
1704042538576884805,1704042548403557630,500,http://172.169.8.253:31112/function/opt-66b-submod-0-latency-25.cdgp
1704042538576975919,1704042540448411246,200,http://172.169.8.253:31112/function/opt-66b-submod-0-latency-25.cdgp
1704042538577029999,1704042548017099255,500,http://172.169.8.253:31112/function/opt-66b-submod-0-latency-25.cdgp
1704042538577062885,1704042541766884755,200,http://172.169.8.253:31112/function/opt-66b-submod-0-latency-25.cdgp
1704042538577140215,1704042540137756329,200,http://172.169.8.253:31112/function/opt-66b-submod-0-latency-25.cdgp
1704042538579230072,1704042541866031835,200,http://172.169.8.253:31112/function/opt-66b-submod-0-latency-25.cdgp
1704042538579269004,1704042548220170375,500,http://172.169.8.253:31112/function/opt-66b-submod-0-latency-25.cdgp
1704042538579320297,1704042548240405243,500,http://172.169.8.253:31112/function/opt-66b-submod-0-latency-25.cdgp
1704042538579369741,1704042548238458523,500,http://172.169.8.253:31112/function/opt-66b-submod-0-latency-25.cdgp
1704042538579455813,1704042548246869088,500,http://172.169.8.253:31112/function/opt-66b-submod-0-latency-25.cdgp
1704042538579519605,1704042547986320429,500,http://172.169.8.253:31112/function/opt-66b-submod-0-latency-25.cdgp
1704042538579606972,1704042541908106000,200,http://172.169.8.253:31112/function/opt-66b-submod-0-latency-25.cdgp
1704042538579680302,1704042542607231772,200,http://172.169.8.253:31112/function/opt-66b-submod-0-latency-25.cdgp
1704042538579753201,1704042541767538463,200,http://172.169.8.253:31112/function/opt-66b-submod-0-latency-25.cdgp
1704042538582373857,1704042541002854880,200,http://172.169.8.253:31112/function/opt-66b-submod-0-latency-25.cdgp
1704042538582464800,1704042548223235298,500,http://172.169.8.253:31112/function/opt-66b-submod-0-latency-25.cdgp
1704042538582549359,1704042547776116525,500,http://172.169.8.253:31112/function/opt-66b-submod-0-latency-25.cdgp
1704042538582613078,1704042547979878260,500,http://172.169.8.253:31112/function/opt-66b-submod-0-latency-25.cdgp
1704042538582692054,1704042541817615183,200,http://172.169.8.253:31112/function/opt-66b-submod-0-latency-25.cdgp
1704042538582771017,1704042541508788871,200,http://172.169.8.253:31112/function/opt-66b-submod-0-latency-25.cdgp
1704042538582799216,1704042540422858696,200,http://172.169.8.253:31112/function/opt-66b-submod-0-latency-25.cdgp
1704042538582861070,1704042547978720530,500,http://172.169.8.253:31112/function/opt-66b-submod-0-latency-25.cdgp
1704042538582934951,1704042547978286018,500,http://172.169.8.253:31112/function/opt-66b-submod-0-latency-25.cdgp
1704042538644080091,1704042542634704619,200,http://172.169.8.253:31112/function/opt-66b-submod-0-latency-25.cdgp
1704042538644163146,1704042548203531926,500,http://172.169.8.253:31112/function/opt-66b-submod-0-latency-25.cdgp
1704042538644231730,1704042548287434513,500,http://172.169.8.253:31112/function/opt-66b-submod-0-latency-25.cdgp
1704042538644334449,1704042548287213135,500,http://172.169.8.253:31112/function/opt-66b-submod-0-latency-25.cdgp
1704042538644365187,1704042548211575965,500,http://172.169.8.253:31112/function/opt-66b-submod-0-latency-25.cdgp
1704042538644405877,1704042548509284741,500,http://172.169.8.253:31112/function/opt-66b-submod-0-latency-25.cdgp
1704042538644471975,1704042548167113872,500,http://172.169.8.253:31112/function/opt-66b-submod-0-latency-25.cdgp
1704042538698411046,1704042543452241384,200,http://172.169.8.253:31112/function/opt-66b-submod-0-latency-25.cdgp
1704042538698590265,1704042541690793636,200,http://172.169.8.253:31112/function/opt-66b-submod-0-latency-25.cdgp
1704042538698695726,1704042548582934854,500,http://172.169.8.253:31112/function/opt-66b-submod-0-latency-25.cdgp
1704042538698764424,1704042542744058536,200,http://172.169.8.253:31112/function/opt-66b-submod-0-latency-25.cdgp
1704042538698813046,1704042543454633564,200,http://172.169.8.253:31112/function/opt-66b-submod-0-latency-25.cdgp
1704042538698898967,1704042543452516707,200,http://172.169.8.253:31112/function/opt-66b-submod-0-latency-25.cdgp
1704042538698954868,1704042541229283234,200,http://172.169.8.253:31112/function/opt-66b-submod-0-latency-25.cdgp
1704042538699051982,1704042541221671309,200,http://172.169.8.253:31112/function/opt-66b-submod-0-latency-25.cdgp
1704042538699111521,1704042548184338270,500,http://172.169.8.253:31112/function/opt-66b-submod-0-latency-25.cdgp
1704042538699178395,1704042541865244671,200,http://172.169.8.253:31112/function/opt-66b-submod-0-latency-25.cdgp
1704042538699219469,1704042541766150452,200,http://172.169.8.253:31112/function/opt-66b-submod-0-latency-25.cdgp
1704042538699288421,1704042548531886091,500,http://172.169.8.253:31112/function/opt-66b-submod-0-latency-25.cdgp
1704042538699346181,1704042548563023192,500,http://172.169.8.253:31112/function/opt-66b-submod-0-latency-25.cdgp
1704042538699422011,1704042542607703147,200,http://172.169.8.253:31112/function/opt-66b-submod-0-latency-25.cdgp
1704042538699483996,1704042548167926897,500,http://172.169.8.253:31112/function/opt-66b-submod-0-latency-25.cdgp
1704042538699551018,1704042541907802461,200,http://172.169.8.253:31112/function/opt-66b-submod-0-latency-25.cdgp
1704042538699578544,1704042541767897308,200,http://172.169.8.253:31112/function/opt-66b-submod-0-latency-25.cdgp
1704042538699656499,1704042541216305491,200,http://172.169.8.253:31112/function/opt-66b-submod-0-latency-25.cdgp
1704042538699742718,1704042548565323839,500,http://172.169.8.253:31112/function/opt-66b-submod-0-latency-25.cdgp
1704042538699818756,1704042541866778009,200,http://172.169.8.253:31112/function/opt-66b-submod-0-latency-25.cdgp
1704042538699846840,1704042548282171895,500,http://172.169.8.253:31112/function/opt-66b-submod-0-latency-25.cdgp
1704042538699910227,1704042543775179614,200,http://172.169.8.253:31112/function/opt-66b-submod-0-latency-25.cdgp
1704042538720136395,1704042543460062659,200,http://172.169.8.253:31112/function/opt-66b-submod-0-latency-25.cdgp
1704042538720256966,1704042540870029703,200,http://172.169.8.253:31112/function/opt-66b-submod-0-latency-25.cdgp
1704042538720385906,1704042541228546011,200,http://172.169.8.253:31112/function/opt-66b-submod-0-latency-25.cdgp
1704042538720462671,1704042548631412858,500,http://172.169.8.253:31112/function/opt-66b-submod-0-latency-25.cdgp
1704042538720489743,1704042548273324577,500,http://172.169.8.253:31112/function/opt-66b-submod-0-latency-25.cdgp
1704042538720542320,1704042548550134055,500,http://172.169.8.253:31112/function/opt-66b-submod-0-latency-25.cdgp
1704042538720621102,1704042548586216949,500,http://172.169.8.253:31112/function/opt-66b-submod-0-latency-25.cdgp
1704042538720698025,1704042548276357696,500,http://172.169.8.253:31112/function/opt-66b-submod-0-latency-25.cdgp
1704042538720775921,1704042548585192881,500,http://172.169.8.253:31112/function/opt-66b-submod-0-latency-25.cdgp
1704042538720808350,1704042540870322233,200,http://172.169.8.253:31112/function/opt-66b-submod-0-latency-25.cdgp
1704042538720882522,1704042548352789349,500,http://172.169.8.253:31112/function/opt-66b-submod-0-latency-25.cdgp
1704042538720972099,1704042548275674098,500,http://172.169.8.253:31112/function/opt-66b-submod-0-latency-25.cdgp
1704042538721015394,1704042541692195717,200,http://172.169.8.253:31112/function/opt-66b-submod-0-latency-25.cdgp
1704042538721100916,1704042548165873415,500,http://172.169.8.253:31112/function/opt-66b-submod-0-latency-25.cdgp
1704042538721203948,1704042543452249434,200,http://172.169.8.253:31112/function/opt-66b-submod-0-latency-25.cdgp
1704042538721294347,1704042548586628162,500,http://172.169.8.253:31112/function/opt-66b-submod-0-latency-25.cdgp
1704042538722595812,1704042548170442221,500,http://172.169.8.253:31112/function/opt-66b-submod-0-latency-25.cdgp
1704042538722686860,1704042548532169706,500,http://172.169.8.253:31112/function/opt-66b-submod-0-latency-25.cdgp
1704042538723239796,1704042542111407081,200,http://172.169.8.253:31112/function/opt-66b-submod-0-latency-25.cdgp
1704042539009426139,1704042548608316563,500,http://172.169.8.253:31112/function/opt-66b-submod-0-latency-25.cdgp
1704042539009550240,1704042542736371007,200,http://172.169.8.253:31112/function/opt-66b-submod-0-latency-25.cdgp
1704042539009658284,1704042543483395585,200,http://172.169.8.253:31112/function/opt-66b-submod-0-latency-25.cdgp
1704042539304472999,1704042548567801341,500,http://172.169.8.253:31112/function/opt-66b-submod-0-latency-25.cdgp
1704042539304587875,1704042543445351427,200,http://172.169.8.253:31112/function/opt-66b-submod-0-latency-25.cdgp
1704042539304696649,1704042548528797726,500,http://172.169.8.253:31112/function/opt-66b-submod-0-latency-25.cdgp
1704042539304797681,1704042541691570707,200,http://172.169.8.253:31112/function/opt-66b-submod-0-latency-25.cdgp
1704042539304910506,1704042548636942880,500,http://172.169.8.253:31112/function/opt-66b-submod-0-latency-25.cdgp
1704042539304980236,1704042541767523413,200,http://172.169.8.253:31112/function/opt-66b-submod-0-latency-25.cdgp
1704042539305073034,1704042541381504019,200,http://172.169.8.253:31112/function/opt-66b-submod-0-latency-25.cdgp
1704042539305190779,1704042548527699819,500,http://172.169.8.253:31112/function/opt-66b-submod-0-latency-25.cdgp
1704042539450725758,1704042543586381734,200,http://172.169.8.253:31112/function/opt-66b-submod-0-latency-25.cdgp
1704042539525498507,1704042548921638320,500,http://172.169.8.253:31112/function/opt-66b-submod-0-latency-25.cdgp
1704042539525582613,1704042548632717211,500,http://172.169.8.253:31112/function/opt-66b-submod-0-latency-25.cdgp
1704042539525708419,1704042541228725444,200,http://172.169.8.253:31112/function/opt-66b-submod-0-latency-25.cdgp
1704042539525782091,1704042543439728816,200,http://172.169.8.253:31112/function/opt-66b-submod-0-latency-25.cdgp
1704042539525838266,1704042548913774766,500,http://172.169.8.253:31112/function/opt-66b-submod-0-latency-25.cdgp
1704042539525907846,1704042548634583726,500,http://172.169.8.253:31112/function/opt-66b-submod-0-latency-25.cdgp
1704042539525944406,1704042541381955696,200,http://172.169.8.253:31112/function/opt-66b-submod-0-latency-25.cdgp
1704042539526004006,1704042548624947192,500,http://172.169.8.253:31112/function/opt-66b-submod-0-latency-25.cdgp
1704042539548357399,1704042542111115489,200,http://172.169.8.253:31112/function/opt-66b-submod-0-latency-25.cdgp
1704042539548457172,1704042548936747518,500,http://172.169.8.253:31112/function/opt-66b-submod-0-latency-25.cdgp
1704042539548575465,1704042543451947933,200,http://172.169.8.253:31112/function/opt-66b-submod-0-latency-25.cdgp
1704042539548634912,1704042542111084025,200,http://172.169.8.253:31112/function/opt-66b-submod-0-latency-25.cdgp
1704042539548699573,1704042542730167278,200,http://172.169.8.253:31112/function/opt-66b-submod-0-latency-25.cdgp
1704042539778042269,1704042543452848826,200,http://172.169.8.253:31112/function/opt-66b-submod-0-latency-25.cdgp
1704042539778141211,1704042541906028241,200,http://172.169.8.253:31112/function/opt-66b-submod-0-latency-25.cdgp
1704042539778247560,1704042549430656697,500,http://172.169.8.253:31112/function/opt-66b-submod-0-latency-25.cdgp
1704042539778306324,1704042549080223298,500,http://172.169.8.253:31112/function/opt-66b-submod-0-latency-25.cdgp
1704042539778393160,1704042542727222105,200,http://172.169.8.253:31112/function/opt-66b-submod-0-latency-25.cdgp
1704042539778437681,1704042549344568564,500,http://172.169.8.253:31112/function/opt-66b-submod-0-latency-25.cdgp
1704042539778478917,1704042541908304043,200,http://172.169.8.253:31112/function/opt-66b-submod-0-latency-25.cdgp
1704042539778550233,1704042549115655528,500,http://172.169.8.253:31112/function/opt-66b-submod-0-latency-25.cdgp
1704042539778642363,1704042542111099755,200,http://172.169.8.253:31112/function/opt-66b-submod-0-latency-25.cdgp
1704042539778728981,1704042549667401416,500,http://172.169.8.253:31112/function/opt-66b-submod-0-latency-25.cdgp
1704042539778791561,1704042541691428477,200,http://172.169.8.253:31112/function/opt-66b-submod-0-latency-25.cdgp
1704042539778827883,1704042545691977242,200,http://172.169.8.253:31112/function/opt-66b-submod-0-latency-25.cdgp
1704042539778888998,1704042549688924158,500,http://172.169.8.253:31112/function/opt-66b-submod-0-latency-25.cdgp
1704042539778927953,1704042549700377058,500,http://172.169.8.253:31112/function/opt-66b-submod-0-latency-25.cdgp
1704042539779013684,1704042544451927393,200,http://172.169.8.253:31112/function/opt-66b-submod-0-latency-25.cdgp
1704042539779103207,1704042545031492250,200,http://172.169.8.253:31112/function/opt-66b-submod-0-latency-25.cdgp
1704042539779240249,1704042549667493266,500,http://172.169.8.253:31112/function/opt-66b-submod-0-latency-25.cdgp
1704042539779322379,1704042549344331313,500,http://172.169.8.253:31112/function/opt-66b-submod-0-latency-25.cdgp
1704042539779411453,1704042545474602304,200,http://172.169.8.253:31112/function/opt-66b-submod-0-latency-25.cdgp
1704042539779429843,1704042543147841987,200,http://172.169.8.253:31112/function/opt-66b-submod-0-latency-25.cdgp
1704042539779486670,1704042543146807966,200,http://172.169.8.253:31112/function/opt-66b-submod-0-latency-25.cdgp
1704042539779521088,1704042545692407050,200,http://172.169.8.253:31112/function/opt-66b-submod-0-latency-25.cdgp
1704042539779590661,1704042549358910989,500,http://172.169.8.253:31112/function/opt-66b-submod-0-latency-25.cdgp
1704042539779631750,1704042543774589141,200,http://172.169.8.253:31112/function/opt-66b-submod-0-latency-25.cdgp
1704042539779685393,1704042549344648552,500,http://172.169.8.253:31112/function/opt-66b-submod-0-latency-25.cdgp
1704042539779757401,1704042542729368309,200,http://172.169.8.253:31112/function/opt-66b-submod-0-latency-25.cdgp
1704042539779795632,1704042545424295726,200,http://172.169.8.253:31112/function/opt-66b-submod-0-latency-25.cdgp
1704042539779899154,1704042549701300158,500,http://172.169.8.253:31112/function/opt-66b-submod-0-latency-25.cdgp
1704042539779937759,1704042549648366925,500,http://172.169.8.253:31112/function/opt-66b-submod-0-latency-25.cdgp
1704042539780028307,1704042549700491193,500,http://172.169.8.253:31112/function/opt-66b-submod-0-latency-25.cdgp
1704042539780107572,1704042544675092779,200,http://172.169.8.253:31112/function/opt-66b-submod-0-latency-25.cdgp
1704042539780115000,1704042549402428059,500,http://172.169.8.253:31112/function/opt-66b-submod-0-latency-25.cdgp
1704042539780161232,1704042542729575054,200,http://172.169.8.253:31112/function/opt-66b-submod-0-latency-25.cdgp
1704042539780230794,1704042545421958091,200,http://172.169.8.253:31112/function/opt-66b-submod-0-latency-25.cdgp
1704042539780295925,1704042549667598159,500,http://172.169.8.253:31112/function/opt-66b-submod-0-latency-25.cdgp
1704042539780391672,1704042549700976329,500,http://172.169.8.253:31112/function/opt-66b-submod-0-latency-25.cdgp
1704042539780457307,1704042542648085920,200,http://172.169.8.253:31112/function/opt-66b-submod-0-latency-25.cdgp
1704042539780535040,1704042549701401046,500,http://172.169.8.253:31112/function/opt-66b-submod-0-latency-25.cdgp
1704042539780613193,1704042542253192441,200,http://172.169.8.253:31112/function/opt-66b-submod-0-latency-25.cdgp
1704042539780666865,1704042549667301028,500,http://172.169.8.253:31112/function/opt-66b-submod-0-latency-25.cdgp
1704042539780733487,1704042545690578953,200,http://172.169.8.253:31112/function/opt-66b-submod-0-latency-25.cdgp
1704042539780772544,1704042545690595923,200,http://172.169.8.253:31112/function/opt-66b-submod-0-latency-25.cdgp
1704042539780837744,1704042544453701126,200,http://172.169.8.253:31112/function/opt-66b-submod-0-latency-25.cdgp
1704042539780912159,1704042549700036553,500,http://172.169.8.253:31112/function/opt-66b-submod-0-latency-25.cdgp
1704042539780935074,1704042541691756821,200,http://172.169.8.253:31112/function/opt-66b-submod-0-latency-25.cdgp
1704042539780991324,1704042545475146497,200,http://172.169.8.253:31112/function/opt-66b-submod-0-latency-25.cdgp
1704042539781076094,1704042549699959894,500,http://172.169.8.253:31112/function/opt-66b-submod-0-latency-25.cdgp
1704042539781172313,1704042544451841456,200,http://172.169.8.253:31112/function/opt-66b-submod-0-latency-25.cdgp
1704042539781251232,1704042549401764862,500,http://172.169.8.253:31112/function/opt-66b-submod-0-latency-25.cdgp
1704042539781332268,1704042545695691966,200,http://172.169.8.253:31112/function/opt-66b-submod-0-latency-25.cdgp
1704042539781391961,1704042549115087231,500,http://172.169.8.253:31112/function/opt-66b-submod-0-latency-25.cdgp
1704042539781464193,1704042542632637032,200,http://172.169.8.253:31112/function/opt-66b-submod-0-latency-25.cdgp
1704042539781553943,1704042545695269272,200,http://172.169.8.253:31112/function/opt-66b-submod-0-latency-25.cdgp
1704042539781634592,1704042549701305856,500,http://172.169.8.253:31112/function/opt-66b-submod-0-latency-25.cdgp
1704042539884217729,1704042542183765102,200,http://172.169.8.253:31112/function/opt-66b-submod-0-latency-25.cdgp
1704042539884340917,1704042549644952171,500,http://172.169.8.253:31112/function/opt-66b-submod-0-latency-25.cdgp
1704042539884413783,1704042545113002013,200,http://172.169.8.253:31112/function/opt-66b-submod-0-latency-25.cdgp
1704042539884492150,1704042545696479613,200,http://172.169.8.253:31112/function/opt-66b-submod-0-latency-25.cdgp
1704042539884603079,1704042545474977796,200,http://172.169.8.253:31112/function/opt-66b-submod-0-latency-25.cdgp
1704042539884813911,1704042549667293742,500,http://172.169.8.253:31112/function/opt-66b-submod-0-latency-25.cdgp
1704042539884889080,1704042549708411497,500,http://172.169.8.253:31112/function/opt-66b-submod-0-latency-25.cdgp
1704042539932250622,1704042549403188476,500,http://172.169.8.253:31112/function/opt-66b-submod-0-latency-25.cdgp
1704042539932332168,1704042545423745455,200,http://172.169.8.253:31112/function/opt-66b-submod-0-latency-25.cdgp
1704042539932401648,1704042542729391180,200,http://172.169.8.253:31112/function/opt-66b-submod-0-latency-25.cdgp
1704042539932442244,1704042549397197320,500,http://172.169.8.253:31112/function/opt-66b-submod-0-latency-25.cdgp
1704042540380160136,1704042549661077512,500,http://172.169.8.253:31112/function/opt-66b-submod-0-latency-25.cdgp
1704042540380319365,1704042549747812168,500,http://172.169.8.253:31112/function/opt-66b-submod-0-latency-25.cdgp
1704042540380412597,1704042549667876781,500,http://172.169.8.253:31112/function/opt-66b-submod-0-latency-25.cdgp
1704042540692163733,1704042549779431654,500,http://172.169.8.253:31112/function/opt-66b-submod-0-latency-25.cdgp
1704042540692274750,1704042542619018278,200,http://172.169.8.253:31112/function/opt-66b-submod-0-latency-25.cdgp
1704042540692373217,1704042545695252397,200,http://172.169.8.253:31112/function/opt-66b-submod-0-latency-25.cdgp
1704042540692428224,1704042543439784610,200,http://172.169.8.253:31112/function/opt-66b-submod-0-latency-25.cdgp
1704042540692517708,1704042545694955301,200,http://172.169.8.253:31112/function/opt-66b-submod-0-latency-25.cdgp
1704042540692548379,1704042550055964610,500,http://172.169.8.253:31112/function/opt-66b-submod-0-latency-25.cdgp
1704042540692636627,1704042550060016523,500,http://172.169.8.253:31112/function/opt-66b-submod-0-latency-25.cdgp
1704042540817637406,1704042550236188070,500,http://172.169.8.253:31112/function/opt-66b-submod-0-latency-25.cdgp
1704042540817750194,1704042550579694964,500,http://172.169.8.253:31112/function/opt-66b-submod-0-latency-25.cdgp
1704042540817837911,1704042550778657696,500,http://172.169.8.253:31112/function/opt-66b-submod-0-latency-25.cdgp
1704042540817909871,1704042545695781121,200,http://172.169.8.253:31112/function/opt-66b-submod-0-latency-25.cdgp
1704042540817956991,1704042545689854567,200,http://172.169.8.253:31112/function/opt-66b-submod-0-latency-25.cdgp
1704042540818044230,1704042543452005573,200,http://172.169.8.253:31112/function/opt-66b-submod-0-latency-25.cdgp
1704042540818077145,1704042543452424418,200,http://172.169.8.253:31112/function/opt-66b-submod-0-latency-25.cdgp
1704042540818162909,1704042550583237057,500,http://172.169.8.253:31112/function/opt-66b-submod-0-latency-25.cdgp
1704042540818226676,1704042545696253577,200,http://172.169.8.253:31112/function/opt-66b-submod-0-latency-25.cdgp
1704042540818252962,1704042545422111134,200,http://172.169.8.253:31112/function/opt-66b-submod-0-latency-25.cdgp
1704042540818305940,1704042545026602960,200,http://172.169.8.253:31112/function/opt-66b-submod-0-latency-25.cdgp
1704042540818373314,1704042543394946868,200,http://172.169.8.253:31112/function/opt-66b-submod-0-latency-25.cdgp
1704042540818427018,1704042542384320844,200,http://172.169.8.253:31112/function/opt-66b-submod-0-latency-25.cdgp
1704042540818513192,1704042550479200311,500,http://172.169.8.253:31112/function/opt-66b-submod-0-latency-25.cdgp
1704042540818612598,1704042549667315308,500,http://172.169.8.253:31112/function/opt-66b-submod-0-latency-25.cdgp
1704042540818759478,1704042550782812217,500,http://172.169.8.253:31112/function/opt-66b-submod-0-latency-25.cdgp
1704042540818850440,1704042545694884029,200,http://172.169.8.253:31112/function/opt-66b-submod-0-latency-25.cdgp
1704042540818947885,1704042550783351637,500,http://172.169.8.253:31112/function/opt-66b-submod-0-latency-25.cdgp
1704042540819036569,1704042550232867729,500,http://172.169.8.253:31112/function/opt-66b-submod-0-latency-25.cdgp
1704042540819132898,1704042543452904982,200,http://172.169.8.253:31112/function/opt-66b-submod-0-latency-25.cdgp
1704042540819208814,1704042550191726730,500,http://172.169.8.253:31112/function/opt-66b-submod-0-latency-25.cdgp
1704042540819300304,1704042550235564008,500,http://172.169.8.253:31112/function/opt-66b-submod-0-latency-25.cdgp
1704042540819387198,1704042550819836476,500,http://172.169.8.253:31112/function/opt-66b-submod-0-latency-25.cdgp
1704042540819448126,1704042549701472477,500,http://172.169.8.253:31112/function/opt-66b-submod-0-latency-25.cdgp
1704042540819533046,1704042550227945100,500,http://172.169.8.253:31112/function/opt-66b-submod-0-latency-25.cdgp
1704042540819638112,1704042550228192928,500,http://172.169.8.253:31112/function/opt-66b-submod-0-latency-25.cdgp
1704042540819703521,1704042550783099735,500,http://172.169.8.253:31112/function/opt-66b-submod-0-latency-25.cdgp
1704042540819775475,1704042550228360412,500,http://172.169.8.253:31112/function/opt-66b-submod-0-latency-25.cdgp
1704042540819838004,1704042550232499607,500,http://172.169.8.253:31112/function/opt-66b-submod-0-latency-25.cdgp
1704042540819903027,1704042550056331724,500,http://172.169.8.253:31112/function/opt-66b-submod-0-latency-25.cdgp
1704042540819983475,1704042550779072906,500,http://172.169.8.253:31112/function/opt-66b-submod-0-latency-25.cdgp
1704042540831728816,1704042543755607264,200,http://172.169.8.253:31112/function/opt-66b-submod-0-latency-25.cdgp
1704042540831832756,1704042550832168641,500,http://172.169.8.253:31112/function/opt-66b-submod-0-latency-25.cdgp
1704042540831932051,1704042550228688948,500,http://172.169.8.253:31112/function/opt-66b-submod-0-latency-25.cdgp
1704042540832044851,1704042550832369829,500,http://172.169.8.253:31112/function/opt-66b-submod-0-latency-25.cdgp
1704042540832110983,1704042550832369900,500,http://172.169.8.253:31112/function/opt-66b-submod-0-latency-25.cdgp
1704042540832162088,1704042550832388591,500,http://172.169.8.253:31112/function/opt-66b-submod-0-latency-25.cdgp
1704042540832267510,1704042550782999498,500,http://172.169.8.253:31112/function/opt-66b-submod-0-latency-25.cdgp
1704042540832337387,1704042545423757771,200,http://172.169.8.253:31112/function/opt-66b-submod-0-latency-25.cdgp
1704042540832430862,1704042544393383734,200,http://172.169.8.253:31112/function/opt-66b-submod-0-latency-25.cdgp
1704042540832503799,1704042547246087916,200,http://172.169.8.253:31112/function/opt-66b-submod-0-latency-25.cdgp
1704042540983849354,1704042550267733591,500,http://172.169.8.253:31112/function/opt-66b-submod-0-latency-25.cdgp
1704042540983967417,1704042543439338530,200,http://172.169.8.253:31112/function/opt-66b-submod-0-latency-25.cdgp
1704042540984057199,1704042549823420123,500,http://172.169.8.253:31112/function/opt-66b-submod-0-latency-25.cdgp
1704042540984140548,1704042545151358412,200,http://172.169.8.253:31112/function/opt-66b-submod-0-latency-25.cdgp
1704042540984215521,1704042545731601829,200,http://172.169.8.253:31112/function/opt-66b-submod-0-latency-25.cdgp
1704042540984250971,1704042542735205147,200,http://172.169.8.253:31112/function/opt-66b-submod-0-latency-25.cdgp
1704042540984345966,1704042550228589145,500,http://172.169.8.253:31112/function/opt-66b-submod-0-latency-25.cdgp
1704042541006709530,1704042550627515811,500,http://172.169.8.253:31112/function/opt-66b-submod-0-latency-25.cdgp
1704042541006804380,1704042545106129443,200,http://172.169.8.253:31112/function/opt-66b-submod-0-latency-25.cdgp
1704042541006872052,1704042545467776623,200,http://172.169.8.253:31112/function/opt-66b-submod-0-latency-25.cdgp
1704042541006949531,1704042551007630848,500,http://172.169.8.253:31112/function/opt-66b-submod-0-latency-25.cdgp
1704042541009374362,1704042551009874366,500,http://172.169.8.253:31112/function/opt-66b-submod-0-latency-25.cdgp
1704042541009473364,1704042543819399934,200,http://172.169.8.253:31112/function/opt-66b-submod-0-latency-25.cdgp
1704042541009575135,1704042545871783214,200,http://172.169.8.253:31112/function/opt-66b-submod-0-latency-25.cdgp
1704042541009672346,1704042549518062495,500,http://172.169.8.253:31112/function/opt-66b-submod-0-latency-25.cdgp
1704042541009754268,1704042550585510374,500,http://172.169.8.253:31112/function/opt-66b-submod-0-latency-25.cdgp
1704042541009823336,1704042550583743313,500,http://172.169.8.253:31112/function/opt-66b-submod-0-latency-25.cdgp
1704042541009907895,1704042550584000717,500,http://172.169.8.253:31112/function/opt-66b-submod-0-latency-25.cdgp
1704042541010006138,1704042550583977356,500,http://172.169.8.253:31112/function/opt-66b-submod-0-latency-25.cdgp
1704042541010085858,1704042548304632755,200,http://172.169.8.253:31112/function/opt-66b-submod-0-latency-25.cdgp
1704042541010207622,1704042550586147031,500,http://172.169.8.253:31112/function/opt-66b-submod-0-latency-25.cdgp
1704042541010318241,1704042551011054906,500,http://172.169.8.253:31112/function/opt-66b-submod-0-latency-25.cdgp
1704042541010411163,1704042550907943917,500,http://172.169.8.253:31112/function/opt-66b-submod-0-latency-25.cdgp
1704042541011248471,1704042551012308211,500,http://172.169.8.253:31112/function/opt-66b-submod-0-latency-25.cdgp
1704042541011576060,1704042547516519106,200,http://172.169.8.253:31112/function/opt-66b-submod-0-latency-25.cdgp
1704042541011819318,1704042551012296626,500,http://172.169.8.253:31112/function/opt-66b-submod-0-latency-25.cdgp
1704042541011980333,1704042550586337893,500,http://172.169.8.253:31112/function/opt-66b-submod-0-latency-25.cdgp
1704042541012099107,1704042551012307706,500,http://172.169.8.253:31112/function/opt-66b-submod-0-latency-25.cdgp
1704042541012280099,1704042545474053833,200,http://172.169.8.253:31112/function/opt-66b-submod-0-latency-25.cdgp
1704042541012384542,1704042550922042416,500,http://172.169.8.253:31112/function/opt-66b-submod-0-latency-25.cdgp
1704042541012523061,1704042547121151583,200,http://172.169.8.253:31112/function/opt-66b-submod-0-latency-25.cdgp
1704042541012607709,1704042550585489621,500,http://172.169.8.253:31112/function/opt-66b-submod-0-latency-25.cdgp
1704042541012692895,1704042550583579096,500,http://172.169.8.253:31112/function/opt-66b-submod-0-latency-25.cdgp
1704042541012845489,1704042550585185157,500,http://172.169.8.253:31112/function/opt-66b-submod-0-latency-25.cdgp
1704042541012964427,1704042550233648119,500,http://172.169.8.253:31112/function/opt-66b-submod-0-latency-25.cdgp
1704042541013075795,1704042550586403136,500,http://172.169.8.253:31112/function/opt-66b-submod-0-latency-25.cdgp
1704042541106146288,1704042550908759829,500,http://172.169.8.253:31112/function/opt-66b-submod-0-latency-25.cdgp
1704042541106229518,1704042550981299217,500,http://172.169.8.253:31112/function/opt-66b-submod-0-latency-25.cdgp
1704042541106314547,1704042549856540148,500,http://172.169.8.253:31112/function/opt-66b-submod-0-latency-25.cdgp
1704042541106375323,1704042548830341100,200,http://172.169.8.253:31112/function/opt-66b-submod-0-latency-25.cdgp
1704042541106443023,1704042545108001144,200,http://172.169.8.253:31112/function/opt-66b-submod-0-latency-25.cdgp
1704042541106469634,1704042551106669555,500,http://172.169.8.253:31112/function/opt-66b-submod-0-latency-25.cdgp
1704042541106582849,1704042550908777667,500,http://172.169.8.253:31112/function/opt-66b-submod-0-latency-25.cdgp
1704042541106758950,1704042547122358741,200,http://172.169.8.253:31112/function/opt-66b-submod-0-latency-25.cdgp
1704042541116365085,1704042551109908736,500,http://172.169.8.253:31112/function/opt-66b-submod-0-latency-25.cdgp
1704042541116448882,1704042548344592566,200,http://172.169.8.253:31112/function/opt-66b-submod-0-latency-25.cdgp
1704042541116542165,1704042551109688153,500,http://172.169.8.253:31112/function/opt-66b-submod-0-latency-25.cdgp
1704042541116668907,1704042550921943909,500,http://172.169.8.253:31112/function/opt-66b-submod-0-latency-25.cdgp
1704042541128361734,1704042551129527859,500,http://172.169.8.253:31112/function/opt-66b-submod-0-latency-25.cdgp
1704042541128477707,1704042551027875233,500,http://172.169.8.253:31112/function/opt-66b-submod-0-latency-25.cdgp
1704042541128570296,1704042550908961853,500,http://172.169.8.253:31112/function/opt-66b-submod-0-latency-25.cdgp
1704042541128871614,1704042550909138151,500,http://172.169.8.253:31112/function/opt-66b-submod-0-latency-25.cdgp
1704042541129180128,1704042548767681023,200,http://172.169.8.253:31112/function/opt-66b-submod-0-latency-25.cdgp
1704042541129269721,1704042545153452975,200,http://172.169.8.253:31112/function/opt-66b-submod-0-latency-25.cdgp
1704042541129339783,1704042551026590311,500,http://172.169.8.253:31112/function/opt-66b-submod-0-latency-25.cdgp
1704042541130317607,1704042551071420075,500,http://172.169.8.253:31112/function/opt-66b-submod-0-latency-25.cdgp
1704042541278129780,1704042549962032619,200,http://172.169.8.253:31112/function/opt-66b-submod-0-latency-25.cdgp
1704042541278207604,1704042551032076389,500,http://172.169.8.253:31112/function/opt-66b-submod-0-latency-25.cdgp
1704042541278311023,1704042551118144147,500,http://172.169.8.253:31112/function/opt-66b-submod-0-latency-25.cdgp
1704042541278359441,1704042543445432560,200,http://172.169.8.253:31112/function/opt-66b-submod-0-latency-25.cdgp
1704042541278443810,1704042550908904740,500,http://172.169.8.253:31112/function/opt-66b-submod-0-latency-25.cdgp
1704042541278493768,1704042550585482792,500,http://172.169.8.253:31112/function/opt-66b-submod-0-latency-25.cdgp
1704042541278561251,1704042551279016916,500,http://172.169.8.253:31112/function/opt-66b-submod-0-latency-25.cdgp
1704042541278597280,1704042551279114623,500,http://172.169.8.253:31112/function/opt-66b-submod-0-latency-25.cdgp
1704042541278673888,1704042551279012968,500,http://172.169.8.253:31112/function/opt-66b-submod-0-latency-25.cdgp
1704042541716318972,1704042551307564316,500,http://172.169.8.253:31112/function/opt-66b-submod-0-latency-25.cdgp
1704042541716426101,1704042551311871890,500,http://172.169.8.253:31112/function/opt-66b-submod-0-latency-25.cdgp
1704042541716533180,1704042551399479681,500,http://172.169.8.253:31112/function/opt-66b-submod-0-latency-25.cdgp
1704042541716596377,1704042551307435687,500,http://172.169.8.253:31112/function/opt-66b-submod-0-latency-25.cdgp
1704042541716671084,1704042551360187001,500,http://172.169.8.253:31112/function/opt-66b-submod-0-latency-25.cdgp
1704042541716749259,1704042550003279115,200,http://172.169.8.253:31112/function/opt-66b-submod-0-latency-25.cdgp
1704042542090441513,1704042545071707911,200,http://172.169.8.253:31112/function/opt-66b-submod-0-latency-25.cdgp
1704042542090544655,1704042551713843162,500,http://172.169.8.253:31112/function/opt-66b-submod-0-latency-25.cdgp
1704042542175986703,1704042551577561501,500,http://172.169.8.253:31112/function/opt-66b-submod-0-latency-25.cdgp
1704042542176115084,1704042551697828695,500,http://172.169.8.253:31112/function/opt-66b-submod-0-latency-25.cdgp
1704042542176210914,1704042548767497294,200,http://172.169.8.253:31112/function/opt-66b-submod-0-latency-25.cdgp
1704042542176278907,1704042548622937241,200,http://172.169.8.253:31112/function/opt-66b-submod-0-latency-25.cdgp
1704042542176357370,1704042551426392327,500,http://172.169.8.253:31112/function/opt-66b-submod-0-latency-25.cdgp
1704042542176405777,1704042551289211553,500,http://172.169.8.253:31112/function/opt-66b-submod-0-latency-25.cdgp
1704042542176486147,1704042551282973420,500,http://172.169.8.253:31112/function/opt-66b-submod-0-latency-25.cdgp
1704042542176533518,1704042551533039656,500,http://172.169.8.253:31112/function/opt-66b-submod-0-latency-25.cdgp
1704042542176606996,1704042551698512501,500,http://172.169.8.253:31112/function/opt-66b-submod-0-latency-25.cdgp
1704042542646542565,1704042551471392550,500,http://172.169.8.253:31112/function/opt-66b-submod-0-latency-25.cdgp
1704042542646699761,1704042551433284012,500,http://172.169.8.253:31112/function/opt-66b-submod-0-latency-25.cdgp
1704042542646789529,1704042551739304701,500,http://172.169.8.253:31112/function/opt-66b-submod-0-latency-25.cdgp
1704042542646867116,1704042552082744460,500,http://172.169.8.253:31112/function/opt-66b-submod-0-latency-25.cdgp
1704042542646946674,1704042552267426200,500,http://172.169.8.253:31112/function/opt-66b-submod-0-latency-25.cdgp
1704042542647053263,1704042546569846852,200,http://172.169.8.253:31112/function/opt-66b-submod-0-latency-25.cdgp
1704042542647146073,1704042552388625480,500,http://172.169.8.253:31112/function/opt-66b-submod-0-latency-25.cdgp
1704042542647233058,1704042551739298993,500,http://172.169.8.253:31112/function/opt-66b-submod-0-latency-25.cdgp
1704042542647326794,1704042552226320780,500,http://172.169.8.253:31112/function/opt-66b-submod-0-latency-25.cdgp
1704042542647497729,1704042547249892196,200,http://172.169.8.253:31112/function/opt-66b-submod-0-latency-25.cdgp
1704042542647597898,1704042552226399589,500,http://172.169.8.253:31112/function/opt-66b-submod-0-latency-25.cdgp
1704042542647672086,1704042552079354973,500,http://172.169.8.253:31112/function/opt-66b-submod-0-latency-25.cdgp
1704042542923754178,1704042552924903827,500,http://172.169.8.253:31112/function/opt-66b-submod-0-latency-25.cdgp
1704042542923941358,1704042552691042141,500,http://172.169.8.253:31112/function/opt-66b-submod-0-latency-25.cdgp
1704042542924030363,1704042546666984227,200,http://172.169.8.253:31112/function/opt-66b-submod-0-latency-25.cdgp
1704042542924100903,1704042552038337082,500,http://172.169.8.253:31112/function/opt-66b-submod-0-latency-25.cdgp
1704042542924192476,1704042552924923100,500,http://172.169.8.253:31112/function/opt-66b-submod-0-latency-25.cdgp
1704042542924286479,1704042552753545911,500,http://172.169.8.253:31112/function/opt-66b-submod-0-latency-25.cdgp
1704042542924385193,1704042552365924900,500,http://172.169.8.253:31112/function/opt-66b-submod-0-latency-25.cdgp
1704042542924479730,1704042552079482032,500,http://172.169.8.253:31112/function/opt-66b-submod-0-latency-25.cdgp
1704042542924539510,1704042552115549839,500,http://172.169.8.253:31112/function/opt-66b-submod-0-latency-25.cdgp
1704042542924617262,1704042552777832938,500,http://172.169.8.253:31112/function/opt-66b-submod-0-latency-25.cdgp
1704042542924704188,1704042551433042168,500,http://172.169.8.253:31112/function/opt-66b-submod-0-latency-25.cdgp
1704042542924780084,1704042547250047398,200,http://172.169.8.253:31112/function/opt-66b-submod-0-latency-25.cdgp
1704042542924847888,1704042552925041621,500,http://172.169.8.253:31112/function/opt-66b-submod-0-latency-25.cdgp
1704042542924912534,1704042549374422534,200,http://172.169.8.253:31112/function/opt-66b-submod-0-latency-25.cdgp
1704042542924947684,1704042548626529093,200,http://172.169.8.253:31112/function/opt-66b-submod-0-latency-25.cdgp
1704042542925027329,1704042551697145263,500,http://172.169.8.253:31112/function/opt-66b-submod-0-latency-25.cdgp
1704042542925090518,1704042551804030433,500,http://172.169.8.253:31112/function/opt-66b-submod-0-latency-25.cdgp
1704042542925161996,1704042551729870621,500,http://172.169.8.253:31112/function/opt-66b-submod-0-latency-25.cdgp
1704042542925188197,1704042551803918909,500,http://172.169.8.253:31112/function/opt-66b-submod-0-latency-25.cdgp
1704042542925249902,1704042552304784156,500,http://172.169.8.253:31112/function/opt-66b-submod-0-latency-25.cdgp
1704042543071319789,1704042551779383218,500,http://172.169.8.253:31112/function/opt-66b-submod-0-latency-25.cdgp
1704042543071695534,1704042551475274811,500,http://172.169.8.253:31112/function/opt-66b-submod-0-latency-25.cdgp
1704042543071798137,1704042551713841468,500,http://172.169.8.253:31112/function/opt-66b-submod-0-latency-25.cdgp
1704042543071969513,1704042552366797671,500,http://172.169.8.253:31112/function/opt-66b-submod-0-latency-25.cdgp
1704042543072033248,1704042551771185536,500,http://172.169.8.253:31112/function/opt-66b-submod-0-latency-25.cdgp
1704042543072066633,1704042552823333286,500,http://172.169.8.253:31112/function/opt-66b-submod-0-latency-25.cdgp
1704042543119463787,1704042551891525046,500,http://172.169.8.253:31112/function/opt-66b-submod-0-latency-25.cdgp
1704042543119548261,1704042553121602420,500,http://172.169.8.253:31112/function/opt-66b-submod-0-latency-25.cdgp
1704042543119644728,1704042553121933929,500,http://172.169.8.253:31112/function/opt-66b-submod-0-latency-25.cdgp
1704042543119715837,1704042552619663565,500,http://172.169.8.253:31112/function/opt-66b-submod-0-latency-25.cdgp
1704042543119799129,1704042553121840059,500,http://172.169.8.253:31112/function/opt-66b-submod-0-latency-25.cdgp
1704042543119893237,1704042551735880275,500,http://172.169.8.253:31112/function/opt-66b-submod-0-latency-25.cdgp
1704042543119956501,1704042549037316195,200,http://172.169.8.253:31112/function/opt-66b-submod-0-latency-25.cdgp
1704042543120049016,1704042553121481306,500,http://172.169.8.253:31112/function/opt-66b-submod-0-latency-25.cdgp
1704042543120140627,1704042553121851523,500,http://172.169.8.253:31112/function/opt-66b-submod-0-latency-25.cdgp
1704042543120209585,1704042553121307439,500,http://172.169.8.253:31112/function/opt-66b-submod-0-latency-25.cdgp
1704042543120278110,1704042553121894932,500,http://172.169.8.253:31112/function/opt-66b-submod-0-latency-25.cdgp
1704042543120358514,1704042553121760475,500,http://172.169.8.253:31112/function/opt-66b-submod-0-latency-25.cdgp
1704042543120424540,1704042553121315819,500,http://172.169.8.253:31112/function/opt-66b-submod-0-latency-25.cdgp
1704042543120483601,1704042551794942598,500,http://172.169.8.253:31112/function/opt-66b-submod-0-latency-25.cdgp
1704042543120500329,1704042553121570442,500,http://172.169.8.253:31112/function/opt-66b-submod-0-latency-25.cdgp
1704042543120585185,1704042553121582946,500,http://172.169.8.253:31112/function/opt-66b-submod-0-latency-25.cdgp
1704042543120670798,1704042553120819824,500,http://172.169.8.253:31112/function/opt-66b-submod-0-latency-25.cdgp
1704042543120726744,1704042553121689116,500,http://172.169.8.253:31112/function/opt-66b-submod-0-latency-25.cdgp
1704042543120793340,1704042553121736350,500,http://172.169.8.253:31112/function/opt-66b-submod-0-latency-25.cdgp
1704042543120828929,1704042553121955890,500,http://172.169.8.253:31112/function/opt-66b-submod-0-latency-25.cdgp
1704042543120881761,1704042553121751100,500,http://172.169.8.253:31112/function/opt-66b-submod-0-latency-25.cdgp
1704042543120937602,1704042553121829109,500,http://172.169.8.253:31112/function/opt-66b-submod-0-latency-25.cdgp
1704042543120999045,1704042553121840460,500,http://172.169.8.253:31112/function/opt-66b-submod-0-latency-25.cdgp
1704042543121036897,1704042553121846424,500,http://172.169.8.253:31112/function/opt-66b-submod-0-latency-25.cdgp
1704042543121118787,1704042552366779665,500,http://172.169.8.253:31112/function/opt-66b-submod-0-latency-25.cdgp
1704042543121165286,1704042552690639936,500,http://172.169.8.253:31112/function/opt-66b-submod-0-latency-25.cdgp
1704042543121220211,1704042547243706022,200,http://172.169.8.253:31112/function/opt-66b-submod-0-latency-25.cdgp
1704042543121291087,1704042553121908510,500,http://172.169.8.253:31112/function/opt-66b-submod-0-latency-25.cdgp
1704042543121318016,1704042553121920404,500,http://172.169.8.253:31112/function/opt-66b-submod-0-latency-25.cdgp
1704042543121411971,1704042553121944678,500,http://172.169.8.253:31112/function/opt-66b-submod-0-latency-25.cdgp
1704042543127777882,1704042548419226547,200,http://172.169.8.253:31112/function/opt-66b-submod-0-latency-25.cdgp
1704042543127857991,1704042553129682787,500,http://172.169.8.253:31112/function/opt-66b-submod-0-latency-25.cdgp
1704042543127872141,1704042552366225088,500,http://172.169.8.253:31112/function/opt-66b-submod-0-latency-25.cdgp
1704042543127942878,1704042553129865056,500,http://172.169.8.253:31112/function/opt-66b-submod-0-latency-25.cdgp
1704042543128048096,1704042553129674450,500,http://172.169.8.253:31112/function/opt-66b-submod-0-latency-25.cdgp
1704042543128098520,1704042553129783691,500,http://172.169.8.253:31112/function/opt-66b-submod-0-latency-25.cdgp
1704042543128169747,1704042553129412375,500,http://172.169.8.253:31112/function/opt-66b-submod-0-latency-25.cdgp
1704042543128243647,1704042552227132151,500,http://172.169.8.253:31112/function/opt-66b-submod-0-latency-25.cdgp
1704042543128350185,1704042553130006628,500,http://172.169.8.253:31112/function/opt-66b-submod-0-latency-25.cdgp
1704042543128439157,1704042552780955612,500,http://172.169.8.253:31112/function/opt-66b-submod-0-latency-25.cdgp
1704042543128501208,1704042553129398873,500,http://172.169.8.253:31112/function/opt-66b-submod-0-latency-25.cdgp
1704042543128569780,1704042553129550008,500,http://172.169.8.253:31112/function/opt-66b-submod-0-latency-25.cdgp
1704042543128617793,1704042553129535751,500,http://172.169.8.253:31112/function/opt-66b-submod-0-latency-25.cdgp
1704042543128672189,1704042553129996863,500,http://172.169.8.253:31112/function/opt-66b-submod-0-latency-25.cdgp
1704042543128754338,1704042553129785975,500,http://172.169.8.253:31112/function/opt-66b-submod-0-latency-25.cdgp
1704042543128845661,1704042548621829702,200,http://172.169.8.253:31112/function/opt-66b-submod-0-latency-25.cdgp
1704042543128938031,1704042547473490296,200,http://172.169.8.253:31112/function/opt-66b-submod-0-latency-25.cdgp
1704042543129023801,1704042553129844339,500,http://172.169.8.253:31112/function/opt-66b-submod-0-latency-25.cdgp
1704042543129078806,1704042553129864410,500,http://172.169.8.253:31112/function/opt-66b-submod-0-latency-25.cdgp
1704042543129156859,1704042553129863331,500,http://172.169.8.253:31112/function/opt-66b-submod-0-latency-25.cdgp
1704042543129242720,1704042553129405333,500,http://172.169.8.253:31112/function/opt-66b-submod-0-latency-25.cdgp
1704042543129304948,1704042552876315104,500,http://172.169.8.253:31112/function/opt-66b-submod-0-latency-25.cdgp
1704042543129386558,1704042547118127573,200,http://172.169.8.253:31112/function/opt-66b-submod-0-latency-25.cdgp
1704042543129491096,1704042553130122308,500,http://172.169.8.253:31112/function/opt-66b-submod-0-latency-25.cdgp
1704042543129574998,1704042547473646490,200,http://172.169.8.253:31112/function/opt-66b-submod-0-latency-25.cdgp
1704042543129652795,1704042552778987139,500,http://172.169.8.253:31112/function/opt-66b-submod-0-latency-25.cdgp
1704042543129813664,1704042553130103312,500,http://172.169.8.253:31112/function/opt-66b-submod-0-latency-25.cdgp
1704042543129889764,1704042553130004940,500,http://172.169.8.253:31112/function/opt-66b-submod-0-latency-25.cdgp
1704042543129973100,1704042553130163988,500,http://172.169.8.253:31112/function/opt-66b-submod-0-latency-25.cdgp
1704042543130085473,1704042552366686467,500,http://172.169.8.253:31112/function/opt-66b-submod-0-latency-25.cdgp
1704042543130165468,1704042550189183952,200,http://172.169.8.253:31112/function/opt-66b-submod-0-latency-25.cdgp
1704042543130244253,1704042553131379176,500,http://172.169.8.253:31112/function/opt-66b-submod-0-latency-25.cdgp
1704042543130321945,1704042548830295781,200,http://172.169.8.253:31112/function/opt-66b-submod-0-latency-25.cdgp
1704042543130417500,1704042553131389233,500,http://172.169.8.253:31112/function/opt-66b-submod-0-latency-25.cdgp
1704042543130485497,1704042548628869195,200,http://172.169.8.253:31112/function/opt-66b-submod-0-latency-25.cdgp
1704042543130559613,1704042552779011084,500,http://172.169.8.253:31112/function/opt-66b-submod-0-latency-25.cdgp
1704042543130645394,1704042553131391322,500,http://172.169.8.253:31112/function/opt-66b-submod-0-latency-25.cdgp
1704042543338689357,1704042553185680946,500,http://172.169.8.253:31112/function/opt-66b-submod-0-latency-25.cdgp
1704042543338856871,1704042553324275221,500,http://172.169.8.253:31112/function/opt-66b-submod-0-latency-25.cdgp
1704042543338973366,1704042553322932601,500,http://172.169.8.253:31112/function/opt-66b-submod-0-latency-25.cdgp
1704042543339053113,1704042553323697338,500,http://172.169.8.253:31112/function/opt-66b-submod-0-latency-25.cdgp
1704042543339091961,1704042548033687213,200,http://172.169.8.253:31112/function/opt-66b-submod-0-latency-25.cdgp
1704042543339173729,1704042553323708593,500,http://172.169.8.253:31112/function/opt-66b-submod-0-latency-25.cdgp
1704042543339227519,1704042553183438716,500,http://172.169.8.253:31112/function/opt-66b-submod-0-latency-25.cdgp
1704042543339293925,1704042553323693729,500,http://172.169.8.253:31112/function/opt-66b-submod-0-latency-25.cdgp
1704042543339345815,1704042553187521640,500,http://172.169.8.253:31112/function/opt-66b-submod-0-latency-25.cdgp
1704042543339417635,1704042553187031303,500,http://172.169.8.253:31112/function/opt-66b-submod-0-latency-25.cdgp
1704042543339479178,1704042553323254515,500,http://172.169.8.253:31112/function/opt-66b-submod-0-latency-25.cdgp
1704042543339522032,1704042547777768828,200,http://172.169.8.253:31112/function/opt-66b-submod-0-latency-25.cdgp
1704042543339629881,1704042553323287006,500,http://172.169.8.253:31112/function/opt-66b-submod-0-latency-25.cdgp
1704042543393189423,1704042552875957427,500,http://172.169.8.253:31112/function/opt-66b-submod-0-latency-25.cdgp
1704042543393270830,1704042547986780585,200,http://172.169.8.253:31112/function/opt-66b-submod-0-latency-25.cdgp
1704042543393356164,1704042553191960863,500,http://172.169.8.253:31112/function/opt-66b-submod-0-latency-25.cdgp
1704042543393437372,1704042553367404096,500,http://172.169.8.253:31112/function/opt-66b-submod-0-latency-25.cdgp
1704042543393514037,1704042553323920598,500,http://172.169.8.253:31112/function/opt-66b-submod-0-latency-25.cdgp
1704042543393539309,1704042548627054166,200,http://172.169.8.253:31112/function/opt-66b-submod-0-latency-25.cdgp
1704042543393629191,1704042547117711746,200,http://172.169.8.253:31112/function/opt-66b-submod-0-latency-25.cdgp
1704042543393690706,1704042552876129096,500,http://172.169.8.253:31112/function/opt-66b-submod-0-latency-25.cdgp
1704042543393756009,1704042553191943393,500,http://172.169.8.253:31112/function/opt-66b-submod-0-latency-25.cdgp
1704042543393785638,1704042553324092989,500,http://172.169.8.253:31112/function/opt-66b-submod-0-latency-25.cdgp
1704042543393879921,1704042553323426704,500,http://172.169.8.253:31112/function/opt-66b-submod-0-latency-25.cdgp
1704042543611507479,1704042547118047419,200,http://172.169.8.253:31112/function/opt-66b-submod-0-latency-25.cdgp
1704042543611673414,1704042553336180651,500,http://172.169.8.253:31112/function/opt-66b-submod-0-latency-25.cdgp
1704042543611768344,1704042553383546584,500,http://172.169.8.253:31112/function/opt-66b-submod-0-latency-25.cdgp
1704042543611844662,1704042553260257041,500,http://172.169.8.253:31112/function/opt-66b-submod-0-latency-25.cdgp
1704042543611926536,1704042549076469049,200,http://172.169.8.253:31112/function/opt-66b-submod-0-latency-25.cdgp
1704042543611969768,1704042553336111123,500,http://172.169.8.253:31112/function/opt-66b-submod-0-latency-25.cdgp
1704042543612052613,1704042548576964664,200,http://172.169.8.253:31112/function/opt-66b-submod-0-latency-25.cdgp
1704042543612169242,1704042553290586468,500,http://172.169.8.253:31112/function/opt-66b-submod-0-latency-25.cdgp
1704042543612233384,1704042553290253825,500,http://172.169.8.253:31112/function/opt-66b-submod-0-latency-25.cdgp
1704042543612270055,1704042553294241025,500,http://172.169.8.253:31112/function/opt-66b-submod-0-latency-25.cdgp
1704042543612340137,1704042553289828843,500,http://172.169.8.253:31112/function/opt-66b-submod-0-latency-25.cdgp
1704042543612461444,1704042553335424871,500,http://172.169.8.253:31112/function/opt-66b-submod-0-latency-25.cdgp
1704042543612497919,1704042553335989479,500,http://172.169.8.253:31112/function/opt-66b-submod-0-latency-25.cdgp
1704042543612599487,1704042553336408190,500,http://172.169.8.253:31112/function/opt-66b-submod-0-latency-25.cdgp
1704042543612675330,1704042553178694992,500,http://172.169.8.253:31112/function/opt-66b-submod-0-latency-25.cdgp
1704042543612747909,1704042553336126910,500,http://172.169.8.253:31112/function/opt-66b-submod-0-latency-25.cdgp
1704042543612772492,1704042553335592563,500,http://172.169.8.253:31112/function/opt-66b-submod-0-latency-25.cdgp
1704042543810475636,1704042552587361449,500,http://172.169.8.253:31112/function/opt-66b-submod-0-latency-25.cdgp
1704042543810567706,1704042553811397234,500,http://172.169.8.253:31112/function/opt-66b-submod-0-latency-25.cdgp
1704042543810681910,1704042549393473417,200,http://172.169.8.253:31112/function/opt-66b-submod-0-latency-25.cdgp
1704042543810749553,1704042552688852335,500,http://172.169.8.253:31112/function/opt-66b-submod-0-latency-25.cdgp
1704042543810775245,1704042553503594795,500,http://172.169.8.253:31112/function/opt-66b-submod-0-latency-25.cdgp
1704042543810876134,1704042553503522090,500,http://172.169.8.253:31112/function/opt-66b-submod-0-latency-25.cdgp
1704042543810926028,1704042553512514060,500,http://172.169.8.253:31112/function/opt-66b-submod-0-latency-25.cdgp
1704042543810995125,1704042553488570520,500,http://172.169.8.253:31112/function/opt-66b-submod-0-latency-25.cdgp
1704042543811059338,1704042548830146223,200,http://172.169.8.253:31112/function/opt-66b-submod-0-latency-25.cdgp
1704042543811102837,1704042552876451517,500,http://172.169.8.253:31112/function/opt-66b-submod-0-latency-25.cdgp
1704042543811179499,1704042553489030149,500,http://172.169.8.253:31112/function/opt-66b-submod-0-latency-25.cdgp
1704042543854738852,1704042553744318173,500,http://172.169.8.253:31112/function/opt-66b-submod-0-latency-25.cdgp
1704042543854821227,1704042547585086807,200,http://172.169.8.253:31112/function/opt-66b-submod-0-latency-25.cdgp
1704042543854884306,1704042553744303243,500,http://172.169.8.253:31112/function/opt-66b-submod-0-latency-25.cdgp
1704042543854968306,1704042553527412574,500,http://172.169.8.253:31112/function/opt-66b-submod-0-latency-25.cdgp
1704042543855084069,1704042553703007953,500,http://172.169.8.253:31112/function/opt-66b-submod-0-latency-25.cdgp
1704042543855178859,1704042553744337269,500,http://172.169.8.253:31112/function/opt-66b-submod-0-latency-25.cdgp
1704042543855263364,1704042553702885350,500,http://172.169.8.253:31112/function/opt-66b-submod-0-latency-25.cdgp
1704042543855333540,1704042550056175815,200,http://172.169.8.253:31112/function/opt-66b-submod-0-latency-25.cdgp
1704042543855438288,1704042548653303484,200,http://172.169.8.253:31112/function/opt-66b-submod-0-latency-25.cdgp
1704042543855466333,1704042553856653004,500,http://172.169.8.253:31112/function/opt-66b-submod-0-latency-25.cdgp
1704042543855512296,1704042553703021800,500,http://172.169.8.253:31112/function/opt-66b-submod-0-latency-25.cdgp
1704042543855585836,1704042553745012004,500,http://172.169.8.253:31112/function/opt-66b-submod-0-latency-25.cdgp
1704042543855689409,1704042553703226019,500,http://172.169.8.253:31112/function/opt-66b-submod-0-latency-25.cdgp
1704042543855739364,1704042553856698083,500,http://172.169.8.253:31112/function/opt-66b-submod-0-latency-25.cdgp
1704042543855800957,1704042553703917905,500,http://172.169.8.253:31112/function/opt-66b-submod-0-latency-25.cdgp
1704042543855858218,1704042553856627159,500,http://172.169.8.253:31112/function/opt-66b-submod-0-latency-25.cdgp
1704042543855936913,1704042553745091638,500,http://172.169.8.253:31112/function/opt-66b-submod-0-latency-25.cdgp
1704042543856020323,1704042553703576738,500,http://172.169.8.253:31112/function/opt-66b-submod-0-latency-25.cdgp
1704042543856082026,1704042553702694913,500,http://172.169.8.253:31112/function/opt-66b-submod-0-latency-25.cdgp
1704042543856117372,1704042548263982707,200,http://172.169.8.253:31112/function/opt-66b-submod-0-latency-25.cdgp
1704042543856199349,1704042553703870747,500,http://172.169.8.253:31112/function/opt-66b-submod-0-latency-25.cdgp
1704042543856276980,1704042553484439769,500,http://172.169.8.253:31112/function/opt-66b-submod-0-latency-25.cdgp
1704042543856315839,1704042553703452263,500,http://172.169.8.253:31112/function/opt-66b-submod-0-latency-25.cdgp
1704042543856375244,1704042553703864976,500,http://172.169.8.253:31112/function/opt-66b-submod-0-latency-25.cdgp
1704042543856438112,1704042553746430695,500,http://172.169.8.253:31112/function/opt-66b-submod-0-latency-25.cdgp
1704042543856521027,1704042553703239802,500,http://172.169.8.253:31112/function/opt-66b-submod-0-latency-25.cdgp
1704042543856584735,1704042553191180482,500,http://172.169.8.253:31112/function/opt-66b-submod-0-latency-25.cdgp
1704042543880753036,1704042553862512005,500,http://172.169.8.253:31112/function/opt-66b-submod-0-latency-25.cdgp
1704042543880848488,1704042553881963121,500,http://172.169.8.253:31112/function/opt-66b-submod-0-latency-25.cdgp
1704042543880989950,1704042553862223553,500,http://172.169.8.253:31112/function/opt-66b-submod-0-latency-25.cdgp
1704042543881770116,1704042553881971060,500,http://172.169.8.253:31112/function/opt-66b-submod-0-latency-25.cdgp
1704042543881833927,1704042553882131012,500,http://172.169.8.253:31112/function/opt-66b-submod-0-latency-25.cdgp
1704042543881920631,1704042553882130235,500,http://172.169.8.253:31112/function/opt-66b-submod-0-latency-25.cdgp
1704042543897208872,1704042553702208120,500,http://172.169.8.253:31112/function/opt-66b-submod-0-latency-25.cdgp
1704042543897310005,1704042553899653663,500,http://172.169.8.253:31112/function/opt-66b-submod-0-latency-25.cdgp
1704042543897377516,1704042553899882712,500,http://172.169.8.253:31112/function/opt-66b-submod-0-latency-25.cdgp
1704042543897441458,1704042553899305210,500,http://172.169.8.253:31112/function/opt-66b-submod-0-latency-25.cdgp
1704042543897461276,1704042553899300719,500,http://172.169.8.253:31112/function/opt-66b-submod-0-latency-25.cdgp
1704042543897512435,1704042553899999938,500,http://172.169.8.253:31112/function/opt-66b-submod-0-latency-25.cdgp
1704042543897558871,1704042553900000202,500,http://172.169.8.253:31112/function/opt-66b-submod-0-latency-25.cdgp
1704042543897647214,1704042553898753281,500,http://172.169.8.253:31112/function/opt-66b-submod-0-latency-25.cdgp
1704042543897714921,1704042553899531293,500,http://172.169.8.253:31112/function/opt-66b-submod-0-latency-25.cdgp
1704042543897822619,1704042553899465981,500,http://172.169.8.253:31112/function/opt-66b-submod-0-latency-25.cdgp
1704042543897876776,1704042553899830297,500,http://172.169.8.253:31112/function/opt-66b-submod-0-latency-25.cdgp
1704042543897923152,1704042553702045828,500,http://172.169.8.253:31112/function/opt-66b-submod-0-latency-25.cdgp
1704042543898049148,1704042553899733040,500,http://172.169.8.253:31112/function/opt-66b-submod-0-latency-25.cdgp
1704042543898134568,1704042553898856844,500,http://172.169.8.253:31112/function/opt-66b-submod-0-latency-25.cdgp
1704042543898198150,1704042553899742284,500,http://172.169.8.253:31112/function/opt-66b-submod-0-latency-25.cdgp
1704042543898283059,1704042553899720909,500,http://172.169.8.253:31112/function/opt-66b-submod-0-latency-25.cdgp
1704042543898340283,1704042549529301827,200,http://172.169.8.253:31112/function/opt-66b-submod-0-latency-25.cdgp
1704042543898394706,1704042553900006847,500,http://172.169.8.253:31112/function/opt-66b-submod-0-latency-25.cdgp
1704042543898465147,1704042553899672856,500,http://172.169.8.253:31112/function/opt-66b-submod-0-latency-25.cdgp
1704042543898526389,1704042553702192872,500,http://172.169.8.253:31112/function/opt-66b-submod-0-latency-25.cdgp
1704042543898606177,1704042553898866082,500,http://172.169.8.253:31112/function/opt-66b-submod-0-latency-25.cdgp
1704042543898717180,1704042548981376271,200,http://172.169.8.253:31112/function/opt-66b-submod-0-latency-25.cdgp
1704042543898846515,1704042553899814851,500,http://172.169.8.253:31112/function/opt-66b-submod-0-latency-25.cdgp
1704042543898931434,1704042553899817699,500,http://172.169.8.253:31112/function/opt-66b-submod-0-latency-25.cdgp
1704042543898992852,1704042547973602653,200,http://172.169.8.253:31112/function/opt-66b-submod-0-latency-25.cdgp
1704042543899070086,1704042553899891824,500,http://172.169.8.253:31112/function/opt-66b-submod-0-latency-25.cdgp
1704042543899121350,1704042553899981503,500,http://172.169.8.253:31112/function/opt-66b-submod-0-latency-25.cdgp
1704042543899182012,1704042553899988520,500,http://172.169.8.253:31112/function/opt-66b-submod-0-latency-25.cdgp
1704042543899213129,1704042553900012846,500,http://172.169.8.253:31112/function/opt-66b-submod-0-latency-25.cdgp
1704042543899286737,1704042553688520756,500,http://172.169.8.253:31112/function/opt-66b-submod-0-latency-25.cdgp
1704042543899357797,1704042553899477915,500,http://172.169.8.253:31112/function/opt-66b-submod-0-latency-25.cdgp
1704042543899443595,1704042553900011301,500,http://172.169.8.253:31112/function/opt-66b-submod-0-latency-25.cdgp
1704042543899502339,1704042553899673047,500,http://172.169.8.253:31112/function/opt-66b-submod-0-latency-25.cdgp
1704042543906727519,1704042553908693770,500,http://172.169.8.253:31112/function/opt-66b-submod-0-latency-25.cdgp
1704042543906886753,1704042553908683203,500,http://172.169.8.253:31112/function/opt-66b-submod-0-latency-25.cdgp
1704042543906975949,1704042553908638011,500,http://172.169.8.253:31112/function/opt-66b-submod-0-latency-25.cdgp
1704042543907100770,1704042553908470435,500,http://172.169.8.253:31112/function/opt-66b-submod-0-latency-25.cdgp
1704042543907162006,1704042553702256573,500,http://172.169.8.253:31112/function/opt-66b-submod-0-latency-25.cdgp
1704042543907181348,1704042553908630834,500,http://172.169.8.253:31112/function/opt-66b-submod-0-latency-25.cdgp
1704042543907234605,1704042553908464707,500,http://172.169.8.253:31112/function/opt-66b-submod-0-latency-25.cdgp
1704042543907327290,1704042553908056867,500,http://172.169.8.253:31112/function/opt-66b-submod-0-latency-25.cdgp
1704042543907356069,1704042550191418045,200,http://172.169.8.253:31112/function/opt-66b-submod-0-latency-25.cdgp
1704042543907459392,1704042553908846855,500,http://172.169.8.253:31112/function/opt-66b-submod-0-latency-25.cdgp
1704042543907500380,1704042553908975017,500,http://172.169.8.253:31112/function/opt-66b-submod-0-latency-25.cdgp
1704042543907588139,1704042553908891505,500,http://172.169.8.253:31112/function/opt-66b-submod-0-latency-25.cdgp
1704042543907696488,1704042553908056192,500,http://172.169.8.253:31112/function/opt-66b-submod-0-latency-25.cdgp
1704042543907767284,1704042553909040987,500,http://172.169.8.253:31112/function/opt-66b-submod-0-latency-25.cdgp
1704042543907845083,1704042553909049095,500,http://172.169.8.253:31112/function/opt-66b-submod-0-latency-25.cdgp
1704042543907918852,1704042553909119922,500,http://172.169.8.253:31112/function/opt-66b-submod-0-latency-25.cdgp
1704042543908024695,1704042553909134864,500,http://172.169.8.253:31112/function/opt-66b-submod-0-latency-25.cdgp
1704042543908093662,1704042553908949918,500,http://172.169.8.253:31112/function/opt-66b-submod-0-latency-25.cdgp
1704042543908180361,1704042553908958387,500,http://172.169.8.253:31112/function/opt-66b-submod-0-latency-25.cdgp
1704042543908257235,1704042553908971003,500,http://172.169.8.253:31112/function/opt-66b-submod-0-latency-25.cdgp
1704042543908282795,1704042553909045307,500,http://172.169.8.253:31112/function/opt-66b-submod-0-latency-25.cdgp
1704042543908378619,1704042549524776131,200,http://172.169.8.253:31112/function/opt-66b-submod-0-latency-25.cdgp
1704042543908456972,1704042553909054104,500,http://172.169.8.253:31112/function/opt-66b-submod-0-latency-25.cdgp
1704042543908491655,1704042553909055996,500,http://172.169.8.253:31112/function/opt-66b-submod-0-latency-25.cdgp
1704042543908550281,1704042549529102022,200,http://172.169.8.253:31112/function/opt-66b-submod-0-latency-25.cdgp
1704042543908635602,1704042553909125829,500,http://172.169.8.253:31112/function/opt-66b-submod-0-latency-25.cdgp
1704042543908707683,1704042553909133657,500,http://172.169.8.253:31112/function/opt-66b-submod-0-latency-25.cdgp
1704042543908788777,1704042553908900436,500,http://172.169.8.253:31112/function/opt-66b-submod-0-latency-25.cdgp
1704042543961768889,1704042553962782963,500,http://172.169.8.253:31112/function/opt-66b-submod-0-latency-25.cdgp
1704042543964094573,1704042550060065401,200,http://172.169.8.253:31112/function/opt-66b-submod-0-latency-25.cdgp
1704042543964210468,1704042553965321412,500,http://172.169.8.253:31112/function/opt-66b-submod-0-latency-25.cdgp
1704042544023687167,1704042554024768740,500,http://172.169.8.253:31112/function/opt-66b-submod-0-latency-25.cdgp
1704042544023860066,1704042548308841874,200,http://172.169.8.253:31112/function/opt-66b-submod-0-latency-25.cdgp
1704042544023936840,1704042554024986562,500,http://172.169.8.253:31112/function/opt-66b-submod-0-latency-25.cdgp
1704042544024018665,1704042554024781104,500,http://172.169.8.253:31112/function/opt-66b-submod-0-latency-25.cdgp
1704042544024100254,1704042554024924820,500,http://172.169.8.253:31112/function/opt-66b-submod-0-latency-25.cdgp
1704042544024180528,1704042554024782871,500,http://172.169.8.253:31112/function/opt-66b-submod-0-latency-25.cdgp
1704042544024231026,1704042554024917821,500,http://172.169.8.253:31112/function/opt-66b-submod-0-latency-25.cdgp
1704042544024331760,1704042554024918473,500,http://172.169.8.253:31112/function/opt-66b-submod-0-latency-25.cdgp
1704042544024387157,1704042554024918943,500,http://172.169.8.253:31112/function/opt-66b-submod-0-latency-25.cdgp
1704042544187789082,1704042554189351797,500,http://172.169.8.253:31112/function/opt-66b-submod-0-latency-25.cdgp
1704042544187897520,1704042549394029251,200,http://172.169.8.253:31112/function/opt-66b-submod-0-latency-25.cdgp
1704042544188018860,1704042554189338964,500,http://172.169.8.253:31112/function/opt-66b-submod-0-latency-25.cdgp
1704042544188094862,1704042554189677460,500,http://172.169.8.253:31112/function/opt-66b-submod-0-latency-25.cdgp
1704042544188151776,1704042554189478739,500,http://172.169.8.253:31112/function/opt-66b-submod-0-latency-25.cdgp
1704042544188541173,1704042554189664481,500,http://172.169.8.253:31112/function/opt-66b-submod-0-latency-25.cdgp
1704042544188617914,1704042554188949547,500,http://172.169.8.253:31112/function/opt-66b-submod-0-latency-25.cdgp
1704042544188702217,1704042548041628431,200,http://172.169.8.253:31112/function/opt-66b-submod-0-latency-25.cdgp
1704042544188766057,1704042549400384278,200,http://172.169.8.253:31112/function/opt-66b-submod-0-latency-25.cdgp
1704042544188795800,1704042554189602909,500,http://172.169.8.253:31112/function/opt-66b-submod-0-latency-25.cdgp
1704042544188891349,1704042554189507719,500,http://172.169.8.253:31112/function/opt-66b-submod-0-latency-25.cdgp
1704042544188977776,1704042554189803852,500,http://172.169.8.253:31112/function/opt-66b-submod-0-latency-25.cdgp
1704042544189051208,1704042554189664849,500,http://172.169.8.253:31112/function/opt-66b-submod-0-latency-25.cdgp
1704042544189120871,1704042547976182086,200,http://172.169.8.253:31112/function/opt-66b-submod-0-latency-25.cdgp
1704042544189214035,1704042554189350879,500,http://172.169.8.253:31112/function/opt-66b-submod-0-latency-25.cdgp
1704042544189268986,1704042554189951607,500,http://172.169.8.253:31112/function/opt-66b-submod-0-latency-25.cdgp
1704042544189355212,1704042554190023616,500,http://172.169.8.253:31112/function/opt-66b-submod-0-latency-25.cdgp
1704042544189459079,1704042554189813588,500,http://172.169.8.253:31112/function/opt-66b-submod-0-latency-25.cdgp
1704042544189529209,1704042554189661812,500,http://172.169.8.253:31112/function/opt-66b-submod-0-latency-25.cdgp
1704042544189594617,1704042554190036052,500,http://172.169.8.253:31112/function/opt-66b-submod-0-latency-25.cdgp
1704042544189620155,1704042554190044615,500,http://172.169.8.253:31112/function/opt-66b-submod-0-latency-25.cdgp
1704042544189702538,1704042554190044674,500,http://172.169.8.253:31112/function/opt-66b-submod-0-latency-25.cdgp
1704042544189785343,1704042550228258599,200,http://172.169.8.253:31112/function/opt-66b-submod-0-latency-25.cdgp
1704042544189862367,1704042554189963172,500,http://172.169.8.253:31112/function/opt-66b-submod-0-latency-25.cdgp
1704042544189955265,1704042549114382356,200,http://172.169.8.253:31112/function/opt-66b-submod-0-latency-25.cdgp
1704042544190032462,1704042554190139961,500,http://172.169.8.253:31112/function/opt-66b-submod-0-latency-25.cdgp
1704042544190099711,1704042554190259452,500,http://172.169.8.253:31112/function/opt-66b-submod-0-latency-25.cdgp
1704042544190148008,1704042554190338353,500,http://172.169.8.253:31112/function/opt-66b-submod-0-latency-25.cdgp
1704042544190240619,1704042554190411811,500,http://172.169.8.253:31112/function/opt-66b-submod-0-latency-25.cdgp
1704042544209037337,1704042549525598704,200,http://172.169.8.253:31112/function/opt-66b-submod-0-latency-25.cdgp
1704042544209123797,1704042554209998297,500,http://172.169.8.253:31112/function/opt-66b-submod-0-latency-25.cdgp
1704042544209214006,1704042554209948548,500,http://172.169.8.253:31112/function/opt-66b-submod-0-latency-25.cdgp
1704042544209333317,1704042554210016278,500,http://172.169.8.253:31112/function/opt-66b-submod-0-latency-25.cdgp
1704042544209365578,1704042554210094909,500,http://172.169.8.253:31112/function/opt-66b-submod-0-latency-25.cdgp
1704042544209464738,1704042554210073735,500,http://172.169.8.253:31112/function/opt-66b-submod-0-latency-25.cdgp
1704042544209507980,1704042554210065042,500,http://172.169.8.253:31112/function/opt-66b-submod-0-latency-25.cdgp
1704042544209592747,1704042554210053454,500,http://172.169.8.253:31112/function/opt-66b-submod-0-latency-25.cdgp
1704042544209677358,1704042554210081739,500,http://172.169.8.253:31112/function/opt-66b-submod-0-latency-25.cdgp
1704042544209746152,1704042554210084571,500,http://172.169.8.253:31112/function/opt-66b-submod-0-latency-25.cdgp
1704042544209793454,1704042550228679878,200,http://172.169.8.253:31112/function/opt-66b-submod-0-latency-25.cdgp
1704042544209845391,1704042550071586449,200,http://172.169.8.253:31112/function/opt-66b-submod-0-latency-25.cdgp
1704042544209916040,1704042554210006954,500,http://172.169.8.253:31112/function/opt-66b-submod-0-latency-25.cdgp
1704042544209940800,1704042550058033973,200,http://172.169.8.253:31112/function/opt-66b-submod-0-latency-25.cdgp
1704042544210051543,1704042554210161885,500,http://172.169.8.253:31112/function/opt-66b-submod-0-latency-25.cdgp
1704042544210119117,1704042554210299564,500,http://172.169.8.253:31112/function/opt-66b-submod-0-latency-25.cdgp
1704042544210146578,1704042554210231371,500,http://172.169.8.253:31112/function/opt-66b-submod-0-latency-25.cdgp
1704042544237620885,1704042554237932415,500,http://172.169.8.253:31112/function/opt-66b-submod-0-latency-25.cdgp
1704042544237701010,1704042554237942956,500,http://172.169.8.253:31112/function/opt-66b-submod-0-latency-25.cdgp
1704042545264076937,1704042554760351081,500,http://172.169.8.253:31112/function/opt-66b-submod-0-latency-25.cdgp
1704042545264199988,1704042549522686074,200,http://172.169.8.253:31112/function/opt-66b-submod-0-latency-25.cdgp
1704042545264305969,1704042554976209604,500,http://172.169.8.253:31112/function/opt-66b-submod-0-latency-25.cdgp
1704042545264419432,1704042550228945779,200,http://172.169.8.253:31112/function/opt-66b-submod-0-latency-25.cdgp
1704042545264478227,1704042554761395027,500,http://172.169.8.253:31112/function/opt-66b-submod-0-latency-25.cdgp
1704042545264563033,1704042554760061295,500,http://172.169.8.253:31112/function/opt-66b-submod-0-latency-25.cdgp
1704042545264645877,1704042554981328346,500,http://172.169.8.253:31112/function/opt-66b-submod-0-latency-25.cdgp
1704042545264707829,1704042554859721451,500,http://172.169.8.253:31112/function/opt-66b-submod-0-latency-25.cdgp
1704042545264777814,1704042555097147672,500,http://172.169.8.253:31112/function/opt-66b-submod-0-latency-25.cdgp
1704042545264857554,1704042554639562658,500,http://172.169.8.253:31112/function/opt-66b-submod-0-latency-25.cdgp
1704042545264922552,1704042549527464824,200,http://172.169.8.253:31112/function/opt-66b-submod-0-latency-25.cdgp
1704042545264962723,1704042554761994572,500,http://172.169.8.253:31112/function/opt-66b-submod-0-latency-25.cdgp
1704042545265015445,1704042550191814402,200,http://172.169.8.253:31112/function/opt-66b-submod-0-latency-25.cdgp
1704042545265046415,1704042554757940440,500,http://172.169.8.253:31112/function/opt-66b-submod-0-latency-25.cdgp
1704042545265087718,1704042555084076895,500,http://172.169.8.253:31112/function/opt-66b-submod-0-latency-25.cdgp
1704042545265105093,1704042548310994100,200,http://172.169.8.253:31112/function/opt-66b-submod-0-latency-25.cdgp
1704042545265182049,1704042550229384783,200,http://172.169.8.253:31112/function/opt-66b-submod-0-latency-25.cdgp
1704042545265223149,1704042554971757184,500,http://172.169.8.253:31112/function/opt-66b-submod-0-latency-25.cdgp
1704042545265268459,1704042554762449768,500,http://172.169.8.253:31112/function/opt-66b-submod-0-latency-25.cdgp
1704042545265337954,1704042547734654072,200,http://172.169.8.253:31112/function/opt-66b-submod-0-latency-25.cdgp
1704042545265387158,1704042549397563132,200,http://172.169.8.253:31112/function/opt-66b-submod-0-latency-25.cdgp
1704042545481551829,1704042555023356794,500,http://172.169.8.253:31112/function/opt-66b-submod-0-latency-25.cdgp
1704042545584595163,1704042554975745448,500,http://172.169.8.253:31112/function/opt-66b-submod-0-latency-25.cdgp
1704042545584677050,1704042550232786719,200,http://172.169.8.253:31112/function/opt-66b-submod-0-latency-25.cdgp
1704042545584756422,1704042554980847096,500,http://172.169.8.253:31112/function/opt-66b-submod-0-latency-25.cdgp
1704042545584826222,1704042549523345464,200,http://172.169.8.253:31112/function/opt-66b-submod-0-latency-25.cdgp
1704042545584870358,1704042550190634735,200,http://172.169.8.253:31112/function/opt-66b-submod-0-latency-25.cdgp
1704042545584972590,1704042555086243419,500,http://172.169.8.253:31112/function/opt-66b-submod-0-latency-25.cdgp
1704042545585006998,1704042555097565510,500,http://172.169.8.253:31112/function/opt-66b-submod-0-latency-25.cdgp
1704042545585094663,1704042555086222178,500,http://172.169.8.253:31112/function/opt-66b-submod-0-latency-25.cdgp
1704042545585155121,1704042554975724518,500,http://172.169.8.253:31112/function/opt-66b-submod-0-latency-25.cdgp
1704042545585184742,1704042554975885728,500,http://172.169.8.253:31112/function/opt-66b-submod-0-latency-25.cdgp
1704042545585273180,1704042555585974882,500,http://172.169.8.253:31112/function/opt-66b-submod-0-latency-25.cdgp
1704042545585307933,1704042555085863607,500,http://172.169.8.253:31112/function/opt-66b-submod-0-latency-25.cdgp
1704042545585390308,1704042551716292545,200,http://172.169.8.253:31112/function/opt-66b-submod-0-latency-25.cdgp
1704042545585486922,1704042555085625656,500,http://172.169.8.253:31112/function/opt-66b-submod-0-latency-25.cdgp
1704042545585559097,1704042555110658471,500,http://172.169.8.253:31112/function/opt-66b-submod-0-latency-25.cdgp
1704042545585651351,1704042555176472305,500,http://172.169.8.253:31112/function/opt-66b-submod-0-latency-25.cdgp
1704042545585713220,1704042551727767151,200,http://172.169.8.253:31112/function/opt-66b-submod-0-latency-25.cdgp
1704042545585781115,1704042548548555437,200,http://172.169.8.253:31112/function/opt-66b-submod-0-latency-25.cdgp
1704042545651653314,1704042555392290103,500,http://172.169.8.253:31112/function/opt-66b-submod-0-latency-25.cdgp
1704042545651699704,1704042555386617850,500,http://172.169.8.253:31112/function/opt-66b-submod-0-latency-25.cdgp
1704042545651777101,1704042555386443207,500,http://172.169.8.253:31112/function/opt-66b-submod-0-latency-25.cdgp
1704042545651839335,1704042555386791922,500,http://172.169.8.253:31112/function/opt-66b-submod-0-latency-25.cdgp
1704042545651901727,1704042555392418013,500,http://172.169.8.253:31112/function/opt-66b-submod-0-latency-25.cdgp
1704042545654820555,1704042550782682061,200,http://172.169.8.253:31112/function/opt-66b-submod-0-latency-25.cdgp
1704042545654877892,1704042555179587449,500,http://172.169.8.253:31112/function/opt-66b-submod-0-latency-25.cdgp
1704042545654930155,1704042555386699009,500,http://172.169.8.253:31112/function/opt-66b-submod-0-latency-25.cdgp
1704042545654974351,1704042549704308089,200,http://172.169.8.253:31112/function/opt-66b-submod-0-latency-25.cdgp
1704042545655039835,1704042555159494746,500,http://172.169.8.253:31112/function/opt-66b-submod-0-latency-25.cdgp
1704042545655089612,1704042555158618645,500,http://172.169.8.253:31112/function/opt-66b-submod-0-latency-25.cdgp
1704042545655142630,1704042555391959778,500,http://172.169.8.253:31112/function/opt-66b-submod-0-latency-25.cdgp
1704042545655170357,1704042555396446354,500,http://172.169.8.253:31112/function/opt-66b-submod-0-latency-25.cdgp
1704042545655242469,1704042555376434657,500,http://172.169.8.253:31112/function/opt-66b-submod-0-latency-25.cdgp
1704042545655325742,1704042555391818410,500,http://172.169.8.253:31112/function/opt-66b-submod-0-latency-25.cdgp
1704042545655395316,1704042555159264701,500,http://172.169.8.253:31112/function/opt-66b-submod-0-latency-25.cdgp
1704042545655472209,1704042555568830721,500,http://172.169.8.253:31112/function/opt-66b-submod-0-latency-25.cdgp
1704042545655519726,1704042555568706318,500,http://172.169.8.253:31112/function/opt-66b-submod-0-latency-25.cdgp
1704042545655581569,1704042555392157488,500,http://172.169.8.253:31112/function/opt-66b-submod-0-latency-25.cdgp
1704042545655649645,1704042555187535463,500,http://172.169.8.253:31112/function/opt-66b-submod-0-latency-25.cdgp
1704042545655685358,1704042555391266990,500,http://172.169.8.253:31112/function/opt-66b-submod-0-latency-25.cdgp
1704042545655783101,1704042555183580681,500,http://172.169.8.253:31112/function/opt-66b-submod-0-latency-25.cdgp
1704042545655851609,1704042549744083796,200,http://172.169.8.253:31112/function/opt-66b-submod-0-latency-25.cdgp
1704042545655882123,1704042549780693771,200,http://172.169.8.253:31112/function/opt-66b-submod-0-latency-25.cdgp
1704042545655962528,1704042555392677119,500,http://172.169.8.253:31112/function/opt-66b-submod-0-latency-25.cdgp
1704042545656028527,1704042555392715993,500,http://172.169.8.253:31112/function/opt-66b-submod-0-latency-25.cdgp
1704042545656058600,1704042555376563890,500,http://172.169.8.253:31112/function/opt-66b-submod-0-latency-25.cdgp
1704042545656106943,1704042555376637126,500,http://172.169.8.253:31112/function/opt-66b-submod-0-latency-25.cdgp
1704042545702814029,1704042555419940686,500,http://172.169.8.253:31112/function/opt-66b-submod-0-latency-25.cdgp
1704042545702900481,1704042555531379976,500,http://172.169.8.253:31112/function/opt-66b-submod-0-latency-25.cdgp
1704042545702981667,1704042555431007528,500,http://172.169.8.253:31112/function/opt-66b-submod-0-latency-25.cdgp
1704042545845513525,1704042555569868177,500,http://172.169.8.253:31112/function/opt-66b-submod-0-latency-25.cdgp
1704042545845587268,1704042550585235277,200,http://172.169.8.253:31112/function/opt-66b-submod-0-latency-25.cdgp
1704042545845658664,1704042551432397755,200,http://172.169.8.253:31112/function/opt-66b-submod-0-latency-25.cdgp
1704042545845706828,1704042555376891835,500,http://172.169.8.253:31112/function/opt-66b-submod-0-latency-25.cdgp
1704042545845771862,1704042551533185414,200,http://172.169.8.253:31112/function/opt-66b-submod-0-latency-25.cdgp
1704042545845828182,1704042551804034982,200,http://172.169.8.253:31112/function/opt-66b-submod-0-latency-25.cdgp
1704042545845883589,1704042555569425940,500,http://172.169.8.253:31112/function/opt-66b-submod-0-latency-25.cdgp
1704042545845932125,1704042555575429721,500,http://172.169.8.253:31112/function/opt-66b-submod-0-latency-25.cdgp
1704042545846007269,1704042555575027028,500,http://172.169.8.253:31112/function/opt-66b-submod-0-latency-25.cdgp
1704042545846031466,1704042555491578341,500,http://172.169.8.253:31112/function/opt-66b-submod-0-latency-25.cdgp
1704042545846220192,1704042555570399268,500,http://172.169.8.253:31112/function/opt-66b-submod-0-latency-25.cdgp
1704042545846303972,1704042555570120210,500,http://172.169.8.253:31112/function/opt-66b-submod-0-latency-25.cdgp
1704042545846375960,1704042555575711910,500,http://172.169.8.253:31112/function/opt-66b-submod-0-latency-25.cdgp
1704042545846494170,1704042555569691091,500,http://172.169.8.253:31112/function/opt-66b-submod-0-latency-25.cdgp
1704042545846568314,1704042555576182911,500,http://172.169.8.253:31112/function/opt-66b-submod-0-latency-25.cdgp
1704042545846644288,1704042555533568966,500,http://172.169.8.253:31112/function/opt-66b-submod-0-latency-25.cdgp
1704042545846690085,1704042555575727917,500,http://172.169.8.253:31112/function/opt-66b-submod-0-latency-25.cdgp
1704042545846721309,1704042549743721795,200,http://172.169.8.253:31112/function/opt-66b-submod-0-latency-25.cdgp
1704042545846799209,1704042550189173114,200,http://172.169.8.253:31112/function/opt-66b-submod-0-latency-25.cdgp
1704042545848547806,1704042550908496173,200,http://172.169.8.253:31112/function/opt-66b-submod-0-latency-25.cdgp
1704042545848636519,1704042555576570673,500,http://172.169.8.253:31112/function/opt-66b-submod-0-latency-25.cdgp
1704042545848727281,1704042550233793290,200,http://172.169.8.253:31112/function/opt-66b-submod-0-latency-25.cdgp
1704042545848809915,1704042555575513745,500,http://172.169.8.253:31112/function/opt-66b-submod-0-latency-25.cdgp
1704042545848903175,1704042555645713597,500,http://172.169.8.253:31112/function/opt-66b-submod-0-latency-25.cdgp
1704042545848973144,1704042555645793007,500,http://172.169.8.253:31112/function/opt-66b-submod-0-latency-25.cdgp
1704042545849031610,1704042549521355805,200,http://172.169.8.253:31112/function/opt-66b-submod-0-latency-25.cdgp
1704042545849114306,1704042555491500146,500,http://172.169.8.253:31112/function/opt-66b-submod-0-latency-25.cdgp
1704042545849189618,1704042555575732575,500,http://172.169.8.253:31112/function/opt-66b-submod-0-latency-25.cdgp
1704042545849275535,1704042550233944904,200,http://172.169.8.253:31112/function/opt-66b-submod-0-latency-25.cdgp
1704042545849363089,1704042555570336267,500,http://172.169.8.253:31112/function/opt-66b-submod-0-latency-25.cdgp
1704042545849425042,1704042555645604477,500,http://172.169.8.253:31112/function/opt-66b-submod-0-latency-25.cdgp
1704042545849897033,1704042555491598799,500,http://172.169.8.253:31112/function/opt-66b-submod-0-latency-25.cdgp
1704042545849987173,1704042555491623298,500,http://172.169.8.253:31112/function/opt-66b-submod-0-latency-25.cdgp
1704042545850076220,1704042550583232866,200,http://172.169.8.253:31112/function/opt-66b-submod-0-latency-25.cdgp
1704042545850160919,1704042555569881970,500,http://172.169.8.253:31112/function/opt-66b-submod-0-latency-25.cdgp
1704042545850197505,1704042549524443492,200,http://172.169.8.253:31112/function/opt-66b-submod-0-latency-25.cdgp
1704042546271702166,1704042555645842349,500,http://172.169.8.253:31112/function/opt-66b-submod-0-latency-25.cdgp
1704042546271821267,1704042555626176655,500,http://172.169.8.253:31112/function/opt-66b-submod-0-latency-25.cdgp
1704042546271939955,1704042555627245554,500,http://172.169.8.253:31112/function/opt-66b-submod-0-latency-25.cdgp
1704042546272018904,1704042551430540707,200,http://172.169.8.253:31112/function/opt-66b-submod-0-latency-25.cdgp
1704042546272054214,1704042550908276195,200,http://172.169.8.253:31112/function/opt-66b-submod-0-latency-25.cdgp
1704042546605887312,1704042555987868913,500,http://172.169.8.253:31112/function/opt-66b-submod-0-latency-25.cdgp
1704042546605978764,1704042556468084819,500,http://172.169.8.253:31112/function/opt-66b-submod-0-latency-25.cdgp
1704042546606063716,1704042551743008029,200,http://172.169.8.253:31112/function/opt-66b-submod-0-latency-25.cdgp
1704042546606129407,1704042555948843859,504,http://172.169.8.253:31112/function/opt-66b-submod-0-latency-25.cdgp
1704042546606200128,1704042551713844778,200,http://172.169.8.253:31112/function/opt-66b-submod-0-latency-25.cdgp
1704042546606232114,1704042556463915654,500,http://172.169.8.253:31112/function/opt-66b-submod-0-latency-25.cdgp
1704042546606356328,1704042556299203542,500,http://172.169.8.253:31112/function/opt-66b-submod-0-latency-25.cdgp
1704042546606475170,1704042556306901366,500,http://172.169.8.253:31112/function/opt-66b-submod-0-latency-25.cdgp
1704042546606596731,1704042556466112362,500,http://172.169.8.253:31112/function/opt-66b-submod-0-latency-25.cdgp
1704042546606671622,1704042555988800025,500,http://172.169.8.253:31112/function/opt-66b-submod-0-latency-25.cdgp
1704042546606748907,1704042556159802491,500,http://172.169.8.253:31112/function/opt-66b-submod-0-latency-25.cdgp
1704042546606832451,1704042556498491257,500,http://172.169.8.253:31112/function/opt-66b-submod-0-latency-25.cdgp
1704042546606948278,1704042556204542937,500,http://172.169.8.253:31112/function/opt-66b-submod-0-latency-25.cdgp
1704042546607012651,1704042555988310720,500,http://172.169.8.253:31112/function/opt-66b-submod-0-latency-25.cdgp
1704042546607069891,1704042556341815398,500,http://172.169.8.253:31112/function/opt-66b-submod-0-latency-25.cdgp
1704042546607142157,1704042551803566367,200,http://172.169.8.253:31112/function/opt-66b-submod-0-latency-25.cdgp
1704042546607192790,1704042556144514937,500,http://172.169.8.253:31112/function/opt-66b-submod-0-latency-25.cdgp
1704042546607264636,1704042555977701341,500,http://172.169.8.253:31112/function/opt-66b-submod-0-latency-25.cdgp
1704042546607288940,1704042550921968946,200,http://172.169.8.253:31112/function/opt-66b-submod-0-latency-25.cdgp
1704042546607398254,1704042556146178464,500,http://172.169.8.253:31112/function/opt-66b-submod-0-latency-25.cdgp
1704042546607495637,1704042551742760898,200,http://172.169.8.253:31112/function/opt-66b-submod-0-latency-25.cdgp
1704042546607572834,1704042556210884393,500,http://172.169.8.253:31112/function/opt-66b-submod-0-latency-25.cdgp
1704042546607690024,1704042556500516256,500,http://172.169.8.253:31112/function/opt-66b-submod-0-latency-25.cdgp
1704042546607781901,1704042556501321857,500,http://172.169.8.253:31112/function/opt-66b-submod-0-latency-25.cdgp
1704042546607878104,1704042556153815717,500,http://172.169.8.253:31112/function/opt-66b-submod-0-latency-25.cdgp
1704042546607971316,1704042556468755964,500,http://172.169.8.253:31112/function/opt-66b-submod-0-latency-25.cdgp
1704042546608028065,1704042550583958466,200,http://172.169.8.253:31112/function/opt-66b-submod-0-latency-25.cdgp
1704042546608057695,1704042556240033246,500,http://172.169.8.253:31112/function/opt-66b-submod-0-latency-25.cdgp
1704042546608144052,1704042556463783554,500,http://172.169.8.253:31112/function/opt-66b-submod-0-latency-25.cdgp
1704042546608228330,1704042550908185242,200,http://172.169.8.253:31112/function/opt-66b-submod-0-latency-25.cdgp
1704042546608324060,1704042556155617575,500,http://172.169.8.253:31112/function/opt-66b-submod-0-latency-25.cdgp
1704042546608392111,1704042556156946388,500,http://172.169.8.253:31112/function/opt-66b-submod-0-latency-25.cdgp
1704042546608473696,1704042550922287032,200,http://172.169.8.253:31112/function/opt-66b-submod-0-latency-25.cdgp
1704042546608533959,1704042556465168823,500,http://172.169.8.253:31112/function/opt-66b-submod-0-latency-25.cdgp
1704042546608605538,1704042556297846363,500,http://172.169.8.253:31112/function/opt-66b-submod-0-latency-25.cdgp
1704042546608690863,1704042556157900162,500,http://172.169.8.253:31112/function/opt-66b-submod-0-latency-25.cdgp
1704042546608759940,1704042556463781004,500,http://172.169.8.253:31112/function/opt-66b-submod-0-latency-25.cdgp
1704042546608808113,1704042549854059651,200,http://172.169.8.253:31112/function/opt-66b-submod-0-latency-25.cdgp
1704042546608888971,1704042549527028948,200,http://172.169.8.253:31112/function/opt-66b-submod-0-latency-25.cdgp
1704042546608948240,1704042556239068127,500,http://172.169.8.253:31112/function/opt-66b-submod-0-latency-25.cdgp
1704042546609057129,1704042550585868450,200,http://172.169.8.253:31112/function/opt-66b-submod-0-latency-25.cdgp
1704042546609132488,1704042549780596711,200,http://172.169.8.253:31112/function/opt-66b-submod-0-latency-25.cdgp
1704042546609218361,1704042556464585103,500,http://172.169.8.253:31112/function/opt-66b-submod-0-latency-25.cdgp
1704042546609287577,1704042556499542049,500,http://172.169.8.253:31112/function/opt-66b-submod-0-latency-25.cdgp
1704042546609322073,1704042556245822558,500,http://172.169.8.253:31112/function/opt-66b-submod-0-latency-25.cdgp
1704042546609394082,1704042552778870628,200,http://172.169.8.253:31112/function/opt-66b-submod-0-latency-25.cdgp
1704042546609501553,1704042556243218934,500,http://172.169.8.253:31112/function/opt-66b-submod-0-latency-25.cdgp
1704042546609572659,1704042556302317250,500,http://172.169.8.253:31112/function/opt-66b-submod-0-latency-25.cdgp
1704042546609641009,1704042556240374540,500,http://172.169.8.253:31112/function/opt-66b-submod-0-latency-25.cdgp
1704042546609718946,1704042556295297791,500,http://172.169.8.253:31112/function/opt-66b-submod-0-latency-25.cdgp
1704042546609799363,1704042556305508443,500,http://172.169.8.253:31112/function/opt-66b-submod-0-latency-25.cdgp
1704042547052552124,1704042556878009245,500,http://172.169.8.253:31112/function/opt-66b-submod-0-latency-25.cdgp
1704042547052659118,1704042556459369337,500,http://172.169.8.253:31112/function/opt-66b-submod-0-latency-25.cdgp
1704042547052786027,1704042556726349461,500,http://172.169.8.253:31112/function/opt-66b-submod-0-latency-25.cdgp
1704042547052861144,1704042556685919096,500,http://172.169.8.253:31112/function/opt-66b-submod-0-latency-25.cdgp
1704042547052889060,1704042552780933997,200,http://172.169.8.253:31112/function/opt-66b-submod-0-latency-25.cdgp
1704042547052954598,1704042552230907901,200,http://172.169.8.253:31112/function/opt-66b-submod-0-latency-25.cdgp
1704042547053043227,1704042556722376094,500,http://172.169.8.253:31112/function/opt-66b-submod-0-latency-25.cdgp
1704042547053080818,1704042549857588998,200,http://172.169.8.253:31112/function/opt-66b-submod-0-latency-25.cdgp
1704042547053165904,1704042556388449919,500,http://172.169.8.253:31112/function/opt-66b-submod-0-latency-25.cdgp
1704042547053266755,1704042556271692198,500,http://172.169.8.253:31112/function/opt-66b-submod-0-latency-25.cdgp
1704042547053377380,1704042556459553276,500,http://172.169.8.253:31112/function/opt-66b-submod-0-latency-25.cdgp
1704042547053450946,1704042556696067754,500,http://172.169.8.253:31112/function/opt-66b-submod-0-latency-25.cdgp
1704042547053567521,1704042556721488791,500,http://172.169.8.253:31112/function/opt-66b-submod-0-latency-25.cdgp
1704042547056720433,1704042556721544887,500,http://172.169.8.253:31112/function/opt-66b-submod-0-latency-25.cdgp
1704042547061034312,1704042556645122639,500,http://172.169.8.253:31112/function/opt-66b-submod-0-latency-25.cdgp
1704042547061188524,1704042557062162595,500,http://172.169.8.253:31112/function/opt-66b-submod-0-latency-25.cdgp
1704042547061264950,1704042556720184700,500,http://172.169.8.253:31112/function/opt-66b-submod-0-latency-25.cdgp
1704042547061339123,1704042556728234609,500,http://172.169.8.253:31112/function/opt-66b-submod-0-latency-25.cdgp
1704042547061414160,1704042556877447966,500,http://172.169.8.253:31112/function/opt-66b-submod-0-latency-25.cdgp
1704042547061485645,1704042556697378728,500,http://172.169.8.253:31112/function/opt-66b-submod-0-latency-25.cdgp
1704042547061547043,1704042556726797135,500,http://172.169.8.253:31112/function/opt-66b-submod-0-latency-25.cdgp
1704042547061593041,1704042556696089296,500,http://172.169.8.253:31112/function/opt-66b-submod-0-latency-25.cdgp
1704042547061672531,1704042549780707697,200,http://172.169.8.253:31112/function/opt-66b-submod-0-latency-25.cdgp
1704042547061764321,1704042556729128867,500,http://172.169.8.253:31112/function/opt-66b-submod-0-latency-25.cdgp
1704042547061838703,1704042556645535125,500,http://172.169.8.253:31112/function/opt-66b-submod-0-latency-25.cdgp
1704042547061925119,1704042556696536289,500,http://172.169.8.253:31112/function/opt-66b-submod-0-latency-25.cdgp
1704042547061990283,1704042556300961246,500,http://172.169.8.253:31112/function/opt-66b-submod-0-latency-25.cdgp
1704042547072786705,1704042556877035174,500,http://172.169.8.253:31112/function/opt-66b-submod-0-latency-25.cdgp
1704042547072882076,1704042556696575858,500,http://172.169.8.253:31112/function/opt-66b-submod-0-latency-25.cdgp
1704042547072971182,1704042556877031602,500,http://172.169.8.253:31112/function/opt-66b-submod-0-latency-25.cdgp
1704042547073038265,1704042556697300815,500,http://172.169.8.253:31112/function/opt-66b-submod-0-latency-25.cdgp
1704042547073088616,1704042556344175739,500,http://172.169.8.253:31112/function/opt-66b-submod-0-latency-25.cdgp
1704042548435402336,1704042557591739215,500,http://172.169.8.253:31112/function/opt-66b-submod-0-latency-25.cdgp
1704042548435527930,1704042554298874865,200,http://172.169.8.253:31112/function/opt-66b-submod-0-latency-25.cdgp
1704042548435628205,1704042552227191783,200,http://172.169.8.253:31112/function/opt-66b-submod-0-latency-25.cdgp
1704042548435700191,1704042557562616682,500,http://172.169.8.253:31112/function/opt-66b-submod-0-latency-25.cdgp
1704042548435788259,1704042558436187532,500,http://172.169.8.253:31112/function/opt-66b-submod-0-latency-25.cdgp
1704042548435903343,1704042557562476062,500,http://172.169.8.253:31112/function/opt-66b-submod-0-latency-25.cdgp
1704042548435981415,1704042557563099548,500,http://172.169.8.253:31112/function/opt-66b-submod-0-latency-25.cdgp
1704042548703041901,1704042558316800916,500,http://172.169.8.253:31112/function/opt-66b-submod-0-latency-25.cdgp
1704042548703128732,1704042554335612320,200,http://172.169.8.253:31112/function/opt-66b-submod-0-latency-25.cdgp
1704042548703228748,1704042558704255551,500,http://172.169.8.253:31112/function/opt-66b-submod-0-latency-25.cdgp
1704042548703323170,1704042558704281080,500,http://172.169.8.253:31112/function/opt-66b-submod-0-latency-25.cdgp
1704042548703412589,1704042557782356896,500,http://172.169.8.253:31112/function/opt-66b-submod-0-latency-25.cdgp
1704042548703508134,1704042557782155296,500,http://172.169.8.253:31112/function/opt-66b-submod-0-latency-25.cdgp
1704042548703615444,1704042557588491177,500,http://172.169.8.253:31112/function/opt-66b-submod-0-latency-25.cdgp
1704042548703684595,1704042558595083669,500,http://172.169.8.253:31112/function/opt-66b-submod-0-latency-25.cdgp
1704042548703791390,1704042551426631890,200,http://172.169.8.253:31112/function/opt-66b-submod-0-latency-25.cdgp
1704042548703909420,1704042550583517837,200,http://172.169.8.253:31112/function/opt-66b-submod-0-latency-25.cdgp
1704042548703942627,1704042558704404282,500,http://172.169.8.253:31112/function/opt-66b-submod-0-latency-25.cdgp
1704042548704040665,1704042558594640096,500,http://172.169.8.253:31112/function/opt-66b-submod-0-latency-25.cdgp
1704042548704131587,1704042552086511858,200,http://172.169.8.253:31112/function/opt-66b-submod-0-latency-25.cdgp
1704042548704201450,1704042558704419076,500,http://172.169.8.253:31112/function/opt-66b-submod-0-latency-25.cdgp
1704042548722030282,1704042554452700877,200,http://172.169.8.253:31112/function/opt-66b-submod-0-latency-25.cdgp
1704042548722085498,1704042551434061059,200,http://172.169.8.253:31112/function/opt-66b-submod-0-latency-25.cdgp
1704042548722178545,1704042558722641034,500,http://172.169.8.253:31112/function/opt-66b-submod-0-latency-25.cdgp
1704042548722305190,1704042554293556983,200,http://172.169.8.253:31112/function/opt-66b-submod-0-latency-25.cdgp
1704042548722372435,1704042558594634535,500,http://172.169.8.253:31112/function/opt-66b-submod-0-latency-25.cdgp
1704042548722416790,1704042558596071455,500,http://172.169.8.253:31112/function/opt-66b-submod-0-latency-25.cdgp
1704042548722522807,1704042557782136591,500,http://172.169.8.253:31112/function/opt-66b-submod-0-latency-25.cdgp
1704042548722602528,1704042558594741514,500,http://172.169.8.253:31112/function/opt-66b-submod-0-latency-25.cdgp
1704042548722751341,1704042558723815960,500,http://172.169.8.253:31112/function/opt-66b-submod-0-latency-25.cdgp
1704042548722832658,1704042558723821542,500,http://172.169.8.253:31112/function/opt-66b-submod-0-latency-25.cdgp
1704042548722926017,1704042558596049988,500,http://172.169.8.253:31112/function/opt-66b-submod-0-latency-25.cdgp
1704042548722990155,1704042551697692188,200,http://172.169.8.253:31112/function/opt-66b-submod-0-latency-25.cdgp
1704042548723041552,1704042550478218307,200,http://172.169.8.253:31112/function/opt-66b-submod-0-latency-25.cdgp
1704042548723123437,1704042558595571611,504,http://172.169.8.253:31112/function/opt-66b-submod-0-latency-25.cdgp
1704042548723201659,1704042558596088815,500,http://172.169.8.253:31112/function/opt-66b-submod-0-latency-25.cdgp
1704042548723262956,1704042551026042358,200,http://172.169.8.253:31112/function/opt-66b-submod-0-latency-25.cdgp
1704042549088210063,1704042558875578547,500,http://172.169.8.253:31112/function/opt-66b-submod-0-latency-25.cdgp
1704042549088295532,1704042558833695014,500,http://172.169.8.253:31112/function/opt-66b-submod-0-latency-25.cdgp
1704042549088403273,1704042554050627882,200,http://172.169.8.253:31112/function/opt-66b-submod-0-latency-25.cdgp
1704042549088553122,1704042551714047248,200,http://172.169.8.253:31112/function/opt-66b-submod-0-latency-25.cdgp
1704042549088618438,1704042551534447844,200,http://172.169.8.253:31112/function/opt-66b-submod-0-latency-25.cdgp
1704042549088694740,1704042554300079660,200,http://172.169.8.253:31112/function/opt-66b-submod-0-latency-25.cdgp
1704042549088759516,1704042558832224303,500,http://172.169.8.253:31112/function/opt-66b-submod-0-latency-25.cdgp
1704042549088807011,1704042557935395078,500,http://172.169.8.253:31112/function/opt-66b-submod-0-latency-25.cdgp
1704042549088885501,1704042554290655065,200,http://172.169.8.253:31112/function/opt-66b-submod-0-latency-25.cdgp
1704042549088921304,1704042558607420916,500,http://172.169.8.253:31112/function/opt-66b-submod-0-latency-25.cdgp
1704042549089014089,1704042554298555996,200,http://172.169.8.253:31112/function/opt-66b-submod-0-latency-25.cdgp
1704042549089049745,1704042558628436935,500,http://172.169.8.253:31112/function/opt-66b-submod-0-latency-25.cdgp
1704042549089128857,1704042555568984593,200,http://172.169.8.253:31112/function/opt-66b-submod-0-latency-25.cdgp
1704042549089225393,1704042558594758232,500,http://172.169.8.253:31112/function/opt-66b-submod-0-latency-25.cdgp
1704042549089298792,1704042558606914196,500,http://172.169.8.253:31112/function/opt-66b-submod-0-latency-25.cdgp
1704042549089404065,1704042558629018500,500,http://172.169.8.253:31112/function/opt-66b-submod-0-latency-25.cdgp
1704042549089467585,1704042558833967741,500,http://172.169.8.253:31112/function/opt-66b-submod-0-latency-25.cdgp
1704042549233309513,1704042555569315386,200,http://172.169.8.253:31112/function/opt-66b-submod-0-latency-25.cdgp
1704042549233423951,1704042558955423367,500,http://172.169.8.253:31112/function/opt-66b-submod-0-latency-25.cdgp
1704042549233521821,1704042558595390280,500,http://172.169.8.253:31112/function/opt-66b-submod-0-latency-25.cdgp
1704042549233576280,1704042558595471851,500,http://172.169.8.253:31112/function/opt-66b-submod-0-latency-25.cdgp
1704042549233654497,1704042554336323428,200,http://172.169.8.253:31112/function/opt-66b-submod-0-latency-25.cdgp
1704042549233731520,1704042555901671991,200,http://172.169.8.253:31112/function/opt-66b-submod-0-latency-25.cdgp
1704042549233797451,1704042558950392341,500,http://172.169.8.253:31112/function/opt-66b-submod-0-latency-25.cdgp
1704042549233845190,1704042551968217535,200,http://172.169.8.253:31112/function/opt-66b-submod-0-latency-25.cdgp
1704042549233919932,1704042558595487509,500,http://172.169.8.253:31112/function/opt-66b-submod-0-latency-25.cdgp
1704042549233965933,1704042558955470166,500,http://172.169.8.253:31112/function/opt-66b-submod-0-latency-25.cdgp
1704042549234116521,1704042558834129873,500,http://172.169.8.253:31112/function/opt-66b-submod-0-latency-25.cdgp
1704042549234176618,1704042558835737080,500,http://172.169.8.253:31112/function/opt-66b-submod-0-latency-25.cdgp
1704042549238004799,1704042551328322382,200,http://172.169.8.253:31112/function/opt-66b-submod-0-latency-25.cdgp
1704042549238082231,1704042558955461670,500,http://172.169.8.253:31112/function/opt-66b-submod-0-latency-25.cdgp
1704042549297563940,1704042558831480798,500,http://172.169.8.253:31112/function/opt-66b-submod-0-latency-25.cdgp
1704042549527530119,1704042559528544245,500,http://172.169.8.253:31112/function/opt-66b-submod-0-latency-25.cdgp
1704042549527628705,1704042559023485331,500,http://172.169.8.253:31112/function/opt-66b-submod-0-latency-25.cdgp
1704042549527725579,1704042554131518645,200,http://172.169.8.253:31112/function/opt-66b-submod-0-latency-25.cdgp
1704042549527795662,1704042558885906730,500,http://172.169.8.253:31112/function/opt-66b-submod-0-latency-25.cdgp
1704042549530301770,1704042554288466544,200,http://172.169.8.253:31112/function/opt-66b-submod-0-latency-25.cdgp
1704042549530402650,1704042559530786696,500,http://172.169.8.253:31112/function/opt-66b-submod-0-latency-25.cdgp
1704042549530546942,1704042558949956302,500,http://172.169.8.253:31112/function/opt-66b-submod-0-latency-25.cdgp
1704042549530628931,1704042559286814817,500,http://172.169.8.253:31112/function/opt-66b-submod-0-latency-25.cdgp
1704042549536527345,1704042559537077196,500,http://172.169.8.253:31112/function/opt-66b-submod-0-latency-25.cdgp
1704042549536605246,1704042559537075151,500,http://172.169.8.253:31112/function/opt-66b-submod-0-latency-25.cdgp
1704042549536679656,1704042559292592601,500,http://172.169.8.253:31112/function/opt-66b-submod-0-latency-25.cdgp
1704042549536745862,1704042559291608207,500,http://172.169.8.253:31112/function/opt-66b-submod-0-latency-25.cdgp
1704042549536811554,1704042554042630577,200,http://172.169.8.253:31112/function/opt-66b-submod-0-latency-25.cdgp
1704042549536873192,1704042559295471529,500,http://172.169.8.253:31112/function/opt-66b-submod-0-latency-25.cdgp
1704042549536924846,1704042559295477173,500,http://172.169.8.253:31112/function/opt-66b-submod-0-latency-25.cdgp
1704042549536980719,1704042559537229420,500,http://172.169.8.253:31112/function/opt-66b-submod-0-latency-25.cdgp
1704042549537017450,1704042555593169382,200,http://172.169.8.253:31112/function/opt-66b-submod-0-latency-25.cdgp
1704042549537078674,1704042559295268472,500,http://172.169.8.253:31112/function/opt-66b-submod-0-latency-25.cdgp
1704042549537138217,1704042559291634747,500,http://172.169.8.253:31112/function/opt-66b-submod-0-latency-25.cdgp
1704042549540822099,1704042558836549423,500,http://172.169.8.253:31112/function/opt-66b-submod-0-latency-25.cdgp
1704042549540904377,1704042554131417045,200,http://172.169.8.253:31112/function/opt-66b-submod-0-latency-25.cdgp
1704042549540987948,1704042559291699350,500,http://172.169.8.253:31112/function/opt-66b-submod-0-latency-25.cdgp
1704042549541061126,1704042559295449849,500,http://172.169.8.253:31112/function/opt-66b-submod-0-latency-25.cdgp
1704042549541122734,1704042559541309511,500,http://172.169.8.253:31112/function/opt-66b-submod-0-latency-25.cdgp
1704042549541196271,1704042559306973330,500,http://172.169.8.253:31112/function/opt-66b-submod-0-latency-25.cdgp
1704042549541282542,1704042558596082736,500,http://172.169.8.253:31112/function/opt-66b-submod-0-latency-25.cdgp
1704042549883671806,1704042559589050212,500,http://172.169.8.253:31112/function/opt-66b-submod-0-latency-25.cdgp
1704042549883784639,1704042559884502850,500,http://172.169.8.253:31112/function/opt-66b-submod-0-latency-25.cdgp
1704042549883896033,1704042559589489196,500,http://172.169.8.253:31112/function/opt-66b-submod-0-latency-25.cdgp
1704042549883965232,1704042559671674196,500,http://172.169.8.253:31112/function/opt-66b-submod-0-latency-25.cdgp
1704042549883989253,1704042554291952686,200,http://172.169.8.253:31112/function/opt-66b-submod-0-latency-25.cdgp
1704042549884073964,1704042559626458886,500,http://172.169.8.253:31112/function/opt-66b-submod-0-latency-25.cdgp
1704042549884148012,1704042559627068442,500,http://172.169.8.253:31112/function/opt-66b-submod-0-latency-25.cdgp
1704042549884204942,1704042559635552606,500,http://172.169.8.253:31112/function/opt-66b-submod-0-latency-25.cdgp
1704042549884245606,1704042559327627069,500,http://172.169.8.253:31112/function/opt-66b-submod-0-latency-25.cdgp
1704042549885314224,1704042559589750177,500,http://172.169.8.253:31112/function/opt-66b-submod-0-latency-25.cdgp
1704042549885458660,1704042558833631275,500,http://172.169.8.253:31112/function/opt-66b-submod-0-latency-25.cdgp
1704042549885548194,1704042551990251997,200,http://172.169.8.253:31112/function/opt-66b-submod-0-latency-25.cdgp
1704042549885630006,1704042554048855185,200,http://172.169.8.253:31112/function/opt-66b-submod-0-latency-25.cdgp
1704042549885738324,1704042559589058855,500,http://172.169.8.253:31112/function/opt-66b-submod-0-latency-25.cdgp
1704042549995560775,1704042559663785419,500,http://172.169.8.253:31112/function/opt-66b-submod-0-latency-25.cdgp
1704042550003993887,1704042554335232510,200,http://172.169.8.253:31112/function/opt-66b-submod-0-latency-25.cdgp
1704042550004117126,1704042554335181190,200,http://172.169.8.253:31112/function/opt-66b-submod-0-latency-25.cdgp
1704042550004208569,1704042560005723516,500,http://172.169.8.253:31112/function/opt-66b-submod-0-latency-25.cdgp
1704042550004334895,1704042560005695525,500,http://172.169.8.253:31112/function/opt-66b-submod-0-latency-25.cdgp
1704042550004405904,1704042560005699184,500,http://172.169.8.253:31112/function/opt-66b-submod-0-latency-25.cdgp
1704042550004493877,1704042559660157017,500,http://172.169.8.253:31112/function/opt-66b-submod-0-latency-25.cdgp
1704042550004586025,1704042560005494143,500,http://172.169.8.253:31112/function/opt-66b-submod-0-latency-25.cdgp
1704042550004666118,1704042559456705978,500,http://172.169.8.253:31112/function/opt-66b-submod-0-latency-25.cdgp
1704042550004674565,1704042560005697279,500,http://172.169.8.253:31112/function/opt-66b-submod-0-latency-25.cdgp
1704042550004757850,1704042559743946485,500,http://172.169.8.253:31112/function/opt-66b-submod-0-latency-25.cdgp
1704042550004855175,1704042559662596100,500,http://172.169.8.253:31112/function/opt-66b-submod-0-latency-25.cdgp
1704042550004934849,1704042560005500817,500,http://172.169.8.253:31112/function/opt-66b-submod-0-latency-25.cdgp
1704042550004996986,1704042553702599692,200,http://172.169.8.253:31112/function/opt-66b-submod-0-latency-25.cdgp
1704042550005067407,1704042554094598010,200,http://172.169.8.253:31112/function/opt-66b-submod-0-latency-25.cdgp
1704042550005153357,1704042558954700570,500,http://172.169.8.253:31112/function/opt-66b-submod-0-latency-25.cdgp
1704042550011237100,1704042558628497007,500,http://172.169.8.253:31112/function/opt-66b-submod-0-latency-25.cdgp
1704042550011355944,1704042555569235714,200,http://172.169.8.253:31112/function/opt-66b-submod-0-latency-25.cdgp
1704042550011461662,1704042559847663502,500,http://172.169.8.253:31112/function/opt-66b-submod-0-latency-25.cdgp
1704042550011553207,1704042559742830770,500,http://172.169.8.253:31112/function/opt-66b-submod-0-latency-25.cdgp
1704042550011644576,1704042559844403460,500,http://172.169.8.253:31112/function/opt-66b-submod-0-latency-25.cdgp
1704042550011697524,1704042560012757485,500,http://172.169.8.253:31112/function/opt-66b-submod-0-latency-25.cdgp
1704042550011811396,1704042559844931171,500,http://172.169.8.253:31112/function/opt-66b-submod-0-latency-25.cdgp
1704042550013591274,1704042555593317960,200,http://172.169.8.253:31112/function/opt-66b-submod-0-latency-25.cdgp
1704042550013684764,1704042558836052015,500,http://172.169.8.253:31112/function/opt-66b-submod-0-latency-25.cdgp
1704042550013756197,1704042559843805052,500,http://172.169.8.253:31112/function/opt-66b-submod-0-latency-25.cdgp
1704042550013818324,1704042555184483126,200,http://172.169.8.253:31112/function/opt-66b-submod-0-latency-25.cdgp
1704042550032211625,1704042558835860485,500,http://172.169.8.253:31112/function/opt-66b-submod-0-latency-25.cdgp
1704042550032305056,1704042560033271913,500,http://172.169.8.253:31112/function/opt-66b-submod-0-latency-25.cdgp
1704042550032419995,1704042555379473996,200,http://172.169.8.253:31112/function/opt-66b-submod-0-latency-25.cdgp
1704042550032490112,1704042559850791599,500,http://172.169.8.253:31112/function/opt-66b-submod-0-latency-25.cdgp
1704042550032558835,1704042559840863908,500,http://172.169.8.253:31112/function/opt-66b-submod-0-latency-25.cdgp
1704042550032584228,1704042559849539804,500,http://172.169.8.253:31112/function/opt-66b-submod-0-latency-25.cdgp
1704042550032689625,1704042560033290555,500,http://172.169.8.253:31112/function/opt-66b-submod-0-latency-25.cdgp
1704042550032719490,1704042559851885858,500,http://172.169.8.253:31112/function/opt-66b-submod-0-latency-25.cdgp
1704042550032785490,1704042559841960323,500,http://172.169.8.253:31112/function/opt-66b-submod-0-latency-25.cdgp
1704042550032858793,1704042559292486744,500,http://172.169.8.253:31112/function/opt-66b-submod-0-latency-25.cdgp
1704042550032914181,1704042559851389685,500,http://172.169.8.253:31112/function/opt-66b-submod-0-latency-25.cdgp
1704042550032973978,1704042559842251183,500,http://172.169.8.253:31112/function/opt-66b-submod-0-latency-25.cdgp
1704042550033064642,1704042559855120337,500,http://172.169.8.253:31112/function/opt-66b-submod-0-latency-25.cdgp
1704042550033144617,1704042554462380676,200,http://172.169.8.253:31112/function/opt-66b-submod-0-latency-25.cdgp
1704042550033213763,1704042559744647172,500,http://172.169.8.253:31112/function/opt-66b-submod-0-latency-25.cdgp
1704042550033573336,1704042558628512935,500,http://172.169.8.253:31112/function/opt-66b-submod-0-latency-25.cdgp
1704042550033641017,1704042559742937163,500,http://172.169.8.253:31112/function/opt-66b-submod-0-latency-25.cdgp
1704042550033832868,1704042559851415875,500,http://172.169.8.253:31112/function/opt-66b-submod-0-latency-25.cdgp
1704042550395200217,1704042559953260287,500,http://172.169.8.253:31112/function/opt-66b-submod-0-latency-25.cdgp
1704042550400633476,1704042560401085667,500,http://172.169.8.253:31112/function/opt-66b-submod-0-latency-25.cdgp
1704042550400812322,1704042555574887384,200,http://172.169.8.253:31112/function/opt-66b-submod-0-latency-25.cdgp
1704042550400975117,1704042559986733202,500,http://172.169.8.253:31112/function/opt-66b-submod-0-latency-25.cdgp
1704042550401146966,1704042559810623029,504,http://172.169.8.253:31112/function/opt-66b-submod-0-latency-25.cdgp
1704042550401264325,1704042559985970596,500,http://172.169.8.253:31112/function/opt-66b-submod-0-latency-25.cdgp
1704042550401389062,1704042554616584326,200,http://172.169.8.253:31112/function/opt-66b-submod-0-latency-25.cdgp
1704042550401445544,1704042553688503326,200,http://172.169.8.253:31112/function/opt-66b-submod-0-latency-25.cdgp
1704042550401533106,1704042554333717697,200,http://172.169.8.253:31112/function/opt-66b-submod-0-latency-25.cdgp
1704042550401659347,1704042560188847855,500,http://172.169.8.253:31112/function/opt-66b-submod-0-latency-25.cdgp
1704042550401781968,1704042560004085893,500,http://172.169.8.253:31112/function/opt-66b-submod-0-latency-25.cdgp
1704042550401915197,1704042559743489771,500,http://172.169.8.253:31112/function/opt-66b-submod-0-latency-25.cdgp
1704042550402038091,1704042559328488639,500,http://172.169.8.253:31112/function/opt-66b-submod-0-latency-25.cdgp
1704042550402159447,1704042560032054592,500,http://172.169.8.253:31112/function/opt-66b-submod-0-latency-25.cdgp
1704042550402199740,1704042560197289145,500,http://172.169.8.253:31112/function/opt-66b-submod-0-latency-25.cdgp
1704042550402394041,1704042559987734874,500,http://172.169.8.253:31112/function/opt-66b-submod-0-latency-25.cdgp
1704042550402553254,1704042559955701502,500,http://172.169.8.253:31112/function/opt-66b-submod-0-latency-25.cdgp
1704042550402641309,1704042555593568954,200,http://172.169.8.253:31112/function/opt-66b-submod-0-latency-25.cdgp
1704042550402758383,1704042559697013825,500,http://172.169.8.253:31112/function/opt-66b-submod-0-latency-25.cdgp
1704042550402859287,1704042554043544597,200,http://172.169.8.253:31112/function/opt-66b-submod-0-latency-25.cdgp
1704042550402951860,1704042555227827220,200,http://172.169.8.253:31112/function/opt-66b-submod-0-latency-25.cdgp
1704042550403060099,1704042559626086312,500,http://172.169.8.253:31112/function/opt-66b-submod-0-latency-25.cdgp
1704042550403120609,1704042559698602176,500,http://172.169.8.253:31112/function/opt-66b-submod-0-latency-25.cdgp
1704042550403210477,1704042559698272385,500,http://172.169.8.253:31112/function/opt-66b-submod-0-latency-25.cdgp
1704042550403379373,1704042560196120910,500,http://172.169.8.253:31112/function/opt-66b-submod-0-latency-25.cdgp
1704042550403438613,1704042560403601327,500,http://172.169.8.253:31112/function/opt-66b-submod-0-latency-25.cdgp
1704042550403552386,1704042560395038595,500,http://172.169.8.253:31112/function/opt-66b-submod-0-latency-25.cdgp
1704042550403662017,1704042555569050237,200,http://172.169.8.253:31112/function/opt-66b-submod-0-latency-25.cdgp
1704042550403803877,1704042554294753181,200,http://172.169.8.253:31112/function/opt-66b-submod-0-latency-25.cdgp
1704042550403920598,1704042560203931998,500,http://172.169.8.253:31112/function/opt-66b-submod-0-latency-25.cdgp
1704042550419892054,1704042560421986275,500,http://172.169.8.253:31112/function/opt-66b-submod-0-latency-25.cdgp
1704042550420004469,1704042559587949196,500,http://172.169.8.253:31112/function/opt-66b-submod-0-latency-25.cdgp
1704042550420129986,1704042560421683354,500,http://172.169.8.253:31112/function/opt-66b-submod-0-latency-25.cdgp
1704042550420208049,1704042560421673289,500,http://172.169.8.253:31112/function/opt-66b-submod-0-latency-25.cdgp
1704042550420300588,1704042560421784881,500,http://172.169.8.253:31112/function/opt-66b-submod-0-latency-25.cdgp
1704042550420375993,1704042554453954651,200,http://172.169.8.253:31112/function/opt-66b-submod-0-latency-25.cdgp
1704042550420470681,1704042560421123600,500,http://172.169.8.253:31112/function/opt-66b-submod-0-latency-25.cdgp
1704042550420539443,1704042555180721457,200,http://172.169.8.253:31112/function/opt-66b-submod-0-latency-25.cdgp
1704042550420628515,1704042559952245481,500,http://172.169.8.253:31112/function/opt-66b-submod-0-latency-25.cdgp
1704042550420727061,1704042560421678917,500,http://172.169.8.253:31112/function/opt-66b-submod-0-latency-25.cdgp
1704042550420801426,1704042560421142907,500,http://172.169.8.253:31112/function/opt-66b-submod-0-latency-25.cdgp
1704042550420858489,1704042557593941566,200,http://172.169.8.253:31112/function/opt-66b-submod-0-latency-25.cdgp
1704042550420970240,1704042555180531523,200,http://172.169.8.253:31112/function/opt-66b-submod-0-latency-25.cdgp
1704042550421002792,1704042560421815439,500,http://172.169.8.253:31112/function/opt-66b-submod-0-latency-25.cdgp
1704042550421079767,1704042560421813180,500,http://172.169.8.253:31112/function/opt-66b-submod-0-latency-25.cdgp
1704042550421156365,1704042559741655546,500,http://172.169.8.253:31112/function/opt-66b-submod-0-latency-25.cdgp
1704042550421227084,1704042560421837973,500,http://172.169.8.253:31112/function/opt-66b-submod-0-latency-25.cdgp
1704042550421254966,1704042560421974210,500,http://172.169.8.253:31112/function/opt-66b-submod-0-latency-25.cdgp
1704042550421338123,1704042560421987354,500,http://172.169.8.253:31112/function/opt-66b-submod-0-latency-25.cdgp
1704042550421403443,1704042559740208714,500,http://172.169.8.253:31112/function/opt-66b-submod-0-latency-25.cdgp
1704042550421464537,1704042560421996554,500,http://172.169.8.253:31112/function/opt-66b-submod-0-latency-25.cdgp
1704042550421511129,1704042557593796687,200,http://172.169.8.253:31112/function/opt-66b-submod-0-latency-25.cdgp
1704042550421587883,1704042560422213089,500,http://172.169.8.253:31112/function/opt-66b-submod-0-latency-25.cdgp
1704042550426967757,1704042559740930808,500,http://172.169.8.253:31112/function/opt-66b-submod-0-latency-25.cdgp
1704042550427053854,1704042560427550931,500,http://172.169.8.253:31112/function/opt-66b-submod-0-latency-25.cdgp
1704042550427153844,1704042560427775847,500,http://172.169.8.253:31112/function/opt-66b-submod-0-latency-25.cdgp
1704042550427235373,1704042560427557498,500,http://172.169.8.253:31112/function/opt-66b-submod-0-latency-25.cdgp
1704042550427286184,1704042560427762852,500,http://172.169.8.253:31112/function/opt-66b-submod-0-latency-25.cdgp
1704042550427349955,1704042554637242826,200,http://172.169.8.253:31112/function/opt-66b-submod-0-latency-25.cdgp
1704042550427434758,1704042559958194964,500,http://172.169.8.253:31112/function/opt-66b-submod-0-latency-25.cdgp
1704042550427479427,1704042554049114684,200,http://172.169.8.253:31112/function/opt-66b-submod-0-latency-25.cdgp
1704042550427545795,1704042560427768350,500,http://172.169.8.253:31112/function/opt-66b-submod-0-latency-25.cdgp
1704042550427606584,1704042560427932711,500,http://172.169.8.253:31112/function/opt-66b-submod-0-latency-25.cdgp
1704042550427674402,1704042560427948801,500,http://172.169.8.253:31112/function/opt-66b-submod-0-latency-25.cdgp
1704042550519360771,1704042560520773258,500,http://172.169.8.253:31112/function/opt-66b-submod-0-latency-25.cdgp
1704042550519418641,1704042560520937087,500,http://172.169.8.253:31112/function/opt-66b-submod-0-latency-25.cdgp
1704042550519509852,1704042560520972583,500,http://172.169.8.253:31112/function/opt-66b-submod-0-latency-25.cdgp
1704042550519750105,1704042560520962192,500,http://172.169.8.253:31112/function/opt-66b-submod-0-latency-25.cdgp
1704042550519775915,1704042559953164087,500,http://172.169.8.253:31112/function/opt-66b-submod-0-latency-25.cdgp
1704042550519899965,1704042560520976867,500,http://172.169.8.253:31112/function/opt-66b-submod-0-latency-25.cdgp
1704042550520005844,1704042560520985332,500,http://172.169.8.253:31112/function/opt-66b-submod-0-latency-25.cdgp
1704042550520089763,1704042560520753907,500,http://172.169.8.253:31112/function/opt-66b-submod-0-latency-25.cdgp
1704042550520157897,1704042560520951383,500,http://172.169.8.253:31112/function/opt-66b-submod-0-latency-25.cdgp
1704042550520268425,1704042554042525392,200,http://172.169.8.253:31112/function/opt-66b-submod-0-latency-25.cdgp
1704042550527451158,1704042556751436155,200,http://172.169.8.253:31112/function/opt-66b-submod-0-latency-25.cdgp
1704042550527570325,1704042556751524318,200,http://172.169.8.253:31112/function/opt-66b-submod-0-latency-25.cdgp
1704042550527653537,1704042560522412674,500,http://172.169.8.253:31112/function/opt-66b-submod-0-latency-25.cdgp
1704042550527755722,1704042560467966604,500,http://172.169.8.253:31112/function/opt-66b-submod-0-latency-25.cdgp
1704042550527837549,1704042560519216052,500,http://172.169.8.253:31112/function/opt-66b-submod-0-latency-25.cdgp
1704042550527929915,1704042560528552901,500,http://172.169.8.253:31112/function/opt-66b-submod-0-latency-25.cdgp
1704042550528031593,1704042554664472239,200,http://172.169.8.253:31112/function/opt-66b-submod-0-latency-25.cdgp
1704042550528114708,1704042560520957358,500,http://172.169.8.253:31112/function/opt-66b-submod-0-latency-25.cdgp
1704042550528185924,1704042560528549843,500,http://172.169.8.253:31112/function/opt-66b-submod-0-latency-25.cdgp
1704042550528248837,1704042560523187135,500,http://172.169.8.253:31112/function/opt-66b-submod-0-latency-25.cdgp
1704042550528326586,1704042560528710537,500,http://172.169.8.253:31112/function/opt-66b-submod-0-latency-25.cdgp
1704042550528408907,1704042554573101046,200,http://172.169.8.253:31112/function/opt-66b-submod-0-latency-25.cdgp
1704042550528491665,1704042555569889800,200,http://172.169.8.253:31112/function/opt-66b-submod-0-latency-25.cdgp
1704042550528586397,1704042560517805275,500,http://172.169.8.253:31112/function/opt-66b-submod-0-latency-25.cdgp
1704042550528680057,1704042557563052247,200,http://172.169.8.253:31112/function/opt-66b-submod-0-latency-25.cdgp
1704042550528740610,1704042555593403705,200,http://172.169.8.253:31112/function/opt-66b-submod-0-latency-25.cdgp
1704042550654985835,1704042560631497179,500,http://172.169.8.253:31112/function/opt-66b-submod-0-latency-25.cdgp
1704042550699214466,1704042555570463802,200,http://172.169.8.253:31112/function/opt-66b-submod-0-latency-25.cdgp
1704042550701412227,1704042560636028016,500,http://172.169.8.253:31112/function/opt-66b-submod-0-latency-25.cdgp
1704042550701541335,1704042559953304906,500,http://172.169.8.253:31112/function/opt-66b-submod-0-latency-25.cdgp
1704042550701659377,1704042560586956394,500,http://172.169.8.253:31112/function/opt-66b-submod-0-latency-25.cdgp
1704042550701727337,1704042560636852728,500,http://172.169.8.253:31112/function/opt-66b-submod-0-latency-25.cdgp
1704042550701785039,1704042560702899114,500,http://172.169.8.253:31112/function/opt-66b-submod-0-latency-25.cdgp
1704042550890701117,1704042554685128560,200,http://172.169.8.253:31112/function/opt-66b-submod-0-latency-25.cdgp
1704042550890795207,1704042554290537624,200,http://172.169.8.253:31112/function/opt-66b-submod-0-latency-25.cdgp
1704042550890889022,1704042557562775053,200,http://172.169.8.253:31112/function/opt-66b-submod-0-latency-25.cdgp
1704042550890951986,1704042560651381103,500,http://172.169.8.253:31112/function/opt-66b-submod-0-latency-25.cdgp
1704042550943880177,1704042560679460390,500,http://172.169.8.253:31112/function/opt-66b-submod-0-latency-25.cdgp
1704042550943935549,1704042560528888000,500,http://172.169.8.253:31112/function/opt-66b-submod-0-latency-25.cdgp
1704042550944027854,1704042554335248489,200,http://172.169.8.253:31112/function/opt-66b-submod-0-latency-25.cdgp
1704042550944102294,1704042560945126435,500,http://172.169.8.253:31112/function/opt-66b-submod-0-latency-25.cdgp
1704042550944175694,1704042560639817460,500,http://172.169.8.253:31112/function/opt-66b-submod-0-latency-25.cdgp
1704042550944215589,1704042560638470474,500,http://172.169.8.253:31112/function/opt-66b-submod-0-latency-25.cdgp
1704042550944291265,1704042557207426004,200,http://172.169.8.253:31112/function/opt-66b-submod-0-latency-25.cdgp
1704042550944363023,1704042555533200078,200,http://172.169.8.253:31112/function/opt-66b-submod-0-latency-25.cdgp
1704042550944430622,1704042560635506208,500,http://172.169.8.253:31112/function/opt-66b-submod-0-latency-25.cdgp
1704042550944448976,1704042560695492946,500,http://172.169.8.253:31112/function/opt-66b-submod-0-latency-25.cdgp
1704042550944538047,1704042560945105601,500,http://172.169.8.253:31112/function/opt-66b-submod-0-latency-25.cdgp
1704042550944681882,1704042560636943066,500,http://172.169.8.253:31112/function/opt-66b-submod-0-latency-25.cdgp
1704042551549719713,1704042560540136020,500,http://172.169.8.253:31112/function/opt-66b-submod-0-latency-25.cdgp
1704042551549821925,1704042554083386633,200,http://172.169.8.253:31112/function/opt-66b-submod-0-latency-25.cdgp
1704042551549938074,1704042560895468510,500,http://172.169.8.253:31112/function/opt-66b-submod-0-latency-25.cdgp
1704042551583526908,1704042557562886062,200,http://172.169.8.253:31112/function/opt-66b-submod-0-latency-25.cdgp
1704042551583574611,1704042555748364286,200,http://172.169.8.253:31112/function/opt-66b-submod-0-latency-25.cdgp
1704042551583667722,1704042560823344728,500,http://172.169.8.253:31112/function/opt-66b-submod-0-latency-25.cdgp
1704042551583720226,1704042561097164878,500,http://172.169.8.253:31112/function/opt-66b-submod-0-latency-25.cdgp
1704042551583789676,1704042560985844778,500,http://172.169.8.253:31112/function/opt-66b-submod-0-latency-25.cdgp
1704042551583844470,1704042560943917935,500,http://172.169.8.253:31112/function/opt-66b-submod-0-latency-25.cdgp
1704042551583916022,1704042560576168075,500,http://172.169.8.253:31112/function/opt-66b-submod-0-latency-25.cdgp
1704042551583959566,1704042554336780602,200,http://172.169.8.253:31112/function/opt-66b-submod-0-latency-25.cdgp
1704042551584039262,1704042561112764590,500,http://172.169.8.253:31112/function/opt-66b-submod-0-latency-25.cdgp
1704042551584103881,1704042560694721736,500,http://172.169.8.253:31112/function/opt-66b-submod-0-latency-25.cdgp
1704042551584207865,1704042560539611239,500,http://172.169.8.253:31112/function/opt-66b-submod-0-latency-25.cdgp
1704042551584290888,1704042561091098876,500,http://172.169.8.253:31112/function/opt-66b-submod-0-latency-25.cdgp
1704042551584358978,1704042561115594497,500,http://172.169.8.253:31112/function/opt-66b-submod-0-latency-25.cdgp
1704042551584415069,1704042554663406630,200,http://172.169.8.253:31112/function/opt-66b-submod-0-latency-25.cdgp
1704042551584488088,1704042555708825939,200,http://172.169.8.253:31112/function/opt-66b-submod-0-latency-25.cdgp
1704042551584543124,1704042561413942003,500,http://172.169.8.253:31112/function/opt-66b-submod-0-latency-25.cdgp
1704042551584605358,1704042561265586079,500,http://172.169.8.253:31112/function/opt-66b-submod-0-latency-25.cdgp
1704042551584676641,1704042561585856318,500,http://172.169.8.253:31112/function/opt-66b-submod-0-latency-25.cdgp
1704042551584714067,1704042561116233401,500,http://172.169.8.253:31112/function/opt-66b-submod-0-latency-25.cdgp
1704042551584824698,1704042561244367883,500,http://172.169.8.253:31112/function/opt-66b-submod-0-latency-25.cdgp
1704042551584905221,1704042561094753642,500,http://172.169.8.253:31112/function/opt-66b-submod-0-latency-25.cdgp
1704042551584993578,1704042555988282993,200,http://172.169.8.253:31112/function/opt-66b-submod-0-latency-25.cdgp
1704042551585054390,1704042561152616715,500,http://172.169.8.253:31112/function/opt-66b-submod-0-latency-25.cdgp
1704042551585121460,1704042560398955148,500,http://172.169.8.253:31112/function/opt-66b-submod-0-latency-25.cdgp
1704042551585159864,1704042561455499391,500,http://172.169.8.253:31112/function/opt-66b-submod-0-latency-25.cdgp
1704042551585229383,1704042561415439568,500,http://172.169.8.253:31112/function/opt-66b-submod-0-latency-25.cdgp
1704042551585325284,1704042560736354961,500,http://172.169.8.253:31112/function/opt-66b-submod-0-latency-25.cdgp
1704042551585377972,1704042557563287315,200,http://172.169.8.253:31112/function/opt-66b-submod-0-latency-25.cdgp
1704042551602463340,1704042561557244306,500,http://172.169.8.253:31112/function/opt-66b-submod-0-latency-25.cdgp
1704042551602499388,1704042561510114894,500,http://172.169.8.253:31112/function/opt-66b-submod-0-latency-25.cdgp
1704042551602581031,1704042561603805106,500,http://172.169.8.253:31112/function/opt-66b-submod-0-latency-25.cdgp
1704042551602652396,1704042556883188484,200,http://172.169.8.253:31112/function/opt-66b-submod-0-latency-25.cdgp
1704042551602712111,1704042556299202093,200,http://172.169.8.253:31112/function/opt-66b-submod-0-latency-25.cdgp
1704042551602805567,1704042556750323073,200,http://172.169.8.253:31112/function/opt-66b-submod-0-latency-25.cdgp
1704042551602905343,1704042561603804638,500,http://172.169.8.253:31112/function/opt-66b-submod-0-latency-25.cdgp
1704042551602971875,1704042560943810097,500,http://172.169.8.253:31112/function/opt-66b-submod-0-latency-25.cdgp
1704042551603003128,1704042561187863404,500,http://172.169.8.253:31112/function/opt-66b-submod-0-latency-25.cdgp
1704042551603096022,1704042561300298611,500,http://172.169.8.253:31112/function/opt-66b-submod-0-latency-25.cdgp
1704042551655793893,1704042561656774209,500,http://172.169.8.253:31112/function/opt-66b-submod-0-latency-25.cdgp
1704042551655880942,1704042560444678037,500,http://172.169.8.253:31112/function/opt-66b-submod-0-latency-25.cdgp
1704042551655983247,1704042561656688594,500,http://172.169.8.253:31112/function/opt-66b-submod-0-latency-25.cdgp
1704042551656049735,1704042561656680494,500,http://172.169.8.253:31112/function/opt-66b-submod-0-latency-25.cdgp
1704042551656115079,1704042555748346308,200,http://172.169.8.253:31112/function/opt-66b-submod-0-latency-25.cdgp
1704042551658328886,1704042561658900319,500,http://172.169.8.253:31112/function/opt-66b-submod-0-latency-25.cdgp
1704042551658415119,1704042561658850216,500,http://172.169.8.253:31112/function/opt-66b-submod-0-latency-25.cdgp
1704042551658497414,1704042560973853230,500,http://172.169.8.253:31112/function/opt-66b-submod-0-latency-25.cdgp
1704042551658581370,1704042560400977679,500,http://172.169.8.253:31112/function/opt-66b-submod-0-latency-25.cdgp
1704042551662406168,1704042557164168336,200,http://172.169.8.253:31112/function/opt-66b-submod-0-latency-25.cdgp
1704042551662492937,1704042557594973952,200,http://172.169.8.253:31112/function/opt-66b-submod-0-latency-25.cdgp
1704042551662643795,1704042561663363885,500,http://172.169.8.253:31112/function/opt-66b-submod-0-latency-25.cdgp
1704042551662711608,1704042561663411093,500,http://172.169.8.253:31112/function/opt-66b-submod-0-latency-25.cdgp
1704042551716069636,1704042561716822050,500,http://172.169.8.253:31112/function/opt-66b-submod-0-latency-25.cdgp
1704042551716139587,1704042561693660753,500,http://172.169.8.253:31112/function/opt-66b-submod-0-latency-25.cdgp
1704042551716221723,1704042561716916181,500,http://172.169.8.253:31112/function/opt-66b-submod-0-latency-25.cdgp
1704042551716436643,1704042561716809545,500,http://172.169.8.253:31112/function/opt-66b-submod-0-latency-25.cdgp
1704042551716519295,1704042561694120631,500,http://172.169.8.253:31112/function/opt-66b-submod-0-latency-25.cdgp
1704042551716591762,1704042556919481345,200,http://172.169.8.253:31112/function/opt-66b-submod-0-latency-25.cdgp
1704042551716669871,1704042557595427206,200,http://172.169.8.253:31112/function/opt-66b-submod-0-latency-25.cdgp
1704042551716753802,1704042561694369586,500,http://172.169.8.253:31112/function/opt-66b-submod-0-latency-25.cdgp
1704042551716848427,1704042557635519649,200,http://172.169.8.253:31112/function/opt-66b-submod-0-latency-25.cdgp
1704042551716907900,1704042561717075963,500,http://172.169.8.253:31112/function/opt-66b-submod-0-latency-25.cdgp
1704042551716988583,1704042557635543978,200,http://172.169.8.253:31112/function/opt-66b-submod-0-latency-25.cdgp
1704042551717067886,1704042561717231151,500,http://172.169.8.253:31112/function/opt-66b-submod-0-latency-25.cdgp
1704042551717137503,1704042561717283668,500,http://172.169.8.253:31112/function/opt-66b-submod-0-latency-25.cdgp
1704042551717226789,1704042561717386025,500,http://172.169.8.253:31112/function/opt-66b-submod-0-latency-25.cdgp
1704042551717321502,1704042561717468622,500,http://172.169.8.253:31112/function/opt-66b-submod-0-latency-25.cdgp
1704042551717417702,1704042561717546951,500,http://172.169.8.253:31112/function/opt-66b-submod-0-latency-25.cdgp
1704042551717491012,1704042561557448652,500,http://172.169.8.253:31112/function/opt-66b-submod-0-latency-25.cdgp
1704042551717565874,1704042561718121569,500,http://172.169.8.253:31112/function/opt-66b-submod-0-latency-25.cdgp
1704042551717614225,1704042561718117399,500,http://172.169.8.253:31112/function/opt-66b-submod-0-latency-25.cdgp
1704042551717664475,1704042560970630480,500,http://172.169.8.253:31112/function/opt-66b-submod-0-latency-25.cdgp
1704042551717730777,1704042561718153628,500,http://172.169.8.253:31112/function/opt-66b-submod-0-latency-25.cdgp
1704042551717788764,1704042561718140162,500,http://172.169.8.253:31112/function/opt-66b-submod-0-latency-25.cdgp
1704042551717863977,1704042561718144233,500,http://172.169.8.253:31112/function/opt-66b-submod-0-latency-25.cdgp
1704042551761145600,1704042561762318578,500,http://172.169.8.253:31112/function/opt-66b-submod-0-latency-25.cdgp
1704042551761224217,1704042561762322019,500,http://172.169.8.253:31112/function/opt-66b-submod-0-latency-25.cdgp
1704042551761319901,1704042561693510567,500,http://172.169.8.253:31112/function/opt-66b-submod-0-latency-25.cdgp
1704042551761373128,1704042561762621975,500,http://172.169.8.253:31112/function/opt-66b-submod-0-latency-25.cdgp
1704042551761450512,1704042561555394691,500,http://172.169.8.253:31112/function/opt-66b-submod-0-latency-25.cdgp
1704042551761486031,1704042561762603204,500,http://172.169.8.253:31112/function/opt-66b-submod-0-latency-25.cdgp
1704042551761570695,1704042561762455938,500,http://172.169.8.253:31112/function/opt-66b-submod-0-latency-25.cdgp
1704042551761638122,1704042561595434392,500,http://172.169.8.253:31112/function/opt-66b-submod-0-latency-25.cdgp
1704042551761733543,1704042561722910656,500,http://172.169.8.253:31112/function/opt-66b-submod-0-latency-25.cdgp
1704042551761825059,1704042561762108166,500,http://172.169.8.253:31112/function/opt-66b-submod-0-latency-25.cdgp
1704042551761901193,1704042561762615223,500,http://172.169.8.253:31112/function/opt-66b-submod-0-latency-25.cdgp
1704042551762054405,1704042561762452495,500,http://172.169.8.253:31112/function/opt-66b-submod-0-latency-25.cdgp
1704042551762129018,1704042561762628626,500,http://172.169.8.253:31112/function/opt-66b-submod-0-latency-25.cdgp
1704042551762179351,1704042561694383276,500,http://172.169.8.253:31112/function/opt-66b-submod-0-latency-25.cdgp
1704042551762267561,1704042555569491802,200,http://172.169.8.253:31112/function/opt-66b-submod-0-latency-25.cdgp
1704042551762351025,1704042561727677265,500,http://172.169.8.253:31112/function/opt-66b-submod-0-latency-25.cdgp
1704042551762445293,1704042561726688692,500,http://172.169.8.253:31112/function/opt-66b-submod-0-latency-25.cdgp
1704042551762536792,1704042561726173083,500,http://172.169.8.253:31112/function/opt-66b-submod-0-latency-25.cdgp
1704042551762631586,1704042561762937424,500,http://172.169.8.253:31112/function/opt-66b-submod-0-latency-25.cdgp
1704042551762726281,1704042561762951203,500,http://172.169.8.253:31112/function/opt-66b-submod-0-latency-25.cdgp
1704042551762809082,1704042558833369921,200,http://172.169.8.253:31112/function/opt-66b-submod-0-latency-25.cdgp
1704042551762881068,1704042561555225451,500,http://172.169.8.253:31112/function/opt-66b-submod-0-latency-25.cdgp
1704042551762956108,1704042561555550900,500,http://172.169.8.253:31112/function/opt-66b-submod-0-latency-25.cdgp
1704042551763028457,1704042561692854172,500,http://172.169.8.253:31112/function/opt-66b-submod-0-latency-25.cdgp
1704042551763094439,1704042561763396423,500,http://172.169.8.253:31112/function/opt-66b-submod-0-latency-25.cdgp
1704042551763206542,1704042561721266019,500,http://172.169.8.253:31112/function/opt-66b-submod-0-latency-25.cdgp
1704042551763293331,1704042561554898871,500,http://172.169.8.253:31112/function/opt-66b-submod-0-latency-25.cdgp
1704042551763402559,1704042561726983615,500,http://172.169.8.253:31112/function/opt-66b-submod-0-latency-25.cdgp
1704042551763463686,1704042557593330037,200,http://172.169.8.253:31112/function/opt-66b-submod-0-latency-25.cdgp
1704042551763543545,1704042560400468319,500,http://172.169.8.253:31112/function/opt-66b-submod-0-latency-25.cdgp
1704042552117349626,1704042562117845601,500,http://172.169.8.253:31112/function/opt-66b-submod-0-latency-25.cdgp
1704042552117430810,1704042561694081201,500,http://172.169.8.253:31112/function/opt-66b-submod-0-latency-25.cdgp
1704042552117617698,1704042562091808531,500,http://172.169.8.253:31112/function/opt-66b-submod-0-latency-25.cdgp
1704042552117687744,1704042558605917800,200,http://172.169.8.253:31112/function/opt-66b-submod-0-latency-25.cdgp
1704042552117758376,1704042555943722772,200,http://172.169.8.253:31112/function/opt-66b-submod-0-latency-25.cdgp
1704042552117854510,1704042561693722088,500,http://172.169.8.253:31112/function/opt-66b-submod-0-latency-25.cdgp
1704042552117879366,1704042555568939493,200,http://172.169.8.253:31112/function/opt-66b-submod-0-latency-25.cdgp
1704042552117980762,1704042562119059260,500,http://172.169.8.253:31112/function/opt-66b-submod-0-latency-25.cdgp
1704042552118016200,1704042556695970704,200,http://172.169.8.253:31112/function/opt-66b-submod-0-latency-25.cdgp
1704042552118089351,1704042561943517752,500,http://172.169.8.253:31112/function/opt-66b-submod-0-latency-25.cdgp
1704042552118162113,1704042562119056343,500,http://172.169.8.253:31112/function/opt-66b-submod-0-latency-25.cdgp
1704042552118269850,1704042558833290896,200,http://172.169.8.253:31112/function/opt-66b-submod-0-latency-25.cdgp
1704042552118333131,1704042562098544179,500,http://172.169.8.253:31112/function/opt-66b-submod-0-latency-25.cdgp
1704042552118420087,1704042561985192358,500,http://172.169.8.253:31112/function/opt-66b-submod-0-latency-25.cdgp
1704042552125252810,1704042559696490772,200,http://172.169.8.253:31112/function/opt-66b-submod-0-latency-25.cdgp
1704042552125355589,1704042562126415806,500,http://172.169.8.253:31112/function/opt-66b-submod-0-latency-25.cdgp
1704042552125443285,1704042562126942082,500,http://172.169.8.253:31112/function/opt-66b-submod-0-latency-25.cdgp
1704042552125504887,1704042562098261906,500,http://172.169.8.253:31112/function/opt-66b-submod-0-latency-25.cdgp
1704042552125577396,1704042555707057095,200,http://172.169.8.253:31112/function/opt-66b-submod-0-latency-25.cdgp
1704042552125663382,1704042562126432314,500,http://172.169.8.253:31112/function/opt-66b-submod-0-latency-25.cdgp
1704042552125692806,1704042562126417553,500,http://172.169.8.253:31112/function/opt-66b-submod-0-latency-25.cdgp
1704042552125793233,1704042562085837624,500,http://172.169.8.253:31112/function/opt-66b-submod-0-latency-25.cdgp
1704042552125831866,1704042558831118440,200,http://172.169.8.253:31112/function/opt-66b-submod-0-latency-25.cdgp
1704042552125910320,1704042562126936976,500,http://172.169.8.253:31112/function/opt-66b-submod-0-latency-25.cdgp
1704042552126013536,1704042562086159634,500,http://172.169.8.253:31112/function/opt-66b-submod-0-latency-25.cdgp
1704042552126076283,1704042562093995753,500,http://172.169.8.253:31112/function/opt-66b-submod-0-latency-25.cdgp
1704042552126141368,1704042562126770697,500,http://172.169.8.253:31112/function/opt-66b-submod-0-latency-25.cdgp
1704042552126169955,1704042562086215062,500,http://172.169.8.253:31112/function/opt-66b-submod-0-latency-25.cdgp
1704042552126217533,1704042556301418032,200,http://172.169.8.253:31112/function/opt-66b-submod-0-latency-25.cdgp
1704042552126243730,1704042562126931122,500,http://172.169.8.253:31112/function/opt-66b-submod-0-latency-25.cdgp
1704042552126313840,1704042562092151998,500,http://172.169.8.253:31112/function/opt-66b-submod-0-latency-25.cdgp
1704042552126376241,1704042562126954201,500,http://172.169.8.253:31112/function/opt-66b-submod-0-latency-25.cdgp
1704042552126430318,1704042562126878619,500,http://172.169.8.253:31112/function/opt-66b-submod-0-latency-25.cdgp
1704042552126498860,1704042559303469644,200,http://172.169.8.253:31112/function/opt-66b-submod-0-latency-25.cdgp
1704042552126577068,1704042562092892959,500,http://172.169.8.253:31112/function/opt-66b-submod-0-latency-25.cdgp
1704042552126619864,1704042562094003846,500,http://172.169.8.253:31112/function/opt-66b-submod-0-latency-25.cdgp
1704042552126700199,1704042562126908698,500,http://172.169.8.253:31112/function/opt-66b-submod-0-latency-25.cdgp
1704042552126783968,1704042559303586739,200,http://172.169.8.253:31112/function/opt-66b-submod-0-latency-25.cdgp
1704042552126846440,1704042562094083543,500,http://172.169.8.253:31112/function/opt-66b-submod-0-latency-25.cdgp
1704042552126932768,1704042562127094570,500,http://172.169.8.253:31112/function/opt-66b-submod-0-latency-25.cdgp
1704042552126982238,1704042562092891330,500,http://172.169.8.253:31112/function/opt-66b-submod-0-latency-25.cdgp
1704042552127007970,1704042562094091323,500,http://172.169.8.253:31112/function/opt-66b-submod-0-latency-25.cdgp
1704042552127085623,1704042562098258428,500,http://172.169.8.253:31112/function/opt-66b-submod-0-latency-25.cdgp
1704042552127168002,1704042562127509427,500,http://172.169.8.253:31112/function/opt-66b-submod-0-latency-25.cdgp
1704042552136782931,1704042562092914855,500,http://172.169.8.253:31112/function/opt-66b-submod-0-latency-25.cdgp
1704042552136881153,1704042562094022275,500,http://172.169.8.253:31112/function/opt-66b-submod-0-latency-25.cdgp
1704042552136950112,1704042562098153259,500,http://172.169.8.253:31112/function/opt-66b-submod-0-latency-25.cdgp
1704042552137037612,1704042562137514091,500,http://172.169.8.253:31112/function/opt-66b-submod-0-latency-25.cdgp
1704042552137103342,1704042556295603216,200,http://172.169.8.253:31112/function/opt-66b-submod-0-latency-25.cdgp
1704042552137186774,1704042562137524343,500,http://172.169.8.253:31112/function/opt-66b-submod-0-latency-25.cdgp
1704042552156821344,1704042561694384510,500,http://172.169.8.253:31112/function/opt-66b-submod-0-latency-25.cdgp
1704042552162003433,1704042562163130207,500,http://172.169.8.253:31112/function/opt-66b-submod-0-latency-25.cdgp
1704042552162098850,1704042562163041537,500,http://172.169.8.253:31112/function/opt-66b-submod-0-latency-25.cdgp
1704042552162186125,1704042562133135829,500,http://172.169.8.253:31112/function/opt-66b-submod-0-latency-25.cdgp
1704042552162248608,1704042561832094425,500,http://172.169.8.253:31112/function/opt-66b-submod-0-latency-25.cdgp
1704042552162292994,1704042555568413183,200,http://172.169.8.253:31112/function/opt-66b-submod-0-latency-25.cdgp
1704042552162393286,1704042562163062180,500,http://172.169.8.253:31112/function/opt-66b-submod-0-latency-25.cdgp
1704042552164289038,1704042562165423487,500,http://172.169.8.253:31112/function/opt-66b-submod-0-latency-25.cdgp
1704042552164371341,1704042562165414024,500,http://172.169.8.253:31112/function/opt-66b-submod-0-latency-25.cdgp
1704042552164402726,1704042556695197512,200,http://172.169.8.253:31112/function/opt-66b-submod-0-latency-25.cdgp
1704042552164498970,1704042562094592943,500,http://172.169.8.253:31112/function/opt-66b-submod-0-latency-25.cdgp
1704042552164569882,1704042558594466341,200,http://172.169.8.253:31112/function/opt-66b-submod-0-latency-25.cdgp
1704042552164608251,1704042558833304915,200,http://172.169.8.253:31112/function/opt-66b-submod-0-latency-25.cdgp
1704042552164688459,1704042559739257861,200,http://172.169.8.253:31112/function/opt-66b-submod-0-latency-25.cdgp
1704042552256122283,1704042555707101683,200,http://172.169.8.253:31112/function/opt-66b-submod-0-latency-25.cdgp
1704042552256240973,1704042562141565961,500,http://172.169.8.253:31112/function/opt-66b-submod-0-latency-25.cdgp
1704042552256340126,1704042562093867041,500,http://172.169.8.253:31112/function/opt-66b-submod-0-latency-25.cdgp
1704042552256421224,1704042562256847540,500,http://172.169.8.253:31112/function/opt-66b-submod-0-latency-25.cdgp
1704042552256484956,1704042557574860945,200,http://172.169.8.253:31112/function/opt-66b-submod-0-latency-25.cdgp
1704042552256568657,1704042556303593581,200,http://172.169.8.253:31112/function/opt-66b-submod-0-latency-25.cdgp
1704042552256602220,1704042562256852833,500,http://172.169.8.253:31112/function/opt-66b-submod-0-latency-25.cdgp
1704042552256712511,1704042562257032707,500,http://172.169.8.253:31112/function/opt-66b-submod-0-latency-25.cdgp
1704042552256799762,1704042562257032945,500,http://172.169.8.253:31112/function/opt-66b-submod-0-latency-25.cdgp
1704042552256879846,1704042555533123619,200,http://172.169.8.253:31112/function/opt-66b-submod-0-latency-25.cdgp
1704042552256975556,1704042557635605802,200,http://172.169.8.253:31112/function/opt-66b-submod-0-latency-25.cdgp
1704042552257135867,1704042562258108814,500,http://172.169.8.253:31112/function/opt-66b-submod-0-latency-25.cdgp
1704042552257210371,1704042562258099794,500,http://172.169.8.253:31112/function/opt-66b-submod-0-latency-25.cdgp
1704042552257282231,1704042562258139763,500,http://172.169.8.253:31112/function/opt-66b-submod-0-latency-25.cdgp
1704042552257351673,1704042556376659076,200,http://172.169.8.253:31112/function/opt-66b-submod-0-latency-25.cdgp
1704042552257420522,1704042562141087113,500,http://172.169.8.253:31112/function/opt-66b-submod-0-latency-25.cdgp
1704042552538803607,1704042562378233380,500,http://172.169.8.253:31112/function/opt-66b-submod-0-latency-25.cdgp
1704042552538913558,1704042562533217826,500,http://172.169.8.253:31112/function/opt-66b-submod-0-latency-25.cdgp
1704042552539042080,1704042562539886913,500,http://172.169.8.253:31112/function/opt-66b-submod-0-latency-25.cdgp
1704042552539094693,1704042562220358153,500,http://172.169.8.253:31112/function/opt-66b-submod-0-latency-25.cdgp
1704042552539174320,1704042562539669943,500,http://172.169.8.253:31112/function/opt-66b-submod-0-latency-25.cdgp
1704042552539238757,1704042562380488407,500,http://172.169.8.253:31112/function/opt-66b-submod-0-latency-25.cdgp
1704042552539275874,1704042562539659756,500,http://172.169.8.253:31112/function/opt-66b-submod-0-latency-25.cdgp
1704042552539410723,1704042562381228943,500,http://172.169.8.253:31112/function/opt-66b-submod-0-latency-25.cdgp
1704042552539439236,1704042562094789151,500,http://172.169.8.253:31112/function/opt-66b-submod-0-latency-25.cdgp
1704042552539505979,1704042562539870661,500,http://172.169.8.253:31112/function/opt-66b-submod-0-latency-25.cdgp
1704042552539589161,1704042562378698066,500,http://172.169.8.253:31112/function/opt-66b-submod-0-latency-25.cdgp
1704042552539696472,1704042562381610151,500,http://172.169.8.253:31112/function/opt-66b-submod-0-latency-25.cdgp
1704042552539724039,1704042562539874282,500,http://172.169.8.253:31112/function/opt-66b-submod-0-latency-25.cdgp
1704042552539776429,1704042562097070578,500,http://172.169.8.253:31112/function/opt-66b-submod-0-latency-25.cdgp
1704042552539820581,1704042562539957409,500,http://172.169.8.253:31112/function/opt-66b-submod-0-latency-25.cdgp
1704042552539899546,1704042557563029859,200,http://172.169.8.253:31112/function/opt-66b-submod-0-latency-25.cdgp
1704042552539987635,1704042562540833353,500,http://172.169.8.253:31112/function/opt-66b-submod-0-latency-25.cdgp
1704042552540062379,1704042560537626482,200,http://172.169.8.253:31112/function/opt-66b-submod-0-latency-25.cdgp
1704042552540098343,1704042558833447828,200,http://172.169.8.253:31112/function/opt-66b-submod-0-latency-25.cdgp
1704042552547575870,1704042562532574444,500,http://172.169.8.253:31112/function/opt-66b-submod-0-latency-25.cdgp
1704042552547652206,1704042562408910116,500,http://172.169.8.253:31112/function/opt-66b-submod-0-latency-25.cdgp
1704042552547738407,1704042562548810074,500,http://172.169.8.253:31112/function/opt-66b-submod-0-latency-25.cdgp
1704042552547809737,1704042556685374781,200,http://172.169.8.253:31112/function/opt-66b-submod-0-latency-25.cdgp
1704042552547917491,1704042556299881725,200,http://172.169.8.253:31112/function/opt-66b-submod-0-latency-25.cdgp
1704042552548028232,1704042562532698921,500,http://172.169.8.253:31112/function/opt-66b-submod-0-latency-25.cdgp
1704042552548106153,1704042562549067784,500,http://172.169.8.253:31112/function/opt-66b-submod-0-latency-25.cdgp
1704042552548224168,1704042562532854338,500,http://172.169.8.253:31112/function/opt-66b-submod-0-latency-25.cdgp
1704042552548320572,1704042562532424930,500,http://172.169.8.253:31112/function/opt-66b-submod-0-latency-25.cdgp
1704042552548401274,1704042562548684935,500,http://172.169.8.253:31112/function/opt-66b-submod-0-latency-25.cdgp
1704042552548474375,1704042562548691818,500,http://172.169.8.253:31112/function/opt-66b-submod-0-latency-25.cdgp
1704042552548556678,1704042559810197130,200,http://172.169.8.253:31112/function/opt-66b-submod-0-latency-25.cdgp
1704042552548636968,1704042562532587246,500,http://172.169.8.253:31112/function/opt-66b-submod-0-latency-25.cdgp
1704042552548708846,1704042562549084136,500,http://172.169.8.253:31112/function/opt-66b-submod-0-latency-25.cdgp
1704042552548774702,1704042562549102201,500,http://172.169.8.253:31112/function/opt-66b-submod-0-latency-25.cdgp
1704042552548803882,1704042556299529757,200,http://172.169.8.253:31112/function/opt-66b-submod-0-latency-25.cdgp
1704042552548866643,1704042556297590389,200,http://172.169.8.253:31112/function/opt-66b-submod-0-latency-25.cdgp
1704042552548914980,1704042562549135141,500,http://172.169.8.253:31112/function/opt-66b-submod-0-latency-25.cdgp
1704042552548965335,1704042562543719250,500,http://172.169.8.253:31112/function/opt-66b-submod-0-latency-25.cdgp
1704042552549039458,1704042559954379409,200,http://172.169.8.253:31112/function/opt-66b-submod-0-latency-25.cdgp
1704042552549123442,1704042562549953516,500,http://172.169.8.253:31112/function/opt-66b-submod-0-latency-25.cdgp
1704042552549179919,1704042560549826701,200,http://172.169.8.253:31112/function/opt-66b-submod-0-latency-25.cdgp
1704042552549243501,1704042562549970831,500,http://172.169.8.253:31112/function/opt-66b-submod-0-latency-25.cdgp
1704042552549336864,1704042559954427060,200,http://172.169.8.253:31112/function/opt-66b-submod-0-latency-25.cdgp
1704042552549381978,1704042562549903583,500,http://172.169.8.253:31112/function/opt-66b-submod-0-latency-25.cdgp
1704042552549492739,1704042562544138180,500,http://172.169.8.253:31112/function/opt-66b-submod-0-latency-25.cdgp
1704042552549582915,1704042562549872439,500,http://172.169.8.253:31112/function/opt-66b-submod-0-latency-25.cdgp
1704042552549687433,1704042562549882872,500,http://172.169.8.253:31112/function/opt-66b-submod-0-latency-25.cdgp
1704042552564723532,1704042556645660795,200,http://172.169.8.253:31112/function/opt-66b-submod-0-latency-25.cdgp
1704042552564807104,1704042562565418906,500,http://172.169.8.253:31112/function/opt-66b-submod-0-latency-25.cdgp
1704042552564900313,1704042562565230690,500,http://172.169.8.253:31112/function/opt-66b-submod-0-latency-25.cdgp
1704042552564924738,1704042562565435892,500,http://172.169.8.253:31112/function/opt-66b-submod-0-latency-25.cdgp
1704042552565025186,1704042562565544410,500,http://172.169.8.253:31112/function/opt-66b-submod-0-latency-25.cdgp
1704042552565093425,1704042562565214551,500,http://172.169.8.253:31112/function/opt-66b-submod-0-latency-25.cdgp
1704042552565174968,1704042562549999251,500,http://172.169.8.253:31112/function/opt-66b-submod-0-latency-25.cdgp
1704042552565210693,1704042562565561217,500,http://172.169.8.253:31112/function/opt-66b-submod-0-latency-25.cdgp
1704042552565306593,1704042560546450988,200,http://172.169.8.253:31112/function/opt-66b-submod-0-latency-25.cdgp
1704042552565394283,1704042562565617797,500,http://172.169.8.253:31112/function/opt-66b-submod-0-latency-25.cdgp
1704042552642599073,1704042562644717564,500,http://172.169.8.253:31112/function/opt-66b-submod-0-latency-25.cdgp
1704042552642646222,1704042562644142819,500,http://172.169.8.253:31112/function/opt-66b-submod-0-latency-25.cdgp
1704042552642723242,1704042562643911490,500,http://172.169.8.253:31112/function/opt-66b-submod-0-latency-25.cdgp
1704042552643365256,1704042562644142090,500,http://172.169.8.253:31112/function/opt-66b-submod-0-latency-25.cdgp
1704042552643434513,1704042562644213308,500,http://172.169.8.253:31112/function/opt-66b-submod-0-latency-25.cdgp
1704042552643474307,1704042562644138417,500,http://172.169.8.253:31112/function/opt-66b-submod-0-latency-25.cdgp
1704042552643558879,1704042562643923928,500,http://172.169.8.253:31112/function/opt-66b-submod-0-latency-25.cdgp
1704042552643622639,1704042556778194352,200,http://172.169.8.253:31112/function/opt-66b-submod-0-latency-25.cdgp
1704042552643696686,1704042557588668526,200,http://172.169.8.253:31112/function/opt-66b-submod-0-latency-25.cdgp
1704042552643735536,1704042562644410420,500,http://172.169.8.253:31112/function/opt-66b-submod-0-latency-25.cdgp
1704042552643824149,1704042562644600987,500,http://172.169.8.253:31112/function/opt-66b-submod-0-latency-25.cdgp
1704042552643888494,1704042562644610779,500,http://172.169.8.253:31112/function/opt-66b-submod-0-latency-25.cdgp
1704042552643966586,1704042562645079715,500,http://172.169.8.253:31112/function/opt-66b-submod-0-latency-25.cdgp
1704042552644025744,1704042562644740206,500,http://172.169.8.253:31112/function/opt-66b-submod-0-latency-25.cdgp
1704042552644066806,1704042562644235752,500,http://172.169.8.253:31112/function/opt-66b-submod-0-latency-25.cdgp
1704042552644223553,1704042558739647807,200,http://172.169.8.253:31112/function/opt-66b-submod-0-latency-25.cdgp
1704042552644252155,1704042562645229145,500,http://172.169.8.253:31112/function/opt-66b-submod-0-latency-25.cdgp
1704042552644337522,1704042562644911780,500,http://172.169.8.253:31112/function/opt-66b-submod-0-latency-25.cdgp
1704042552644416656,1704042562644920592,500,http://172.169.8.253:31112/function/opt-66b-submod-0-latency-25.cdgp
1704042552644483787,1704042562645274022,500,http://172.169.8.253:31112/function/opt-66b-submod-0-latency-25.cdgp
1704042552644521653,1704042562645293184,500,http://172.169.8.253:31112/function/opt-66b-submod-0-latency-25.cdgp
1704042552644602420,1704042562645079933,500,http://172.169.8.253:31112/function/opt-66b-submod-0-latency-25.cdgp
1704042552644692905,1704042556297158523,200,http://172.169.8.253:31112/function/opt-66b-submod-0-latency-25.cdgp
1704042552644761336,1704042562645377280,500,http://172.169.8.253:31112/function/opt-66b-submod-0-latency-25.cdgp
1704042552644787252,1704042562644908571,500,http://172.169.8.253:31112/function/opt-66b-submod-0-latency-25.cdgp
1704042552644845308,1704042562645411532,500,http://172.169.8.253:31112/function/opt-66b-submod-0-latency-25.cdgp
1704042552644955880,1704042562645361806,500,http://172.169.8.253:31112/function/opt-66b-submod-0-latency-25.cdgp
1704042552645034218,1704042562645230966,500,http://172.169.8.253:31112/function/opt-66b-submod-0-latency-25.cdgp
1704042552645061724,1704042562645365867,500,http://172.169.8.253:31112/function/opt-66b-submod-0-latency-25.cdgp
1704042552645150126,1704042562645454460,500,http://172.169.8.253:31112/function/opt-66b-submod-0-latency-25.cdgp
1704042552657151700,1704042562658568532,500,http://172.169.8.253:31112/function/opt-66b-submod-0-latency-25.cdgp
1704042552657228099,1704042557587116889,200,http://172.169.8.253:31112/function/opt-66b-submod-0-latency-25.cdgp
1704042552657390643,1704042562658835498,500,http://172.169.8.253:31112/function/opt-66b-submod-0-latency-25.cdgp
1704042552657457165,1704042556695543685,200,http://172.169.8.253:31112/function/opt-66b-submod-0-latency-25.cdgp
1704042552657485255,1704042562658616411,500,http://172.169.8.253:31112/function/opt-66b-submod-0-latency-25.cdgp
1704042552657593204,1704042560394861897,200,http://172.169.8.253:31112/function/opt-66b-submod-0-latency-25.cdgp
1704042552657641955,1704042562659072422,500,http://172.169.8.253:31112/function/opt-66b-submod-0-latency-25.cdgp
1704042552657745548,1704042557588221109,200,http://172.169.8.253:31112/function/opt-66b-submod-0-latency-25.cdgp
1704042552657832777,1704042562659479969,500,http://172.169.8.253:31112/function/opt-66b-submod-0-latency-25.cdgp
1704042552657930484,1704042562659213634,500,http://172.169.8.253:31112/function/opt-66b-submod-0-latency-25.cdgp
1704042552658042305,1704042562658951810,500,http://172.169.8.253:31112/function/opt-66b-submod-0-latency-25.cdgp
1704042552658110087,1704042562658927748,500,http://172.169.8.253:31112/function/opt-66b-submod-0-latency-25.cdgp
1704042552658183370,1704042562658933550,500,http://172.169.8.253:31112/function/opt-66b-submod-0-latency-25.cdgp
1704042552658227337,1704042558954974881,200,http://172.169.8.253:31112/function/opt-66b-submod-0-latency-25.cdgp
1704042552658308973,1704042562659095059,500,http://172.169.8.253:31112/function/opt-66b-submod-0-latency-25.cdgp
1704042552658383907,1704042556695564608,200,http://172.169.8.253:31112/function/opt-66b-submod-0-latency-25.cdgp
1704042552658457265,1704042562658586241,500,http://172.169.8.253:31112/function/opt-66b-submod-0-latency-25.cdgp
1704042552658497912,1704042562659593669,500,http://172.169.8.253:31112/function/opt-66b-submod-0-latency-25.cdgp
1704042552658578418,1704042562659196447,500,http://172.169.8.253:31112/function/opt-66b-submod-0-latency-25.cdgp
1704042552658651484,1704042562658924380,500,http://172.169.8.253:31112/function/opt-66b-submod-0-latency-25.cdgp
1704042552658748571,1704042562659214972,500,http://172.169.8.253:31112/function/opt-66b-submod-0-latency-25.cdgp
1704042552658823903,1704042562659074979,500,http://172.169.8.253:31112/function/opt-66b-submod-0-latency-25.cdgp
1704042552658912833,1704042562659613796,500,http://172.169.8.253:31112/function/opt-66b-submod-0-latency-25.cdgp
1704042552658998312,1704042562659666381,500,http://172.169.8.253:31112/function/opt-66b-submod-0-latency-25.cdgp
1704042552659077231,1704042562659681401,500,http://172.169.8.253:31112/function/opt-66b-submod-0-latency-25.cdgp
1704042552659151942,1704042557588322121,200,http://172.169.8.253:31112/function/opt-66b-submod-0-latency-25.cdgp
1704042552659219692,1704042562549749445,500,http://172.169.8.253:31112/function/opt-66b-submod-0-latency-25.cdgp
1704042552659283883,1704042562659503081,500,http://172.169.8.253:31112/function/opt-66b-submod-0-latency-25.cdgp
1704042552659357073,1704042562659691091,500,http://172.169.8.253:31112/function/opt-66b-submod-0-latency-25.cdgp
1704042552659432587,1704042562659609920,500,http://172.169.8.253:31112/function/opt-66b-submod-0-latency-25.cdgp
1704042552659504051,1704042562659753445,500,http://172.169.8.253:31112/function/opt-66b-submod-0-latency-25.cdgp
1704042553177811943,1704042562960747424,500,http://172.169.8.253:31112/function/opt-66b-submod-0-latency-25.cdgp
1704042553177903903,1704042562962176446,500,http://172.169.8.253:31112/function/opt-66b-submod-0-latency-25.cdgp
1704042553398954501,1704042563059604673,500,http://172.169.8.253:31112/function/opt-66b-submod-0-latency-25.cdgp
1704042553576584681,1704042560547422243,200,http://172.169.8.253:31112/function/opt-66b-submod-0-latency-25.cdgp
1704042553576673558,1704042563220308428,500,http://172.169.8.253:31112/function/opt-66b-submod-0-latency-25.cdgp
1704042553576823962,1704042563221655762,500,http://172.169.8.253:31112/function/opt-66b-submod-0-latency-25.cdgp
1704042553576925263,1704042563311801282,500,http://172.169.8.253:31112/function/opt-66b-submod-0-latency-25.cdgp
1704042553576990566,1704042563310086113,500,http://172.169.8.253:31112/function/opt-66b-submod-0-latency-25.cdgp
1704042553577059568,1704042558606876272,200,http://172.169.8.253:31112/function/opt-66b-submod-0-latency-25.cdgp
1704042553577107832,1704042563312422404,500,http://172.169.8.253:31112/function/opt-66b-submod-0-latency-25.cdgp
1704042553577182848,1704042563308873174,500,http://172.169.8.253:31112/function/opt-66b-submod-0-latency-25.cdgp
1704042553577262188,1704042558594513579,200,http://172.169.8.253:31112/function/opt-66b-submod-0-latency-25.cdgp
1704042553577311858,1704042563578502844,500,http://172.169.8.253:31112/function/opt-66b-submod-0-latency-25.cdgp
1704042553577377639,1704042563578477399,500,http://172.169.8.253:31112/function/opt-66b-submod-0-latency-25.cdgp
1704042553577401251,1704042563578514698,500,http://172.169.8.253:31112/function/opt-66b-submod-0-latency-25.cdgp
1704042553577496902,1704042563311473933,500,http://172.169.8.253:31112/function/opt-66b-submod-0-latency-25.cdgp
1704042553607830642,1704042563293987582,500,http://172.169.8.253:31112/function/opt-66b-submod-0-latency-25.cdgp
1704042553607909473,1704042563373579330,500,http://172.169.8.253:31112/function/opt-66b-submod-0-latency-25.cdgp
1704042553608017870,1704042563608970461,500,http://172.169.8.253:31112/function/opt-66b-submod-0-latency-25.cdgp
1704042553608097375,1704042563608912844,500,http://172.169.8.253:31112/function/opt-66b-submod-0-latency-25.cdgp
1704042553608144751,1704042563372790136,500,http://172.169.8.253:31112/function/opt-66b-submod-0-latency-25.cdgp
1704042553608169567,1704042563371048630,500,http://172.169.8.253:31112/function/opt-66b-submod-0-latency-25.cdgp
1704042553608196957,1704042563294596086,500,http://172.169.8.253:31112/function/opt-66b-submod-0-latency-25.cdgp
1704042553608284256,1704042560401391373,200,http://172.169.8.253:31112/function/opt-66b-submod-0-latency-25.cdgp
1704042553608341728,1704042558831757371,200,http://172.169.8.253:31112/function/opt-66b-submod-0-latency-25.cdgp
1704042553608418597,1704042561220810617,200,http://172.169.8.253:31112/function/opt-66b-submod-0-latency-25.cdgp
1704042553608449950,1704042558606663301,200,http://172.169.8.253:31112/function/opt-66b-submod-0-latency-25.cdgp
1704042553608506732,1704042557562891415,200,http://172.169.8.253:31112/function/opt-66b-submod-0-latency-25.cdgp
1704042553608556620,1704042563372032779,500,http://172.169.8.253:31112/function/opt-66b-submod-0-latency-25.cdgp
1704042553709337660,1704042563403477102,500,http://172.169.8.253:31112/function/opt-66b-submod-0-latency-25.cdgp
1704042553709407232,1704042563360420489,500,http://172.169.8.253:31112/function/opt-66b-submod-0-latency-25.cdgp
1704042553709512247,1704042563455548117,500,http://172.169.8.253:31112/function/opt-66b-submod-0-latency-25.cdgp
1704042553709576938,1704042560470520383,200,http://172.169.8.253:31112/function/opt-66b-submod-0-latency-25.cdgp
1704042553709611426,1704042563391489886,500,http://172.169.8.253:31112/function/opt-66b-submod-0-latency-25.cdgp
1704042553709682098,1704042560511287625,200,http://172.169.8.253:31112/function/opt-66b-submod-0-latency-25.cdgp
1704042553756288391,1704042563427664105,500,http://172.169.8.253:31112/function/opt-66b-submod-0-latency-25.cdgp
1704042553756401370,1704042560468267942,200,http://172.169.8.253:31112/function/opt-66b-submod-0-latency-25.cdgp
1704042553756504979,1704042563419755063,500,http://172.169.8.253:31112/function/opt-66b-submod-0-latency-25.cdgp
1704042553756572001,1704042563455345377,500,http://172.169.8.253:31112/function/opt-66b-submod-0-latency-25.cdgp
1704042553771965101,1704042557547275748,200,http://172.169.8.253:31112/function/opt-66b-submod-0-latency-25.cdgp
1704042553772050297,1704042563459414472,500,http://172.169.8.253:31112/function/opt-66b-submod-0-latency-25.cdgp
1704042553772169985,1704042563459833913,500,http://172.169.8.253:31112/function/opt-66b-submod-0-latency-25.cdgp
1704042553772236762,1704042561259367097,200,http://172.169.8.253:31112/function/opt-66b-submod-0-latency-25.cdgp
1704042553942274074,1704042561212919510,200,http://172.169.8.253:31112/function/opt-66b-submod-0-latency-25.cdgp
1704042553942351490,1704042563662866345,500,http://172.169.8.253:31112/function/opt-66b-submod-0-latency-25.cdgp
1704042553942460815,1704042558628145057,200,http://172.169.8.253:31112/function/opt-66b-submod-0-latency-25.cdgp
1704042553942509336,1704042558833440151,200,http://172.169.8.253:31112/function/opt-66b-submod-0-latency-25.cdgp
1704042553942605087,1704042558831567514,200,http://172.169.8.253:31112/function/opt-66b-submod-0-latency-25.cdgp
1704042553942664979,1704042563634169122,500,http://172.169.8.253:31112/function/opt-66b-submod-0-latency-25.cdgp
1704042553942734952,1704042560396721709,200,http://172.169.8.253:31112/function/opt-66b-submod-0-latency-25.cdgp
1704042553975232896,1704042557588879768,200,http://172.169.8.253:31112/function/opt-66b-submod-0-latency-25.cdgp
1704042553975349634,1704042563662922367,500,http://172.169.8.253:31112/function/opt-66b-submod-0-latency-25.cdgp
1704042554418466383,1704042563907705014,500,http://172.169.8.253:31112/function/opt-66b-submod-0-latency-25.cdgp
1704042554418560925,1704042563908994816,500,http://172.169.8.253:31112/function/opt-66b-submod-0-latency-25.cdgp
1704042554418655603,1704042563909803346,500,http://172.169.8.253:31112/function/opt-66b-submod-0-latency-25.cdgp
1704042554418752779,1704042563764147568,500,http://172.169.8.253:31112/function/opt-66b-submod-0-latency-25.cdgp
1704042554418813010,1704042557563455584,200,http://172.169.8.253:31112/function/opt-66b-submod-0-latency-25.cdgp
1704042554752783255,1704042564024609008,500,http://172.169.8.253:31112/function/opt-66b-submod-0-latency-25.cdgp
1704042554753019821,1704042564124425277,500,http://172.169.8.253:31112/function/opt-66b-submod-0-latency-25.cdgp
1704042554753139638,1704042561216018598,200,http://172.169.8.253:31112/function/opt-66b-submod-0-latency-25.cdgp
1704042554764962165,1704042564203502927,500,http://172.169.8.253:31112/function/opt-66b-submod-0-latency-25.cdgp
1704042554765043687,1704042564447455714,500,http://172.169.8.253:31112/function/opt-66b-submod-0-latency-25.cdgp
1704042554765115414,1704042558875538322,200,http://172.169.8.253:31112/function/opt-66b-submod-0-latency-25.cdgp
1704042554765153971,1704042564199390217,500,http://172.169.8.253:31112/function/opt-66b-submod-0-latency-25.cdgp
1704042554768413158,1704042562419621202,200,http://172.169.8.253:31112/function/opt-66b-submod-0-latency-25.cdgp
1704042554768493060,1704042564281640384,500,http://172.169.8.253:31112/function/opt-66b-submod-0-latency-25.cdgp
1704042554768609294,1704042557594167611,200,http://172.169.8.253:31112/function/opt-66b-submod-0-latency-25.cdgp
1704042554768734923,1704042564156855122,500,http://172.169.8.253:31112/function/opt-66b-submod-0-latency-25.cdgp
1704042554768857207,1704042564305005233,500,http://172.169.8.253:31112/function/opt-66b-submod-0-latency-25.cdgp
1704042554768928926,1704042564144242856,500,http://172.169.8.253:31112/function/opt-66b-submod-0-latency-25.cdgp
1704042554769006636,1704042564398574279,500,http://172.169.8.253:31112/function/opt-66b-submod-0-latency-25.cdgp
1704042554769077096,1704042561218835384,200,http://172.169.8.253:31112/function/opt-66b-submod-0-latency-25.cdgp
1704042554769138808,1704042564399860527,500,http://172.169.8.253:31112/function/opt-66b-submod-0-latency-25.cdgp
1704042554769204696,1704042564579581484,500,http://172.169.8.253:31112/function/opt-66b-submod-0-latency-25.cdgp
1704042554769298445,1704042564161469738,500,http://172.169.8.253:31112/function/opt-66b-submod-0-latency-25.cdgp
1704042554769383255,1704042564195474405,500,http://172.169.8.253:31112/function/opt-66b-submod-0-latency-25.cdgp
1704042554769491155,1704042558833289515,200,http://172.169.8.253:31112/function/opt-66b-submod-0-latency-25.cdgp
1704042554769529614,1704042560546237382,200,http://172.169.8.253:31112/function/opt-66b-submod-0-latency-25.cdgp
1704042554769631763,1704042564164018025,500,http://172.169.8.253:31112/function/opt-66b-submod-0-latency-25.cdgp
1704042554780243818,1704042564399078534,500,http://172.169.8.253:31112/function/opt-66b-submod-0-latency-25.cdgp
1704042554780325404,1704042558831771693,200,http://172.169.8.253:31112/function/opt-66b-submod-0-latency-25.cdgp
1704042554780386944,1704042564581384980,500,http://172.169.8.253:31112/function/opt-66b-submod-0-latency-25.cdgp
1704042554780424137,1704042557588503627,200,http://172.169.8.253:31112/function/opt-66b-submod-0-latency-25.cdgp
1704042554780516613,1704042564607633430,500,http://172.169.8.253:31112/function/opt-66b-submod-0-latency-25.cdgp
1704042554827157181,1704042564594142693,500,http://172.169.8.253:31112/function/opt-66b-submod-0-latency-25.cdgp
1704042554827246544,1704042564476855855,500,http://172.169.8.253:31112/function/opt-66b-submod-0-latency-25.cdgp
1704042554827370297,1704042564586905985,500,http://172.169.8.253:31112/function/opt-66b-submod-0-latency-25.cdgp
1704042554827436860,1704042564477240377,500,http://172.169.8.253:31112/function/opt-66b-submod-0-latency-25.cdgp
1704042554827521606,1704042564368058146,500,http://172.169.8.253:31112/function/opt-66b-submod-0-latency-25.cdgp
1704042554827539615,1704042562407248011,200,http://172.169.8.253:31112/function/opt-66b-submod-0-latency-25.cdgp
1704042554827615487,1704042564606110961,500,http://172.169.8.253:31112/function/opt-66b-submod-0-latency-25.cdgp
1704042554827716524,1704042562406880696,200,http://172.169.8.253:31112/function/opt-66b-submod-0-latency-25.cdgp
1704042554827750951,1704042564608064972,500,http://172.169.8.253:31112/function/opt-66b-submod-0-latency-25.cdgp
1704042554827855092,1704042564366401648,500,http://172.169.8.253:31112/function/opt-66b-submod-0-latency-25.cdgp
1704042554827911354,1704042564594601662,500,http://172.169.8.253:31112/function/opt-66b-submod-0-latency-25.cdgp
1704042554829381365,1704042564489636216,500,http://172.169.8.253:31112/function/opt-66b-submod-0-latency-25.cdgp
1704042554829424744,1704042562547327242,200,http://172.169.8.253:31112/function/opt-66b-submod-0-latency-25.cdgp
1704042554829499526,1704042564592349322,500,http://172.169.8.253:31112/function/opt-66b-submod-0-latency-25.cdgp
1704042554829592545,1704042564369781880,500,http://172.169.8.253:31112/function/opt-66b-submod-0-latency-25.cdgp
1704042554829669805,1704042561675510148,200,http://172.169.8.253:31112/function/opt-66b-submod-0-latency-25.cdgp
1704042554829734754,1704042564592338386,500,http://172.169.8.253:31112/function/opt-66b-submod-0-latency-25.cdgp
1704042554889571293,1704042564606728829,500,http://172.169.8.253:31112/function/opt-66b-submod-0-latency-25.cdgp
1704042554889801951,1704042564691456152,500,http://172.169.8.253:31112/function/opt-66b-submod-0-latency-25.cdgp
1704042554889888011,1704042564684286740,500,http://172.169.8.253:31112/function/opt-66b-submod-0-latency-25.cdgp
1704042554890007770,1704042564592975308,500,http://172.169.8.253:31112/function/opt-66b-submod-0-latency-25.cdgp
1704042554890123237,1704042558606703728,200,http://172.169.8.253:31112/function/opt-66b-submod-0-latency-25.cdgp
1704042554890188297,1704042563633676780,200,http://172.169.8.253:31112/function/opt-66b-submod-0-latency-25.cdgp
1704042554890273105,1704042562816440104,200,http://172.169.8.253:31112/function/opt-66b-submod-0-latency-25.cdgp
1704042554890345657,1704042558594270164,200,http://172.169.8.253:31112/function/opt-66b-submod-0-latency-25.cdgp
1704042554890398652,1704042564490366132,500,http://172.169.8.253:31112/function/opt-66b-submod-0-latency-25.cdgp
1704042554890588997,1704042564594976298,500,http://172.169.8.253:31112/function/opt-66b-submod-0-latency-25.cdgp
1704042554890659005,1704042558606980878,200,http://172.169.8.253:31112/function/opt-66b-submod-0-latency-25.cdgp
1704042554890780657,1704042564605391650,500,http://172.169.8.253:31112/function/opt-66b-submod-0-latency-25.cdgp
1704042554890871163,1704042562816300849,200,http://172.169.8.253:31112/function/opt-66b-submod-0-latency-25.cdgp
1704042554890902793,1704042564590480597,500,http://172.169.8.253:31112/function/opt-66b-submod-0-latency-25.cdgp
1704042554890996324,1704042564588555107,500,http://172.169.8.253:31112/function/opt-66b-submod-0-latency-25.cdgp
1704042554891110499,1704042564654366175,500,http://172.169.8.253:31112/function/opt-66b-submod-0-latency-25.cdgp
1704042554891186628,1704042564605885651,500,http://172.169.8.253:31112/function/opt-66b-submod-0-latency-25.cdgp
1704042555261210301,1704042564940513292,500,http://172.169.8.253:31112/function/opt-66b-submod-0-latency-25.cdgp
1704042555261300342,1704042558832123153,200,http://172.169.8.253:31112/function/opt-66b-submod-0-latency-25.cdgp
1704042555261440444,1704042564742069001,500,http://172.169.8.253:31112/function/opt-66b-submod-0-latency-25.cdgp
1704042555261510982,1704042562451477183,200,http://172.169.8.253:31112/function/opt-66b-submod-0-latency-25.cdgp
1704042555261562584,1704042564968210870,500,http://172.169.8.253:31112/function/opt-66b-submod-0-latency-25.cdgp
1704042555261659820,1704042564770200717,500,http://172.169.8.253:31112/function/opt-66b-submod-0-latency-25.cdgp
1704042555263465007,1704042564835946487,500,http://172.169.8.253:31112/function/opt-66b-submod-0-latency-25.cdgp
1704042555263532328,1704042563662460243,200,http://172.169.8.253:31112/function/opt-66b-submod-0-latency-25.cdgp
1704042555263559025,1704042564808755375,500,http://172.169.8.253:31112/function/opt-66b-submod-0-latency-25.cdgp
1704042555263659725,1704042558833870319,200,http://172.169.8.253:31112/function/opt-66b-submod-0-latency-25.cdgp
1704042555263716635,1704042564832777072,500,http://172.169.8.253:31112/function/opt-66b-submod-0-latency-25.cdgp
1704042555263780442,1704042562935362459,200,http://172.169.8.253:31112/function/opt-66b-submod-0-latency-25.cdgp
1704042555263838650,1704042564733846478,500,http://172.169.8.253:31112/function/opt-66b-submod-0-latency-25.cdgp
1704042555263855517,1704042564779447592,500,http://172.169.8.253:31112/function/opt-66b-submod-0-latency-25.cdgp
1704042555263941596,1704042564727842417,500,http://172.169.8.253:31112/function/opt-66b-submod-0-latency-25.cdgp
1704042555264031231,1704042565264426368,500,http://172.169.8.253:31112/function/opt-66b-submod-0-latency-25.cdgp
1704042555264089477,1704042564712618286,500,http://172.169.8.253:31112/function/opt-66b-submod-0-latency-25.cdgp
1704042555264193743,1704042558831119348,200,http://172.169.8.253:31112/function/opt-66b-submod-0-latency-25.cdgp
1704042555264262934,1704042564723929971,500,http://172.169.8.253:31112/function/opt-66b-submod-0-latency-25.cdgp
1704042555264282537,1704042564738217621,500,http://172.169.8.253:31112/function/opt-66b-submod-0-latency-25.cdgp
1704042555264360108,1704042564835363375,500,http://172.169.8.253:31112/function/opt-66b-submod-0-latency-25.cdgp
1704042555264448724,1704042563662564812,200,http://172.169.8.253:31112/function/opt-66b-submod-0-latency-25.cdgp
1704042555264555128,1704042564799206859,500,http://172.169.8.253:31112/function/opt-66b-submod-0-latency-25.cdgp
1704042555264718033,1704042564800420027,500,http://172.169.8.253:31112/function/opt-66b-submod-0-latency-25.cdgp
1704042555264805690,1704042565265528105,500,http://172.169.8.253:31112/function/opt-66b-submod-0-latency-25.cdgp
1704042555264911858,1704042564801167969,500,http://172.169.8.253:31112/function/opt-66b-submod-0-latency-25.cdgp
1704042555359021721,1704042565102017879,500,http://172.169.8.253:31112/function/opt-66b-submod-0-latency-25.cdgp
1704042555359104490,1704042563499819196,200,http://172.169.8.253:31112/function/opt-66b-submod-0-latency-25.cdgp
1704042555359197132,1704042562407825837,200,http://172.169.8.253:31112/function/opt-66b-submod-0-latency-25.cdgp
1704042555359280129,1704042565050380811,500,http://172.169.8.253:31112/function/opt-66b-submod-0-latency-25.cdgp
1704042555359347088,1704042558628402642,200,http://172.169.8.253:31112/function/opt-66b-submod-0-latency-25.cdgp
1704042555359459115,1704042564755784597,500,http://172.169.8.253:31112/function/opt-66b-submod-0-latency-25.cdgp
1704042555359882377,1704042564843605333,500,http://172.169.8.253:31112/function/opt-66b-submod-0-latency-25.cdgp
1704042555359971701,1704042565050336604,500,http://172.169.8.253:31112/function/opt-66b-submod-0-latency-25.cdgp
1704042555360114235,1704042565177396529,504,http://172.169.8.253:31112/function/opt-66b-submod-0-latency-25.cdgp
1704042555360181239,1704042565361265812,500,http://172.169.8.253:31112/function/opt-66b-submod-0-latency-25.cdgp
1704042555360885527,1704042565361244600,500,http://172.169.8.253:31112/function/opt-66b-submod-0-latency-25.cdgp
1704042555360975868,1704042564996368976,500,http://172.169.8.253:31112/function/opt-66b-submod-0-latency-25.cdgp
1704042555361061178,1704042563662315988,200,http://172.169.8.253:31112/function/opt-66b-submod-0-latency-25.cdgp
1704042555361143827,1704042565044140587,500,http://172.169.8.253:31112/function/opt-66b-submod-0-latency-25.cdgp
1704042555361242434,1704042565361363405,500,http://172.169.8.253:31112/function/opt-66b-submod-0-latency-25.cdgp
1704042555361314651,1704042564952440166,500,http://172.169.8.253:31112/function/opt-66b-submod-0-latency-25.cdgp
1704042555361402605,1704042563716371209,200,http://172.169.8.253:31112/function/opt-66b-submod-0-latency-25.cdgp
1704042555361496591,1704042560535660908,200,http://172.169.8.253:31112/function/opt-66b-submod-0-latency-25.cdgp
1704042555361587621,1704042565070005134,500,http://172.169.8.253:31112/function/opt-66b-submod-0-latency-25.cdgp
1704042555361661119,1704042565120060550,500,http://172.169.8.253:31112/function/opt-66b-submod-0-latency-25.cdgp
1704042555361758478,1704042565069123076,500,http://172.169.8.253:31112/function/opt-66b-submod-0-latency-25.cdgp
1704042555409324865,1704042565207382671,500,http://172.169.8.253:31112/function/opt-66b-submod-0-latency-25.cdgp
1704042555409412950,1704042565059388411,500,http://172.169.8.253:31112/function/opt-66b-submod-0-latency-25.cdgp
1704042555417567625,1704042565083389223,500,http://172.169.8.253:31112/function/opt-66b-submod-0-latency-25.cdgp
1704042555417656026,1704042565155434602,500,http://172.169.8.253:31112/function/opt-66b-submod-0-latency-25.cdgp
1704042555417737242,1704042565236216794,500,http://172.169.8.253:31112/function/opt-66b-submod-0-latency-25.cdgp
1704042555417814558,1704042565232471332,500,http://172.169.8.253:31112/function/opt-66b-submod-0-latency-25.cdgp
1704042555417918002,1704042565204416701,500,http://172.169.8.253:31112/function/opt-66b-submod-0-latency-25.cdgp
1704042555417942293,1704042565202651972,500,http://172.169.8.253:31112/function/opt-66b-submod-0-latency-25.cdgp
1704042555418028975,1704042565168955295,500,http://172.169.8.253:31112/function/opt-66b-submod-0-latency-25.cdgp
1704042555418103690,1704042565043413961,500,http://172.169.8.253:31112/function/opt-66b-submod-0-latency-25.cdgp
1704042555418164273,1704042565193909828,500,http://172.169.8.253:31112/function/opt-66b-submod-0-latency-25.cdgp
1704042555418191890,1704042559957355668,200,http://172.169.8.253:31112/function/opt-66b-submod-0-latency-25.cdgp
1704042555418285020,1704042565419115874,500,http://172.169.8.253:31112/function/opt-66b-submod-0-latency-25.cdgp
1704042555418345704,1704042564992135944,500,http://172.169.8.253:31112/function/opt-66b-submod-0-latency-25.cdgp
1704042555418376944,1704042565059522762,500,http://172.169.8.253:31112/function/opt-66b-submod-0-latency-25.cdgp
1704042555418454963,1704042565059529014,500,http://172.169.8.253:31112/function/opt-66b-submod-0-latency-25.cdgp
1704042555418527609,1704042560571383403,200,http://172.169.8.253:31112/function/opt-66b-submod-0-latency-25.cdgp
1704042555418605560,1704042564756158267,500,http://172.169.8.253:31112/function/opt-66b-submod-0-latency-25.cdgp
1704042555418683964,1704042565102522577,500,http://172.169.8.253:31112/function/opt-66b-submod-0-latency-25.cdgp
1704042555418755256,1704042565095658538,500,http://172.169.8.253:31112/function/opt-66b-submod-0-latency-25.cdgp
1704042555496527715,1704042565117846732,500,http://172.169.8.253:31112/function/opt-66b-submod-0-latency-25.cdgp
1704042555496620775,1704042565031345337,500,http://172.169.8.253:31112/function/opt-66b-submod-0-latency-25.cdgp
1704042555496771790,1704042565139347478,500,http://172.169.8.253:31112/function/opt-66b-submod-0-latency-25.cdgp
1704042555521760136,1704042565243361254,500,http://172.169.8.253:31112/function/opt-66b-submod-0-latency-25.cdgp
1704042555521845207,1704042563727534295,200,http://172.169.8.253:31112/function/opt-66b-submod-0-latency-25.cdgp
1704042555522001579,1704042563943964764,200,http://172.169.8.253:31112/function/opt-66b-submod-0-latency-25.cdgp
1704042555522065855,1704042559293532584,200,http://172.169.8.253:31112/function/opt-66b-submod-0-latency-25.cdgp
1704042555522100335,1704042565108471579,500,http://172.169.8.253:31112/function/opt-66b-submod-0-latency-25.cdgp
1704042555522186716,1704042565252903478,500,http://172.169.8.253:31112/function/opt-66b-submod-0-latency-25.cdgp
1704042555522227818,1704042565115494093,500,http://172.169.8.253:31112/function/opt-66b-submod-0-latency-25.cdgp
1704042556116283499,1704042563901153627,200,http://172.169.8.253:31112/function/opt-66b-submod-0-latency-25.cdgp
1704042556116457285,1704042565404775124,500,http://172.169.8.253:31112/function/opt-66b-submod-0-latency-25.cdgp
1704042556116692311,1704042565448754948,500,http://172.169.8.253:31112/function/opt-66b-submod-0-latency-25.cdgp
1704042556116806776,1704042565448911559,500,http://172.169.8.253:31112/function/opt-66b-submod-0-latency-25.cdgp
1704042556141358117,1704042565452482173,500,http://172.169.8.253:31112/function/opt-66b-submod-0-latency-25.cdgp
1704042556218986482,1704042564891326745,500,http://172.169.8.253:31112/function/opt-66b-submod-0-latency-25.cdgp
1704042556389405565,1704042565747612702,500,http://172.169.8.253:31112/function/opt-66b-submod-0-latency-25.cdgp
1704042556389506839,1704042565624683880,500,http://172.169.8.253:31112/function/opt-66b-submod-0-latency-25.cdgp
1704042556389656434,1704042565004377270,500,http://172.169.8.253:31112/function/opt-66b-submod-0-latency-25.cdgp
1704042556389721678,1704042565787528501,500,http://172.169.8.253:31112/function/opt-66b-submod-0-latency-25.cdgp
1704042556389810059,1704042563716133247,200,http://172.169.8.253:31112/function/opt-66b-submod-0-latency-25.cdgp
1704042556389910953,1704042558639792284,200,http://172.169.8.253:31112/function/opt-66b-submod-0-latency-25.cdgp
1704042556612057145,1704042563755965728,200,http://172.169.8.253:31112/function/opt-66b-submod-0-latency-25.cdgp
1704042556612154815,1704042559697002552,200,http://172.169.8.253:31112/function/opt-66b-submod-0-latency-25.cdgp
1704042556612307976,1704042565744594342,500,http://172.169.8.253:31112/function/opt-66b-submod-0-latency-25.cdgp
1704042556612374906,1704042565728548024,500,http://172.169.8.253:31112/function/opt-66b-submod-0-latency-25.cdgp
1704042556612452826,1704042566613758544,500,http://172.169.8.253:31112/function/opt-66b-submod-0-latency-25.cdgp
1704042556612530775,1704042563634048101,200,http://172.169.8.253:31112/function/opt-66b-submod-0-latency-25.cdgp
1704042556612610790,1704042565064327736,500,http://172.169.8.253:31112/function/opt-66b-submod-0-latency-25.cdgp
1704042556613073553,1704042566061200597,500,http://172.169.8.253:31112/function/opt-66b-submod-0-latency-25.cdgp
1704042556613155478,1704042566613776039,500,http://172.169.8.253:31112/function/opt-66b-submod-0-latency-25.cdgp
1704042556613215689,1704042565689057491,500,http://172.169.8.253:31112/function/opt-66b-submod-0-latency-25.cdgp
1704042556613284431,1704042565743524588,500,http://172.169.8.253:31112/function/opt-66b-submod-0-latency-25.cdgp
1704042556724686791,1704042563943684990,200,http://172.169.8.253:31112/function/opt-66b-submod-0-latency-25.cdgp
1704042556724764246,1704042565827476400,500,http://172.169.8.253:31112/function/opt-66b-submod-0-latency-25.cdgp
1704042556724845869,1704042565083466293,500,http://172.169.8.253:31112/function/opt-66b-submod-0-latency-25.cdgp
1704042556724912746,1704042565043557441,500,http://172.169.8.253:31112/function/opt-66b-submod-0-latency-25.cdgp
1704042556725005749,1704042565999442391,500,http://172.169.8.253:31112/function/opt-66b-submod-0-latency-25.cdgp
1704042556725068529,1704042563703667351,200,http://172.169.8.253:31112/function/opt-66b-submod-0-latency-25.cdgp
1704042556725135162,1704042564999891044,500,http://172.169.8.253:31112/function/opt-66b-submod-0-latency-25.cdgp
1704042556725172598,1704042563883173499,200,http://172.169.8.253:31112/function/opt-66b-submod-0-latency-25.cdgp
1704042556725257246,1704042565127479085,500,http://172.169.8.253:31112/function/opt-66b-submod-0-latency-25.cdgp
1704042556725329996,1704042566192546896,500,http://172.169.8.253:31112/function/opt-66b-submod-0-latency-25.cdgp
1704042556725420260,1704042566227500175,500,http://172.169.8.253:31112/function/opt-66b-submod-0-latency-25.cdgp
1704042556725495896,1704042565115512569,500,http://172.169.8.253:31112/function/opt-66b-submod-0-latency-25.cdgp
1704042556725584791,1704042566184970271,500,http://172.169.8.253:31112/function/opt-66b-submod-0-latency-25.cdgp
1704042556725685315,1704042565004669451,500,http://172.169.8.253:31112/function/opt-66b-submod-0-latency-25.cdgp
1704042556725791967,1704042566537183265,500,http://172.169.8.253:31112/function/opt-66b-submod-0-latency-25.cdgp
1704042556725898568,1704042565955693977,500,http://172.169.8.253:31112/function/opt-66b-submod-0-latency-25.cdgp
1704042556725999226,1704042565075493657,500,http://172.169.8.253:31112/function/opt-66b-submod-0-latency-25.cdgp
1704042556754821410,1704042566151513348,500,http://172.169.8.253:31112/function/opt-66b-submod-0-latency-25.cdgp
1704042556754975352,1704042566467259931,500,http://172.169.8.253:31112/function/opt-66b-submod-0-latency-25.cdgp
1704042556755142300,1704042560779561136,200,http://172.169.8.253:31112/function/opt-66b-submod-0-latency-25.cdgp
1704042556755208521,1704042566704916067,500,http://172.169.8.253:31112/function/opt-66b-submod-0-latency-25.cdgp
1704042556755279408,1704042566755520091,500,http://172.169.8.253:31112/function/opt-66b-submod-0-latency-25.cdgp
1704042556755318221,1704042563944234133,200,http://172.169.8.253:31112/function/opt-66b-submod-0-latency-25.cdgp
1704042556755383356,1704042566755525080,500,http://172.169.8.253:31112/function/opt-66b-submod-0-latency-25.cdgp
1704042556755422094,1704042566755679584,500,http://172.169.8.253:31112/function/opt-66b-submod-0-latency-25.cdgp
1704042556755505303,1704042566755694365,500,http://172.169.8.253:31112/function/opt-66b-submod-0-latency-25.cdgp
1704042556755596747,1704042563890726056,200,http://172.169.8.253:31112/function/opt-66b-submod-0-latency-25.cdgp
1704042556755679251,1704042563902681970,200,http://172.169.8.253:31112/function/opt-66b-submod-0-latency-25.cdgp
1704042556755740639,1704042565582977348,500,http://172.169.8.253:31112/function/opt-66b-submod-0-latency-25.cdgp
1704042556755831849,1704042566591163201,500,http://172.169.8.253:31112/function/opt-66b-submod-0-latency-25.cdgp
1704042556755882055,1704042561014634411,200,http://172.169.8.253:31112/function/opt-66b-submod-0-latency-25.cdgp
1704042556755974145,1704042566466763732,500,http://172.169.8.253:31112/function/opt-66b-submod-0-latency-25.cdgp
1704042556756063416,1704042563903415314,200,http://172.169.8.253:31112/function/opt-66b-submod-0-latency-25.cdgp
1704042556756125859,1704042565238020140,500,http://172.169.8.253:31112/function/opt-66b-submod-0-latency-25.cdgp
1704042556756189703,1704042566756936173,500,http://172.169.8.253:31112/function/opt-66b-submod-0-latency-25.cdgp
1704042556756214768,1704042566756927030,500,http://172.169.8.253:31112/function/opt-66b-submod-0-latency-25.cdgp
1704042556756311715,1704042560973739177,200,http://172.169.8.253:31112/function/opt-66b-submod-0-latency-25.cdgp
1704042556756391359,1704042566506469333,500,http://172.169.8.253:31112/function/opt-66b-submod-0-latency-25.cdgp
1704042556756460910,1704042563895389988,200,http://172.169.8.253:31112/function/opt-66b-submod-0-latency-25.cdgp
1704042556756546139,1704042566756789145,500,http://172.169.8.253:31112/function/opt-66b-submod-0-latency-25.cdgp
1704042556756616629,1704042566464540217,500,http://172.169.8.253:31112/function/opt-66b-submod-0-latency-25.cdgp
1704042556756787082,1704042561720833778,200,http://172.169.8.253:31112/function/opt-66b-submod-0-latency-25.cdgp
1704042556756875484,1704042566757085073,500,http://172.169.8.253:31112/function/opt-66b-submod-0-latency-25.cdgp
1704042556756977824,1704042566757163713,500,http://172.169.8.253:31112/function/opt-66b-submod-0-latency-25.cdgp
1704042556757074927,1704042566067248374,500,http://172.169.8.253:31112/function/opt-66b-submod-0-latency-25.cdgp
1704042556757165170,1704042560971437243,200,http://172.169.8.253:31112/function/opt-66b-submod-0-latency-25.cdgp
1704042556757230402,1704042566597575976,500,http://172.169.8.253:31112/function/opt-66b-submod-0-latency-25.cdgp
1704042556757312511,1704042566462834232,500,http://172.169.8.253:31112/function/opt-66b-submod-0-latency-25.cdgp
1704042556757391474,1704042566758628531,500,http://172.169.8.253:31112/function/opt-66b-submod-0-latency-25.cdgp
1704042556757470195,1704042566758500705,500,http://172.169.8.253:31112/function/opt-66b-submod-0-latency-25.cdgp
1704042556757554025,1704042566758636024,500,http://172.169.8.253:31112/function/opt-66b-submod-0-latency-25.cdgp
1704042556757629068,1704042563890164244,200,http://172.169.8.253:31112/function/opt-66b-submod-0-latency-25.cdgp
1704042556757687958,1704042566704666382,500,http://172.169.8.253:31112/function/opt-66b-submod-0-latency-25.cdgp
1704042556757787329,1704042566758456697,500,http://172.169.8.253:31112/function/opt-66b-submod-0-latency-25.cdgp
1704042556757895870,1704042566758756436,500,http://172.169.8.253:31112/function/opt-66b-submod-0-latency-25.cdgp
1704042556757969405,1704042566706331633,500,http://172.169.8.253:31112/function/opt-66b-submod-0-latency-25.cdgp
1704042556758006602,1704042566460752928,500,http://172.169.8.253:31112/function/opt-66b-submod-0-latency-25.cdgp
1704042556758102608,1704042566758790329,500,http://172.169.8.253:31112/function/opt-66b-submod-0-latency-25.cdgp
1704042556758175505,1704042566758777878,500,http://172.169.8.253:31112/function/opt-66b-submod-0-latency-25.cdgp
1704042556758200798,1704042566758347454,500,http://172.169.8.253:31112/function/opt-66b-submod-0-latency-25.cdgp
1704042556758260442,1704042566758642134,500,http://172.169.8.253:31112/function/opt-66b-submod-0-latency-25.cdgp
1704042556758363968,1704042566758786930,500,http://172.169.8.253:31112/function/opt-66b-submod-0-latency-25.cdgp
1704042556758441210,1704042561720651550,200,http://172.169.8.253:31112/function/opt-66b-submod-0-latency-25.cdgp
1704042556758540035,1704042566707356091,500,http://172.169.8.253:31112/function/opt-66b-submod-0-latency-25.cdgp
1704042556758694376,1704042560402378603,200,http://172.169.8.253:31112/function/opt-66b-submod-0-latency-25.cdgp
1704042556758756316,1704042566758853852,500,http://172.169.8.253:31112/function/opt-66b-submod-0-latency-25.cdgp
1704042556758843059,1704042566760326323,500,http://172.169.8.253:31112/function/opt-66b-submod-0-latency-25.cdgp
1704042556758931735,1704042566759989470,500,http://172.169.8.253:31112/function/opt-66b-submod-0-latency-25.cdgp
1704042556759011512,1704042566760209049,500,http://172.169.8.253:31112/function/opt-66b-submod-0-latency-25.cdgp
1704042556759071827,1704042566760384760,500,http://172.169.8.253:31112/function/opt-66b-submod-0-latency-25.cdgp
1704042556759150839,1704042566760227115,500,http://172.169.8.253:31112/function/opt-66b-submod-0-latency-25.cdgp
1704042556759240428,1704042566760052424,500,http://172.169.8.253:31112/function/opt-66b-submod-0-latency-25.cdgp
1704042556759317971,1704042566593496737,500,http://172.169.8.253:31112/function/opt-66b-submod-0-latency-25.cdgp
1704042556759380305,1704042566271252960,500,http://172.169.8.253:31112/function/opt-66b-submod-0-latency-25.cdgp
1704042556759458419,1704042566499614124,500,http://172.169.8.253:31112/function/opt-66b-submod-0-latency-25.cdgp
1704042556759476307,1704042565558523876,200,http://172.169.8.253:31112/function/opt-66b-submod-0-latency-25.cdgp
1704042556759533406,1704042566696656472,500,http://172.169.8.253:31112/function/opt-66b-submod-0-latency-25.cdgp
1704042556759619273,1704042566760404590,500,http://172.169.8.253:31112/function/opt-66b-submod-0-latency-25.cdgp
1704042556759686803,1704042566701007610,500,http://172.169.8.253:31112/function/opt-66b-submod-0-latency-25.cdgp
1704042556759798123,1704042566760224239,500,http://172.169.8.253:31112/function/opt-66b-submod-0-latency-25.cdgp
1704042556759867824,1704042566267297946,500,http://172.169.8.253:31112/function/opt-66b-submod-0-latency-25.cdgp
1704042556759929802,1704042566760053117,500,http://172.169.8.253:31112/function/opt-66b-submod-0-latency-25.cdgp
1704042556760004700,1704042566760334228,500,http://172.169.8.253:31112/function/opt-66b-submod-0-latency-25.cdgp
1704042556760084090,1704042560539138982,200,http://172.169.8.253:31112/function/opt-66b-submod-0-latency-25.cdgp
1704042556760179567,1704042566598225732,500,http://172.169.8.253:31112/function/opt-66b-submod-0-latency-25.cdgp
1704042556760253851,1704042566760396923,500,http://172.169.8.253:31112/function/opt-66b-submod-0-latency-25.cdgp
1704042556760333132,1704042565270407574,500,http://172.169.8.253:31112/function/opt-66b-submod-0-latency-25.cdgp
1704042556760427009,1704042560693173128,200,http://172.169.8.253:31112/function/opt-66b-submod-0-latency-25.cdgp
1704042556760502408,1704042566664112382,500,http://172.169.8.253:31112/function/opt-66b-submod-0-latency-25.cdgp
1704042556760531864,1704042561727418606,200,http://172.169.8.253:31112/function/opt-66b-submod-0-latency-25.cdgp
1704042556760612927,1704042563892800463,200,http://172.169.8.253:31112/function/opt-66b-submod-0-latency-25.cdgp
1704042556760688118,1704042566501365998,500,http://172.169.8.253:31112/function/opt-66b-submod-0-latency-25.cdgp
1704042556760752176,1704042566704674287,500,http://172.169.8.253:31112/function/opt-66b-submod-0-latency-25.cdgp
1704042556760763727,1704042566595673208,500,http://172.169.8.253:31112/function/opt-66b-submod-0-latency-25.cdgp
1704042556760830213,1704042559949403448,200,http://172.169.8.253:31112/function/opt-66b-submod-0-latency-25.cdgp
1704042556760919328,1704042566762142905,500,http://172.169.8.253:31112/function/opt-66b-submod-0-latency-25.cdgp
1704042556760996204,1704042566762125540,500,http://172.169.8.253:31112/function/opt-66b-submod-0-latency-25.cdgp
1704042556761070390,1704042566698001350,500,http://172.169.8.253:31112/function/opt-66b-submod-0-latency-25.cdgp
1704042556780803699,1704042564019438778,200,http://172.169.8.253:31112/function/opt-66b-submod-0-latency-25.cdgp
1704042556780879201,1704042566758656134,500,http://172.169.8.253:31112/function/opt-66b-submod-0-latency-25.cdgp
1704042556781055672,1704042565725473916,500,http://172.169.8.253:31112/function/opt-66b-submod-0-latency-25.cdgp
1704042556781124441,1704042566781540813,500,http://172.169.8.253:31112/function/opt-66b-submod-0-latency-25.cdgp
1704042556781147079,1704042566781553172,500,http://172.169.8.253:31112/function/opt-66b-submod-0-latency-25.cdgp
1704042556781208936,1704042560398380563,200,http://172.169.8.253:31112/function/opt-66b-submod-0-latency-25.cdgp
1704042556781301044,1704042566781553160,500,http://172.169.8.253:31112/function/opt-66b-submod-0-latency-25.cdgp
1704042556781358124,1704042566753022860,500,http://172.169.8.253:31112/function/opt-66b-submod-0-latency-25.cdgp
1704042556781389709,1704042566781650127,500,http://172.169.8.253:31112/function/opt-66b-submod-0-latency-25.cdgp
1704042556781478115,1704042560974944885,200,http://172.169.8.253:31112/function/opt-66b-submod-0-latency-25.cdgp
1704042556781574310,1704042566783375784,500,http://172.169.8.253:31112/function/opt-66b-submod-0-latency-25.cdgp
1704042556781689040,1704042566783013403,500,http://172.169.8.253:31112/function/opt-66b-submod-0-latency-25.cdgp
1704042556781749546,1704042566540905468,500,http://172.169.8.253:31112/function/opt-66b-submod-0-latency-25.cdgp
1704042556781858793,1704042566783401095,500,http://172.169.8.253:31112/function/opt-66b-submod-0-latency-25.cdgp
1704042556781892150,1704042566783360678,500,http://172.169.8.253:31112/function/opt-66b-submod-0-latency-25.cdgp
1704042556781995372,1704042566783348351,500,http://172.169.8.253:31112/function/opt-66b-submod-0-latency-25.cdgp
1704042556782079848,1704042566690876624,500,http://172.169.8.253:31112/function/opt-66b-submod-0-latency-25.cdgp
1704042556782179440,1704042566783223155,500,http://172.169.8.253:31112/function/opt-66b-submod-0-latency-25.cdgp
1704042556782266564,1704042566783000558,500,http://172.169.8.253:31112/function/opt-66b-submod-0-latency-25.cdgp
1704042556782327954,1704042566783374127,500,http://172.169.8.253:31112/function/opt-66b-submod-0-latency-25.cdgp
1704042556782410282,1704042566783231735,500,http://172.169.8.253:31112/function/opt-66b-submod-0-latency-25.cdgp
1704042556782435386,1704042566783333243,500,http://172.169.8.253:31112/function/opt-66b-submod-0-latency-25.cdgp
1704042556782534209,1704042566783364324,500,http://172.169.8.253:31112/function/opt-66b-submod-0-latency-25.cdgp
1704042556801059545,1704042566802369887,500,http://172.169.8.253:31112/function/opt-66b-submod-0-latency-25.cdgp
1704042556801129199,1704042566802606837,500,http://172.169.8.253:31112/function/opt-66b-submod-0-latency-25.cdgp
1704042556801164062,1704042566802453477,500,http://172.169.8.253:31112/function/opt-66b-submod-0-latency-25.cdgp
1704042556801225663,1704042566755346042,500,http://172.169.8.253:31112/function/opt-66b-submod-0-latency-25.cdgp
1704042556801280381,1704042566802964504,500,http://172.169.8.253:31112/function/opt-66b-submod-0-latency-25.cdgp
1704042556801382969,1704042566802649264,500,http://172.169.8.253:31112/function/opt-66b-submod-0-latency-25.cdgp
1704042556801448656,1704042566802664625,500,http://172.169.8.253:31112/function/opt-66b-submod-0-latency-25.cdgp
1704042556801476493,1704042566802601568,500,http://172.169.8.253:31112/function/opt-66b-submod-0-latency-25.cdgp
1704042556801526768,1704042566802981453,500,http://172.169.8.253:31112/function/opt-66b-submod-0-latency-25.cdgp
1704042556801620008,1704042566802453210,500,http://172.169.8.253:31112/function/opt-66b-submod-0-latency-25.cdgp
1704042556801687293,1704042566135247730,500,http://172.169.8.253:31112/function/opt-66b-submod-0-latency-25.cdgp
1704042556801732699,1704042566802760593,500,http://172.169.8.253:31112/function/opt-66b-submod-0-latency-25.cdgp
1704042556801806594,1704042566802768828,500,http://172.169.8.253:31112/function/opt-66b-submod-0-latency-25.cdgp
1704042556801833006,1704042566802451615,500,http://172.169.8.253:31112/function/opt-66b-submod-0-latency-25.cdgp
1704042556801918853,1704042566751177390,500,http://172.169.8.253:31112/function/opt-66b-submod-0-latency-25.cdgp
1704042556802003074,1704042566802366415,500,http://172.169.8.253:31112/function/opt-66b-submod-0-latency-25.cdgp
1704042556802064666,1704042566803278023,500,http://172.169.8.253:31112/function/opt-66b-submod-0-latency-25.cdgp
1704042556802132818,1704042566803257580,500,http://172.169.8.253:31112/function/opt-66b-submod-0-latency-25.cdgp
1704042556802174787,1704042566803340698,500,http://172.169.8.253:31112/function/opt-66b-submod-0-latency-25.cdgp
1704042556802261660,1704042566802969232,500,http://172.169.8.253:31112/function/opt-66b-submod-0-latency-25.cdgp
1704042556802325346,1704042566181428856,500,http://172.169.8.253:31112/function/opt-66b-submod-0-latency-25.cdgp
1704042556802365833,1704042566803414319,500,http://172.169.8.253:31112/function/opt-66b-submod-0-latency-25.cdgp
1704042556802446736,1704042566803070411,500,http://172.169.8.253:31112/function/opt-66b-submod-0-latency-25.cdgp
1704042556802473438,1704042566803268117,500,http://172.169.8.253:31112/function/opt-66b-submod-0-latency-25.cdgp
1704042556802557725,1704042566757177428,500,http://172.169.8.253:31112/function/opt-66b-submod-0-latency-25.cdgp
1704042556802662720,1704042560693716312,200,http://172.169.8.253:31112/function/opt-66b-submod-0-latency-25.cdgp
1704042556802736462,1704042566733253319,500,http://172.169.8.253:31112/function/opt-66b-submod-0-latency-25.cdgp
1704042556802802290,1704042566803438137,500,http://172.169.8.253:31112/function/opt-66b-submod-0-latency-25.cdgp
1704042556802881981,1704042566803067691,500,http://172.169.8.253:31112/function/opt-66b-submod-0-latency-25.cdgp
1704042556802941044,1704042566036096200,500,http://172.169.8.253:31112/function/opt-66b-submod-0-latency-25.cdgp
1704042556802981610,1704042566803562982,500,http://172.169.8.253:31112/function/opt-66b-submod-0-latency-25.cdgp
1704042556803063501,1704042566803426154,500,http://172.169.8.253:31112/function/opt-66b-submod-0-latency-25.cdgp
1704042557073704673,1704042567074883088,500,http://172.169.8.253:31112/function/opt-66b-submod-0-latency-25.cdgp
1704042557075368122,1704042567076586181,500,http://172.169.8.253:31112/function/opt-66b-submod-0-latency-25.cdgp
1704042557075475015,1704042567076243725,500,http://172.169.8.253:31112/function/opt-66b-submod-0-latency-25.cdgp
1704042557075570300,1704042561014106653,200,http://172.169.8.253:31112/function/opt-66b-submod-0-latency-25.cdgp
1704042557075722638,1704042567076373157,500,http://172.169.8.253:31112/function/opt-66b-submod-0-latency-25.cdgp
1704042557075797929,1704042561721218397,200,http://172.169.8.253:31112/function/opt-66b-submod-0-latency-25.cdgp
1704042557075901041,1704042567076126725,500,http://172.169.8.253:31112/function/opt-66b-submod-0-latency-25.cdgp
1704042557076000871,1704042567076255555,500,http://172.169.8.253:31112/function/opt-66b-submod-0-latency-25.cdgp
1704042557076089167,1704042567076577450,500,http://172.169.8.253:31112/function/opt-66b-submod-0-latency-25.cdgp
1704042557076138376,1704042567001379098,500,http://172.169.8.253:31112/function/opt-66b-submod-0-latency-25.cdgp
1704042557076196133,1704042567076566834,500,http://172.169.8.253:31112/function/opt-66b-submod-0-latency-25.cdgp
1704042557076233082,1704042567076568869,500,http://172.169.8.253:31112/function/opt-66b-submod-0-latency-25.cdgp
1704042557076289736,1704042567076479156,500,http://172.169.8.253:31112/function/opt-66b-submod-0-latency-25.cdgp
1704042557076339483,1704042561720413692,200,http://172.169.8.253:31112/function/opt-66b-submod-0-latency-25.cdgp
1704042557154301840,1704042567154686748,500,http://172.169.8.253:31112/function/opt-66b-submod-0-latency-25.cdgp
1704042557154394610,1704042567154695927,500,http://172.169.8.253:31112/function/opt-66b-submod-0-latency-25.cdgp
1704042557154540349,1704042567154878613,500,http://172.169.8.253:31112/function/opt-66b-submod-0-latency-25.cdgp
1704042557154650456,1704042567154889830,500,http://172.169.8.253:31112/function/opt-66b-submod-0-latency-25.cdgp
1704042557154760754,1704042567154913150,500,http://172.169.8.253:31112/function/opt-66b-submod-0-latency-25.cdgp
1704042557154878747,1704042563894909223,200,http://172.169.8.253:31112/function/opt-66b-submod-0-latency-25.cdgp
1704042557154973518,1704042567155855008,500,http://172.169.8.253:31112/function/opt-66b-submod-0-latency-25.cdgp
1704042557683759103,1704042567384087966,504,http://172.169.8.253:31112/function/opt-66b-submod-0-latency-25.cdgp
1704042557684184182,1704042567400744663,500,http://172.169.8.253:31112/function/opt-66b-submod-0-latency-25.cdgp
1704042557684294671,1704042567389473846,500,http://172.169.8.253:31112/function/opt-66b-submod-0-latency-25.cdgp
1704042557684407810,1704042567409100933,500,http://172.169.8.253:31112/function/opt-66b-submod-0-latency-25.cdgp
1704042557684520971,1704042567390969472,500,http://172.169.8.253:31112/function/opt-66b-submod-0-latency-25.cdgp
1704042557684593820,1704042567685414663,500,http://172.169.8.253:31112/function/opt-66b-submod-0-latency-25.cdgp
1704042557684685178,1704042567396697449,500,http://172.169.8.253:31112/function/opt-66b-submod-0-latency-25.cdgp
1704042557684766203,1704042567406321956,500,http://172.169.8.253:31112/function/opt-66b-submod-0-latency-25.cdgp
1704042557684854425,1704042560972633579,200,http://172.169.8.253:31112/function/opt-66b-submod-0-latency-25.cdgp
1704042557684928975,1704042567685411759,500,http://172.169.8.253:31112/function/opt-66b-submod-0-latency-25.cdgp
1704042557685035765,1704042567394466481,500,http://172.169.8.253:31112/function/opt-66b-submod-0-latency-25.cdgp
1704042557685121402,1704042567404800928,500,http://172.169.8.253:31112/function/opt-66b-submod-0-latency-25.cdgp
1704042557685204923,1704042567409881747,500,http://172.169.8.253:31112/function/opt-66b-submod-0-latency-25.cdgp
1704042557685264920,1704042567397714530,500,http://172.169.8.253:31112/function/opt-66b-submod-0-latency-25.cdgp
1704042557685349510,1704042567393593659,500,http://172.169.8.253:31112/function/opt-66b-submod-0-latency-25.cdgp
1704042557685427645,1704042567399636734,500,http://172.169.8.253:31112/function/opt-66b-submod-0-latency-25.cdgp
1704042557685488627,1704042567400421480,500,http://172.169.8.253:31112/function/opt-66b-submod-0-latency-25.cdgp
1704042557685523102,1704042567408285564,500,http://172.169.8.253:31112/function/opt-66b-submod-0-latency-25.cdgp
1704042557685582249,1704042567430234266,500,http://172.169.8.253:31112/function/opt-66b-submod-0-latency-25.cdgp
1704042557685641309,1704042567424622986,500,http://172.169.8.253:31112/function/opt-66b-submod-0-latency-25.cdgp
1704042557765078705,1704042567508049031,500,http://172.169.8.253:31112/function/opt-66b-submod-0-latency-25.cdgp
1704042557765176035,1704042567636877635,500,http://172.169.8.253:31112/function/opt-66b-submod-0-latency-25.cdgp
1704042557765265000,1704042561721005164,200,http://172.169.8.253:31112/function/opt-66b-submod-0-latency-25.cdgp
1704042557765334473,1704042567507524380,500,http://172.169.8.253:31112/function/opt-66b-submod-0-latency-25.cdgp
1704042557765392084,1704042567653854173,500,http://172.169.8.253:31112/function/opt-66b-submod-0-latency-25.cdgp
1704042557765450428,1704042567502339527,500,http://172.169.8.253:31112/function/opt-66b-submod-0-latency-25.cdgp
1704042557766454444,1704042562408556575,200,http://172.169.8.253:31112/function/opt-66b-submod-0-latency-25.cdgp
1704042557766569267,1704042567651381272,500,http://172.169.8.253:31112/function/opt-66b-submod-0-latency-25.cdgp
1704042557767608605,1704042567504634872,500,http://172.169.8.253:31112/function/opt-66b-submod-0-latency-25.cdgp
1704042557767719892,1704042567535856865,500,http://172.169.8.253:31112/function/opt-66b-submod-0-latency-25.cdgp
1704042557768244390,1704042567507030996,500,http://172.169.8.253:31112/function/opt-66b-submod-0-latency-25.cdgp
1704042557768336038,1704042567537545007,500,http://172.169.8.253:31112/function/opt-66b-submod-0-latency-25.cdgp
1704042557768410389,1704042567503993074,500,http://172.169.8.253:31112/function/opt-66b-submod-0-latency-25.cdgp
1704042557768474001,1704042561832026748,200,http://172.169.8.253:31112/function/opt-66b-submod-0-latency-25.cdgp
1704042557768551157,1704042567649540336,500,http://172.169.8.253:31112/function/opt-66b-submod-0-latency-25.cdgp
1704042557768615711,1704042567533457302,500,http://172.169.8.253:31112/function/opt-66b-submod-0-latency-25.cdgp
1704042557768716368,1704042567643491034,500,http://172.169.8.253:31112/function/opt-66b-submod-0-latency-25.cdgp
1704042557768780046,1704042567646032343,500,http://172.169.8.253:31112/function/opt-66b-submod-0-latency-25.cdgp
1704042557768856828,1704042567649781327,500,http://172.169.8.253:31112/function/opt-66b-submod-0-latency-25.cdgp
1704042557769565049,1704042567646675633,500,http://172.169.8.253:31112/function/opt-66b-submod-0-latency-25.cdgp
1704042557769633064,1704042567648430341,500,http://172.169.8.253:31112/function/opt-66b-submod-0-latency-25.cdgp
1704042557769725280,1704042567649052911,500,http://172.169.8.253:31112/function/opt-66b-submod-0-latency-25.cdgp
1704042557769812010,1704042561694367692,200,http://172.169.8.253:31112/function/opt-66b-submod-0-latency-25.cdgp
1704042557769842353,1704042567537153098,500,http://172.169.8.253:31112/function/opt-66b-submod-0-latency-25.cdgp
1704042557825066733,1704042567826275040,500,http://172.169.8.253:31112/function/opt-66b-submod-0-latency-25.cdgp
1704042557825152959,1704042567569367956,500,http://172.169.8.253:31112/function/opt-66b-submod-0-latency-25.cdgp
1704042557825235741,1704042567826277715,500,http://172.169.8.253:31112/function/opt-66b-submod-0-latency-25.cdgp
1704042557825300460,1704042567826262198,500,http://172.169.8.253:31112/function/opt-66b-submod-0-latency-25.cdgp
1704042557825371293,1704042561832119870,200,http://172.169.8.253:31112/function/opt-66b-submod-0-latency-25.cdgp
1704042557825400174,1704042567566668504,500,http://172.169.8.253:31112/function/opt-66b-submod-0-latency-25.cdgp
1704042557825502892,1704042567570630476,500,http://172.169.8.253:31112/function/opt-66b-submod-0-latency-25.cdgp
1704042557825620016,1704042567570549953,500,http://172.169.8.253:31112/function/opt-66b-submod-0-latency-25.cdgp
1704042557825686995,1704042567826258199,500,http://172.169.8.253:31112/function/opt-66b-submod-0-latency-25.cdgp
1704042557825714626,1704042567564286818,500,http://172.169.8.253:31112/function/opt-66b-submod-0-latency-25.cdgp
1704042557825805214,1704042567566155624,500,http://172.169.8.253:31112/function/opt-66b-submod-0-latency-25.cdgp
1704042557935402304,1704042567937439456,500,http://172.169.8.253:31112/function/opt-66b-submod-0-latency-25.cdgp
1704042557935465388,1704042567936868243,500,http://172.169.8.253:31112/function/opt-66b-submod-0-latency-25.cdgp
1704042557935570673,1704042567937298501,500,http://172.169.8.253:31112/function/opt-66b-submod-0-latency-25.cdgp
1704042557935640421,1704042567937052612,500,http://172.169.8.253:31112/function/opt-66b-submod-0-latency-25.cdgp
1704042557935733037,1704042567936858304,500,http://172.169.8.253:31112/function/opt-66b-submod-0-latency-25.cdgp
1704042557935811803,1704042567937200722,500,http://172.169.8.253:31112/function/opt-66b-submod-0-latency-25.cdgp
1704042557935911328,1704042567937446185,500,http://172.169.8.253:31112/function/opt-66b-submod-0-latency-25.cdgp
1704042557936006846,1704042567933666815,500,http://172.169.8.253:31112/function/opt-66b-submod-0-latency-25.cdgp
1704042557936069757,1704042567937063464,500,http://172.169.8.253:31112/function/opt-66b-submod-0-latency-25.cdgp
1704042557936106641,1704042567936835967,500,http://172.169.8.253:31112/function/opt-66b-submod-0-latency-25.cdgp
1704042557936179663,1704042567933310937,500,http://172.169.8.253:31112/function/opt-66b-submod-0-latency-25.cdgp
1704042557936248486,1704042567937421353,500,http://172.169.8.253:31112/function/opt-66b-submod-0-latency-25.cdgp
1704042557936339014,1704042562816553186,200,http://172.169.8.253:31112/function/opt-66b-submod-0-latency-25.cdgp
1704042557936407371,1704042567937430072,500,http://172.169.8.253:31112/function/opt-66b-submod-0-latency-25.cdgp
1704042557936447249,1704042567937407735,500,http://172.169.8.253:31112/function/opt-66b-submod-0-latency-25.cdgp
1704042557936544164,1704042567937306591,500,http://172.169.8.253:31112/function/opt-66b-submod-0-latency-25.cdgp
1704042557936616164,1704042561721374114,200,http://172.169.8.253:31112/function/opt-66b-submod-0-latency-25.cdgp
1704042557937184828,1704042567937549529,500,http://172.169.8.253:31112/function/opt-66b-submod-0-latency-25.cdgp
1704042557937283678,1704042567937605023,500,http://172.169.8.253:31112/function/opt-66b-submod-0-latency-25.cdgp
1704042557937380691,1704042567937616030,500,http://172.169.8.253:31112/function/opt-66b-submod-0-latency-25.cdgp
1704042557938968780,1704042567940713630,500,http://172.169.8.253:31112/function/opt-66b-submod-0-latency-25.cdgp
1704042557939059494,1704042567940574145,500,http://172.169.8.253:31112/function/opt-66b-submod-0-latency-25.cdgp
1704042557939146514,1704042567940579417,500,http://172.169.8.253:31112/function/opt-66b-submod-0-latency-25.cdgp
1704042557939237731,1704042567940204263,500,http://172.169.8.253:31112/function/opt-66b-submod-0-latency-25.cdgp
1704042557939350769,1704042561726848671,200,http://172.169.8.253:31112/function/opt-66b-submod-0-latency-25.cdgp
1704042557939435582,1704042567940475235,500,http://172.169.8.253:31112/function/opt-66b-submod-0-latency-25.cdgp
1704042557939532898,1704042567940468236,500,http://172.169.8.253:31112/function/opt-66b-submod-0-latency-25.cdgp
1704042557939623550,1704042561692842803,200,http://172.169.8.253:31112/function/opt-66b-submod-0-latency-25.cdgp
1704042557939692165,1704042567928912370,500,http://172.169.8.253:31112/function/opt-66b-submod-0-latency-25.cdgp
1704042557939773206,1704042562419247733,200,http://172.169.8.253:31112/function/opt-66b-submod-0-latency-25.cdgp
1704042557939854316,1704042567940688721,500,http://172.169.8.253:31112/function/opt-66b-submod-0-latency-25.cdgp
1704042557939930621,1704042567940964529,500,http://172.169.8.253:31112/function/opt-66b-submod-0-latency-25.cdgp
1704042557939999491,1704042567940227438,500,http://172.169.8.253:31112/function/opt-66b-submod-0-latency-25.cdgp
1704042557940100046,1704042567940706413,500,http://172.169.8.253:31112/function/opt-66b-submod-0-latency-25.cdgp
1704042557940131650,1704042567934111539,500,http://172.169.8.253:31112/function/opt-66b-submod-0-latency-25.cdgp
1704042557940219609,1704042567940455760,500,http://172.169.8.253:31112/function/opt-66b-submod-0-latency-25.cdgp
1704042557940299850,1704042567941026189,500,http://172.169.8.253:31112/function/opt-66b-submod-0-latency-25.cdgp
1704042557940344004,1704042567940903713,500,http://172.169.8.253:31112/function/opt-66b-submod-0-latency-25.cdgp
1704042557940456447,1704042567940900792,500,http://172.169.8.253:31112/function/opt-66b-submod-0-latency-25.cdgp
1704042557940524743,1704042567940971457,500,http://172.169.8.253:31112/function/opt-66b-submod-0-latency-25.cdgp
1704042557940558622,1704042567940909183,500,http://172.169.8.253:31112/function/opt-66b-submod-0-latency-25.cdgp
1704042557940647884,1704042567941052196,500,http://172.169.8.253:31112/function/opt-66b-submod-0-latency-25.cdgp
1704042557940731784,1704042567941579904,500,http://172.169.8.253:31112/function/opt-66b-submod-0-latency-25.cdgp
1704042557940804859,1704042567941757853,500,http://172.169.8.253:31112/function/opt-66b-submod-0-latency-25.cdgp
1704042557940866362,1704042567941746557,500,http://172.169.8.253:31112/function/opt-66b-submod-0-latency-25.cdgp
1704042557940887571,1704042567941604330,500,http://172.169.8.253:31112/function/opt-66b-submod-0-latency-25.cdgp
1704042557940970003,1704042567941861656,500,http://172.169.8.253:31112/function/opt-66b-submod-0-latency-25.cdgp
1704042557941046854,1704042567941589497,500,http://172.169.8.253:31112/function/opt-66b-submod-0-latency-25.cdgp
1704042557941074089,1704042567941606686,500,http://172.169.8.253:31112/function/opt-66b-submod-0-latency-25.cdgp
1704042557941177143,1704042567941355430,500,http://172.169.8.253:31112/function/opt-66b-submod-0-latency-25.cdgp
1704042557941262108,1704042567941750738,500,http://172.169.8.253:31112/function/opt-66b-submod-0-latency-25.cdgp
1704042557941364726,1704042567942056696,500,http://172.169.8.253:31112/function/opt-66b-submod-0-latency-25.cdgp
1704042557941418813,1704042567942060360,500,http://172.169.8.253:31112/function/opt-66b-submod-0-latency-25.cdgp
1704042557941482622,1704042567942067772,500,http://172.169.8.253:31112/function/opt-66b-submod-0-latency-25.cdgp
1704042557941563670,1704042567911649665,500,http://172.169.8.253:31112/function/opt-66b-submod-0-latency-25.cdgp
1704042557941643153,1704042567941951320,500,http://172.169.8.253:31112/function/opt-66b-submod-0-latency-25.cdgp
1704042557941714115,1704042567942074322,500,http://172.169.8.253:31112/function/opt-66b-submod-0-latency-25.cdgp
1704042557941807919,1704042567941964843,500,http://172.169.8.253:31112/function/opt-66b-submod-0-latency-25.cdgp
1704042557941879936,1704042562935537703,200,http://172.169.8.253:31112/function/opt-66b-submod-0-latency-25.cdgp
1704042557964388163,1704042562407841416,200,http://172.169.8.253:31112/function/opt-66b-submod-0-latency-25.cdgp
1704042557964499989,1704042567965781987,500,http://172.169.8.253:31112/function/opt-66b-submod-0-latency-25.cdgp
1704042557964604372,1704042567965782075,500,http://172.169.8.253:31112/function/opt-66b-submod-0-latency-25.cdgp
1704042557964675541,1704042562408047574,200,http://172.169.8.253:31112/function/opt-66b-submod-0-latency-25.cdgp
1704042557964788558,1704042567965933030,500,http://172.169.8.253:31112/function/opt-66b-submod-0-latency-25.cdgp
1704042557966088546,1704042567966979989,500,http://172.169.8.253:31112/function/opt-66b-submod-0-latency-25.cdgp
1704042557966179303,1704042567966995771,500,http://172.169.8.253:31112/function/opt-66b-submod-0-latency-25.cdgp
1704042557966258432,1704042567966983792,500,http://172.169.8.253:31112/function/opt-66b-submod-0-latency-25.cdgp
1704042557966320851,1704042563081376129,200,http://172.169.8.253:31112/function/opt-66b-submod-0-latency-25.cdgp
1704042558013845039,1704042568015515232,500,http://172.169.8.253:31112/function/opt-66b-submod-0-latency-25.cdgp
1704042558013930448,1704042568015484612,500,http://172.169.8.253:31112/function/opt-66b-submod-0-latency-25.cdgp
1704042558014043858,1704042568015469200,500,http://172.169.8.253:31112/function/opt-66b-submod-0-latency-25.cdgp
1704042558014115223,1704042568015733542,500,http://172.169.8.253:31112/function/opt-66b-submod-0-latency-25.cdgp
1704042558014176054,1704042568015943317,500,http://172.169.8.253:31112/function/opt-66b-submod-0-latency-25.cdgp
1704042558014253906,1704042562407663757,200,http://172.169.8.253:31112/function/opt-66b-submod-0-latency-25.cdgp
1704042558014320038,1704042568015678606,500,http://172.169.8.253:31112/function/opt-66b-submod-0-latency-25.cdgp
1704042558014388823,1704042568016451774,500,http://172.169.8.253:31112/function/opt-66b-submod-0-latency-25.cdgp
1704042558014464214,1704042568015671899,500,http://172.169.8.253:31112/function/opt-66b-submod-0-latency-25.cdgp
1704042558014523485,1704042568016442422,500,http://172.169.8.253:31112/function/opt-66b-submod-0-latency-25.cdgp
1704042558014594071,1704042568016454010,500,http://172.169.8.253:31112/function/opt-66b-submod-0-latency-25.cdgp
1704042558014675980,1704042568016461797,500,http://172.169.8.253:31112/function/opt-66b-submod-0-latency-25.cdgp
1704042558014756372,1704042568016457297,500,http://172.169.8.253:31112/function/opt-66b-submod-0-latency-25.cdgp
1704042558014822518,1704042568015153437,500,http://172.169.8.253:31112/function/opt-66b-submod-0-latency-25.cdgp
1704042558014845766,1704042568016144638,500,http://172.169.8.253:31112/function/opt-66b-submod-0-latency-25.cdgp
1704042558014930095,1704042568015746632,500,http://172.169.8.253:31112/function/opt-66b-submod-0-latency-25.cdgp
1704042558015026690,1704042568016141491,500,http://172.169.8.253:31112/function/opt-66b-submod-0-latency-25.cdgp
1704042558015068156,1704042562094623197,200,http://172.169.8.253:31112/function/opt-66b-submod-0-latency-25.cdgp
1704042558015125242,1704042568016370806,500,http://172.169.8.253:31112/function/opt-66b-submod-0-latency-25.cdgp
1704042558015163040,1704042568016465472,500,http://172.169.8.253:31112/function/opt-66b-submod-0-latency-25.cdgp
1704042558015223500,1704042568016447938,500,http://172.169.8.253:31112/function/opt-66b-submod-0-latency-25.cdgp
1704042558015335300,1704042568016468548,500,http://172.169.8.253:31112/function/opt-66b-submod-0-latency-25.cdgp
1704042558015427592,1704042568016280349,500,http://172.169.8.253:31112/function/opt-66b-submod-0-latency-25.cdgp
1704042558015503421,1704042563500944307,200,http://172.169.8.253:31112/function/opt-66b-submod-0-latency-25.cdgp
1704042558015580306,1704042568016470914,500,http://172.169.8.253:31112/function/opt-66b-submod-0-latency-25.cdgp
1704042558015672560,1704042568016378649,500,http://172.169.8.253:31112/function/opt-66b-submod-0-latency-25.cdgp
1704042558015736256,1704042568016425442,500,http://172.169.8.253:31112/function/opt-66b-submod-0-latency-25.cdgp
1704042558015767016,1704042568016437111,500,http://172.169.8.253:31112/function/opt-66b-submod-0-latency-25.cdgp
1704042558015864113,1704042563369921653,200,http://172.169.8.253:31112/function/opt-66b-submod-0-latency-25.cdgp
1704042558015937660,1704042563884241809,200,http://172.169.8.253:31112/function/opt-66b-submod-0-latency-25.cdgp
1704042558035464210,1704042568037118561,500,http://172.169.8.253:31112/function/opt-66b-submod-0-latency-25.cdgp
1704042558035550089,1704042568036726784,500,http://172.169.8.253:31112/function/opt-66b-submod-0-latency-25.cdgp
1704042558035618524,1704042568036873134,500,http://172.169.8.253:31112/function/opt-66b-submod-0-latency-25.cdgp
1704042558035696491,1704042568037244472,500,http://172.169.8.253:31112/function/opt-66b-submod-0-latency-25.cdgp
1704042558035745352,1704042564220315843,200,http://172.169.8.253:31112/function/opt-66b-submod-0-latency-25.cdgp
1704042558035783393,1704042562816413800,200,http://172.169.8.253:31112/function/opt-66b-submod-0-latency-25.cdgp
1704042558035814575,1704042568036859710,500,http://172.169.8.253:31112/function/opt-66b-submod-0-latency-25.cdgp
1704042558035870391,1704042568036254997,500,http://172.169.8.253:31112/function/opt-66b-submod-0-latency-25.cdgp
1704042558035965695,1704042568037234768,500,http://172.169.8.253:31112/function/opt-66b-submod-0-latency-25.cdgp
1704042558036027872,1704042568037104092,500,http://172.169.8.253:31112/function/opt-66b-submod-0-latency-25.cdgp
1704042558036075367,1704042568036275106,500,http://172.169.8.253:31112/function/opt-66b-submod-0-latency-25.cdgp
1704042558036146520,1704042568037107520,500,http://172.169.8.253:31112/function/opt-66b-submod-0-latency-25.cdgp
1704042558036240382,1704042568013258833,200,http://172.169.8.253:31112/function/opt-66b-submod-0-latency-25.cdgp
1704042558036304986,1704042568037308209,500,http://172.169.8.253:31112/function/opt-66b-submod-0-latency-25.cdgp
1704042558036372366,1704042568037012589,500,http://172.169.8.253:31112/function/opt-66b-submod-0-latency-25.cdgp
1704042558036406671,1704042568037092598,500,http://172.169.8.253:31112/function/opt-66b-submod-0-latency-25.cdgp
1704042558036471873,1704042568037241303,500,http://172.169.8.253:31112/function/opt-66b-submod-0-latency-25.cdgp
1704042558036550643,1704042568036725339,500,http://172.169.8.253:31112/function/opt-66b-submod-0-latency-25.cdgp
1704042558036577208,1704042568037314892,500,http://172.169.8.253:31112/function/opt-66b-submod-0-latency-25.cdgp
1704042558036655885,1704042568037310858,500,http://172.169.8.253:31112/function/opt-66b-submod-0-latency-25.cdgp
1704042558036728234,1704042568036870291,500,http://172.169.8.253:31112/function/opt-66b-submod-0-latency-25.cdgp
1704042558036783666,1704042568037397919,500,http://172.169.8.253:31112/function/opt-66b-submod-0-latency-25.cdgp
1704042558036851913,1704042563303922418,200,http://172.169.8.253:31112/function/opt-66b-submod-0-latency-25.cdgp
1704042558036892438,1704042568037390927,500,http://172.169.8.253:31112/function/opt-66b-submod-0-latency-25.cdgp
1704042558036952904,1704042568037095406,500,http://172.169.8.253:31112/function/opt-66b-submod-0-latency-25.cdgp
1704042558037000387,1704042568037395837,500,http://172.169.8.253:31112/function/opt-66b-submod-0-latency-25.cdgp
1704042558064279473,1704042568064971758,500,http://172.169.8.253:31112/function/opt-66b-submod-0-latency-25.cdgp
1704042558160578692,1704042568161838029,500,http://172.169.8.253:31112/function/opt-66b-submod-0-latency-25.cdgp
1704042558160667371,1704042568020824175,200,http://172.169.8.253:31112/function/opt-66b-submod-0-latency-25.cdgp
1704042558160750512,1704042568161806270,500,http://172.169.8.253:31112/function/opt-66b-submod-0-latency-25.cdgp
1704042558160858650,1704042568161838375,500,http://172.169.8.253:31112/function/opt-66b-submod-0-latency-25.cdgp
1704042558160910576,1704042568161916612,500,http://172.169.8.253:31112/function/opt-66b-submod-0-latency-25.cdgp
1704042558160956250,1704042568161627703,500,http://172.169.8.253:31112/function/opt-66b-submod-0-latency-25.cdgp
1704042558160987837,1704042568161927210,500,http://172.169.8.253:31112/function/opt-66b-submod-0-latency-25.cdgp
1704042558161101108,1704042568161818647,500,http://172.169.8.253:31112/function/opt-66b-submod-0-latency-25.cdgp
1704042558161166763,1704042568161806202,500,http://172.169.8.253:31112/function/opt-66b-submod-0-latency-25.cdgp
1704042558161251839,1704042568161849415,500,http://172.169.8.253:31112/function/opt-66b-submod-0-latency-25.cdgp
1704042558161335658,1704042568015268101,200,http://172.169.8.253:31112/function/opt-66b-submod-0-latency-25.cdgp
1704042558161432823,1704042568161831205,500,http://172.169.8.253:31112/function/opt-66b-submod-0-latency-25.cdgp
1704042558161615930,1704042568161929420,500,http://172.169.8.253:31112/function/opt-66b-submod-0-latency-25.cdgp
1704042558161744901,1704042563450089733,200,http://172.169.8.253:31112/function/opt-66b-submod-0-latency-25.cdgp
1704042558161853764,1704042568162178198,500,http://172.169.8.253:31112/function/opt-66b-submod-0-latency-25.cdgp
1704042558161945749,1704042568162185996,500,http://172.169.8.253:31112/function/opt-66b-submod-0-latency-25.cdgp
1704042558162027934,1704042568162261567,500,http://172.169.8.253:31112/function/opt-66b-submod-0-latency-25.cdgp
1704042558162123514,1704042563305538974,200,http://172.169.8.253:31112/function/opt-66b-submod-0-latency-25.cdgp
1704042558162286005,1704042568162503091,500,http://172.169.8.253:31112/function/opt-66b-submod-0-latency-25.cdgp
1704042558162395877,1704042568162522573,500,http://172.169.8.253:31112/function/opt-66b-submod-0-latency-25.cdgp
1704042558162483921,1704042568013796380,200,http://172.169.8.253:31112/function/opt-66b-submod-0-latency-25.cdgp
1704042558162569892,1704042568163576970,500,http://172.169.8.253:31112/function/opt-66b-submod-0-latency-25.cdgp
1704042558162678203,1704042563369365722,200,http://172.169.8.253:31112/function/opt-66b-submod-0-latency-25.cdgp
1704042558539130605,1704042563451153790,200,http://172.169.8.253:31112/function/opt-66b-submod-0-latency-25.cdgp
1704042558539272495,1704042568540090626,500,http://172.169.8.253:31112/function/opt-66b-submod-0-latency-25.cdgp
1704042558539350463,1704042568511662893,200,http://172.169.8.253:31112/function/opt-66b-submod-0-latency-25.cdgp
1704042558539434874,1704042568540097922,500,http://172.169.8.253:31112/function/opt-66b-submod-0-latency-25.cdgp
1704042558539507751,1704042568015016475,200,http://172.169.8.253:31112/function/opt-66b-submod-0-latency-25.cdgp
1704042558539525664,1704042568488619122,500,http://172.169.8.253:31112/function/opt-66b-submod-0-latency-25.cdgp
1704042558539578963,1704042563305142733,200,http://172.169.8.253:31112/function/opt-66b-submod-0-latency-25.cdgp
1704042558539663904,1704042568487495154,500,http://172.169.8.253:31112/function/opt-66b-submod-0-latency-25.cdgp
1704042558539726256,1704042563367866435,200,http://172.169.8.253:31112/function/opt-66b-submod-0-latency-25.cdgp
1704042558539947840,1704042563448594764,200,http://172.169.8.253:31112/function/opt-66b-submod-0-latency-25.cdgp
1704042558539977369,1704042568540252091,500,http://172.169.8.253:31112/function/opt-66b-submod-0-latency-25.cdgp
1704042559455004184,1704042569077973396,500,http://172.169.8.253:31112/function/opt-66b-submod-0-latency-25.cdgp
1704042559455104352,1704042569143581393,500,http://172.169.8.253:31112/function/opt-66b-submod-0-latency-25.cdgp
1704042559455257505,1704042568015148476,200,http://172.169.8.253:31112/function/opt-66b-submod-0-latency-25.cdgp
1704042559455364927,1704042569174979357,500,http://172.169.8.253:31112/function/opt-66b-submod-0-latency-25.cdgp
1704042559480416425,1704042569273872038,500,http://172.169.8.253:31112/function/opt-66b-submod-0-latency-25.cdgp
1704042559480533779,1704042568060655408,200,http://172.169.8.253:31112/function/opt-66b-submod-0-latency-25.cdgp
1704042559480618323,1704042569272718043,500,http://172.169.8.253:31112/function/opt-66b-submod-0-latency-25.cdgp
1704042559480708440,1704042564217616851,200,http://172.169.8.253:31112/function/opt-66b-submod-0-latency-25.cdgp
1704042559480790464,1704042569278172997,500,http://172.169.8.253:31112/function/opt-66b-submod-0-latency-25.cdgp
1704042559480855487,1704042569287932614,500,http://172.169.8.253:31112/function/opt-66b-submod-0-latency-25.cdgp
1704042559480894307,1704042569284381466,500,http://172.169.8.253:31112/function/opt-66b-submod-0-latency-25.cdgp
1704042559480985670,1704042568543873362,200,http://172.169.8.253:31112/function/opt-66b-submod-0-latency-25.cdgp
1704042559481058567,1704042569275363891,500,http://172.169.8.253:31112/function/opt-66b-submod-0-latency-25.cdgp
1704042559481095469,1704042569482214646,500,http://172.169.8.253:31112/function/opt-66b-submod-0-latency-25.cdgp
1704042559481175062,1704042569285638455,500,http://172.169.8.253:31112/function/opt-66b-submod-0-latency-25.cdgp
1704042559481243003,1704042569194642160,500,http://172.169.8.253:31112/function/opt-66b-submod-0-latency-25.cdgp
1704042559481367408,1704042569482196743,500,http://172.169.8.253:31112/function/opt-66b-submod-0-latency-25.cdgp
1704042559481435935,1704042569275219215,500,http://172.169.8.253:31112/function/opt-66b-submod-0-latency-25.cdgp
1704042559481469984,1704042569281370538,500,http://172.169.8.253:31112/function/opt-66b-submod-0-latency-25.cdgp
1704042559481559980,1704042569281624477,500,http://172.169.8.253:31112/function/opt-66b-submod-0-latency-25.cdgp
1704042559481662395,1704042563303616529,200,http://172.169.8.253:31112/function/opt-66b-submod-0-latency-25.cdgp
1704042559481729135,1704042569195649460,500,http://172.169.8.253:31112/function/opt-66b-submod-0-latency-25.cdgp
1704042559481785323,1704042569285655065,500,http://172.169.8.253:31112/function/opt-66b-submod-0-latency-25.cdgp
1704042559481821601,1704042569196220746,500,http://172.169.8.253:31112/function/opt-66b-submod-0-latency-25.cdgp
1704042559481937869,1704042569283660029,500,http://172.169.8.253:31112/function/opt-66b-submod-0-latency-25.cdgp
1704042559482031025,1704042569281952277,500,http://172.169.8.253:31112/function/opt-66b-submod-0-latency-25.cdgp
1704042559482180046,1704042569285630876,500,http://172.169.8.253:31112/function/opt-66b-submod-0-latency-25.cdgp
1704042559482259324,1704042569285952006,500,http://172.169.8.253:31112/function/opt-66b-submod-0-latency-25.cdgp
1704042559897173511,1704042569554612258,500,http://172.169.8.253:31112/function/opt-66b-submod-0-latency-25.cdgp
1704042559897248720,1704042568584540185,200,http://172.169.8.253:31112/function/opt-66b-submod-0-latency-25.cdgp
1704042559897330767,1704042569898237771,500,http://172.169.8.253:31112/function/opt-66b-submod-0-latency-25.cdgp
1704042559897402769,1704042569540174506,500,http://172.169.8.253:31112/function/opt-66b-submod-0-latency-25.cdgp
1704042559897482331,1704042568547886900,200,http://172.169.8.253:31112/function/opt-66b-submod-0-latency-25.cdgp
1704042559897538421,1704042569898258368,500,http://172.169.8.253:31112/function/opt-66b-submod-0-latency-25.cdgp
1704042559897605522,1704042569539729365,500,http://172.169.8.253:31112/function/opt-66b-submod-0-latency-25.cdgp
1704042560307277253,1704042569845166674,500,http://172.169.8.253:31112/function/opt-66b-submod-0-latency-25.cdgp
1704042560307352482,1704042568055702816,200,http://172.169.8.253:31112/function/opt-66b-submod-0-latency-25.cdgp
1704042560307442172,1704042569957897030,500,http://172.169.8.253:31112/function/opt-66b-submod-0-latency-25.cdgp
1704042560307515109,1704042569650924897,500,http://172.169.8.253:31112/function/opt-66b-submod-0-latency-25.cdgp
1704042560307626633,1704042569849716405,500,http://172.169.8.253:31112/function/opt-66b-submod-0-latency-25.cdgp
1704042561462998076,1704042570839479911,500,http://172.169.8.253:31112/function/opt-66b-submod-0-latency-25.cdgp
1704042561463085136,1704042569499147746,200,http://172.169.8.253:31112/function/opt-66b-submod-0-latency-25.cdgp
1704042561463218696,1704042570830137845,500,http://172.169.8.253:31112/function/opt-66b-submod-0-latency-25.cdgp
1704042561463300083,1704042570830670215,500,http://172.169.8.253:31112/function/opt-66b-submod-0-latency-25.cdgp
1704042561463399361,1704042570620347491,500,http://172.169.8.253:31112/function/opt-66b-submod-0-latency-25.cdgp
1704042561463500369,1704042570617663944,500,http://172.169.8.253:31112/function/opt-66b-submod-0-latency-25.cdgp
1704042561463592559,1704042564221625430,200,http://172.169.8.253:31112/function/opt-66b-submod-0-latency-25.cdgp
1704042561463718739,1704042564222089380,200,http://172.169.8.253:31112/function/opt-66b-submod-0-latency-25.cdgp
1704042561463804445,1704042570849207356,500,http://172.169.8.253:31112/function/opt-66b-submod-0-latency-25.cdgp
1704042561463933779,1704042570850253725,500,http://172.169.8.253:31112/function/opt-66b-submod-0-latency-25.cdgp
1704042561464025183,1704042568934876290,200,http://172.169.8.253:31112/function/opt-66b-submod-0-latency-25.cdgp
1704042561489508881,1704042570060624650,500,http://172.169.8.253:31112/function/opt-66b-submod-0-latency-25.cdgp
1704042561489592225,1704042571161722588,500,http://172.169.8.253:31112/function/opt-66b-submod-0-latency-25.cdgp
1704042561489744059,1704042570037603177,500,http://172.169.8.253:31112/function/opt-66b-submod-0-latency-25.cdgp
1704042561515356535,1704042571140032679,500,http://172.169.8.253:31112/function/opt-66b-submod-0-latency-25.cdgp
1704042561515444345,1704042571083636892,500,http://172.169.8.253:31112/function/opt-66b-submod-0-latency-25.cdgp
1704042561515609016,1704042571134482681,500,http://172.169.8.253:31112/function/opt-66b-submod-0-latency-25.cdgp
1704042561515699653,1704042569152256909,200,http://172.169.8.253:31112/function/opt-66b-submod-0-latency-25.cdgp
1704042561515780579,1704042571066084662,500,http://172.169.8.253:31112/function/opt-66b-submod-0-latency-25.cdgp
1704042561515855849,1704042570008742638,500,http://172.169.8.253:31112/function/opt-66b-submod-0-latency-25.cdgp
1704042561515951150,1704042563946682275,200,http://172.169.8.253:31112/function/opt-66b-submod-0-latency-25.cdgp
1704042561516018092,1704042571173056893,500,http://172.169.8.253:31112/function/opt-66b-submod-0-latency-25.cdgp
1704042561516125378,1704042571149275936,500,http://172.169.8.253:31112/function/opt-66b-submod-0-latency-25.cdgp
1704042561516175960,1704042571161177631,500,http://172.169.8.253:31112/function/opt-66b-submod-0-latency-25.cdgp
1704042561516228097,1704042570928891291,500,http://172.169.8.253:31112/function/opt-66b-submod-0-latency-25.cdgp
1704042561516300396,1704042571148888282,500,http://172.169.8.253:31112/function/opt-66b-submod-0-latency-25.cdgp
1704042561516670013,1704042570828460166,500,http://172.169.8.253:31112/function/opt-66b-submod-0-latency-25.cdgp
1704042561516773842,1704042570846643406,504,http://172.169.8.253:31112/function/opt-66b-submod-0-latency-25.cdgp
1704042561522692519,1704042563874479282,200,http://172.169.8.253:31112/function/opt-66b-submod-0-latency-25.cdgp
1704042561522777279,1704042563874100464,200,http://172.169.8.253:31112/function/opt-66b-submod-0-latency-25.cdgp
1704042561522856626,1704042571137072747,500,http://172.169.8.253:31112/function/opt-66b-submod-0-latency-25.cdgp
1704042561522982674,1704042571146823220,500,http://172.169.8.253:31112/function/opt-66b-submod-0-latency-25.cdgp
1704042561523069710,1704042563450535826,200,http://172.169.8.253:31112/function/opt-66b-submod-0-latency-25.cdgp
1704042561523145986,1704042571161487857,500,http://172.169.8.253:31112/function/opt-66b-submod-0-latency-25.cdgp
1704042561523233149,1704042569120829779,200,http://172.169.8.253:31112/function/opt-66b-submod-0-latency-25.cdgp
1704042561523305301,1704042571134483086,500,http://172.169.8.253:31112/function/opt-66b-submod-0-latency-25.cdgp
1704042561523391080,1704042571015412407,500,http://172.169.8.253:31112/function/opt-66b-submod-0-latency-25.cdgp
1704042561523436752,1704042571173024254,500,http://172.169.8.253:31112/function/opt-66b-submod-0-latency-25.cdgp
1704042561637617544,1704042570972981118,500,http://172.169.8.253:31112/function/opt-66b-submod-0-latency-25.cdgp
1704042561674627875,1704042570091802326,500,http://172.169.8.253:31112/function/opt-66b-submod-0-latency-25.cdgp
1704042561674714412,1704042571498439039,500,http://172.169.8.253:31112/function/opt-66b-submod-0-latency-25.cdgp
1704042561674851893,1704042571011470554,500,http://172.169.8.253:31112/function/opt-66b-submod-0-latency-25.cdgp
1704042561674918060,1704042571675569624,500,http://172.169.8.253:31112/function/opt-66b-submod-0-latency-25.cdgp
1704042561674957499,1704042571498808938,500,http://172.169.8.253:31112/function/opt-66b-submod-0-latency-25.cdgp
1704042561675053793,1704042569084980531,200,http://172.169.8.253:31112/function/opt-66b-submod-0-latency-25.cdgp
1704042561675097498,1704042571020475571,500,http://172.169.8.253:31112/function/opt-66b-submod-0-latency-25.cdgp
1704042561675184104,1704042570890490522,500,http://172.169.8.253:31112/function/opt-66b-submod-0-latency-25.cdgp
1704042561675253321,1704042571137924209,500,http://172.169.8.253:31112/function/opt-66b-submod-0-latency-25.cdgp
1704042561675329941,1704042571051431251,500,http://172.169.8.253:31112/function/opt-66b-submod-0-latency-25.cdgp
1704042561675409887,1704042571389453112,500,http://172.169.8.253:31112/function/opt-66b-submod-0-latency-25.cdgp
1704042561675454773,1704042570069677266,200,http://172.169.8.253:31112/function/opt-66b-submod-0-latency-25.cdgp
1704042561675529749,1704042571675655871,500,http://172.169.8.253:31112/function/opt-66b-submod-0-latency-25.cdgp
1704042561675557748,1704042570014229467,500,http://172.169.8.253:31112/function/opt-66b-submod-0-latency-25.cdgp
1704042561675635040,1704042569458789823,200,http://172.169.8.253:31112/function/opt-66b-submod-0-latency-25.cdgp
1704042561675695472,1704042571676711189,500,http://172.169.8.253:31112/function/opt-66b-submod-0-latency-25.cdgp
1704042561675743811,1704042571260289863,500,http://172.169.8.253:31112/function/opt-66b-submod-0-latency-25.cdgp
1704042561675793125,1704042571134318574,500,http://172.169.8.253:31112/function/opt-66b-submod-0-latency-25.cdgp
1704042561686603501,1704042571447532875,500,http://172.169.8.253:31112/function/opt-66b-submod-0-latency-25.cdgp
1704042561686752636,1704042571498663332,500,http://172.169.8.253:31112/function/opt-66b-submod-0-latency-25.cdgp
1704042561686840098,1704042571688233808,500,http://172.169.8.253:31112/function/opt-66b-submod-0-latency-25.cdgp
1704042561686963231,1704042571688255192,500,http://172.169.8.253:31112/function/opt-66b-submod-0-latency-25.cdgp
1704042561687038942,1704042569771486126,200,http://172.169.8.253:31112/function/opt-66b-submod-0-latency-25.cdgp
1704042561687154109,1704042571679439546,500,http://172.169.8.253:31112/function/opt-66b-submod-0-latency-25.cdgp
1704042561687214674,1704042571688498937,500,http://172.169.8.253:31112/function/opt-66b-submod-0-latency-25.cdgp
1704042561687299777,1704042571687963271,500,http://172.169.8.253:31112/function/opt-66b-submod-0-latency-25.cdgp
1704042561687405502,1704042570058911943,200,http://172.169.8.253:31112/function/opt-66b-submod-0-latency-25.cdgp
1704042561687498465,1704042571688551384,500,http://172.169.8.253:31112/function/opt-66b-submod-0-latency-25.cdgp
1704042561687564080,1704042571688479471,500,http://172.169.8.253:31112/function/opt-66b-submod-0-latency-25.cdgp
1704042561687630097,1704042569918147343,200,http://172.169.8.253:31112/function/opt-66b-submod-0-latency-25.cdgp
1704042561687725551,1704042571688502762,500,http://172.169.8.253:31112/function/opt-66b-submod-0-latency-25.cdgp
1704042561687799561,1704042571688573238,500,http://172.169.8.253:31112/function/opt-66b-submod-0-latency-25.cdgp
1704042561687888036,1704042571688491799,500,http://172.169.8.253:31112/function/opt-66b-submod-0-latency-25.cdgp
1704042561687958663,1704042564981032203,200,http://172.169.8.253:31112/function/opt-66b-submod-0-latency-25.cdgp
1704042561688029857,1704042564715536346,200,http://172.169.8.253:31112/function/opt-66b-submod-0-latency-25.cdgp
1704042561688076486,1704042564683099550,200,http://172.169.8.253:31112/function/opt-66b-submod-0-latency-25.cdgp
1704042561688169330,1704042571688584217,500,http://172.169.8.253:31112/function/opt-66b-submod-0-latency-25.cdgp
1704042561688250589,1704042571688559449,500,http://172.169.8.253:31112/function/opt-66b-submod-0-latency-25.cdgp
1704042561688319733,1704042571688488672,500,http://172.169.8.253:31112/function/opt-66b-submod-0-latency-25.cdgp
1704042561688396157,1704042571688701724,500,http://172.169.8.253:31112/function/opt-66b-submod-0-latency-25.cdgp
1704042561688451930,1704042564829347870,200,http://172.169.8.253:31112/function/opt-66b-submod-0-latency-25.cdgp
1704042561688522085,1704042570352331019,500,http://172.169.8.253:31112/function/opt-66b-submod-0-latency-25.cdgp
1704042561688590909,1704042571498453728,500,http://172.169.8.253:31112/function/opt-66b-submod-0-latency-25.cdgp
1704042561688643872,1704042571688789599,500,http://172.169.8.253:31112/function/opt-66b-submod-0-latency-25.cdgp
1704042561688728931,1704042569543534477,200,http://172.169.8.253:31112/function/opt-66b-submod-0-latency-25.cdgp
1704042561688754193,1704042571688832366,500,http://172.169.8.253:31112/function/opt-66b-submod-0-latency-25.cdgp
1704042561688831283,1704042571689088887,500,http://172.169.8.253:31112/function/opt-66b-submod-0-latency-25.cdgp
1704042561688908152,1704042564155462792,200,http://172.169.8.253:31112/function/opt-66b-submod-0-latency-25.cdgp
1704042561691096419,1704042571692649795,500,http://172.169.8.253:31112/function/opt-66b-submod-0-latency-25.cdgp
1704042561691184610,1704042570274658103,200,http://172.169.8.253:31112/function/opt-66b-submod-0-latency-25.cdgp
1704042561691274253,1704042571011071579,500,http://172.169.8.253:31112/function/opt-66b-submod-0-latency-25.cdgp
1704042561691342471,1704042571692670512,500,http://172.169.8.253:31112/function/opt-66b-submod-0-latency-25.cdgp
1704042561691431107,1704042571692664628,500,http://172.169.8.253:31112/function/opt-66b-submod-0-latency-25.cdgp
1704042561691507075,1704042570435489097,500,http://172.169.8.253:31112/function/opt-66b-submod-0-latency-25.cdgp
1704042561691605135,1704042571692675619,500,http://172.169.8.253:31112/function/opt-66b-submod-0-latency-25.cdgp
1704042561691650355,1704042571692687814,500,http://172.169.8.253:31112/function/opt-66b-submod-0-latency-25.cdgp
1704042561691727861,1704042571692607040,500,http://172.169.8.253:31112/function/opt-66b-submod-0-latency-25.cdgp
1704042561691776359,1704042571692358741,500,http://172.169.8.253:31112/function/opt-66b-submod-0-latency-25.cdgp
1704042561691849986,1704042569955058366,200,http://172.169.8.253:31112/function/opt-66b-submod-0-latency-25.cdgp
1704042561691938819,1704042571692375317,500,http://172.169.8.253:31112/function/opt-66b-submod-0-latency-25.cdgp
1704042561692028209,1704042571507180633,500,http://172.169.8.253:31112/function/opt-66b-submod-0-latency-25.cdgp
1704042561692093532,1704042564681241030,200,http://172.169.8.253:31112/function/opt-66b-submod-0-latency-25.cdgp
1704042561692143531,1704042571692684372,500,http://172.169.8.253:31112/function/opt-66b-submod-0-latency-25.cdgp
1704042561692222005,1704042570111563347,200,http://172.169.8.253:31112/function/opt-66b-submod-0-latency-25.cdgp
1704042561692250618,1704042571692656729,500,http://172.169.8.253:31112/function/opt-66b-submod-0-latency-25.cdgp
1704042561692336292,1704042564224078317,200,http://172.169.8.253:31112/function/opt-66b-submod-0-latency-25.cdgp
1704042561692406781,1704042571100361246,500,http://172.169.8.253:31112/function/opt-66b-submod-0-latency-25.cdgp
1704042561692441058,1704042570288081000,500,http://172.169.8.253:31112/function/opt-66b-submod-0-latency-25.cdgp
1704042561692511975,1704042571389964690,500,http://172.169.8.253:31112/function/opt-66b-submod-0-latency-25.cdgp
1704042561692564007,1704042564115916085,200,http://172.169.8.253:31112/function/opt-66b-submod-0-latency-25.cdgp
1704042561692612206,1704042564777660723,200,http://172.169.8.253:31112/function/opt-66b-submod-0-latency-25.cdgp
1704042562180327626,1704042570289857550,200,http://172.169.8.253:31112/function/opt-66b-submod-0-latency-25.cdgp
1704042562180409278,1704042569801742255,200,http://172.169.8.253:31112/function/opt-66b-submod-0-latency-25.cdgp
1704042562180537388,1704042570000675028,200,http://172.169.8.253:31112/function/opt-66b-submod-0-latency-25.cdgp
1704042562180632949,1704042571775790101,500,http://172.169.8.253:31112/function/opt-66b-submod-0-latency-25.cdgp
1704042562389667379,1704042571823609130,500,http://172.169.8.253:31112/function/opt-66b-submod-0-latency-25.cdgp
1704042562389766100,1704042571771631653,500,http://172.169.8.253:31112/function/opt-66b-submod-0-latency-25.cdgp
1704042562389895173,1704042571835950045,500,http://172.169.8.253:31112/function/opt-66b-submod-0-latency-25.cdgp
1704042562431276294,1704042565303593729,200,http://172.169.8.253:31112/function/opt-66b-submod-0-latency-25.cdgp
1704042562431363488,1704042572191491587,500,http://172.169.8.253:31112/function/opt-66b-submod-0-latency-25.cdgp
1704042562431466010,1704042565335568998,200,http://172.169.8.253:31112/function/opt-66b-submod-0-latency-25.cdgp
1704042562431534730,1704042572130473843,500,http://172.169.8.253:31112/function/opt-66b-submod-0-latency-25.cdgp
1704042562431617079,1704042572003410368,500,http://172.169.8.253:31112/function/opt-66b-submod-0-latency-25.cdgp
1704042562431691927,1704042572199336196,500,http://172.169.8.253:31112/function/opt-66b-submod-0-latency-25.cdgp
1704042562431773430,1704042571933395944,500,http://172.169.8.253:31112/function/opt-66b-submod-0-latency-25.cdgp
1704042562431858161,1704042565287527749,200,http://172.169.8.253:31112/function/opt-66b-submod-0-latency-25.cdgp
1704042562431941849,1704042570247248336,200,http://172.169.8.253:31112/function/opt-66b-submod-0-latency-25.cdgp
1704042562432014634,1704042571875522387,500,http://172.169.8.253:31112/function/opt-66b-submod-0-latency-25.cdgp
1704042562432142298,1704042565403635266,200,http://172.169.8.253:31112/function/opt-66b-submod-0-latency-25.cdgp
1704042562432226902,1704042572207237946,500,http://172.169.8.253:31112/function/opt-66b-submod-0-latency-25.cdgp
1704042562432254776,1704042572125021073,500,http://172.169.8.253:31112/function/opt-66b-submod-0-latency-25.cdgp
1704042562432353830,1704042572287444808,500,http://172.169.8.253:31112/function/opt-66b-submod-0-latency-25.cdgp
1704042562432443574,1704042572167504983,500,http://172.169.8.253:31112/function/opt-66b-submod-0-latency-25.cdgp
1704042562432567805,1704042570564263098,200,http://172.169.8.253:31112/function/opt-66b-submod-0-latency-25.cdgp
1704042562432647635,1704042569658006485,200,http://172.169.8.253:31112/function/opt-66b-submod-0-latency-25.cdgp
1704042562493103152,1704042572494317107,500,http://172.169.8.253:31112/function/opt-66b-submod-0-latency-25.cdgp
1704042562493190455,1704042572494331391,500,http://172.169.8.253:31112/function/opt-66b-submod-0-latency-25.cdgp
1704042562493277873,1704042572494529090,500,http://172.169.8.253:31112/function/opt-66b-submod-0-latency-25.cdgp
1704042562493361799,1704042572283709054,500,http://172.169.8.253:31112/function/opt-66b-submod-0-latency-25.cdgp
1704042562493448227,1704042572290096290,500,http://172.169.8.253:31112/function/opt-66b-submod-0-latency-25.cdgp
1704042562493539902,1704042572168045036,500,http://172.169.8.253:31112/function/opt-66b-submod-0-latency-25.cdgp
1704042562493675680,1704042572494539109,500,http://172.169.8.253:31112/function/opt-66b-submod-0-latency-25.cdgp
1704042562493762296,1704042572284970359,500,http://172.169.8.253:31112/function/opt-66b-submod-0-latency-25.cdgp
1704042562493879850,1704042572494594903,500,http://172.169.8.253:31112/function/opt-66b-submod-0-latency-25.cdgp
1704042562493991521,1704042569965130236,200,http://172.169.8.253:31112/function/opt-66b-submod-0-latency-25.cdgp
1704042562494052497,1704042572494324779,500,http://172.169.8.253:31112/function/opt-66b-submod-0-latency-25.cdgp
1704042562494110971,1704042572168305593,500,http://172.169.8.253:31112/function/opt-66b-submod-0-latency-25.cdgp
1704042562494170996,1704042572163643394,500,http://172.169.8.253:31112/function/opt-66b-submod-0-latency-25.cdgp
1704042562494224539,1704042572297513578,500,http://172.169.8.253:31112/function/opt-66b-submod-0-latency-25.cdgp
1704042562494300648,1704042572494531219,500,http://172.169.8.253:31112/function/opt-66b-submod-0-latency-25.cdgp
1704042562494354614,1704042572494600309,500,http://172.169.8.253:31112/function/opt-66b-submod-0-latency-25.cdgp
1704042562494445555,1704042572293494394,500,http://172.169.8.253:31112/function/opt-66b-submod-0-latency-25.cdgp
1704042562494503976,1704042572494654819,500,http://172.169.8.253:31112/function/opt-66b-submod-0-latency-25.cdgp
1704042562494600151,1704042572494746223,500,http://172.169.8.253:31112/function/opt-66b-submod-0-latency-25.cdgp
1704042562494681408,1704042565773074640,200,http://172.169.8.253:31112/function/opt-66b-submod-0-latency-25.cdgp
1704042562494760663,1704042572495486974,500,http://172.169.8.253:31112/function/opt-66b-submod-0-latency-25.cdgp
1704042562494838774,1704042572495485955,500,http://172.169.8.253:31112/function/opt-66b-submod-0-latency-25.cdgp
1704042562494901621,1704042572168588545,500,http://172.169.8.253:31112/function/opt-66b-submod-0-latency-25.cdgp
1704042562494973522,1704042572429459120,500,http://172.169.8.253:31112/function/opt-66b-submod-0-latency-25.cdgp
1704042562495055550,1704042572172462651,500,http://172.169.8.253:31112/function/opt-66b-submod-0-latency-25.cdgp
1704042562495096932,1704042572237688529,500,http://172.169.8.253:31112/function/opt-66b-submod-0-latency-25.cdgp
1704042562495178785,1704042572284500934,500,http://172.169.8.253:31112/function/opt-66b-submod-0-latency-25.cdgp
1704042562495245368,1704042572167636158,500,http://172.169.8.253:31112/function/opt-66b-submod-0-latency-25.cdgp
1704042562498000109,1704042572251831223,500,http://172.169.8.253:31112/function/opt-66b-submod-0-latency-25.cdgp
1704042562498091034,1704042570007974985,200,http://172.169.8.253:31112/function/opt-66b-submod-0-latency-25.cdgp
1704042562498169384,1704042572296780978,500,http://172.169.8.253:31112/function/opt-66b-submod-0-latency-25.cdgp
1704042562498235642,1704042570536687329,200,http://172.169.8.253:31112/function/opt-66b-submod-0-latency-25.cdgp
1704042562498310323,1704042572498954054,500,http://172.169.8.253:31112/function/opt-66b-submod-0-latency-25.cdgp
1704042562498329857,1704042572295552990,500,http://172.169.8.253:31112/function/opt-66b-submod-0-latency-25.cdgp
1704042562498419556,1704042572498780737,500,http://172.169.8.253:31112/function/opt-66b-submod-0-latency-25.cdgp
1704042562498520181,1704042572498778302,500,http://172.169.8.253:31112/function/opt-66b-submod-0-latency-25.cdgp
1704042562498566722,1704042572498969707,500,http://172.169.8.253:31112/function/opt-66b-submod-0-latency-25.cdgp
1704042562498653675,1704042572242509541,500,http://172.169.8.253:31112/function/opt-66b-submod-0-latency-25.cdgp
1704042562498729309,1704042572292625802,500,http://172.169.8.253:31112/function/opt-66b-submod-0-latency-25.cdgp
1704042562498761177,1704042572498973544,500,http://172.169.8.253:31112/function/opt-66b-submod-0-latency-25.cdgp
1704042562498857540,1704042572298251090,500,http://172.169.8.253:31112/function/opt-66b-submod-0-latency-25.cdgp
1704042562498964178,1704042572291973691,500,http://172.169.8.253:31112/function/opt-66b-submod-0-latency-25.cdgp
1704042562499034956,1704042571759618946,500,http://172.169.8.253:31112/function/opt-66b-submod-0-latency-25.cdgp
1704042562499096359,1704042565362983532,200,http://172.169.8.253:31112/function/opt-66b-submod-0-latency-25.cdgp
1704042562499126082,1704042572500177260,500,http://172.169.8.253:31112/function/opt-66b-submod-0-latency-25.cdgp
1704042562499188241,1704042572297495620,500,http://172.169.8.253:31112/function/opt-66b-submod-0-latency-25.cdgp
1704042562499259116,1704042572500163546,500,http://172.169.8.253:31112/function/opt-66b-submod-0-latency-25.cdgp
1704042562499299399,1704042572499943740,500,http://172.169.8.253:31112/function/opt-66b-submod-0-latency-25.cdgp
1704042562499395738,1704042572238233474,500,http://172.169.8.253:31112/function/opt-66b-submod-0-latency-25.cdgp
1704042562499425836,1704042565980043505,200,http://172.169.8.253:31112/function/opt-66b-submod-0-latency-25.cdgp
1704042562499456794,1704042570327351545,200,http://172.169.8.253:31112/function/opt-66b-submod-0-latency-25.cdgp
1704042562499546429,1704042572500064583,500,http://172.169.8.253:31112/function/opt-66b-submod-0-latency-25.cdgp
1704042562499610951,1704042565881478559,200,http://172.169.8.253:31112/function/opt-66b-submod-0-latency-25.cdgp
1704042562499684816,1704042572162137838,500,http://172.169.8.253:31112/function/opt-66b-submod-0-latency-25.cdgp
1704042562499712961,1704042572431241825,500,http://172.169.8.253:31112/function/opt-66b-submod-0-latency-25.cdgp
1704042562499764471,1704042572499957401,500,http://172.169.8.253:31112/function/opt-66b-submod-0-latency-25.cdgp
1704042562499823857,1704042572500171677,500,http://172.169.8.253:31112/function/opt-66b-submod-0-latency-25.cdgp
1704042562499883975,1704042572296909884,500,http://172.169.8.253:31112/function/opt-66b-submod-0-latency-25.cdgp
1704042562499948252,1704042569802221163,200,http://172.169.8.253:31112/function/opt-66b-submod-0-latency-25.cdgp
1704042562500040119,1704042570847724441,200,http://172.169.8.253:31112/function/opt-66b-submod-0-latency-25.cdgp
1704042562500113582,1704042572243794388,500,http://172.169.8.253:31112/function/opt-66b-submod-0-latency-25.cdgp
1704042562500185008,1704042572248518414,500,http://172.169.8.253:31112/function/opt-66b-submod-0-latency-25.cdgp
1704042562500266912,1704042572501312273,500,http://172.169.8.253:31112/function/opt-66b-submod-0-latency-25.cdgp
1704042562500293479,1704042572298539388,500,http://172.169.8.253:31112/function/opt-66b-submod-0-latency-25.cdgp
1704042562500433975,1704042565775053367,200,http://172.169.8.253:31112/function/opt-66b-submod-0-latency-25.cdgp
1704042562500496035,1704042572501077323,500,http://172.169.8.253:31112/function/opt-66b-submod-0-latency-25.cdgp
1704042562500557384,1704042572501312844,500,http://172.169.8.253:31112/function/opt-66b-submod-0-latency-25.cdgp
1704042562500612376,1704042572501298038,500,http://172.169.8.253:31112/function/opt-66b-submod-0-latency-25.cdgp
1704042562500683579,1704042565906214535,200,http://172.169.8.253:31112/function/opt-66b-submod-0-latency-25.cdgp
1704042563446796898,1704042572751374143,500,http://172.169.8.253:31112/function/opt-66b-submod-0-latency-25.cdgp
1704042563446919380,1704042569727536434,200,http://172.169.8.253:31112/function/opt-66b-submod-0-latency-25.cdgp
1704042563447022344,1704042572773306527,500,http://172.169.8.253:31112/function/opt-66b-submod-0-latency-25.cdgp
1704042563447090005,1704042572713388944,500,http://172.169.8.253:31112/function/opt-66b-submod-0-latency-25.cdgp
1704042563447169164,1704042573447657338,500,http://172.169.8.253:31112/function/opt-66b-submod-0-latency-25.cdgp
1704042563447203016,1704042573143235207,500,http://172.169.8.253:31112/function/opt-66b-submod-0-latency-25.cdgp
1704042563447282398,1704042572247305297,500,http://172.169.8.253:31112/function/opt-66b-submod-0-latency-25.cdgp
1704042563471508591,1704042573283366212,500,http://172.169.8.253:31112/function/opt-66b-submod-0-latency-25.cdgp
1704042563471588175,1704042572495354022,500,http://172.169.8.253:31112/function/opt-66b-submod-0-latency-25.cdgp
1704042563471620076,1704042572311385274,500,http://172.169.8.253:31112/function/opt-66b-submod-0-latency-25.cdgp
1704042563471713511,1704042573247668666,500,http://172.169.8.253:31112/function/opt-66b-submod-0-latency-25.cdgp
1704042563471780072,1704042573031653697,500,http://172.169.8.253:31112/function/opt-66b-submod-0-latency-25.cdgp
1704042563471828263,1704042572449711811,500,http://172.169.8.253:31112/function/opt-66b-submod-0-latency-25.cdgp
1704042563471905155,1704042565784525967,200,http://172.169.8.253:31112/function/opt-66b-submod-0-latency-25.cdgp
1704042563471952983,1704042566271348317,200,http://172.169.8.253:31112/function/opt-66b-submod-0-latency-25.cdgp
1704042563472034426,1704042573034356536,500,http://172.169.8.253:31112/function/opt-66b-submod-0-latency-25.cdgp
1704042563472116516,1704042573091726932,500,http://172.169.8.253:31112/function/opt-66b-submod-0-latency-25.cdgp
1704042563472191503,1704042573088163780,500,http://172.169.8.253:31112/function/opt-66b-submod-0-latency-25.cdgp
1704042563472281097,1704042565915441506,200,http://172.169.8.253:31112/function/opt-66b-submod-0-latency-25.cdgp
1704042563472351922,1704042572924084116,500,http://172.169.8.253:31112/function/opt-66b-submod-0-latency-25.cdgp
1704042563472438177,1704042573070548877,500,http://172.169.8.253:31112/function/opt-66b-submod-0-latency-25.cdgp
1704042563472496715,1704042572446706579,500,http://172.169.8.253:31112/function/opt-66b-submod-0-latency-25.cdgp
1704042563472540723,1704042573082443240,500,http://172.169.8.253:31112/function/opt-66b-submod-0-latency-25.cdgp
1704042563472614437,1704042573246471723,500,http://172.169.8.253:31112/function/opt-66b-submod-0-latency-25.cdgp
1704042563472683707,1704042573024177591,500,http://172.169.8.253:31112/function/opt-66b-submod-0-latency-25.cdgp
1704042563472747696,1704042566043721954,200,http://172.169.8.253:31112/function/opt-66b-submod-0-latency-25.cdgp
1704042563472809847,1704042573029609145,500,http://172.169.8.253:31112/function/opt-66b-submod-0-latency-25.cdgp
1704042563472839931,1704042573036568556,500,http://172.169.8.253:31112/function/opt-66b-submod-0-latency-25.cdgp
1704042563472916268,1704042573090589932,500,http://172.169.8.253:31112/function/opt-66b-submod-0-latency-25.cdgp
1704042563473005815,1704042572450755940,500,http://172.169.8.253:31112/function/opt-66b-submod-0-latency-25.cdgp
1704042563473083529,1704042572271648530,500,http://172.169.8.253:31112/function/opt-66b-submod-0-latency-25.cdgp
1704042563473152564,1704042570515616970,200,http://172.169.8.253:31112/function/opt-66b-submod-0-latency-25.cdgp
1704042563473259289,1704042572716145829,500,http://172.169.8.253:31112/function/opt-66b-submod-0-latency-25.cdgp
1704042563473354620,1704042573021081320,500,http://172.169.8.253:31112/function/opt-66b-submod-0-latency-25.cdgp
1704042563473405621,1704042565777105768,200,http://172.169.8.253:31112/function/opt-66b-submod-0-latency-25.cdgp
1704042563473572889,1704042573244590005,500,http://172.169.8.253:31112/function/opt-66b-submod-0-latency-25.cdgp
1704042563473652364,1704042573084386692,500,http://172.169.8.253:31112/function/opt-66b-submod-0-latency-25.cdgp
1704042563591507188,1704042573026494008,500,http://172.169.8.253:31112/function/opt-66b-submod-0-latency-25.cdgp
1704042563591586027,1704042572452625851,500,http://172.169.8.253:31112/function/opt-66b-submod-0-latency-25.cdgp
1704042563591738385,1704042573291112355,500,http://172.169.8.253:31112/function/opt-66b-submod-0-latency-25.cdgp
1704042563591803431,1704042573267118369,500,http://172.169.8.253:31112/function/opt-66b-submod-0-latency-25.cdgp
1704042564376290786,1704042570323442927,200,http://172.169.8.253:31112/function/opt-66b-submod-0-latency-25.cdgp
1704042564376400224,1704042573722157824,500,http://172.169.8.253:31112/function/opt-66b-submod-0-latency-25.cdgp
1704042564376532356,1704042573755366967,500,http://172.169.8.253:31112/function/opt-66b-submod-0-latency-25.cdgp
1704042564376602132,1704042573799421729,500,http://172.169.8.253:31112/function/opt-66b-submod-0-latency-25.cdgp
1704042564376658129,1704042573815287155,500,http://172.169.8.253:31112/function/opt-66b-submod-0-latency-25.cdgp
1704042564376757185,1704042573656357547,500,http://172.169.8.253:31112/function/opt-66b-submod-0-latency-25.cdgp
1704042564376825976,1704042573752894834,500,http://172.169.8.253:31112/function/opt-66b-submod-0-latency-25.cdgp
1704042564376896279,1704042572672300281,500,http://172.169.8.253:31112/function/opt-66b-submod-0-latency-25.cdgp
1704042564376994369,1704042573813511587,500,http://172.169.8.253:31112/function/opt-66b-submod-0-latency-25.cdgp
1704042564377096339,1704042573535355475,500,http://172.169.8.253:31112/function/opt-66b-submod-0-latency-25.cdgp
1704042564377190436,1704042573810806692,500,http://172.169.8.253:31112/function/opt-66b-submod-0-latency-25.cdgp
1704042564377261726,1704042573373688496,500,http://172.169.8.253:31112/function/opt-66b-submod-0-latency-25.cdgp
1704042564377364535,1704042573748540645,500,http://172.169.8.253:31112/function/opt-66b-submod-0-latency-25.cdgp
1704042564377433577,1704042573491686773,500,http://172.169.8.253:31112/function/opt-66b-submod-0-latency-25.cdgp
1704042564377522511,1704042573808705042,500,http://172.169.8.253:31112/function/opt-66b-submod-0-latency-25.cdgp
1704042568625348429,1704042578287842559,500,http://172.169.8.253:31112/function/opt-66b-submod-0-latency-25.cdgp
1704042568625428451,1704042570418262042,200,http://172.169.8.253:31112/function/opt-66b-submod-0-latency-25.cdgp
1704042568625502398,1704042578092377514,500,http://172.169.8.253:31112/function/opt-66b-submod-0-latency-25.cdgp
1704042568625588268,1704042578096016382,500,http://172.169.8.253:31112/function/opt-66b-submod-0-latency-25.cdgp
1704042568625663007,1704042577910292154,500,http://172.169.8.253:31112/function/opt-66b-submod-0-latency-25.cdgp
1704042568625805298,1704042570384832159,200,http://172.169.8.253:31112/function/opt-66b-submod-0-latency-25.cdgp
1704042568625985006,1704042570566943785,200,http://172.169.8.253:31112/function/opt-66b-submod-0-latency-25.cdgp
1704042568627056047,1704042570255391835,200,http://172.169.8.253:31112/function/opt-66b-submod-0-latency-25.cdgp
1704042568627151835,1704042578291134041,500,http://172.169.8.253:31112/function/opt-66b-submod-0-latency-25.cdgp
1704042568627235394,1704042577691399260,500,http://172.169.8.253:31112/function/opt-66b-submod-0-latency-25.cdgp
1704042568627345685,1704042578291906648,500,http://172.169.8.253:31112/function/opt-66b-submod-0-latency-25.cdgp
1704042568627418015,1704042577038340650,500,http://172.169.8.253:31112/function/opt-66b-submod-0-latency-25.cdgp
1704042568627498798,1704042577903472041,500,http://172.169.8.253:31112/function/opt-66b-submod-0-latency-25.cdgp
1704042568627575532,1704042577852364244,500,http://172.169.8.253:31112/function/opt-66b-submod-0-latency-25.cdgp
1704042568627701110,1704042577455510945,500,http://172.169.8.253:31112/function/opt-66b-submod-0-latency-25.cdgp
1704042568627782857,1704042570601886940,200,http://172.169.8.253:31112/function/opt-66b-submod-0-latency-25.cdgp
1704042568627862320,1704042569934679940,200,http://172.169.8.253:31112/function/opt-66b-submod-0-latency-25.cdgp
1704042568627938371,1704042578092000337,500,http://172.169.8.253:31112/function/opt-66b-submod-0-latency-25.cdgp
1704042569380152497,1704042578657143214,500,http://172.169.8.253:31112/function/opt-66b-submod-0-latency-25.cdgp
1704042569380240831,1704042578653181539,500,http://172.169.8.253:31112/function/opt-66b-submod-0-latency-25.cdgp
1704042569380381245,1704042578741231283,500,http://172.169.8.253:31112/function/opt-66b-submod-0-latency-25.cdgp
1704042569380498837,1704042578347721475,500,http://172.169.8.253:31112/function/opt-66b-submod-0-latency-25.cdgp
1704042569380564493,1704042570760130027,200,http://172.169.8.253:31112/function/opt-66b-submod-0-latency-25.cdgp
1704042569380630938,1704042570572668734,200,http://172.169.8.253:31112/function/opt-66b-submod-0-latency-25.cdgp
1704042569380672244,1704042577849675021,500,http://172.169.8.253:31112/function/opt-66b-submod-0-latency-25.cdgp
1704042569380762813,1704042577849351797,500,http://172.169.8.253:31112/function/opt-66b-submod-0-latency-25.cdgp
1704042569380823871,1704042577903715110,500,http://172.169.8.253:31112/function/opt-66b-submod-0-latency-25.cdgp
1704042569380846378,1704042578737992351,504,http://172.169.8.253:31112/function/opt-66b-submod-0-latency-25.cdgp
1704042569380942454,1704042578737967725,500,http://172.169.8.253:31112/function/opt-66b-submod-0-latency-25.cdgp
1704042569380996483,1704042570599901460,200,http://172.169.8.253:31112/function/opt-66b-submod-0-latency-25.cdgp
1704042569381029870,1704042578743539758,500,http://172.169.8.253:31112/function/opt-66b-submod-0-latency-25.cdgp
1704042569381118403,1704042578388568926,500,http://172.169.8.253:31112/function/opt-66b-submod-0-latency-25.cdgp
1704042569387226458,1704042578656930585,500,http://172.169.8.253:31112/function/opt-66b-submod-0-latency-25.cdgp
1704042569387287345,1704042578658062451,500,http://172.169.8.253:31112/function/opt-66b-submod-0-latency-25.cdgp
1704042570619316457,1704042579683412053,500,http://172.169.8.253:31112/function/opt-66b-submod-0-latency-25.cdgp
1704042570619411554,1704042579707452278,500,http://172.169.8.253:31112/function/opt-66b-submod-0-latency-25.cdgp
1704042570619495931,1704042580383495662,500,http://172.169.8.253:31112/function/opt-66b-submod-0-latency-25.cdgp
1704042570619606607,1704042579638152175,500,http://172.169.8.253:31112/function/opt-66b-submod-0-latency-25.cdgp
1704042570619677422,1704042579752155562,500,http://172.169.8.253:31112/function/opt-66b-submod-0-latency-25.cdgp
1704042570619718731,1704042579735452358,500,http://172.169.8.253:31112/function/opt-66b-submod-0-latency-25.cdgp
1704042570619820823,1704042579728285985,500,http://172.169.8.253:31112/function/opt-66b-submod-0-latency-25.cdgp
1704042570619898017,1704042579550439567,500,http://172.169.8.253:31112/function/opt-66b-submod-0-latency-25.cdgp
1704042570619984400,1704042571759210410,200,http://172.169.8.253:31112/function/opt-66b-submod-0-latency-25.cdgp
1704042570620072074,1704042579638482483,500,http://172.169.8.253:31112/function/opt-66b-submod-0-latency-25.cdgp
1704042570620147526,1704042578660848940,200,http://172.169.8.253:31112/function/opt-66b-submod-0-latency-25.cdgp
1704042570620211454,1704042571494910539,200,http://172.169.8.253:31112/function/opt-66b-submod-0-latency-25.cdgp
1704042570620287298,1704042571731839946,200,http://172.169.8.253:31112/function/opt-66b-submod-0-latency-25.cdgp
1704042570620358489,1704042579678420928,500,http://172.169.8.253:31112/function/opt-66b-submod-0-latency-25.cdgp
1704042571020501796,1704042572207600305,200,http://172.169.8.253:31112/function/opt-66b-submod-0-latency-25.cdgp
1704042571020604014,1704042580085015630,500,http://172.169.8.253:31112/function/opt-66b-submod-0-latency-25.cdgp
1704042571020688239,1704042578660698634,200,http://172.169.8.253:31112/function/opt-66b-submod-0-latency-25.cdgp
1704042571020787191,1704042572043459623,200,http://172.169.8.253:31112/function/opt-66b-submod-0-latency-25.cdgp
1704042571020863820,1704042580258363170,500,http://172.169.8.253:31112/function/opt-66b-submod-0-latency-25.cdgp
1704042571020939643,1704042580066136095,500,http://172.169.8.253:31112/function/opt-66b-submod-0-latency-25.cdgp
1704042571021004500,1704042571879410707,200,http://172.169.8.253:31112/function/opt-66b-submod-0-latency-25.cdgp
1704042571021047830,1704042572492990746,200,http://172.169.8.253:31112/function/opt-66b-submod-0-latency-25.cdgp
1704042571021108964,1704042579159495995,500,http://172.169.8.253:31112/function/opt-66b-submod-0-latency-25.cdgp
1704042571021166194,1704042579114431534,500,http://172.169.8.253:31112/function/opt-66b-submod-0-latency-25.cdgp
1704042571021243405,1704042580270628545,500,http://172.169.8.253:31112/function/opt-66b-submod-0-latency-25.cdgp
1704042571021295762,1704042580323958459,500,http://172.169.8.253:31112/function/opt-66b-submod-0-latency-25.cdgp
1704042571021345815,1704042578780491707,200,http://172.169.8.253:31112/function/opt-66b-submod-0-latency-25.cdgp
1704042571021403218,1704042580089195565,500,http://172.169.8.253:31112/function/opt-66b-submod-0-latency-25.cdgp
1704042571070114632,1704042580269238590,500,http://172.169.8.253:31112/function/opt-66b-submod-0-latency-25.cdgp
1704042571070193274,1704042580179803539,500,http://172.169.8.253:31112/function/opt-66b-submod-0-latency-25.cdgp
1704042571070357571,1704042580433246360,500,http://172.169.8.253:31112/function/opt-66b-submod-0-latency-25.cdgp
1704042571070425051,1704042572823494528,200,http://172.169.8.253:31112/function/opt-66b-submod-0-latency-25.cdgp
1704042571070490785,1704042580311496592,500,http://172.169.8.253:31112/function/opt-66b-submod-0-latency-25.cdgp
1704042571071709250,1704042579160340102,500,http://172.169.8.253:31112/function/opt-66b-submod-0-latency-25.cdgp
1704042571071772745,1704042580435305534,500,http://172.169.8.253:31112/function/opt-66b-submod-0-latency-25.cdgp
1704042571071809338,1704042580431690516,500,http://172.169.8.253:31112/function/opt-66b-submod-0-latency-25.cdgp
1704042571071890190,1704042580430773651,500,http://172.169.8.253:31112/function/opt-66b-submod-0-latency-25.cdgp
1704042571141066044,1704042580395606688,500,http://172.169.8.253:31112/function/opt-66b-submod-0-latency-25.cdgp
1704042571141145403,1704042572651473080,200,http://172.169.8.253:31112/function/opt-66b-submod-0-latency-25.cdgp
1704042571141198393,1704042579475271393,500,http://172.169.8.253:31112/function/opt-66b-submod-0-latency-25.cdgp
1704042571141235332,1704042580324394117,500,http://172.169.8.253:31112/function/opt-66b-submod-0-latency-25.cdgp
1704042571141313837,1704042572459377015,200,http://172.169.8.253:31112/function/opt-66b-submod-0-latency-25.cdgp
1704042571141380889,1704042572423708143,200,http://172.169.8.253:31112/function/opt-66b-submod-0-latency-25.cdgp
1704042571174625964,1704042580267478071,500,http://172.169.8.253:31112/function/opt-66b-submod-0-latency-25.cdgp
1704042571174701411,1704042572651458685,200,http://172.169.8.253:31112/function/opt-66b-submod-0-latency-25.cdgp
1704042571174720621,1704042580752750456,500,http://172.169.8.253:31112/function/opt-66b-submod-0-latency-25.cdgp
1704042571174819328,1704042580353717837,500,http://172.169.8.253:31112/function/opt-66b-submod-0-latency-25.cdgp
1704042571174863864,1704042580434881922,500,http://172.169.8.253:31112/function/opt-66b-submod-0-latency-25.cdgp
1704042571174938368,1704042578659424412,200,http://172.169.8.253:31112/function/opt-66b-submod-0-latency-25.cdgp
1704042571174964994,1704042572950936385,200,http://172.169.8.253:31112/function/opt-66b-submod-0-latency-25.cdgp
1704042571175057150,1704042580395607645,500,http://172.169.8.253:31112/function/opt-66b-submod-0-latency-25.cdgp
1704042571175115934,1704042572975572226,200,http://172.169.8.253:31112/function/opt-66b-submod-0-latency-25.cdgp
1704042571188813945,1704042580783738682,500,http://172.169.8.253:31112/function/opt-66b-submod-0-latency-25.cdgp
1704042571188857267,1704042580753201081,500,http://172.169.8.253:31112/function/opt-66b-submod-0-latency-25.cdgp
1704042571188958654,1704042572777076756,200,http://172.169.8.253:31112/function/opt-66b-submod-0-latency-25.cdgp
1704042571189002617,1704042579479618599,500,http://172.169.8.253:31112/function/opt-66b-submod-0-latency-25.cdgp
1704042571189077361,1704042580783152106,500,http://172.169.8.253:31112/function/opt-66b-submod-0-latency-25.cdgp
1704042571189109037,1704042579709846303,200,http://172.169.8.253:31112/function/opt-66b-submod-0-latency-25.cdgp
1704042571189195104,1704042580752467812,500,http://172.169.8.253:31112/function/opt-66b-submod-0-latency-25.cdgp
1704042571191081909,1704042572734805322,200,http://172.169.8.253:31112/function/opt-66b-submod-0-latency-25.cdgp
1704042571191186758,1704042580789538204,500,http://172.169.8.253:31112/function/opt-66b-submod-0-latency-25.cdgp
1704042571191266396,1704042580783844127,500,http://172.169.8.253:31112/function/opt-66b-submod-0-latency-25.cdgp
1704042571191341602,1704042580783793802,500,http://172.169.8.253:31112/function/opt-66b-submod-0-latency-25.cdgp
1704042571191413372,1704042579845618756,500,http://172.169.8.253:31112/function/opt-66b-submod-0-latency-25.cdgp
1704042571191491581,1704042580783728401,500,http://172.169.8.253:31112/function/opt-66b-submod-0-latency-25.cdgp
1704042571191596935,1704042572843621283,200,http://172.169.8.253:31112/function/opt-66b-submod-0-latency-25.cdgp
1704042571191680144,1704042578739499268,200,http://172.169.8.253:31112/function/opt-66b-submod-0-latency-25.cdgp
1704042571191757836,1704042580783466469,500,http://172.169.8.253:31112/function/opt-66b-submod-0-latency-25.cdgp
1704042571191843412,1704042579701735823,500,http://172.169.8.253:31112/function/opt-66b-submod-0-latency-25.cdgp
1704042571191921893,1704042579719955328,200,http://172.169.8.253:31112/function/opt-66b-submod-0-latency-25.cdgp
1704042571191991321,1704042580783480557,500,http://172.169.8.253:31112/function/opt-66b-submod-0-latency-25.cdgp
1704042571192069180,1704042580752873066,500,http://172.169.8.253:31112/function/opt-66b-submod-0-latency-25.cdgp
1704042571192140305,1704042572848216444,200,http://172.169.8.253:31112/function/opt-66b-submod-0-latency-25.cdgp
1704042571192206322,1704042579479473862,500,http://172.169.8.253:31112/function/opt-66b-submod-0-latency-25.cdgp
1704042571192226688,1704042580752814951,500,http://172.169.8.253:31112/function/opt-66b-submod-0-latency-25.cdgp
1704042571192305155,1704042578743845174,200,http://172.169.8.253:31112/function/opt-66b-submod-0-latency-25.cdgp
1704042571192401190,1704042580752457174,500,http://172.169.8.253:31112/function/opt-66b-submod-0-latency-25.cdgp
1704042571457328613,1704042580970565633,500,http://172.169.8.253:31112/function/opt-66b-submod-0-latency-25.cdgp
1704042571457442479,1704042572967634048,200,http://172.169.8.253:31112/function/opt-66b-submod-0-latency-25.cdgp
1704042571468230126,1704042573458452921,200,http://172.169.8.253:31112/function/opt-66b-submod-0-latency-25.cdgp
1704042571468315499,1704042580752993602,500,http://172.169.8.253:31112/function/opt-66b-submod-0-latency-25.cdgp
1704042571468381261,1704042579890880699,500,http://172.169.8.253:31112/function/opt-66b-submod-0-latency-25.cdgp
1704042571468433581,1704042580753296366,500,http://172.169.8.253:31112/function/opt-66b-submod-0-latency-25.cdgp
1704042571468535955,1704042573250634910,200,http://172.169.8.253:31112/function/opt-66b-submod-0-latency-25.cdgp
1704042571468595988,1704042581011532165,500,http://172.169.8.253:31112/function/opt-66b-submod-0-latency-25.cdgp
1704042571468666521,1704042581227939690,500,http://172.169.8.253:31112/function/opt-66b-submod-0-latency-25.cdgp
1704042571468765154,1704042580970937491,500,http://172.169.8.253:31112/function/opt-66b-submod-0-latency-25.cdgp
1704042571468843471,1704042579711841884,200,http://172.169.8.253:31112/function/opt-66b-submod-0-latency-25.cdgp
1704042571468929329,1704042573023146528,200,http://172.169.8.253:31112/function/opt-66b-submod-0-latency-25.cdgp
1704042571468954979,1704042579887171219,500,http://172.169.8.253:31112/function/opt-66b-submod-0-latency-25.cdgp
1704042571469023355,1704042573313149988,200,http://172.169.8.253:31112/function/opt-66b-submod-0-latency-25.cdgp
1704042571476488038,1704042581153130619,500,http://172.169.8.253:31112/function/opt-66b-submod-0-latency-25.cdgp
1704042571476582676,1704042578778440527,200,http://172.169.8.253:31112/function/opt-66b-submod-0-latency-25.cdgp
1704042571476663322,1704042581291255538,500,http://172.169.8.253:31112/function/opt-66b-submod-0-latency-25.cdgp
1704042571476755787,1704042579930503126,500,http://172.169.8.253:31112/function/opt-66b-submod-0-latency-25.cdgp
1704042571476829055,1704042581047947151,500,http://172.169.8.253:31112/function/opt-66b-submod-0-latency-25.cdgp
1704042571476908617,1704042578932516595,200,http://172.169.8.253:31112/function/opt-66b-submod-0-latency-25.cdgp
1704042571477003847,1704042573206985821,200,http://172.169.8.253:31112/function/opt-66b-submod-0-latency-25.cdgp
1704042571477052395,1704042581284690748,500,http://172.169.8.253:31112/function/opt-66b-submod-0-latency-25.cdgp
1704042571477157727,1704042579766449857,200,http://172.169.8.253:31112/function/opt-66b-submod-0-latency-25.cdgp
1704042571477236742,1704042579722478853,200,http://172.169.8.253:31112/function/opt-66b-submod-0-latency-25.cdgp
1704042571477268113,1704042579814171365,200,http://172.169.8.253:31112/function/opt-66b-submod-0-latency-25.cdgp
1704042571477309146,1704042573160479315,200,http://172.169.8.253:31112/function/opt-66b-submod-0-latency-25.cdgp
1704042571477354724,1704042573093805720,200,http://172.169.8.253:31112/function/opt-66b-submod-0-latency-25.cdgp
1704042571477430100,1704042581232754582,500,http://172.169.8.253:31112/function/opt-66b-submod-0-latency-25.cdgp
1704042571477507738,1704042581377014249,500,http://172.169.8.253:31112/function/opt-66b-submod-0-latency-25.cdgp
1704042571477538356,1704042573804109557,200,http://172.169.8.253:31112/function/opt-66b-submod-0-latency-25.cdgp
1704042571477624453,1704042579794804416,200,http://172.169.8.253:31112/function/opt-66b-submod-0-latency-25.cdgp
1704042571477698511,1704042581374421703,500,http://172.169.8.253:31112/function/opt-66b-submod-0-latency-25.cdgp
1704042571481685012,1704042580346981504,500,http://172.169.8.253:31112/function/opt-66b-submod-0-latency-25.cdgp
1704042571481778780,1704042573257903495,200,http://172.169.8.253:31112/function/opt-66b-submod-0-latency-25.cdgp
1704042571481844317,1704042573913842093,200,http://172.169.8.253:31112/function/opt-66b-submod-0-latency-25.cdgp
1704042571482077037,1704042581121281058,500,http://172.169.8.253:31112/function/opt-66b-submod-0-latency-25.cdgp
1704042571482173267,1704042573592533419,200,http://172.169.8.253:31112/function/opt-66b-submod-0-latency-25.cdgp
1704042571482250352,1704042573532309925,200,http://172.169.8.253:31112/function/opt-66b-submod-0-latency-25.cdgp
1704042571482351520,1704042581177966389,500,http://172.169.8.253:31112/function/opt-66b-submod-0-latency-25.cdgp
1704042571482428153,1704042580983078988,500,http://172.169.8.253:31112/function/opt-66b-submod-0-latency-25.cdgp
1704042571482521722,1704042581386909050,500,http://172.169.8.253:31112/function/opt-66b-submod-0-latency-25.cdgp
1704042571482634390,1704042580983215453,500,http://172.169.8.253:31112/function/opt-66b-submod-0-latency-25.cdgp
1704042571482708610,1704042579717848759,200,http://172.169.8.253:31112/function/opt-66b-submod-0-latency-25.cdgp
1704042571482743769,1704042581159924233,500,http://172.169.8.253:31112/function/opt-66b-submod-0-latency-25.cdgp
1704042571482780631,1704042573718448106,200,http://172.169.8.253:31112/function/opt-66b-submod-0-latency-25.cdgp
1704042571482850881,1704042573551483310,200,http://172.169.8.253:31112/function/opt-66b-submod-0-latency-25.cdgp
1704042571482884326,1704042581288960649,500,http://172.169.8.253:31112/function/opt-66b-submod-0-latency-25.cdgp
1704042571482946079,1704042581211558685,500,http://172.169.8.253:31112/function/opt-66b-submod-0-latency-25.cdgp
1704042571483019205,1704042581369430036,500,http://172.169.8.253:31112/function/opt-66b-submod-0-latency-25.cdgp
1704042571483083939,1704042579763368227,200,http://172.169.8.253:31112/function/opt-66b-submod-0-latency-25.cdgp
1704042571483161554,1704042581377254971,500,http://172.169.8.253:31112/function/opt-66b-submod-0-latency-25.cdgp
1704042571512488995,1704042573319937240,200,http://172.169.8.253:31112/function/opt-66b-submod-0-latency-25.cdgp
1704042571512564978,1704042581219422626,500,http://172.169.8.253:31112/function/opt-66b-submod-0-latency-25.cdgp
1704042571512648700,1704042573579334571,200,http://172.169.8.253:31112/function/opt-66b-submod-0-latency-25.cdgp
1704042571512726571,1704042581420817143,500,http://172.169.8.253:31112/function/opt-66b-submod-0-latency-25.cdgp
1704042571512805306,1704042581282805979,500,http://172.169.8.253:31112/function/opt-66b-submod-0-latency-25.cdgp
1704042571512869334,1704042578703457285,200,http://172.169.8.253:31112/function/opt-66b-submod-0-latency-25.cdgp
1704042571512903035,1704042579767536396,200,http://172.169.8.253:31112/function/opt-66b-submod-0-latency-25.cdgp
1704042571512989852,1704042573412131684,200,http://172.169.8.253:31112/function/opt-66b-submod-0-latency-25.cdgp
1704042571513032999,1704042581211471058,500,http://172.169.8.253:31112/function/opt-66b-submod-0-latency-25.cdgp
1704042571513096223,1704042581371236910,500,http://172.169.8.253:31112/function/opt-66b-submod-0-latency-25.cdgp
1704042571513169126,1704042581295245807,500,http://172.169.8.253:31112/function/opt-66b-submod-0-latency-25.cdgp
1704042571513201848,1704042580085037495,500,http://172.169.8.253:31112/function/opt-66b-submod-0-latency-25.cdgp
1704042571513258110,1704042581121446063,500,http://172.169.8.253:31112/function/opt-66b-submod-0-latency-25.cdgp
1704042571676783506,1704042581286208494,500,http://172.169.8.253:31112/function/opt-66b-submod-0-latency-25.cdgp
1704042571676865336,1704042581227305062,500,http://172.169.8.253:31112/function/opt-66b-submod-0-latency-25.cdgp
1704042571676926765,1704042581298638982,500,http://172.169.8.253:31112/function/opt-66b-submod-0-latency-25.cdgp
1704042571676964382,1704042573269265328,200,http://172.169.8.253:31112/function/opt-66b-submod-0-latency-25.cdgp
1704042575421570457,1704042584349145020,500,http://172.169.8.253:31112/function/opt-66b-submod-0-latency-25.cdgp
1704042575421709916,1704042584395198396,500,http://172.169.8.253:31112/function/opt-66b-submod-0-latency-25.cdgp
1704042575421799316,1704042584396912112,500,http://172.169.8.253:31112/function/opt-66b-submod-0-latency-25.cdgp
1704042575421854711,1704042584358621495,500,http://172.169.8.253:31112/function/opt-66b-submod-0-latency-25.cdgp
1704042575421929922,1704042584328561225,500,http://172.169.8.253:31112/function/opt-66b-submod-0-latency-25.cdgp
1704042575421999581,1704042576322248769,200,http://172.169.8.253:31112/function/opt-66b-submod-0-latency-25.cdgp
1704042575585099450,1704042584502019553,500,http://172.169.8.253:31112/function/opt-66b-submod-0-latency-25.cdgp
1704042575585194009,1704042584456620765,500,http://172.169.8.253:31112/function/opt-66b-submod-0-latency-25.cdgp
1704042575585260326,1704042579713874162,200,http://172.169.8.253:31112/function/opt-66b-submod-0-latency-25.cdgp
1704042575585344278,1704042584497558676,500,http://172.169.8.253:31112/function/opt-66b-submod-0-latency-25.cdgp
1704042575593289069,1704042584959667151,500,http://172.169.8.253:31112/function/opt-66b-submod-0-latency-25.cdgp
1704042575593445389,1704042584817712603,500,http://172.169.8.253:31112/function/opt-66b-submod-0-latency-25.cdgp
1704042575593520002,1704042584565805457,500,http://172.169.8.253:31112/function/opt-66b-submod-0-latency-25.cdgp
1704042575593649731,1704042584818903671,500,http://172.169.8.253:31112/function/opt-66b-submod-0-latency-25.cdgp
1704042575593741637,1704042584942525965,500,http://172.169.8.253:31112/function/opt-66b-submod-0-latency-25.cdgp
1704042575593804410,1704042584567742736,500,http://172.169.8.253:31112/function/opt-66b-submod-0-latency-25.cdgp
1704042575593883706,1704042576943157440,200,http://172.169.8.253:31112/function/opt-66b-submod-0-latency-25.cdgp
1704042575593957241,1704042582290978036,200,http://172.169.8.253:31112/function/opt-66b-submod-0-latency-25.cdgp
1704042575594055452,1704042576618811483,200,http://172.169.8.253:31112/function/opt-66b-submod-0-latency-25.cdgp
1704042575594134567,1704042577455600657,200,http://172.169.8.253:31112/function/opt-66b-submod-0-latency-25.cdgp
1704042575594217561,1704042582325594447,200,http://172.169.8.253:31112/function/opt-66b-submod-0-latency-25.cdgp
1704042575594335139,1704042582287824865,200,http://172.169.8.253:31112/function/opt-66b-submod-0-latency-25.cdgp
1704042575626222588,1704042578739752823,200,http://172.169.8.253:31112/function/opt-66b-submod-0-latency-25.cdgp
1704042575626326305,1704042579737988330,200,http://172.169.8.253:31112/function/opt-66b-submod-0-latency-25.cdgp
1704042575626418742,1704042579722066710,200,http://172.169.8.253:31112/function/opt-66b-submod-0-latency-25.cdgp
1704042575626485860,1704042578741622040,200,http://172.169.8.253:31112/function/opt-66b-submod-0-latency-25.cdgp
1704042575626530957,1704042585627133166,500,http://172.169.8.253:31112/function/opt-66b-submod-0-latency-25.cdgp
1704042575626613471,1704042585627123489,500,http://172.169.8.253:31112/function/opt-66b-submod-0-latency-25.cdgp
1704042575626654476,1704042582069731148,200,http://172.169.8.253:31112/function/opt-66b-submod-0-latency-25.cdgp
1704042575626726435,1704042579235688560,200,http://172.169.8.253:31112/function/opt-66b-submod-0-latency-25.cdgp
1704042575626794731,1704042582292524968,200,http://172.169.8.253:31112/function/opt-66b-submod-0-latency-25.cdgp
1704042575626827188,1704042585627121657,500,http://172.169.8.253:31112/function/opt-66b-submod-0-latency-25.cdgp
1704042575626891516,1704042580789688278,200,http://172.169.8.253:31112/function/opt-66b-submod-0-latency-25.cdgp
1704042575626977416,1704042580786338689,200,http://172.169.8.253:31112/function/opt-66b-submod-0-latency-25.cdgp
1704042575627010679,1704042582294934033,200,http://172.169.8.253:31112/function/opt-66b-submod-0-latency-25.cdgp
1704042575627102175,1704042585627236751,500,http://172.169.8.253:31112/function/opt-66b-submod-0-latency-25.cdgp
1704042575627126955,1704042579230701503,200,http://172.169.8.253:31112/function/opt-66b-submod-0-latency-25.cdgp
1704042575627233625,1704042582293453327,200,http://172.169.8.253:31112/function/opt-66b-submod-0-latency-25.cdgp
1704042575627299572,1704042585488607033,500,http://172.169.8.253:31112/function/opt-66b-submod-0-latency-25.cdgp
1704042575627342206,1704042579735434160,200,http://172.169.8.253:31112/function/opt-66b-submod-0-latency-25.cdgp
1704042575627398693,1704042582290508409,200,http://172.169.8.253:31112/function/opt-66b-submod-0-latency-25.cdgp
1704042575627470971,1704042579727515631,200,http://172.169.8.253:31112/function/opt-66b-submod-0-latency-25.cdgp
1704042575627540722,1704042578931888799,200,http://172.169.8.253:31112/function/opt-66b-submod-0-latency-25.cdgp
1704042575627605994,1704042579731006943,200,http://172.169.8.253:31112/function/opt-66b-submod-0-latency-25.cdgp
1704042575627675879,1704042582289058317,200,http://172.169.8.253:31112/function/opt-66b-submod-0-latency-25.cdgp
1704042575627752358,1704042582324624253,200,http://172.169.8.253:31112/function/opt-66b-submod-0-latency-25.cdgp
1704042575627819451,1704042585466502814,500,http://172.169.8.253:31112/function/opt-66b-submod-0-latency-25.cdgp
1704042575627908403,1704042582323803079,200,http://172.169.8.253:31112/function/opt-66b-submod-0-latency-25.cdgp
1704042575627983077,1704042582324205247,200,http://172.169.8.253:31112/function/opt-66b-submod-0-latency-25.cdgp
1704042575628036583,1704042579393568114,200,http://172.169.8.253:31112/function/opt-66b-submod-0-latency-25.cdgp
1704042575628099399,1704042585161322225,500,http://172.169.8.253:31112/function/opt-66b-submod-0-latency-25.cdgp
1704042575628151396,1704042582292215699,200,http://172.169.8.253:31112/function/opt-66b-submod-0-latency-25.cdgp
1704042575628204582,1704042585173226305,500,http://172.169.8.253:31112/function/opt-66b-submod-0-latency-25.cdgp
1704042575634899780,1704042582069576276,200,http://172.169.8.253:31112/function/opt-66b-submod-0-latency-25.cdgp
1704042575635266317,1704042585553508966,500,http://172.169.8.253:31112/function/opt-66b-submod-0-latency-25.cdgp
1704042575635372043,1704042585107739762,500,http://172.169.8.253:31112/function/opt-66b-submod-0-latency-25.cdgp
1704042575635456199,1704042583734107985,200,http://172.169.8.253:31112/function/opt-66b-submod-0-latency-25.cdgp
1704042575635570143,1704042585087478282,500,http://172.169.8.253:31112/function/opt-66b-submod-0-latency-25.cdgp
1704042575635674594,1704042579736374101,200,http://172.169.8.253:31112/function/opt-66b-submod-0-latency-25.cdgp
1704042575635769151,1704042585481643328,500,http://172.169.8.253:31112/function/opt-66b-submod-0-latency-25.cdgp
1704042575659367188,1704042584167002146,200,http://172.169.8.253:31112/function/opt-66b-submod-0-latency-25.cdgp
1704042575659419024,1704042585660405360,500,http://172.169.8.253:31112/function/opt-66b-submod-0-latency-25.cdgp
1704042575659494330,1704042582293137202,200,http://172.169.8.253:31112/function/opt-66b-submod-0-latency-25.cdgp
1704042575659576101,1704042582160999632,200,http://172.169.8.253:31112/function/opt-66b-submod-0-latency-25.cdgp
1704042575659622352,1704042585398998350,500,http://172.169.8.253:31112/function/opt-66b-submod-0-latency-25.cdgp
1704042575659702849,1704042579217626144,200,http://172.169.8.253:31112/function/opt-66b-submod-0-latency-25.cdgp
1704042575659748867,1704042585486994482,500,http://172.169.8.253:31112/function/opt-66b-submod-0-latency-25.cdgp
1704042575659832590,1704042582069997915,200,http://172.169.8.253:31112/function/opt-66b-submod-0-latency-25.cdgp
1704042575659896714,1704042579733451277,200,http://172.169.8.253:31112/function/opt-66b-submod-0-latency-25.cdgp
1704042575659921853,1704042582289508994,200,http://172.169.8.253:31112/function/opt-66b-submod-0-latency-25.cdgp
1704042575659990327,1704042585094652426,500,http://172.169.8.253:31112/function/opt-66b-submod-0-latency-25.cdgp
1704042575660052979,1704042585088358063,500,http://172.169.8.253:31112/function/opt-66b-submod-0-latency-25.cdgp
1704042575660061906,1704042582323377673,200,http://172.169.8.253:31112/function/opt-66b-submod-0-latency-25.cdgp
1704042575660135885,1704042585261943628,500,http://172.169.8.253:31112/function/opt-66b-submod-0-latency-25.cdgp
1704042575660202777,1704042585105721816,500,http://172.169.8.253:31112/function/opt-66b-submod-0-latency-25.cdgp
1704042575660231492,1704042585164097658,500,http://172.169.8.253:31112/function/opt-66b-submod-0-latency-25.cdgp
1704042575669569250,1704042582291594991,200,http://172.169.8.253:31112/function/opt-66b-submod-0-latency-25.cdgp
1704042575669652702,1704042579725646306,200,http://172.169.8.253:31112/function/opt-66b-submod-0-latency-25.cdgp
1704042575669721145,1704042585311596119,500,http://172.169.8.253:31112/function/opt-66b-submod-0-latency-25.cdgp
1704042575669799512,1704042585470424192,500,http://172.169.8.253:31112/function/opt-66b-submod-0-latency-25.cdgp
1704042575669867993,1704042585413582120,500,http://172.169.8.253:31112/function/opt-66b-submod-0-latency-25.cdgp
1704042575669932234,1704042580784183813,200,http://172.169.8.253:31112/function/opt-66b-submod-0-latency-25.cdgp
1704042575669960075,1704042579731255469,200,http://172.169.8.253:31112/function/opt-66b-submod-0-latency-25.cdgp
1704042575669987925,1704042578744607447,200,http://172.169.8.253:31112/function/opt-66b-submod-0-latency-25.cdgp
1704042575670055897,1704042582325077570,200,http://172.169.8.253:31112/function/opt-66b-submod-0-latency-25.cdgp
1704042575670122915,1704042585594073545,500,http://172.169.8.253:31112/function/opt-66b-submod-0-latency-25.cdgp
1704042575670155248,1704042585406080984,500,http://172.169.8.253:31112/function/opt-66b-submod-0-latency-25.cdgp
1704042575775994136,1704042585776193239,500,http://172.169.8.253:31112/function/opt-66b-submod-0-latency-25.cdgp
1704042575817610908,1704042585749047602,500,http://172.169.8.253:31112/function/opt-66b-submod-0-latency-25.cdgp
1704042575817691532,1704042585595297166,500,http://172.169.8.253:31112/function/opt-66b-submod-0-latency-25.cdgp
1704042575817795865,1704042583762734309,200,http://172.169.8.253:31112/function/opt-66b-submod-0-latency-25.cdgp
1704042576003514483,1704042585410685803,500,http://172.169.8.253:31112/function/opt-66b-submod-0-latency-25.cdgp
1704042576010415113,1704042582069977792,200,http://172.169.8.253:31112/function/opt-66b-submod-0-latency-25.cdgp
1704042576010569146,1704042582323360379,200,http://172.169.8.253:31112/function/opt-66b-submod-0-latency-25.cdgp
1704042576010704317,1704042582323732947,200,http://172.169.8.253:31112/function/opt-66b-submod-0-latency-25.cdgp
1704042576010798415,1704042582062465195,200,http://172.169.8.253:31112/function/opt-66b-submod-0-latency-25.cdgp
1704042576012531844,1704042582063116083,200,http://172.169.8.253:31112/function/opt-66b-submod-0-latency-25.cdgp
1704042576012607880,1704042582073087219,200,http://172.169.8.253:31112/function/opt-66b-submod-0-latency-25.cdgp
1704042576012863097,1704042585933063901,500,http://172.169.8.253:31112/function/opt-66b-submod-0-latency-25.cdgp
1704042576012959359,1704042585931100596,500,http://172.169.8.253:31112/function/opt-66b-submod-0-latency-25.cdgp
1704042576013036078,1704042585654441298,500,http://172.169.8.253:31112/function/opt-66b-submod-0-latency-25.cdgp
1704042576014986846,1704042582070241108,200,http://172.169.8.253:31112/function/opt-66b-submod-0-latency-25.cdgp
1704042576048635551,1704042582296240829,200,http://172.169.8.253:31112/function/opt-66b-submod-0-latency-25.cdgp
1704042576049105835,1704042582290517145,200,http://172.169.8.253:31112/function/opt-66b-submod-0-latency-25.cdgp
1704042576049156902,1704042580600707679,200,http://172.169.8.253:31112/function/opt-66b-submod-0-latency-25.cdgp
1704042576049197125,1704042579651937219,200,http://172.169.8.253:31112/function/opt-66b-submod-0-latency-25.cdgp
1704042576049271491,1704042580789522497,200,http://172.169.8.253:31112/function/opt-66b-submod-0-latency-25.cdgp
1704042576049325265,1704042584154176348,200,http://172.169.8.253:31112/function/opt-66b-submod-0-latency-25.cdgp
1704042576049374205,1704042579231687210,200,http://172.169.8.253:31112/function/opt-66b-submod-0-latency-25.cdgp
1704042576049431760,1704042585928703583,500,http://172.169.8.253:31112/function/opt-66b-submod-0-latency-25.cdgp
1704042576049562180,1704042585774815504,500,http://172.169.8.253:31112/function/opt-66b-submod-0-latency-25.cdgp
1704042576049636312,1704042585932441204,500,http://172.169.8.253:31112/function/opt-66b-submod-0-latency-25.cdgp
1704042576049717442,1704042582291576983,200,http://172.169.8.253:31112/function/opt-66b-submod-0-latency-25.cdgp
1704042576049893047,1704042582069955729,200,http://172.169.8.253:31112/function/opt-66b-submod-0-latency-25.cdgp
1704042576049962565,1704042582294924382,200,http://172.169.8.253:31112/function/opt-66b-submod-0-latency-25.cdgp
1704042576050043309,1704042583898772455,200,http://172.169.8.253:31112/function/opt-66b-submod-0-latency-25.cdgp
1704042576050123014,1704042585776068743,500,http://172.169.8.253:31112/function/opt-66b-submod-0-latency-25.cdgp
1704042576050186522,1704042580788948898,200,http://172.169.8.253:31112/function/opt-66b-submod-0-latency-25.cdgp
1704042576050268168,1704042582062614686,200,http://172.169.8.253:31112/function/opt-66b-submod-0-latency-25.cdgp
1704042576050382651,1704042586051048509,500,http://172.169.8.253:31112/function/opt-66b-submod-0-latency-25.cdgp
1704042576050457198,1704042582292130238,200,http://172.169.8.253:31112/function/opt-66b-submod-0-latency-25.cdgp
1704042576050513609,1704042585793472168,500,http://172.169.8.253:31112/function/opt-66b-submod-0-latency-25.cdgp
1704042576050571069,1704042584161065255,200,http://172.169.8.253:31112/function/opt-66b-submod-0-latency-25.cdgp
1704042576515743370,1704042584071441352,200,http://172.169.8.253:31112/function/opt-66b-submod-0-latency-25.cdgp
1704042576515836994,1704042585811050023,500,http://172.169.8.253:31112/function/opt-66b-submod-0-latency-25.cdgp
1704042576515931417,1704042585782798505,500,http://172.169.8.253:31112/function/opt-66b-submod-0-latency-25.cdgp
1704042576516011356,1704042582164503695,200,http://172.169.8.253:31112/function/opt-66b-submod-0-latency-25.cdgp
1704042576516169910,1704042585793790371,500,http://172.169.8.253:31112/function/opt-66b-submod-0-latency-25.cdgp
1704042576516273388,1704042585781140568,500,http://172.169.8.253:31112/function/opt-66b-submod-0-latency-25.cdgp
1704042576601152112,1704042585794860018,500,http://172.169.8.253:31112/function/opt-66b-submod-0-latency-25.cdgp
1704042576601253506,1704042586223083155,500,http://172.169.8.253:31112/function/opt-66b-submod-0-latency-25.cdgp
1704042576601389716,1704042586335926584,500,http://172.169.8.253:31112/function/opt-66b-submod-0-latency-25.cdgp
1704042576607281420,1704042586039830219,500,http://172.169.8.253:31112/function/opt-66b-submod-0-latency-25.cdgp
1704042576607365247,1704042586069587854,500,http://172.169.8.253:31112/function/opt-66b-submod-0-latency-25.cdgp
1704042576607512323,1704042586041751065,500,http://172.169.8.253:31112/function/opt-66b-submod-0-latency-25.cdgp
1704042576607577001,1704042582356217771,200,http://172.169.8.253:31112/function/opt-66b-submod-0-latency-25.cdgp
1704042576607618695,1704042579330462223,200,http://172.169.8.253:31112/function/opt-66b-submod-0-latency-25.cdgp
1704042576607698130,1704042585954596699,500,http://172.169.8.253:31112/function/opt-66b-submod-0-latency-25.cdgp
1704042576607755931,1704042583897194120,200,http://172.169.8.253:31112/function/opt-66b-submod-0-latency-25.cdgp
1704042576607779209,1704042579348938713,200,http://172.169.8.253:31112/function/opt-66b-submod-0-latency-25.cdgp
1704042576607842594,1704042584101859767,200,http://172.169.8.253:31112/function/opt-66b-submod-0-latency-25.cdgp
1704042576608722726,1704042584158648713,200,http://172.169.8.253:31112/function/opt-66b-submod-0-latency-25.cdgp
1704042576608791454,1704042586609408702,500,http://172.169.8.253:31112/function/opt-66b-submod-0-latency-25.cdgp
1704042576608819322,1704042586334670044,500,http://172.169.8.253:31112/function/opt-66b-submod-0-latency-25.cdgp
1704042576608891440,1704042584070225965,200,http://172.169.8.253:31112/function/opt-66b-submod-0-latency-25.cdgp
1704042576608960968,1704042586332961815,500,http://172.169.8.253:31112/function/opt-66b-submod-0-latency-25.cdgp
1704042576608978603,1704042586044564323,500,http://172.169.8.253:31112/function/opt-66b-submod-0-latency-25.cdgp
1704042576609001002,1704042586336075195,500,http://172.169.8.253:31112/function/opt-66b-submod-0-latency-25.cdgp
1704042576609050524,1704042586331705820,500,http://172.169.8.253:31112/function/opt-66b-submod-0-latency-25.cdgp
1704042576609124989,1704042582294938731,200,http://172.169.8.253:31112/function/opt-66b-submod-0-latency-25.cdgp
1704042576609162215,1704042579173930438,200,http://172.169.8.253:31112/function/opt-66b-submod-0-latency-25.cdgp
1704042576609236524,1704042582293829362,200,http://172.169.8.253:31112/function/opt-66b-submod-0-latency-25.cdgp
1704042576611088821,1704042586333337542,500,http://172.169.8.253:31112/function/opt-66b-submod-0-latency-25.cdgp
1704042576664164897,1704042582296135357,200,http://172.169.8.253:31112/function/opt-66b-submod-0-latency-25.cdgp
1704042576664224073,1704042582356198819,200,http://172.169.8.253:31112/function/opt-66b-submod-0-latency-25.cdgp
1704042576664274973,1704042586098145329,500,http://172.169.8.253:31112/function/opt-66b-submod-0-latency-25.cdgp
1704042576664323879,1704042586179157292,500,http://172.169.8.253:31112/function/opt-66b-submod-0-latency-25.cdgp
1704042576664388217,1704042586099871605,500,http://172.169.8.253:31112/function/opt-66b-submod-0-latency-25.cdgp
1704042576664468113,1704042586175109782,500,http://172.169.8.253:31112/function/opt-66b-submod-0-latency-25.cdgp
1704042576664493778,1704042586465033865,500,http://172.169.8.253:31112/function/opt-66b-submod-0-latency-25.cdgp
1704042576664590677,1704042586463433964,500,http://172.169.8.253:31112/function/opt-66b-submod-0-latency-25.cdgp
1704042576670501597,1704042584160209355,200,http://172.169.8.253:31112/function/opt-66b-submod-0-latency-25.cdgp
1704042576670657097,1704042586175019263,500,http://172.169.8.253:31112/function/opt-66b-submod-0-latency-25.cdgp
1704042576670799461,1704042586067337547,500,http://172.169.8.253:31112/function/opt-66b-submod-0-latency-25.cdgp
1704042576670911536,1704042586406196972,500,http://172.169.8.253:31112/function/opt-66b-submod-0-latency-25.cdgp
1704042576671006114,1704042584153745644,200,http://172.169.8.253:31112/function/opt-66b-submod-0-latency-25.cdgp
1704042576671091014,1704042579346074777,200,http://172.169.8.253:31112/function/opt-66b-submod-0-latency-25.cdgp
1704042576671172314,1704042580000619202,200,http://172.169.8.253:31112/function/opt-66b-submod-0-latency-25.cdgp
1704042576671263545,1704042586405219233,500,http://172.169.8.253:31112/function/opt-66b-submod-0-latency-25.cdgp
1704042576671358552,1704042580083081221,200,http://172.169.8.253:31112/function/opt-66b-submod-0-latency-25.cdgp
1704042576671444567,1704042586404163551,500,http://172.169.8.253:31112/function/opt-66b-submod-0-latency-25.cdgp
1704042576671557815,1704042586402017152,500,http://172.169.8.253:31112/function/opt-66b-submod-0-latency-25.cdgp
1704042576671620024,1704042586169024905,500,http://172.169.8.253:31112/function/opt-66b-submod-0-latency-25.cdgp
1704042576947582907,1704042586260562201,500,http://172.169.8.253:31112/function/opt-66b-submod-0-latency-25.cdgp
1704042576947697252,1704042584676711715,200,http://172.169.8.253:31112/function/opt-66b-submod-0-latency-25.cdgp
1704042576947837623,1704042584076512278,200,http://172.169.8.253:31112/function/opt-66b-submod-0-latency-25.cdgp
1704042576947906235,1704042582367460230,200,http://172.169.8.253:31112/function/opt-66b-submod-0-latency-25.cdgp
1704042576947975308,1704042579122349550,200,http://172.169.8.253:31112/function/opt-66b-submod-0-latency-25.cdgp
1704042576948027709,1704042584167007464,200,http://172.169.8.253:31112/function/opt-66b-submod-0-latency-25.cdgp
1704042576948126247,1704042582062597646,200,http://172.169.8.253:31112/function/opt-66b-submod-0-latency-25.cdgp
1704042576948146133,1704042582072942916,200,http://172.169.8.253:31112/function/opt-66b-submod-0-latency-25.cdgp
1704042576948177501,1704042586251415339,500,http://172.169.8.253:31112/function/opt-66b-submod-0-latency-25.cdgp
1704042576948252774,1704042586665459908,500,http://172.169.8.253:31112/function/opt-66b-submod-0-latency-25.cdgp
1704042576948336201,1704042584525663394,200,http://172.169.8.253:31112/function/opt-66b-submod-0-latency-25.cdgp
1704042576952615196,1704042586147236782,200,http://172.169.8.253:31112/function/opt-66b-submod-0-latency-25.cdgp
1704042576953067220,1704042582981472805,200,http://172.169.8.253:31112/function/opt-66b-submod-0-latency-25.cdgp
1704042576953113885,1704042579327623504,200,http://172.169.8.253:31112/function/opt-66b-submod-0-latency-25.cdgp
1704042576953256316,1704042586255154870,500,http://172.169.8.253:31112/function/opt-66b-submod-0-latency-25.cdgp
1704042576953321436,1704042584165041729,200,http://172.169.8.253:31112/function/opt-66b-submod-0-latency-25.cdgp
1704042577137753971,1704042581005128296,200,http://172.169.8.253:31112/function/opt-66b-submod-0-latency-25.cdgp
1704042577137838311,1704042586780006886,500,http://172.169.8.253:31112/function/opt-66b-submod-0-latency-25.cdgp
1704042577166329754,1704042586534063431,500,http://172.169.8.253:31112/function/opt-66b-submod-0-latency-25.cdgp
1704042577166416629,1704042586786109654,500,http://172.169.8.253:31112/function/opt-66b-submod-0-latency-25.cdgp
1704042577167768964,1704042586461263826,500,http://172.169.8.253:31112/function/opt-66b-submod-0-latency-25.cdgp
1704042577167857582,1704042582798211526,200,http://172.169.8.253:31112/function/opt-66b-submod-0-latency-25.cdgp
1704042577167950784,1704042583897043903,200,http://172.169.8.253:31112/function/opt-66b-submod-0-latency-25.cdgp
1704042577168042112,1704042586503762006,500,http://172.169.8.253:31112/function/opt-66b-submod-0-latency-25.cdgp
1704042577168125089,1704042582324873678,200,http://172.169.8.253:31112/function/opt-66b-submod-0-latency-25.cdgp
1704042577168223989,1704042584679252520,200,http://172.169.8.253:31112/function/opt-66b-submod-0-latency-25.cdgp
1704042577168300544,1704042586798454973,500,http://172.169.8.253:31112/function/opt-66b-submod-0-latency-25.cdgp
1704042577168374293,1704042582325488000,200,http://172.169.8.253:31112/function/opt-66b-submod-0-latency-25.cdgp
1704042577168459019,1704042586534722186,500,http://172.169.8.253:31112/function/opt-66b-submod-0-latency-25.cdgp
1704042577168516220,1704042584071581719,200,http://172.169.8.253:31112/function/opt-66b-submod-0-latency-25.cdgp
1704042577203718634,1704042586833313665,500,http://172.169.8.253:31112/function/opt-66b-submod-0-latency-25.cdgp
1704042577203796251,1704042586834348362,500,http://172.169.8.253:31112/function/opt-66b-submod-0-latency-25.cdgp
1704042577203860279,1704042586829368880,500,http://172.169.8.253:31112/function/opt-66b-submod-0-latency-25.cdgp
1704042577203906300,1704042580255492991,200,http://172.169.8.253:31112/function/opt-66b-submod-0-latency-25.cdgp
1704042577203990124,1704042586831805157,500,http://172.169.8.253:31112/function/opt-66b-submod-0-latency-25.cdgp
1704042577204054045,1704042586984815601,500,http://172.169.8.253:31112/function/opt-66b-submod-0-latency-25.cdgp
1704042577204121350,1704042580064704941,200,http://172.169.8.253:31112/function/opt-66b-submod-0-latency-25.cdgp
1704042577204145991,1704042582797199644,200,http://172.169.8.253:31112/function/opt-66b-submod-0-latency-25.cdgp
1704042577237467703,1704042584675431399,200,http://172.169.8.253:31112/function/opt-66b-submod-0-latency-25.cdgp
1704042577237572326,1704042587070710099,500,http://172.169.8.253:31112/function/opt-66b-submod-0-latency-25.cdgp
1704042577237646714,1704042586987430218,500,http://172.169.8.253:31112/function/opt-66b-submod-0-latency-25.cdgp
1704042577237720640,1704042587064473899,500,http://172.169.8.253:31112/function/opt-66b-submod-0-latency-25.cdgp
1704042577237825665,1704042586667441290,500,http://172.169.8.253:31112/function/opt-66b-submod-0-latency-25.cdgp
1704042577237937456,1704042584683357016,200,http://172.169.8.253:31112/function/opt-66b-submod-0-latency-25.cdgp
1704042577238000071,1704042587061856536,500,http://172.169.8.253:31112/function/opt-66b-submod-0-latency-25.cdgp
1704042577238055402,1704042584671226288,200,http://172.169.8.253:31112/function/opt-66b-submod-0-latency-25.cdgp
1704042577238122351,1704042580280404308,200,http://172.169.8.253:31112/function/opt-66b-submod-0-latency-25.cdgp
1704042577238171128,1704042586986780993,500,http://172.169.8.253:31112/function/opt-66b-submod-0-latency-25.cdgp
1704042577238245930,1704042586800975093,500,http://172.169.8.253:31112/function/opt-66b-submod-0-latency-25.cdgp
1704042577238280082,1704042584162585695,200,http://172.169.8.253:31112/function/opt-66b-submod-0-latency-25.cdgp
1704042577238332198,1704042584163195001,200,http://172.169.8.253:31112/function/opt-66b-submod-0-latency-25.cdgp
1704042577238356668,1704042584678821959,200,http://172.169.8.253:31112/function/opt-66b-submod-0-latency-25.cdgp
1704042577238410687,1704042586794804528,500,http://172.169.8.253:31112/function/opt-66b-submod-0-latency-25.cdgp
1704042577238490828,1704042583335906592,200,http://172.169.8.253:31112/function/opt-66b-submod-0-latency-25.cdgp
1704042577238555877,1704042586798362422,500,http://172.169.8.253:31112/function/opt-66b-submod-0-latency-25.cdgp
1704042577238640589,1704042586799992322,500,http://172.169.8.253:31112/function/opt-66b-submod-0-latency-25.cdgp
1704042577238712335,1704042585846502417,200,http://172.169.8.253:31112/function/opt-66b-submod-0-latency-25.cdgp
1704042577238734966,1704042582070087531,200,http://172.169.8.253:31112/function/opt-66b-submod-0-latency-25.cdgp
1704042577238805135,1704042579653739441,200,http://172.169.8.253:31112/function/opt-66b-submod-0-latency-25.cdgp
1704042577242337132,1704042586663438553,500,http://172.169.8.253:31112/function/opt-66b-submod-0-latency-25.cdgp
1704042577242419267,1704042580873062940,200,http://172.169.8.253:31112/function/opt-66b-submod-0-latency-25.cdgp
1704042577242535352,1704042587064896632,500,http://172.169.8.253:31112/function/opt-66b-submod-0-latency-25.cdgp
1704042577242626819,1704042586665112783,500,http://172.169.8.253:31112/function/opt-66b-submod-0-latency-25.cdgp
1704042577268170771,1704042586869511584,500,http://172.169.8.253:31112/function/opt-66b-submod-0-latency-25.cdgp
1704042577268261640,1704042584669600973,200,http://172.169.8.253:31112/function/opt-66b-submod-0-latency-25.cdgp
1704042577268411414,1704042583898237597,200,http://172.169.8.253:31112/function/opt-66b-submod-0-latency-25.cdgp
1704042577268481875,1704042584707036459,200,http://172.169.8.253:31112/function/opt-66b-submod-0-latency-25.cdgp
1704042577268983529,1704042584700738341,200,http://172.169.8.253:31112/function/opt-66b-submod-0-latency-25.cdgp
1704042577269080548,1704042584665964236,200,http://172.169.8.253:31112/function/opt-66b-submod-0-latency-25.cdgp
1704042577269167257,1704042584763085644,200,http://172.169.8.253:31112/function/opt-66b-submod-0-latency-25.cdgp
1704042577269260893,1704042585763947194,200,http://172.169.8.253:31112/function/opt-66b-submod-0-latency-25.cdgp
1704042577284546741,1704042587237468583,500,http://172.169.8.253:31112/function/opt-66b-submod-0-latency-25.cdgp
1704042577284637351,1704042584677514009,200,http://172.169.8.253:31112/function/opt-66b-submod-0-latency-25.cdgp
1704042577284701506,1704042582970003265,200,http://172.169.8.253:31112/function/opt-66b-submod-0-latency-25.cdgp
1704042577284769331,1704042587243939341,500,http://172.169.8.253:31112/function/opt-66b-submod-0-latency-25.cdgp
1704042577284791587,1704042587285800252,500,http://172.169.8.253:31112/function/opt-66b-submod-0-latency-25.cdgp
1704042577284868276,1704042585609939660,200,http://172.169.8.253:31112/function/opt-66b-submod-0-latency-25.cdgp
1704042577284957112,1704042587285787539,500,http://172.169.8.253:31112/function/opt-66b-submod-0-latency-25.cdgp
1704042577351771738,1704042584673861757,200,http://172.169.8.253:31112/function/opt-66b-submod-0-latency-25.cdgp
1704042577351867267,1704042584162350100,200,http://172.169.8.253:31112/function/opt-66b-submod-0-latency-25.cdgp
1704042577351970073,1704042587234137299,500,http://172.169.8.253:31112/function/opt-66b-submod-0-latency-25.cdgp
1704042577352037501,1704042587298724211,500,http://172.169.8.253:31112/function/opt-66b-submod-0-latency-25.cdgp
1704042577352110677,1704042587298807296,500,http://172.169.8.253:31112/function/opt-66b-submod-0-latency-25.cdgp
1704042577352197069,1704042586165833512,200,http://172.169.8.253:31112/function/opt-66b-submod-0-latency-25.cdgp
1704042577352288062,1704042584681378026,200,http://172.169.8.253:31112/function/opt-66b-submod-0-latency-25.cdgp
1704042577352353781,1704042587186475584,500,http://172.169.8.253:31112/function/opt-66b-submod-0-latency-25.cdgp
1704042577352438949,1704042587297228829,500,http://172.169.8.253:31112/function/opt-66b-submod-0-latency-25.cdgp
1704042577352506906,1704042579910060624,200,http://172.169.8.253:31112/function/opt-66b-submod-0-latency-25.cdgp
1704042577352530335,1704042580789521334,200,http://172.169.8.253:31112/function/opt-66b-submod-0-latency-25.cdgp
1704042577352580261,1704042584675825341,200,http://172.169.8.253:31112/function/opt-66b-submod-0-latency-25.cdgp
1704042577352640538,1704042587243412981,500,http://172.169.8.253:31112/function/opt-66b-submod-0-latency-25.cdgp
1704042577352725790,1704042587235807639,500,http://172.169.8.253:31112/function/opt-66b-submod-0-latency-25.cdgp
1704042577352801797,1704042585176094269,200,http://172.169.8.253:31112/function/opt-66b-submod-0-latency-25.cdgp
1704042577352887291,1704042584674455048,200,http://172.169.8.253:31112/function/opt-66b-submod-0-latency-25.cdgp
1704042577352958855,1704042587120707077,500,http://172.169.8.253:31112/function/opt-66b-submod-0-latency-25.cdgp
1704042577352995455,1704042587268365428,500,http://172.169.8.253:31112/function/opt-66b-submod-0-latency-25.cdgp
1704042577353069512,1704042585572278569,200,http://172.169.8.253:31112/function/opt-66b-submod-0-latency-25.cdgp
1704042577353139255,1704042584094698575,200,http://172.169.8.253:31112/function/opt-66b-submod-0-latency-25.cdgp
1704042577353201573,1704042587300853241,500,http://172.169.8.253:31112/function/opt-66b-submod-0-latency-25.cdgp
1704042577353279552,1704042580254633303,200,http://172.169.8.253:31112/function/opt-66b-submod-0-latency-25.cdgp
1704042577353315911,1704042587117030051,500,http://172.169.8.253:31112/function/opt-66b-submod-0-latency-25.cdgp
1704042577353421843,1704042581231112380,200,http://172.169.8.253:31112/function/opt-66b-submod-0-latency-25.cdgp
1704042577353446813,1704042587299610300,500,http://172.169.8.253:31112/function/opt-66b-submod-0-latency-25.cdgp
1704042577353514759,1704042587237373533,500,http://172.169.8.253:31112/function/opt-66b-submod-0-latency-25.cdgp
1704042577353600692,1704042585608227287,200,http://172.169.8.253:31112/function/opt-66b-submod-0-latency-25.cdgp
1704042577353705429,1704042587181607416,500,http://172.169.8.253:31112/function/opt-66b-submod-0-latency-25.cdgp
1704042577354446490,1704042587116091337,500,http://172.169.8.253:31112/function/opt-66b-submod-0-latency-25.cdgp
1704042577354485281,1704042587267756604,500,http://172.169.8.253:31112/function/opt-66b-submod-0-latency-25.cdgp
1704042577354566468,1704042584660333602,200,http://172.169.8.253:31112/function/opt-66b-submod-0-latency-25.cdgp
1704042577354635955,1704042587237812385,500,http://172.169.8.253:31112/function/opt-66b-submod-0-latency-25.cdgp
1704042577354697687,1704042583335890846,200,http://172.169.8.253:31112/function/opt-66b-submod-0-latency-25.cdgp
1704042577354723723,1704042587088306489,500,http://172.169.8.253:31112/function/opt-66b-submod-0-latency-25.cdgp
1704042577354812622,1704042585735029398,200,http://172.169.8.253:31112/function/opt-66b-submod-0-latency-25.cdgp
1704042577354881066,1704042587118410140,500,http://172.169.8.253:31112/function/opt-66b-submod-0-latency-25.cdgp
1704042577354956562,1704042585614890374,200,http://172.169.8.253:31112/function/opt-66b-submod-0-latency-25.cdgp
1704042577874432339,1704042583391979820,200,http://172.169.8.253:31112/function/opt-66b-submod-0-latency-25.cdgp
1704042577874509544,1704042583016395475,200,http://172.169.8.253:31112/function/opt-66b-submod-0-latency-25.cdgp
1704042577874613161,1704042584199330067,200,http://172.169.8.253:31112/function/opt-66b-submod-0-latency-25.cdgp
1704042577874671076,1704042584696853326,200,http://172.169.8.253:31112/function/opt-66b-submod-0-latency-25.cdgp
1704042577876784643,1704042586207424872,200,http://172.169.8.253:31112/function/opt-66b-submod-0-latency-25.cdgp
1704042579907112569,1704042583567406147,200,http://172.169.8.253:31112/function/opt-66b-submod-0-latency-25.cdgp
1704042579907197985,1704042586615543996,200,http://172.169.8.253:31112/function/opt-66b-submod-0-latency-25.cdgp
1704042579907280653,1704042589247827516,500,http://172.169.8.253:31112/function/opt-66b-submod-0-latency-25.cdgp
1704042579907364600,1704042586493057579,200,http://172.169.8.253:31112/function/opt-66b-submod-0-latency-25.cdgp
1704042579907501407,1704042589256751022,500,http://172.169.8.253:31112/function/opt-66b-submod-0-latency-25.cdgp
1704042579907565388,1704042581152062842,200,http://172.169.8.253:31112/function/opt-66b-submod-0-latency-25.cdgp
1704042579907630385,1704042584198675982,200,http://172.169.8.253:31112/function/opt-66b-submod-0-latency-25.cdgp
1704042579907652519,1704042589556432689,500,http://172.169.8.253:31112/function/opt-66b-submod-0-latency-25.cdgp
1704042579907746312,1704042585675355782,200,http://172.169.8.253:31112/function/opt-66b-submod-0-latency-25.cdgp
1704042579907809813,1704042586732225338,200,http://172.169.8.253:31112/function/opt-66b-submod-0-latency-25.cdgp
1704042579907861778,1704042585599279746,200,http://172.169.8.253:31112/function/opt-66b-submod-0-latency-25.cdgp
1704042579907928756,1704042589173700354,500,http://172.169.8.253:31112/function/opt-66b-submod-0-latency-25.cdgp
1704042579907993676,1704042584101094635,200,http://172.169.8.253:31112/function/opt-66b-submod-0-latency-25.cdgp
1704042579908057439,1704042585223240555,200,http://172.169.8.253:31112/function/opt-66b-submod-0-latency-25.cdgp
1704042579908095617,1704042585175182304,200,http://172.169.8.253:31112/function/opt-66b-submod-0-latency-25.cdgp
1704042579908180145,1704042589173770978,500,http://172.169.8.253:31112/function/opt-66b-submod-0-latency-25.cdgp
1704042579908263802,1704042586808509922,200,http://172.169.8.253:31112/function/opt-66b-submod-0-latency-25.cdgp
1704042579908341533,1704042589557129735,500,http://172.169.8.253:31112/function/opt-66b-submod-0-latency-25.cdgp
1704042579908400064,1704042589173561532,500,http://172.169.8.253:31112/function/opt-66b-submod-0-latency-25.cdgp
1704042579908480554,1704042589556401918,500,http://172.169.8.253:31112/function/opt-66b-submod-0-latency-25.cdgp
1704042579908533596,1704042589173730862,500,http://172.169.8.253:31112/function/opt-66b-submod-0-latency-25.cdgp
1704042579908626627,1704042583360970234,200,http://172.169.8.253:31112/function/opt-66b-submod-0-latency-25.cdgp
1704042579908654668,1704042589556416375,500,http://172.169.8.253:31112/function/opt-66b-submod-0-latency-25.cdgp
1704042579908731194,1704042589308973743,500,http://172.169.8.253:31112/function/opt-66b-submod-0-latency-25.cdgp
1704042579908811474,1704042583372474659,200,http://172.169.8.253:31112/function/opt-66b-submod-0-latency-25.cdgp
1704042579908896044,1704042589035738885,500,http://172.169.8.253:31112/function/opt-66b-submod-0-latency-25.cdgp
1704042579908988025,1704042589247433195,500,http://172.169.8.253:31112/function/opt-66b-submod-0-latency-25.cdgp
1704042579909061122,1704042586835272895,200,http://172.169.8.253:31112/function/opt-66b-submod-0-latency-25.cdgp
1704042580475478073,1704042589798754739,500,http://172.169.8.253:31112/function/opt-66b-submod-0-latency-25.cdgp
1704042580475606826,1704042589561810832,500,http://172.169.8.253:31112/function/opt-66b-submod-0-latency-25.cdgp
1704042580475695629,1704042590389261875,500,http://172.169.8.253:31112/function/opt-66b-submod-0-latency-25.cdgp
1704042580475783099,1704042590273891580,500,http://172.169.8.253:31112/function/opt-66b-submod-0-latency-25.cdgp
1704042580475833084,1704042586910112414,200,http://172.169.8.253:31112/function/opt-66b-submod-0-latency-25.cdgp
1704042580475927667,1704042583898289413,200,http://172.169.8.253:31112/function/opt-66b-submod-0-latency-25.cdgp
1704042580476041886,1704042582324717993,200,http://172.169.8.253:31112/function/opt-66b-submod-0-latency-25.cdgp
1704042580476101668,1704042589797936778,500,http://172.169.8.253:31112/function/opt-66b-submod-0-latency-25.cdgp
1704042580476170253,1704042582919184680,200,http://172.169.8.253:31112/function/opt-66b-submod-0-latency-25.cdgp
1704042580476258214,1704042589815579734,500,http://172.169.8.253:31112/function/opt-66b-submod-0-latency-25.cdgp
1704042580476351532,1704042583898869902,200,http://172.169.8.253:31112/function/opt-66b-submod-0-latency-25.cdgp
1704042580476420834,1704042585992795950,200,http://172.169.8.253:31112/function/opt-66b-submod-0-latency-25.cdgp
1704042580476484124,1704042583094796776,200,http://172.169.8.253:31112/function/opt-66b-submod-0-latency-25.cdgp
1704042580476578634,1704042587022663381,200,http://172.169.8.253:31112/function/opt-66b-submod-0-latency-25.cdgp
1704042580476629931,1704042586879057386,200,http://172.169.8.253:31112/function/opt-66b-submod-0-latency-25.cdgp
1704042580476708702,1704042589798987904,500,http://172.169.8.253:31112/function/opt-66b-submod-0-latency-25.cdgp
1704042580476732873,1704042589798809079,500,http://172.169.8.253:31112/function/opt-66b-submod-0-latency-25.cdgp
1704042580476827218,1704042586530148729,200,http://172.169.8.253:31112/function/opt-66b-submod-0-latency-25.cdgp
1704042580476881030,1704042586644242457,200,http://172.169.8.253:31112/function/opt-66b-submod-0-latency-25.cdgp
1704042580476907386,1704042585588583600,200,http://172.169.8.253:31112/function/opt-66b-submod-0-latency-25.cdgp
1704042580476960876,1704042583897417335,200,http://172.169.8.253:31112/function/opt-66b-submod-0-latency-25.cdgp
1704042580477020041,1704042590412612188,500,http://172.169.8.253:31112/function/opt-66b-submod-0-latency-25.cdgp
1704042580477058713,1704042590393185217,500,http://172.169.8.253:31112/function/opt-66b-submod-0-latency-25.cdgp
1704042580478522127,1704042590269521694,500,http://172.169.8.253:31112/function/opt-66b-submod-0-latency-25.cdgp
1704042580478729688,1704042586946601660,200,http://172.169.8.253:31112/function/opt-66b-submod-0-latency-25.cdgp
1704042580478787216,1704042590269008411,500,http://172.169.8.253:31112/function/opt-66b-submod-0-latency-25.cdgp
1704042580478814744,1704042582821546577,200,http://172.169.8.253:31112/function/opt-66b-submod-0-latency-25.cdgp
1704042580497914468,1704042585852666816,200,http://172.169.8.253:31112/function/opt-66b-submod-0-latency-25.cdgp
1704042580497999873,1704042590143430554,500,http://172.169.8.253:31112/function/opt-66b-submod-0-latency-25.cdgp
1704042580498054065,1704042582964737851,200,http://172.169.8.253:31112/function/opt-66b-submod-0-latency-25.cdgp
1704042580498082085,1704042590409150788,500,http://172.169.8.253:31112/function/opt-66b-submod-0-latency-25.cdgp
1704042580498168429,1704042590410736850,500,http://172.169.8.253:31112/function/opt-66b-submod-0-latency-25.cdgp
1704042580498229548,1704042585912454362,200,http://172.169.8.253:31112/function/opt-66b-submod-0-latency-25.cdgp
1704042580498299027,1704042586717744907,200,http://172.169.8.253:31112/function/opt-66b-submod-0-latency-25.cdgp
1704042580498359374,1704042590143607302,500,http://172.169.8.253:31112/function/opt-66b-submod-0-latency-25.cdgp
1704042580498409173,1704042590448034651,500,http://172.169.8.253:31112/function/opt-66b-submod-0-latency-25.cdgp
1704042580498882804,1704042590445434116,500,http://172.169.8.253:31112/function/opt-66b-submod-0-latency-25.cdgp
1704042580498982896,1704042590143466468,500,http://172.169.8.253:31112/function/opt-66b-submod-0-latency-25.cdgp
1704042580499085605,1704042583010453230,200,http://172.169.8.253:31112/function/opt-66b-submod-0-latency-25.cdgp
1704042580499156279,1704042582937579520,200,http://172.169.8.253:31112/function/opt-66b-submod-0-latency-25.cdgp
1704042580499185435,1704042590445716825,500,http://172.169.8.253:31112/function/opt-66b-submod-0-latency-25.cdgp
1704042580499285756,1704042590003340953,500,http://172.169.8.253:31112/function/opt-66b-submod-0-latency-25.cdgp
1704042580499334035,1704042589998487457,500,http://172.169.8.253:31112/function/opt-66b-submod-0-latency-25.cdgp
1704042580499406247,1704042590448106047,500,http://172.169.8.253:31112/function/opt-66b-submod-0-latency-25.cdgp
1704042580499474581,1704042590407380638,500,http://172.169.8.253:31112/function/opt-66b-submod-0-latency-25.cdgp
1704042580499500791,1704042590270122957,500,http://172.169.8.253:31112/function/opt-66b-submod-0-latency-25.cdgp
1704042580499601872,1704042590407018755,500,http://172.169.8.253:31112/function/opt-66b-submod-0-latency-25.cdgp
1704042580499672998,1704042582063001228,200,http://172.169.8.253:31112/function/opt-66b-submod-0-latency-25.cdgp
1704042580499734216,1704042590409664480,500,http://172.169.8.253:31112/function/opt-66b-submod-0-latency-25.cdgp
1704042580499768830,1704042586820707421,200,http://172.169.8.253:31112/function/opt-66b-submod-0-latency-25.cdgp
1704042580499834936,1704042590269377413,500,http://172.169.8.253:31112/function/opt-66b-submod-0-latency-25.cdgp
1704042580499912594,1704042590411641061,500,http://172.169.8.253:31112/function/opt-66b-submod-0-latency-25.cdgp
1704042580499965041,1704042590412287388,500,http://172.169.8.253:31112/function/opt-66b-submod-0-latency-25.cdgp
1704042580499996888,1704042585624667100,200,http://172.169.8.253:31112/function/opt-66b-submod-0-latency-25.cdgp
1704042580500077670,1704042585570303861,200,http://172.169.8.253:31112/function/opt-66b-submod-0-latency-25.cdgp
1704042580500181987,1704042584160998951,200,http://172.169.8.253:31112/function/opt-66b-submod-0-latency-25.cdgp
1704042580500286033,1704042585187174148,200,http://172.169.8.253:31112/function/opt-66b-submod-0-latency-25.cdgp
1704042580500393018,1704042582781640266,200,http://172.169.8.253:31112/function/opt-66b-submod-0-latency-25.cdgp
1704042580500456728,1704042590412567190,500,http://172.169.8.253:31112/function/opt-66b-submod-0-latency-25.cdgp
1704042580500525080,1704042585382264331,200,http://172.169.8.253:31112/function/opt-66b-submod-0-latency-25.cdgp
1704042580612281823,1704042590412195552,500,http://172.169.8.253:31112/function/opt-66b-submod-0-latency-25.cdgp
1704042580612403434,1704042590491373088,500,http://172.169.8.253:31112/function/opt-66b-submod-0-latency-25.cdgp
1704042580612857808,1704042590450018048,500,http://172.169.8.253:31112/function/opt-66b-submod-0-latency-25.cdgp
1704042581417669657,1704042585259542348,200,http://172.169.8.253:31112/function/opt-66b-submod-0-latency-25.cdgp
1704042581417766784,1704042585951291037,200,http://172.169.8.253:31112/function/opt-66b-submod-0-latency-25.cdgp
1704042581417899904,1704042590413160070,500,http://172.169.8.253:31112/function/opt-66b-submod-0-latency-25.cdgp
1704042581818143149,1704042591067116603,500,http://172.169.8.253:31112/function/opt-66b-submod-0-latency-25.cdgp
1704042581819201360,1704042591121973199,500,http://172.169.8.253:31112/function/opt-66b-submod-0-latency-25.cdgp
1704042581819943707,1704042587265788342,200,http://172.169.8.253:31112/function/opt-66b-submod-0-latency-25.cdgp
1704042581820051227,1704042584109328929,200,http://172.169.8.253:31112/function/opt-66b-submod-0-latency-25.cdgp
1704042581820156193,1704042591147983698,500,http://172.169.8.253:31112/function/opt-66b-submod-0-latency-25.cdgp
1704042581820241912,1704042591142221038,500,http://172.169.8.253:31112/function/opt-66b-submod-0-latency-25.cdgp
1704042581820296515,1704042591156144051,500,http://172.169.8.253:31112/function/opt-66b-submod-0-latency-25.cdgp
1704042581820350316,1704042584850908082,200,http://172.169.8.253:31112/function/opt-66b-submod-0-latency-25.cdgp
1704042581820420500,1704042591523834970,500,http://172.169.8.253:31112/function/opt-66b-submod-0-latency-25.cdgp
1704042581820502165,1704042590922331229,500,http://172.169.8.253:31112/function/opt-66b-submod-0-latency-25.cdgp
1704042581820595149,1704042584507474859,200,http://172.169.8.253:31112/function/opt-66b-submod-0-latency-25.cdgp
1704042581820665439,1704042586114493257,200,http://172.169.8.253:31112/function/opt-66b-submod-0-latency-25.cdgp
1704042581859434892,1704042585984433631,200,http://172.169.8.253:31112/function/opt-66b-submod-0-latency-25.cdgp
1704042581859522225,1704042584264687717,200,http://172.169.8.253:31112/function/opt-66b-submod-0-latency-25.cdgp
1704042581859627668,1704042591543929164,500,http://172.169.8.253:31112/function/opt-66b-submod-0-latency-25.cdgp
1704042581859766430,1704042591258486375,500,http://172.169.8.253:31112/function/opt-66b-submod-0-latency-25.cdgp
1704042581859845967,1704042586945915167,200,http://172.169.8.253:31112/function/opt-66b-submod-0-latency-25.cdgp
1704042581859910549,1704042586229302505,200,http://172.169.8.253:31112/function/opt-66b-submod-0-latency-25.cdgp
1704042581860032607,1704042591538615545,500,http://172.169.8.253:31112/function/opt-66b-submod-0-latency-25.cdgp
1704042581860103787,1704042585787609122,200,http://172.169.8.253:31112/function/opt-66b-submod-0-latency-25.cdgp
1704042581860160790,1704042585579337346,200,http://172.169.8.253:31112/function/opt-66b-submod-0-latency-25.cdgp
1704042581860263585,1704042591540375935,500,http://172.169.8.253:31112/function/opt-66b-submod-0-latency-25.cdgp
1704042581860337259,1704042585617583565,200,http://172.169.8.253:31112/function/opt-66b-submod-0-latency-25.cdgp
1704042581860422854,1704042591541586327,500,http://172.169.8.253:31112/function/opt-66b-submod-0-latency-25.cdgp
1704042581860517983,1704042591222112064,500,http://172.169.8.253:31112/function/opt-66b-submod-0-latency-25.cdgp
1704042581860607691,1704042591178101699,500,http://172.169.8.253:31112/function/opt-66b-submod-0-latency-25.cdgp
1704042581860679445,1704042591535068032,500,http://172.169.8.253:31112/function/opt-66b-submod-0-latency-25.cdgp
1704042581860741526,1704042591259886040,500,http://172.169.8.253:31112/function/opt-66b-submod-0-latency-25.cdgp
1704042581860834301,1704042585830291997,200,http://172.169.8.253:31112/function/opt-66b-submod-0-latency-25.cdgp
1704042581860931103,1704042583937113524,200,http://172.169.8.253:31112/function/opt-66b-submod-0-latency-25.cdgp
1704042581860987257,1704042585701747934,200,http://172.169.8.253:31112/function/opt-66b-submod-0-latency-25.cdgp
1704042581861048956,1704042586196750892,200,http://172.169.8.253:31112/function/opt-66b-submod-0-latency-25.cdgp
1704042581861106386,1704042591862094289,500,http://172.169.8.253:31112/function/opt-66b-submod-0-latency-25.cdgp
1704042581867964191,1704042584420423446,200,http://172.169.8.253:31112/function/opt-66b-submod-0-latency-25.cdgp
1704042581868045918,1704042591542088509,500,http://172.169.8.253:31112/function/opt-66b-submod-0-latency-25.cdgp
1704042581884146035,1704042591537957076,500,http://172.169.8.253:31112/function/opt-66b-submod-0-latency-25.cdgp
1704042581884241286,1704042586121707951,200,http://172.169.8.253:31112/function/opt-66b-submod-0-latency-25.cdgp
1704042581884316559,1704042585622302869,200,http://172.169.8.253:31112/function/opt-66b-submod-0-latency-25.cdgp
1704042581884412334,1704042584209029843,200,http://172.169.8.253:31112/function/opt-66b-submod-0-latency-25.cdgp
1704042581884498336,1704042584236366139,200,http://172.169.8.253:31112/function/opt-66b-submod-0-latency-25.cdgp
1704042581884578591,1704042585605936381,200,http://172.169.8.253:31112/function/opt-66b-submod-0-latency-25.cdgp
1704042581884645789,1704042591543429717,500,http://172.169.8.253:31112/function/opt-66b-submod-0-latency-25.cdgp
1704042581887467135,1704042591888331880,500,http://172.169.8.253:31112/function/opt-66b-submod-0-latency-25.cdgp
1704042582051369680,1704042591223047424,500,http://172.169.8.253:31112/function/opt-66b-submod-0-latency-25.cdgp
1704042582051516276,1704042586510313309,200,http://172.169.8.253:31112/function/opt-66b-submod-0-latency-25.cdgp
1704042582471584579,1704042591734306223,500,http://172.169.8.253:31112/function/opt-66b-submod-0-latency-25.cdgp
1704042582471663439,1704042584234638772,200,http://172.169.8.253:31112/function/opt-66b-submod-0-latency-25.cdgp
1704042582471791519,1704042585874394103,200,http://172.169.8.253:31112/function/opt-66b-submod-0-latency-25.cdgp
1704042582471859256,1704042591986714021,500,http://172.169.8.253:31112/function/opt-66b-submod-0-latency-25.cdgp
1704042582471889157,1704042586360789541,200,http://172.169.8.253:31112/function/opt-66b-submod-0-latency-25.cdgp
1704042582471997897,1704042586880127468,200,http://172.169.8.253:31112/function/opt-66b-submod-0-latency-25.cdgp
1704042582476525521,1704042586278174371,200,http://172.169.8.253:31112/function/opt-66b-submod-0-latency-25.cdgp
1704042582476570702,1704042591739946112,500,http://172.169.8.253:31112/function/opt-66b-submod-0-latency-25.cdgp
1704042582476646224,1704042585658059274,200,http://172.169.8.253:31112/function/opt-66b-submod-0-latency-25.cdgp
1704042582476701380,1704042591736746424,500,http://172.169.8.253:31112/function/opt-66b-submod-0-latency-25.cdgp
1704042582476754185,1704042591905182299,500,http://172.169.8.253:31112/function/opt-66b-submod-0-latency-25.cdgp
1704042582476801958,1704042591976188505,500,http://172.169.8.253:31112/function/opt-66b-submod-0-latency-25.cdgp
1704042582476874548,1704042591979065293,500,http://172.169.8.253:31112/function/opt-66b-submod-0-latency-25.cdgp
1704042582476927306,1704042586450755556,200,http://172.169.8.253:31112/function/opt-66b-submod-0-latency-25.cdgp
1704042582476996672,1704042591738785471,500,http://172.169.8.253:31112/function/opt-66b-submod-0-latency-25.cdgp
1704042582477029458,1704042586199350442,200,http://172.169.8.253:31112/function/opt-66b-submod-0-latency-25.cdgp
1704042582477119605,1704042591619349895,500,http://172.169.8.253:31112/function/opt-66b-submod-0-latency-25.cdgp
1704042582477186034,1704042586080807883,200,http://172.169.8.253:31112/function/opt-66b-submod-0-latency-25.cdgp
1704042582477257916,1704042591985036561,500,http://172.169.8.253:31112/function/opt-66b-submod-0-latency-25.cdgp
1704042582477273955,1704042591621561664,500,http://172.169.8.253:31112/function/opt-66b-submod-0-latency-25.cdgp
1704042582477392823,1704042591984126445,500,http://172.169.8.253:31112/function/opt-66b-submod-0-latency-25.cdgp
1704042583007533159,1704042587223595457,200,http://172.169.8.253:31112/function/opt-66b-submod-0-latency-25.cdgp
1704042583032563944,1704042586987443129,200,http://172.169.8.253:31112/function/opt-66b-submod-0-latency-25.cdgp
1704042583032669110,1704042586485587905,200,http://172.169.8.253:31112/function/opt-66b-submod-0-latency-25.cdgp
1704042583032764423,1704042585131534323,200,http://172.169.8.253:31112/function/opt-66b-submod-0-latency-25.cdgp
1704042583032811240,1704042591998274717,500,http://172.169.8.253:31112/function/opt-66b-submod-0-latency-25.cdgp
1704042583032895624,1704042592574869897,500,http://172.169.8.253:31112/function/opt-66b-submod-0-latency-25.cdgp
1704042583032962324,1704042586559804980,200,http://172.169.8.253:31112/function/opt-66b-submod-0-latency-25.cdgp
1704042583033025355,1704042584712452725,200,http://172.169.8.253:31112/function/opt-66b-submod-0-latency-25.cdgp
1704042583033052689,1704042592204515586,500,http://172.169.8.253:31112/function/opt-66b-submod-0-latency-25.cdgp
1704042583033458482,1704042592226077636,500,http://172.169.8.253:31112/function/opt-66b-submod-0-latency-25.cdgp
1704042583033614372,1704042585469015325,200,http://172.169.8.253:31112/function/opt-66b-submod-0-latency-25.cdgp
1704042583033718811,1704042586506442620,200,http://172.169.8.253:31112/function/opt-66b-submod-0-latency-25.cdgp
1704042583033815846,1704042592292806458,500,http://172.169.8.253:31112/function/opt-66b-submod-0-latency-25.cdgp
1704042583033904071,1704042586637760330,200,http://172.169.8.253:31112/function/opt-66b-submod-0-latency-25.cdgp
1704042583033986520,1704042586435489181,200,http://172.169.8.253:31112/function/opt-66b-submod-0-latency-25.cdgp
1704042583034085495,1704042584360544722,200,http://172.169.8.253:31112/function/opt-66b-submod-0-latency-25.cdgp
1704042583034169283,1704042592244261057,500,http://172.169.8.253:31112/function/opt-66b-submod-0-latency-25.cdgp
1704042583034250081,1704042592280030630,500,http://172.169.8.253:31112/function/opt-66b-submod-0-latency-25.cdgp
1704042583037549599,1704042592932650770,500,http://172.169.8.253:31112/function/opt-66b-submod-0-latency-25.cdgp
1704042583037644180,1704042592932017894,500,http://172.169.8.253:31112/function/opt-66b-submod-0-latency-25.cdgp
1704042583037727948,1704042592965159358,500,http://172.169.8.253:31112/function/opt-66b-submod-0-latency-25.cdgp
1704042583037800317,1704042586816733339,200,http://172.169.8.253:31112/function/opt-66b-submod-0-latency-25.cdgp
1704042583037879029,1704042592705865815,500,http://172.169.8.253:31112/function/opt-66b-submod-0-latency-25.cdgp
1704042583037937170,1704042585600060009,200,http://172.169.8.253:31112/function/opt-66b-submod-0-latency-25.cdgp
1704042583038008498,1704042592938139599,500,http://172.169.8.253:31112/function/opt-66b-submod-0-latency-25.cdgp
1704042583038078622,1704042592928632906,500,http://172.169.8.253:31112/function/opt-66b-submod-0-latency-25.cdgp
1704042583038156520,1704042586786034654,200,http://172.169.8.253:31112/function/opt-66b-submod-0-latency-25.cdgp
1704042583038211951,1704042586325757955,200,http://172.169.8.253:31112/function/opt-66b-submod-0-latency-25.cdgp
1704042583038292719,1704042592707970179,500,http://172.169.8.253:31112/function/opt-66b-submod-0-latency-25.cdgp
1704042583056079194,1704042592539464422,500,http://172.169.8.253:31112/function/opt-66b-submod-0-latency-25.cdgp
1704042583056162180,1704042585612045019,200,http://172.169.8.253:31112/function/opt-66b-submod-0-latency-25.cdgp
1704042583056259897,1704042592938736157,500,http://172.169.8.253:31112/function/opt-66b-submod-0-latency-25.cdgp
1704042583056379556,1704042586727108029,200,http://172.169.8.253:31112/function/opt-66b-submod-0-latency-25.cdgp
1704042583056463034,1704042586932181801,200,http://172.169.8.253:31112/function/opt-66b-submod-0-latency-25.cdgp
1704042583056545131,1704042592941377554,500,http://172.169.8.253:31112/function/opt-66b-submod-0-latency-25.cdgp
1704042583056669873,1704042592938378326,500,http://172.169.8.253:31112/function/opt-66b-submod-0-latency-25.cdgp
1704042583056753848,1704042592541198780,500,http://172.169.8.253:31112/function/opt-66b-submod-0-latency-25.cdgp
1704042583056894299,1704042586758120947,200,http://172.169.8.253:31112/function/opt-66b-submod-0-latency-25.cdgp
1704042583056958730,1704042586257823179,200,http://172.169.8.253:31112/function/opt-66b-submod-0-latency-25.cdgp
1704042583056988761,1704042592710335648,500,http://172.169.8.253:31112/function/opt-66b-submod-0-latency-25.cdgp
1704042583057058296,1704042592576569599,500,http://172.169.8.253:31112/function/opt-66b-submod-0-latency-25.cdgp
1704042583061471464,1704042586708726145,200,http://172.169.8.253:31112/function/opt-66b-submod-0-latency-25.cdgp
1704042583061558736,1704042592564888061,500,http://172.169.8.253:31112/function/opt-66b-submod-0-latency-25.cdgp
1704042583061646655,1704042592713674361,500,http://172.169.8.253:31112/function/opt-66b-submod-0-latency-25.cdgp
1704042583061727271,1704042592932805195,500,http://172.169.8.253:31112/function/opt-66b-submod-0-latency-25.cdgp
1704042583061800253,1704042586191922314,200,http://172.169.8.253:31112/function/opt-66b-submod-0-latency-25.cdgp
1704042583061888850,1704042592711710546,500,http://172.169.8.253:31112/function/opt-66b-submod-0-latency-25.cdgp
1704042583061933744,1704042586955644916,200,http://172.169.8.253:31112/function/opt-66b-submod-0-latency-25.cdgp
1704042583062033161,1704042585821319648,200,http://172.169.8.253:31112/function/opt-66b-submod-0-latency-25.cdgp
1704042583062099009,1704042592569145804,500,http://172.169.8.253:31112/function/opt-66b-submod-0-latency-25.cdgp
1704042583062134367,1704042587182199617,200,http://172.169.8.253:31112/function/opt-66b-submod-0-latency-25.cdgp
1704042583062193143,1704042592941110440,500,http://172.169.8.253:31112/function/opt-66b-submod-0-latency-25.cdgp
1704042583062263588,1704042586178886069,200,http://172.169.8.253:31112/function/opt-66b-submod-0-latency-25.cdgp
1704042583062319745,1704042586667605449,200,http://172.169.8.253:31112/function/opt-66b-submod-0-latency-25.cdgp
1704042583062353524,1704042586526995669,200,http://172.169.8.253:31112/function/opt-66b-submod-0-latency-25.cdgp
1704042583062470236,1704042592935260902,500,http://172.169.8.253:31112/function/opt-66b-submod-0-latency-25.cdgp
1704042583062536432,1704042586091086829,200,http://172.169.8.253:31112/function/opt-66b-submod-0-latency-25.cdgp
1704042583062562186,1704042592941914537,500,http://172.169.8.253:31112/function/opt-66b-submod-0-latency-25.cdgp
1704042583062650165,1704042592567649723,500,http://172.169.8.253:31112/function/opt-66b-submod-0-latency-25.cdgp
1704042583062734094,1704042587056841237,200,http://172.169.8.253:31112/function/opt-66b-submod-0-latency-25.cdgp
1704042583062764245,1704042592943125868,500,http://172.169.8.253:31112/function/opt-66b-submod-0-latency-25.cdgp
1704042583062831104,1704042592537519023,500,http://172.169.8.253:31112/function/opt-66b-submod-0-latency-25.cdgp
1704042587131559725,1704042588166233118,200,http://172.169.8.253:31112/function/opt-66b-submod-0-latency-25.cdgp
1704042587131677620,1704042588087548551,200,http://172.169.8.253:31112/function/opt-66b-submod-0-latency-25.cdgp
1704042587131769564,1704042588103286252,200,http://172.169.8.253:31112/function/opt-66b-submod-0-latency-25.cdgp
1704042587131884288,1704042596219618475,500,http://172.169.8.253:31112/function/opt-66b-submod-0-latency-25.cdgp
1704042587131982920,1704042596229277958,500,http://172.169.8.253:31112/function/opt-66b-submod-0-latency-25.cdgp
1704042587132059658,1704042588246781992,200,http://172.169.8.253:31112/function/opt-66b-submod-0-latency-25.cdgp
1704042587132122797,1704042596315420382,500,http://172.169.8.253:31112/function/opt-66b-submod-0-latency-25.cdgp
1704042587132177038,1704042596232572613,500,http://172.169.8.253:31112/function/opt-66b-submod-0-latency-25.cdgp
1704042587322408509,1704042588632837031,200,http://172.169.8.253:31112/function/opt-66b-submod-0-latency-25.cdgp
1704042587322494538,1704042596389826849,500,http://172.169.8.253:31112/function/opt-66b-submod-0-latency-25.cdgp
1704042587322632223,1704042588387637059,200,http://172.169.8.253:31112/function/opt-66b-submod-0-latency-25.cdgp
1704042587322708204,1704042588136796492,200,http://172.169.8.253:31112/function/opt-66b-submod-0-latency-25.cdgp
1704042587322734379,1704042596269360443,500,http://172.169.8.253:31112/function/opt-66b-submod-0-latency-25.cdgp
1704042587322835180,1704042596375468784,500,http://172.169.8.253:31112/function/opt-66b-submod-0-latency-25.cdgp
1704042587322877119,1704042596590821649,500,http://172.169.8.253:31112/function/opt-66b-submod-0-latency-25.cdgp
1704042587322954997,1704042588622445887,200,http://172.169.8.253:31112/function/opt-66b-submod-0-latency-25.cdgp
1704042587322981830,1704042588387493859,200,http://172.169.8.253:31112/function/opt-66b-submod-0-latency-25.cdgp
1704042587323071482,1704042588350321798,200,http://172.169.8.253:31112/function/opt-66b-submod-0-latency-25.cdgp
1704042587323153139,1704042588675624517,200,http://172.169.8.253:31112/function/opt-66b-submod-0-latency-25.cdgp
1704042587323173486,1704042596590164684,500,http://172.169.8.253:31112/function/opt-66b-submod-0-latency-25.cdgp
1704042587323285599,1704042588571627181,200,http://172.169.8.253:31112/function/opt-66b-submod-0-latency-25.cdgp
1704042587358526991,1704042596508114993,500,http://172.169.8.253:31112/function/opt-66b-submod-0-latency-25.cdgp
1704042587358611157,1704042596504512318,500,http://172.169.8.253:31112/function/opt-66b-submod-0-latency-25.cdgp
1704042587358698247,1704042588904821893,200,http://172.169.8.253:31112/function/opt-66b-submod-0-latency-25.cdgp
1704042587358773608,1704042596844601501,500,http://172.169.8.253:31112/function/opt-66b-submod-0-latency-25.cdgp
1704042587358851190,1704042588765497145,200,http://172.169.8.253:31112/function/opt-66b-submod-0-latency-25.cdgp
1704042587358977436,1704042588906593301,200,http://172.169.8.253:31112/function/opt-66b-submod-0-latency-25.cdgp
1704042587359040005,1704042588621466774,200,http://172.169.8.253:31112/function/opt-66b-submod-0-latency-25.cdgp
1704042587359187553,1704042596590838533,500,http://172.169.8.253:31112/function/opt-66b-submod-0-latency-25.cdgp
1704042587359263254,1704042588816596078,200,http://172.169.8.253:31112/function/opt-66b-submod-0-latency-25.cdgp
1704042587359299825,1704042588817391266,200,http://172.169.8.253:31112/function/opt-66b-submod-0-latency-25.cdgp
1704042587359397788,1704042596839750322,500,http://172.169.8.253:31112/function/opt-66b-submod-0-latency-25.cdgp
1704042587359464206,1704042596590297035,500,http://172.169.8.253:31112/function/opt-66b-submod-0-latency-25.cdgp
1704042587409127353,1704042588769347289,200,http://172.169.8.253:31112/function/opt-66b-submod-0-latency-25.cdgp
1704042587409212983,1704042589036249138,200,http://172.169.8.253:31112/function/opt-66b-submod-0-latency-25.cdgp
1704042587409290713,1704042588957737228,200,http://172.169.8.253:31112/function/opt-66b-submod-0-latency-25.cdgp
1704042587409363018,1704042596567363799,500,http://172.169.8.253:31112/function/opt-66b-submod-0-latency-25.cdgp
1704042587409445787,1704042588876922084,200,http://172.169.8.253:31112/function/opt-66b-submod-0-latency-25.cdgp
1704042587409544523,1704042596568317241,500,http://172.169.8.253:31112/function/opt-66b-submod-0-latency-25.cdgp
1704042587409606399,1704042596659588344,500,http://172.169.8.253:31112/function/opt-66b-submod-0-latency-25.cdgp
1704042587885533501,1704042597389858247,500,http://172.169.8.253:31112/function/opt-66b-submod-0-latency-25.cdgp
1704042587885635590,1704042596991850126,500,http://172.169.8.253:31112/function/opt-66b-submod-0-latency-25.cdgp
1704042587885771617,1704042589556424267,200,http://172.169.8.253:31112/function/opt-66b-submod-0-latency-25.cdgp
1704042587885842406,1704042596991607198,500,http://172.169.8.253:31112/function/opt-66b-submod-0-latency-25.cdgp
1704042587885901548,1704042596945180589,500,http://172.169.8.253:31112/function/opt-66b-submod-0-latency-25.cdgp
1704042587885941299,1704042590450173236,200,http://172.169.8.253:31112/function/opt-66b-submod-0-latency-25.cdgp
1704042587886022570,1704042589247554705,200,http://172.169.8.253:31112/function/opt-66b-submod-0-latency-25.cdgp
1704042587886091976,1704042597335027670,500,http://172.169.8.253:31112/function/opt-66b-submod-0-latency-25.cdgp
1704042587886114533,1704042597492945227,500,http://172.169.8.253:31112/function/opt-66b-submod-0-latency-25.cdgp
1704042587886205105,1704042597496037734,500,http://172.169.8.253:31112/function/opt-66b-submod-0-latency-25.cdgp
1704042587886249157,1704042597335326506,500,http://172.169.8.253:31112/function/opt-66b-submod-0-latency-25.cdgp
1704042587886316764,1704042597478605679,500,http://172.169.8.253:31112/function/opt-66b-submod-0-latency-25.cdgp
1704042587886343900,1704042589799089851,200,http://172.169.8.253:31112/function/opt-66b-submod-0-latency-25.cdgp
1704042587886420032,1704042597499575038,500,http://172.169.8.253:31112/function/opt-66b-submod-0-latency-25.cdgp
1704042587886485505,1704042589247927322,200,http://172.169.8.253:31112/function/opt-66b-submod-0-latency-25.cdgp
1704042587886558787,1704042597095665948,500,http://172.169.8.253:31112/function/opt-66b-submod-0-latency-25.cdgp
1704042587886620572,1704042589562027124,200,http://172.169.8.253:31112/function/opt-66b-submod-0-latency-25.cdgp
1704042587887070959,1704042597051191622,500,http://172.169.8.253:31112/function/opt-66b-submod-0-latency-25.cdgp
1704042587887149778,1704042589556356310,200,http://172.169.8.253:31112/function/opt-66b-submod-0-latency-25.cdgp
1704042587887249446,1704042597561578545,500,http://172.169.8.253:31112/function/opt-66b-submod-0-latency-25.cdgp
1704042587887350272,1704042589804064942,200,http://172.169.8.253:31112/function/opt-66b-submod-0-latency-25.cdgp
1704042587887412149,1704042597495709089,500,http://172.169.8.253:31112/function/opt-66b-submod-0-latency-25.cdgp
1704042587887486085,1704042597500197123,500,http://172.169.8.253:31112/function/opt-66b-submod-0-latency-25.cdgp
1704042587887558436,1704042590472180552,200,http://172.169.8.253:31112/function/opt-66b-submod-0-latency-25.cdgp
1704042587887683398,1704042589035403980,200,http://172.169.8.253:31112/function/opt-66b-submod-0-latency-25.cdgp
1704042587887734273,1704042589797531248,200,http://172.169.8.253:31112/function/opt-66b-submod-0-latency-25.cdgp
1704042587887832333,1704042597227551582,500,http://172.169.8.253:31112/function/opt-66b-submod-0-latency-25.cdgp
1704042587887907720,1704042590453891342,200,http://172.169.8.253:31112/function/opt-66b-submod-0-latency-25.cdgp
1704042587887982701,1704042590445788055,200,http://172.169.8.253:31112/function/opt-66b-submod-0-latency-25.cdgp
1704042587888071389,1704042597500695322,500,http://172.169.8.253:31112/function/opt-66b-submod-0-latency-25.cdgp
1704042587888142665,1704042589653307746,200,http://172.169.8.253:31112/function/opt-66b-submod-0-latency-25.cdgp
1704042587888193050,1704042597562874694,500,http://172.169.8.253:31112/function/opt-66b-submod-0-latency-25.cdgp
1704042587898722583,1704042597493815106,500,http://172.169.8.253:31112/function/opt-66b-submod-0-latency-25.cdgp
1704042587899233959,1704042590450412093,200,http://172.169.8.253:31112/function/opt-66b-submod-0-latency-25.cdgp
1704042587899339680,1704042590445777309,200,http://172.169.8.253:31112/function/opt-66b-submod-0-latency-25.cdgp
1704042587899469788,1704042597228419807,500,http://172.169.8.253:31112/function/opt-66b-submod-0-latency-25.cdgp
1704042587899505690,1704042590450426969,200,http://172.169.8.253:31112/function/opt-66b-submod-0-latency-25.cdgp
1704042587924229618,1704042589247391219,200,http://172.169.8.253:31112/function/opt-66b-submod-0-latency-25.cdgp
1704042587924327162,1704042597223643431,500,http://172.169.8.253:31112/function/opt-66b-submod-0-latency-25.cdgp
1704042587924399958,1704042590446069124,200,http://172.169.8.253:31112/function/opt-66b-submod-0-latency-25.cdgp
1704042587924462918,1704042590450969185,200,http://172.169.8.253:31112/function/opt-66b-submod-0-latency-25.cdgp
1704042587924492535,1704042590397358889,200,http://172.169.8.253:31112/function/opt-66b-submod-0-latency-25.cdgp
1704042587924579164,1704042589562010468,200,http://172.169.8.253:31112/function/opt-66b-submod-0-latency-25.cdgp
1704042587924642451,1704042597576081335,500,http://172.169.8.253:31112/function/opt-66b-submod-0-latency-25.cdgp
1704042587924664177,1704042597576277064,500,http://172.169.8.253:31112/function/opt-66b-submod-0-latency-25.cdgp
1704042587924740222,1704042597228230380,500,http://172.169.8.253:31112/function/opt-66b-submod-0-latency-25.cdgp
1704042587924817533,1704042589798972092,200,http://172.169.8.253:31112/function/opt-66b-submod-0-latency-25.cdgp
1704042587924842478,1704042597500404174,500,http://172.169.8.253:31112/function/opt-66b-submod-0-latency-25.cdgp
1704042587924889549,1704042597500207107,500,http://172.169.8.253:31112/function/opt-66b-submod-0-latency-25.cdgp
1704042587924895334,1704042589797706557,200,http://172.169.8.253:31112/function/opt-66b-submod-0-latency-25.cdgp
1704042588832834406,1704042590397341708,200,http://172.169.8.253:31112/function/opt-66b-submod-0-latency-25.cdgp
1704042588832932520,1704042590495601301,200,http://172.169.8.253:31112/function/opt-66b-submod-0-latency-25.cdgp
1704042588833079265,1704042590451432502,200,http://172.169.8.253:31112/function/opt-66b-submod-0-latency-25.cdgp
1704042588965828667,1704042590315665578,200,http://172.169.8.253:31112/function/opt-66b-submod-0-latency-25.cdgp
1704042588965975524,1704042598055539087,500,http://172.169.8.253:31112/function/opt-66b-submod-0-latency-25.cdgp
1704042588968443686,1704042598075321545,500,http://172.169.8.253:31112/function/opt-66b-submod-0-latency-25.cdgp
1704042588968529479,1704042590450473055,200,http://172.169.8.253:31112/function/opt-66b-submod-0-latency-25.cdgp
1704042588968613598,1704042598015465530,500,http://172.169.8.253:31112/function/opt-66b-submod-0-latency-25.cdgp
1704042588968681519,1704042590921677230,200,http://172.169.8.253:31112/function/opt-66b-submod-0-latency-25.cdgp
1704042588968747043,1704042598225010665,500,http://172.169.8.253:31112/function/opt-66b-submod-0-latency-25.cdgp
1704042588968769398,1704042598062865099,500,http://172.169.8.253:31112/function/opt-66b-submod-0-latency-25.cdgp
1704042588968861620,1704042598160481630,500,http://172.169.8.253:31112/function/opt-66b-submod-0-latency-25.cdgp
1704042588968933614,1704042598015226825,500,http://172.169.8.253:31112/function/opt-66b-submod-0-latency-25.cdgp
1704042589060694097,1704042598071191376,500,http://172.169.8.253:31112/function/opt-66b-submod-0-latency-25.cdgp
1704042589060773673,1704042598175282773,500,http://172.169.8.253:31112/function/opt-66b-submod-0-latency-25.cdgp
1704042589060914792,1704042590726281895,200,http://172.169.8.253:31112/function/opt-66b-submod-0-latency-25.cdgp
1704042589060978878,1704042590479436808,200,http://172.169.8.253:31112/function/opt-66b-submod-0-latency-25.cdgp
1704042589061028999,1704042591240965204,200,http://172.169.8.253:31112/function/opt-66b-submod-0-latency-25.cdgp
1704042589061104127,1704042590413134484,200,http://172.169.8.253:31112/function/opt-66b-submod-0-latency-25.cdgp
1704042589061151834,1704042590797671179,200,http://172.169.8.253:31112/function/opt-66b-submod-0-latency-25.cdgp
1704042589061219983,1704042592238513646,200,http://172.169.8.253:31112/function/opt-66b-submod-0-latency-25.cdgp
1704042589061271676,1704042590964365202,200,http://172.169.8.253:31112/function/opt-66b-submod-0-latency-25.cdgp
1704042589061335684,1704042590451985174,200,http://172.169.8.253:31112/function/opt-66b-submod-0-latency-25.cdgp
1704042589061365303,1704042598095560827,500,http://172.169.8.253:31112/function/opt-66b-submod-0-latency-25.cdgp
1704042589061446490,1704042598791109410,500,http://172.169.8.253:31112/function/opt-66b-submod-0-latency-25.cdgp
1704042589072132715,1704042592225178852,200,http://172.169.8.253:31112/function/opt-66b-submod-0-latency-25.cdgp
1704042589072241856,1704042591227712331,200,http://172.169.8.253:31112/function/opt-66b-submod-0-latency-25.cdgp
1704042589072330762,1704042598658950718,500,http://172.169.8.253:31112/function/opt-66b-submod-0-latency-25.cdgp
1704042589072435930,1704042598473795994,500,http://172.169.8.253:31112/function/opt-66b-submod-0-latency-25.cdgp
1704042589072490336,1704042591068421058,200,http://172.169.8.253:31112/function/opt-66b-submod-0-latency-25.cdgp
1704042589072570035,1704042598658072429,500,http://172.169.8.253:31112/function/opt-66b-submod-0-latency-25.cdgp
1704042589072645097,1704042590799481172,200,http://172.169.8.253:31112/function/opt-66b-submod-0-latency-25.cdgp
1704042589072728575,1704042590844039770,200,http://172.169.8.253:31112/function/opt-66b-submod-0-latency-25.cdgp
1704042589072789535,1704042598473779070,500,http://172.169.8.253:31112/function/opt-66b-submod-0-latency-25.cdgp
1704042589072879661,1704042591587593006,200,http://172.169.8.253:31112/function/opt-66b-submod-0-latency-25.cdgp
1704042589072965435,1704042590800432109,200,http://172.169.8.253:31112/function/opt-66b-submod-0-latency-25.cdgp
1704042589073069658,1704042598473888075,500,http://172.169.8.253:31112/function/opt-66b-submod-0-latency-25.cdgp
1704042589073141547,1704042591028899109,200,http://172.169.8.253:31112/function/opt-66b-submod-0-latency-25.cdgp
1704042589073271971,1704042591170409802,200,http://172.169.8.253:31112/function/opt-66b-submod-0-latency-25.cdgp
1704042589073352155,1704042598241089041,500,http://172.169.8.253:31112/function/opt-66b-submod-0-latency-25.cdgp
1704042589073429716,1704042598659258187,500,http://172.169.8.253:31112/function/opt-66b-submod-0-latency-25.cdgp
1704042589073482916,1704042591213071970,200,http://172.169.8.253:31112/function/opt-66b-submod-0-latency-25.cdgp
1704042589073591571,1704042598659556276,500,http://172.169.8.253:31112/function/opt-66b-submod-0-latency-25.cdgp
1704042589073643336,1704042590768301778,200,http://172.169.8.253:31112/function/opt-66b-submod-0-latency-25.cdgp
1704042589073745512,1704042598658764152,500,http://172.169.8.253:31112/function/opt-66b-submod-0-latency-25.cdgp
1704042589073815000,1704042598801489134,500,http://172.169.8.253:31112/function/opt-66b-submod-0-latency-25.cdgp
1704042589091450433,1704042591222777514,200,http://172.169.8.253:31112/function/opt-66b-submod-0-latency-25.cdgp
1704042589097168265,1704042598659584118,500,http://172.169.8.253:31112/function/opt-66b-submod-0-latency-25.cdgp
1704042589097243959,1704042598801234562,500,http://172.169.8.253:31112/function/opt-66b-submod-0-latency-25.cdgp
1704042589097394091,1704042598658963976,500,http://172.169.8.253:31112/function/opt-66b-submod-0-latency-25.cdgp
1704042589097460207,1704042591175668899,200,http://172.169.8.253:31112/function/opt-66b-submod-0-latency-25.cdgp
1704042589097483965,1704042592180349759,200,http://172.169.8.253:31112/function/opt-66b-submod-0-latency-25.cdgp
1704042589097577231,1704042591195872024,200,http://172.169.8.253:31112/function/opt-66b-submod-0-latency-25.cdgp
1704042589097623645,1704042593433842327,200,http://172.169.8.253:31112/function/opt-66b-submod-0-latency-25.cdgp
1704042589097707765,1704042592178625239,200,http://172.169.8.253:31112/function/opt-66b-submod-0-latency-25.cdgp
1704042589097789884,1704042591220481604,200,http://172.169.8.253:31112/function/opt-66b-submod-0-latency-25.cdgp
1704042589097881769,1704042591024822907,200,http://172.169.8.253:31112/function/opt-66b-submod-0-latency-25.cdgp
1704042589097930029,1704042598802084192,500,http://172.169.8.253:31112/function/opt-66b-submod-0-latency-25.cdgp
1704042589098017012,1704042592093242499,200,http://172.169.8.253:31112/function/opt-66b-submod-0-latency-25.cdgp
1704042589192733529,1704042592151601297,200,http://172.169.8.253:31112/function/opt-66b-submod-0-latency-25.cdgp
1704042589192806753,1704042592242583936,200,http://172.169.8.253:31112/function/opt-66b-submod-0-latency-25.cdgp
1704042589192893114,1704042593076779446,200,http://172.169.8.253:31112/function/opt-66b-submod-0-latency-25.cdgp
1704042589192967250,1704042599193880816,500,http://172.169.8.253:31112/function/opt-66b-submod-0-latency-25.cdgp
1704042589193090555,1704042599193791306,500,http://172.169.8.253:31112/function/opt-66b-submod-0-latency-25.cdgp
1704042589193208996,1704042593472997427,200,http://172.169.8.253:31112/function/opt-66b-submod-0-latency-25.cdgp
1704042589193280134,1704042592184116974,200,http://172.169.8.253:31112/function/opt-66b-submod-0-latency-25.cdgp
1704042589193387230,1704042598939227394,500,http://172.169.8.253:31112/function/opt-66b-submod-0-latency-25.cdgp
1704042589193463281,1704042599193863878,500,http://172.169.8.253:31112/function/opt-66b-submod-0-latency-25.cdgp
1704042589193518975,1704042592343577918,200,http://172.169.8.253:31112/function/opt-66b-submod-0-latency-25.cdgp
1704042589193583097,1704042591762605411,200,http://172.169.8.253:31112/function/opt-66b-submod-0-latency-25.cdgp
1704042589193671224,1704042599193885476,500,http://172.169.8.253:31112/function/opt-66b-submod-0-latency-25.cdgp
1704042589193746871,1704042592249918215,200,http://172.169.8.253:31112/function/opt-66b-submod-0-latency-25.cdgp
1704042589193772423,1704042598801782155,500,http://172.169.8.253:31112/function/opt-66b-submod-0-latency-25.cdgp
1704042589193850981,1704042593078776935,200,http://172.169.8.253:31112/function/opt-66b-submod-0-latency-25.cdgp
1704042589193930157,1704042592491470386,200,http://172.169.8.253:31112/function/opt-66b-submod-0-latency-25.cdgp
1704042589193981982,1704042592590190980,200,http://172.169.8.253:31112/function/opt-66b-submod-0-latency-25.cdgp
1704042589194053161,1704042598938887511,500,http://172.169.8.253:31112/function/opt-66b-submod-0-latency-25.cdgp
1704042589194113437,1704042593689071834,200,http://172.169.8.253:31112/function/opt-66b-submod-0-latency-25.cdgp
1704042589194174857,1704042593343620710,200,http://172.169.8.253:31112/function/opt-66b-submod-0-latency-25.cdgp
1704042589194206956,1704042598802224621,500,http://172.169.8.253:31112/function/opt-66b-submod-0-latency-25.cdgp
1704042589194292236,1704042599035067539,500,http://172.169.8.253:31112/function/opt-66b-submod-0-latency-25.cdgp
1704042589194359191,1704042599195164694,500,http://172.169.8.253:31112/function/opt-66b-submod-0-latency-25.cdgp
1704042589194379953,1704042591176382528,200,http://172.169.8.253:31112/function/opt-66b-submod-0-latency-25.cdgp
1704042589194433091,1704042591772271066,200,http://172.169.8.253:31112/function/opt-66b-submod-0-latency-25.cdgp
1704042589194502871,1704042599034545586,500,http://172.169.8.253:31112/function/opt-66b-submod-0-latency-25.cdgp
1704042589194578788,1704042599195022736,500,http://172.169.8.253:31112/function/opt-66b-submod-0-latency-25.cdgp
1704042589194669556,1704042598802233420,500,http://172.169.8.253:31112/function/opt-66b-submod-0-latency-25.cdgp
1704042589194749289,1704042598939527464,500,http://172.169.8.253:31112/function/opt-66b-submod-0-latency-25.cdgp
1704042589194859061,1704042599195179794,500,http://172.169.8.253:31112/function/opt-66b-submod-0-latency-25.cdgp
1704042589194917190,1704042591619505350,200,http://172.169.8.253:31112/function/opt-66b-submod-0-latency-25.cdgp
1704042589194974563,1704042599195184971,500,http://172.169.8.253:31112/function/opt-66b-submod-0-latency-25.cdgp
1704042589195042859,1704042599039588186,500,http://172.169.8.253:31112/function/opt-66b-submod-0-latency-25.cdgp
1704042589195134841,1704042592218785012,200,http://172.169.8.253:31112/function/opt-66b-submod-0-latency-25.cdgp
1704042589195179958,1704042591924606630,200,http://172.169.8.253:31112/function/opt-66b-submod-0-latency-25.cdgp
1704042589195251119,1704042592252891687,200,http://172.169.8.253:31112/function/opt-66b-submod-0-latency-25.cdgp
1704042589195336491,1704042599196192312,500,http://172.169.8.253:31112/function/opt-66b-submod-0-latency-25.cdgp
1704042589195485212,1704042599091395407,500,http://172.169.8.253:31112/function/opt-66b-submod-0-latency-25.cdgp
1704042589195544706,1704042598938901374,500,http://172.169.8.253:31112/function/opt-66b-submod-0-latency-25.cdgp
1704042589195631572,1704042599196106093,500,http://172.169.8.253:31112/function/opt-66b-submod-0-latency-25.cdgp
1704042589195701386,1704042599196091509,500,http://172.169.8.253:31112/function/opt-66b-submod-0-latency-25.cdgp
1704042589195733687,1704042592054936910,200,http://172.169.8.253:31112/function/opt-66b-submod-0-latency-25.cdgp
1704042589195807476,1704042593064604265,200,http://172.169.8.253:31112/function/opt-66b-submod-0-latency-25.cdgp
1704042589195901239,1704042591221542957,200,http://172.169.8.253:31112/function/opt-66b-submod-0-latency-25.cdgp
1704042589195962203,1704042599097975464,500,http://172.169.8.253:31112/function/opt-66b-submod-0-latency-25.cdgp
1704042589195971854,1704042591900422233,200,http://172.169.8.253:31112/function/opt-66b-submod-0-latency-25.cdgp
1704042589196052584,1704042591179305950,200,http://172.169.8.253:31112/function/opt-66b-submod-0-latency-25.cdgp
1704042589196160565,1704042591769664052,200,http://172.169.8.253:31112/function/opt-66b-submod-0-latency-25.cdgp
1704042589196255497,1704042593067466507,200,http://172.169.8.253:31112/function/opt-66b-submod-0-latency-25.cdgp
1704042589196319332,1704042593449451284,200,http://172.169.8.253:31112/function/opt-66b-submod-0-latency-25.cdgp
1704042589196382855,1704042593350979101,200,http://172.169.8.253:31112/function/opt-66b-submod-0-latency-25.cdgp
1704042589196418389,1704042592531065707,200,http://172.169.8.253:31112/function/opt-66b-submod-0-latency-25.cdgp
1704042589196523386,1704042591586617570,200,http://172.169.8.253:31112/function/opt-66b-submod-0-latency-25.cdgp
1704042589196565973,1704042592549519244,200,http://172.169.8.253:31112/function/opt-66b-submod-0-latency-25.cdgp
1704042589196639999,1704042593485540347,200,http://172.169.8.253:31112/function/opt-66b-submod-0-latency-25.cdgp
1704042589196722737,1704042593596856333,200,http://172.169.8.253:31112/function/opt-66b-submod-0-latency-25.cdgp
1704042589261449035,1704042599175295031,500,http://172.169.8.253:31112/function/opt-66b-submod-0-latency-25.cdgp
1704042589262518517,1704042599263254538,500,http://172.169.8.253:31112/function/opt-66b-submod-0-latency-25.cdgp
1704042589262623892,1704042592243458430,200,http://172.169.8.253:31112/function/opt-66b-submod-0-latency-25.cdgp
1704042589262691860,1704042599263265448,500,http://172.169.8.253:31112/function/opt-66b-submod-0-latency-25.cdgp
1704042589262761736,1704042592197312281,200,http://172.169.8.253:31112/function/opt-66b-submod-0-latency-25.cdgp
1704042589265602518,1704042592189556607,200,http://172.169.8.253:31112/function/opt-66b-submod-0-latency-25.cdgp
1704042589265685823,1704042593094367964,200,http://172.169.8.253:31112/function/opt-66b-submod-0-latency-25.cdgp
1704042589265752138,1704042593428521273,200,http://172.169.8.253:31112/function/opt-66b-submod-0-latency-25.cdgp
1704042589265807177,1704042599267243284,500,http://172.169.8.253:31112/function/opt-66b-submod-0-latency-25.cdgp
1704042589265867257,1704042592615109022,200,http://172.169.8.253:31112/function/opt-66b-submod-0-latency-25.cdgp
1704042589265898236,1704042592592303462,200,http://172.169.8.253:31112/function/opt-66b-submod-0-latency-25.cdgp
1704042589265979901,1704042592660409520,200,http://172.169.8.253:31112/function/opt-66b-submod-0-latency-25.cdgp
1704042589266046969,1704042599131555863,500,http://172.169.8.253:31112/function/opt-66b-submod-0-latency-25.cdgp
1704042589266131778,1704042593896190839,200,http://172.169.8.253:31112/function/opt-66b-submod-0-latency-25.cdgp
1704042589266190852,1704042599267419250,500,http://172.169.8.253:31112/function/opt-66b-submod-0-latency-25.cdgp
1704042589266232168,1704042593431462974,200,http://172.169.8.253:31112/function/opt-66b-submod-0-latency-25.cdgp
1704042589266301944,1704042593386644217,200,http://172.169.8.253:31112/function/opt-66b-submod-0-latency-25.cdgp
1704042589266326513,1704042599042060590,500,http://172.169.8.253:31112/function/opt-66b-submod-0-latency-25.cdgp
1704042589266671304,1704042599267475608,500,http://172.169.8.253:31112/function/opt-66b-submod-0-latency-25.cdgp
1704042589266761028,1704042599267464635,500,http://172.169.8.253:31112/function/opt-66b-submod-0-latency-25.cdgp
1704042589266825801,1704042591922703992,200,http://172.169.8.253:31112/function/opt-66b-submod-0-latency-25.cdgp
1704042589266921919,1704042592874911068,200,http://172.169.8.253:31112/function/opt-66b-submod-0-latency-25.cdgp
1704042589267035941,1704042599267523602,500,http://172.169.8.253:31112/function/opt-66b-submod-0-latency-25.cdgp
1704042589267147531,1704042599267457382,500,http://172.169.8.253:31112/function/opt-66b-submod-0-latency-25.cdgp
1704042589267230062,1704042591259448315,200,http://172.169.8.253:31112/function/opt-66b-submod-0-latency-25.cdgp
1704042589366298266,1704042593703167399,200,http://172.169.8.253:31112/function/opt-66b-submod-0-latency-25.cdgp
1704042589366540373,1704042593119406408,200,http://172.169.8.253:31112/function/opt-66b-submod-0-latency-25.cdgp
1704042589366651963,1704042599367832546,500,http://172.169.8.253:31112/function/opt-66b-submod-0-latency-25.cdgp
1704042589366719193,1704042599367837337,500,http://172.169.8.253:31112/function/opt-66b-submod-0-latency-25.cdgp
1704042589366786581,1704042592579510807,200,http://172.169.8.253:31112/function/opt-66b-submod-0-latency-25.cdgp
1704042589366878364,1704042599367847075,500,http://172.169.8.253:31112/function/opt-66b-submod-0-latency-25.cdgp
1704042589367067902,1704042592198197470,200,http://172.169.8.253:31112/function/opt-66b-submod-0-latency-25.cdgp
1704042589568676769,1704042592829250099,200,http://172.169.8.253:31112/function/opt-66b-submod-0-latency-25.cdgp
1704042589568754202,1704042592248049997,200,http://172.169.8.253:31112/function/opt-66b-submod-0-latency-25.cdgp
1704042589568842857,1704042593121561654,200,http://172.169.8.253:31112/function/opt-66b-submod-0-latency-25.cdgp
1704042589568898174,1704042599483746322,500,http://172.169.8.253:31112/function/opt-66b-submod-0-latency-25.cdgp
1704042589568966755,1704042599570305287,500,http://172.169.8.253:31112/function/opt-66b-submod-0-latency-25.cdgp
1704042589568998369,1704042593163299118,200,http://172.169.8.253:31112/function/opt-66b-submod-0-latency-25.cdgp
1704042589569090772,1704042594049049088,200,http://172.169.8.253:31112/function/opt-66b-submod-0-latency-25.cdgp
1704042589569134420,1704042592659511637,200,http://172.169.8.253:31112/function/opt-66b-submod-0-latency-25.cdgp
1704042589569239785,1704042599483770189,500,http://172.169.8.253:31112/function/opt-66b-submod-0-latency-25.cdgp
1704042589569288476,1704042599483763507,500,http://172.169.8.253:31112/function/opt-66b-submod-0-latency-25.cdgp
1704042589569369704,1704042599483761633,500,http://172.169.8.253:31112/function/opt-66b-submod-0-latency-25.cdgp
1704042589569435425,1704042599570294170,500,http://172.169.8.253:31112/function/opt-66b-submod-0-latency-25.cdgp
1704042589569477111,1704042599483752097,500,http://172.169.8.253:31112/function/opt-66b-submod-0-latency-25.cdgp
1704042589569598291,1704042592578274162,200,http://172.169.8.253:31112/function/opt-66b-submod-0-latency-25.cdgp
1704042589569625946,1704042593043586315,200,http://172.169.8.253:31112/function/opt-66b-submod-0-latency-25.cdgp
1704042589569751630,1704042593085376375,200,http://172.169.8.253:31112/function/opt-66b-submod-0-latency-25.cdgp
1704042589569845207,1704042592547403964,200,http://172.169.8.253:31112/function/opt-66b-submod-0-latency-25.cdgp
1704042589569908203,1704042592572923034,200,http://172.169.8.253:31112/function/opt-66b-submod-0-latency-25.cdgp
1704042589572321799,1704042592831959904,200,http://172.169.8.253:31112/function/opt-66b-submod-0-latency-25.cdgp
1704042589572410630,1704042599573621218,500,http://172.169.8.253:31112/function/opt-66b-submod-0-latency-25.cdgp
1704042589572492024,1704042599483816017,500,http://172.169.8.253:31112/function/opt-66b-submod-0-latency-25.cdgp
1704042589572567979,1704042599573667553,500,http://172.169.8.253:31112/function/opt-66b-submod-0-latency-25.cdgp
1704042589572642616,1704042591942071242,200,http://172.169.8.253:31112/function/opt-66b-submod-0-latency-25.cdgp
1704042589572737350,1704042599438484056,500,http://172.169.8.253:31112/function/opt-66b-submod-0-latency-25.cdgp
1704042589572816119,1704042593794454241,200,http://172.169.8.253:31112/function/opt-66b-submod-0-latency-25.cdgp
1704042589572909486,1704042594136205009,200,http://172.169.8.253:31112/function/opt-66b-submod-0-latency-25.cdgp
1704042589702861281,1704042599704092577,500,http://172.169.8.253:31112/function/opt-66b-submod-0-latency-25.cdgp
1704042589702950508,1704042599704071299,500,http://172.169.8.253:31112/function/opt-66b-submod-0-latency-25.cdgp
1704042589703025935,1704042599704038376,500,http://172.169.8.253:31112/function/opt-66b-submod-0-latency-25.cdgp
1704042589703116771,1704042592796624746,200,http://172.169.8.253:31112/function/opt-66b-submod-0-latency-25.cdgp
1704042589703217160,1704042594205960415,200,http://172.169.8.253:31112/function/opt-66b-submod-0-latency-25.cdgp
1704042589703335589,1704042599703971548,500,http://172.169.8.253:31112/function/opt-66b-submod-0-latency-25.cdgp
1704042589703411655,1704042593207271142,200,http://172.169.8.253:31112/function/opt-66b-submod-0-latency-25.cdgp
1704042589703465153,1704042599704062144,500,http://172.169.8.253:31112/function/opt-66b-submod-0-latency-25.cdgp
1704042589703551954,1704042599704062801,500,http://172.169.8.253:31112/function/opt-66b-submod-0-latency-25.cdgp
1704042589703599898,1704042594424058779,200,http://172.169.8.253:31112/function/opt-66b-submod-0-latency-25.cdgp
1704042589703667221,1704042593002714103,200,http://172.169.8.253:31112/function/opt-66b-submod-0-latency-25.cdgp
1704042589703740770,1704042599703987261,500,http://172.169.8.253:31112/function/opt-66b-submod-0-latency-25.cdgp
1704042589879244227,1704042599880083378,500,http://172.169.8.253:31112/function/opt-66b-submod-0-latency-25.cdgp
1704042589879375438,1704042593154245980,200,http://172.169.8.253:31112/function/opt-66b-submod-0-latency-25.cdgp
1704042589879467349,1704042593705364087,200,http://172.169.8.253:31112/function/opt-66b-submod-0-latency-25.cdgp
1704042589879528028,1704042593051794621,200,http://172.169.8.253:31112/function/opt-66b-submod-0-latency-25.cdgp
1704042589879606025,1704042593781903244,200,http://172.169.8.253:31112/function/opt-66b-submod-0-latency-25.cdgp
1704042589879644483,1704042599880066061,500,http://172.169.8.253:31112/function/opt-66b-submod-0-latency-25.cdgp
1704042589879747251,1704042593346837285,200,http://172.169.8.253:31112/function/opt-66b-submod-0-latency-25.cdgp
1704042589879792895,1704042599880056951,500,http://172.169.8.253:31112/function/opt-66b-submod-0-latency-25.cdgp
1704042589879890713,1704042592619045530,200,http://172.169.8.253:31112/function/opt-66b-submod-0-latency-25.cdgp
1704042589916238776,1704042599773368542,500,http://172.169.8.253:31112/function/opt-66b-submod-0-latency-25.cdgp
1704042589916325907,1704042594424692400,200,http://172.169.8.253:31112/function/opt-66b-submod-0-latency-25.cdgp
1704042589916405961,1704042599917206027,500,http://172.169.8.253:31112/function/opt-66b-submod-0-latency-25.cdgp
1704042589920284535,1704042599773442945,500,http://172.169.8.253:31112/function/opt-66b-submod-0-latency-25.cdgp
1704042589920342620,1704042594046420531,200,http://172.169.8.253:31112/function/opt-66b-submod-0-latency-25.cdgp
1704042589920391437,1704042599921441761,500,http://172.169.8.253:31112/function/opt-66b-submod-0-latency-25.cdgp
1704042589920457470,1704042594421038755,200,http://172.169.8.253:31112/function/opt-66b-submod-0-latency-25.cdgp
1704042589920511247,1704042593667574123,200,http://172.169.8.253:31112/function/opt-66b-submod-0-latency-25.cdgp
1704042589920591778,1704042599773875604,500,http://172.169.8.253:31112/function/opt-66b-submod-0-latency-25.cdgp
1704042589920649834,1704042593832570212,200,http://172.169.8.253:31112/function/opt-66b-submod-0-latency-25.cdgp
1704042589920762696,1704042593845416910,200,http://172.169.8.253:31112/function/opt-66b-submod-0-latency-25.cdgp
1704042589920858831,1704042594048947956,200,http://172.169.8.253:31112/function/opt-66b-submod-0-latency-25.cdgp
1704042589920948687,1704042594046707252,200,http://172.169.8.253:31112/function/opt-66b-submod-0-latency-25.cdgp
1704042589922427511,1704042593763735568,200,http://172.169.8.253:31112/function/opt-66b-submod-0-latency-25.cdgp
1704042589922488375,1704042599773793549,500,http://172.169.8.253:31112/function/opt-66b-submod-0-latency-25.cdgp
1704042589922519969,1704042599773382791,500,http://172.169.8.253:31112/function/opt-66b-submod-0-latency-25.cdgp
1704042589922600969,1704042592614185012,200,http://172.169.8.253:31112/function/opt-66b-submod-0-latency-25.cdgp
1704042589922671750,1704042599773948197,500,http://172.169.8.253:31112/function/opt-66b-submod-0-latency-25.cdgp
1704042589922749589,1704042594422877773,200,http://172.169.8.253:31112/function/opt-66b-submod-0-latency-25.cdgp
1704042589922813059,1704042594205509106,200,http://172.169.8.253:31112/function/opt-66b-submod-0-latency-25.cdgp
1704042589922843484,1704042594201543513,200,http://172.169.8.253:31112/function/opt-66b-submod-0-latency-25.cdgp
1704042589922893597,1704042599923641387,500,http://172.169.8.253:31112/function/opt-66b-submod-0-latency-25.cdgp
1704042590045214055,1704042600046056206,500,http://172.169.8.253:31112/function/opt-66b-submod-0-latency-25.cdgp
1704042590045381746,1704042593756475024,200,http://172.169.8.253:31112/function/opt-66b-submod-0-latency-25.cdgp
1704042590045471878,1704042594441974146,200,http://172.169.8.253:31112/function/opt-66b-submod-0-latency-25.cdgp
1704042590073689583,1704042599774431797,500,http://172.169.8.253:31112/function/opt-66b-submod-0-latency-25.cdgp
1704042590073817874,1704042600075125487,500,http://172.169.8.253:31112/function/opt-66b-submod-0-latency-25.cdgp
1704042590073930439,1704042593081765488,200,http://172.169.8.253:31112/function/opt-66b-submod-0-latency-25.cdgp
1704042590073996752,1704042599778597578,500,http://172.169.8.253:31112/function/opt-66b-submod-0-latency-25.cdgp
1704042590074024983,1704042593448283083,200,http://172.169.8.253:31112/function/opt-66b-submod-0-latency-25.cdgp
1704042590074128621,1704042600075114344,500,http://172.169.8.253:31112/function/opt-66b-submod-0-latency-25.cdgp
1704042590074202521,1704042599774151858,500,http://172.169.8.253:31112/function/opt-66b-submod-0-latency-25.cdgp
1704042590074228907,1704042593487162392,200,http://172.169.8.253:31112/function/opt-66b-submod-0-latency-25.cdgp
1704042590074320542,1704042594007613994,200,http://172.169.8.253:31112/function/opt-66b-submod-0-latency-25.cdgp
1704042590074404227,1704042600075106685,500,http://172.169.8.253:31112/function/opt-66b-submod-0-latency-25.cdgp
1704042590074473618,1704042600058711511,500,http://172.169.8.253:31112/function/opt-66b-submod-0-latency-25.cdgp
1704042590074489491,1704042599774553898,500,http://172.169.8.253:31112/function/opt-66b-submod-0-latency-25.cdgp
1704042590074584295,1704042600057653856,500,http://172.169.8.253:31112/function/opt-66b-submod-0-latency-25.cdgp
1704042590074648253,1704042594425029908,200,http://172.169.8.253:31112/function/opt-66b-submod-0-latency-25.cdgp
1704042590074720889,1704042594046810878,200,http://172.169.8.253:31112/function/opt-66b-submod-0-latency-25.cdgp
1704042590074786173,1704042593599156028,200,http://172.169.8.253:31112/function/opt-66b-submod-0-latency-25.cdgp
1704042590074829547,1704042593807875587,200,http://172.169.8.253:31112/function/opt-66b-submod-0-latency-25.cdgp
1704042590074911208,1704042594420930314,200,http://172.169.8.253:31112/function/opt-66b-submod-0-latency-25.cdgp
1704042590074990961,1704042593117647173,200,http://172.169.8.253:31112/function/opt-66b-submod-0-latency-25.cdgp
1704042590075066753,1704042594239292638,200,http://172.169.8.253:31112/function/opt-66b-submod-0-latency-25.cdgp
1704042593808129826,1704042603163526303,500,http://172.169.8.253:31112/function/opt-66b-submod-0-latency-25.cdgp
1704042593808224773,1704042595066983272,200,http://172.169.8.253:31112/function/opt-66b-submod-0-latency-25.cdgp
1704042593808365569,1704042603312255290,500,http://172.169.8.253:31112/function/opt-66b-submod-0-latency-25.cdgp
1704042593810982816,1704042603150888020,500,http://172.169.8.253:31112/function/opt-66b-submod-0-latency-25.cdgp
1704042593811060417,1704042595065978939,200,http://172.169.8.253:31112/function/opt-66b-submod-0-latency-25.cdgp
1704042593811215797,1704042603251780941,500,http://172.169.8.253:31112/function/opt-66b-submod-0-latency-25.cdgp
1704042593811279641,1704042595070299487,200,http://172.169.8.253:31112/function/opt-66b-submod-0-latency-25.cdgp
1704042593812949395,1704042603495518308,500,http://172.169.8.253:31112/function/opt-66b-submod-0-latency-25.cdgp
1704042593813075356,1704042595175479103,200,http://172.169.8.253:31112/function/opt-66b-submod-0-latency-25.cdgp
1704042593814354222,1704042594829490943,200,http://172.169.8.253:31112/function/opt-66b-submod-0-latency-25.cdgp
1704042593814451384,1704042595133403829,200,http://172.169.8.253:31112/function/opt-66b-submod-0-latency-25.cdgp
1704042593814532766,1704042603815042420,500,http://172.169.8.253:31112/function/opt-66b-submod-0-latency-25.cdgp
1704042593814922009,1704042603179428542,500,http://172.169.8.253:31112/function/opt-66b-submod-0-latency-25.cdgp
1704042593815013695,1704042603280087194,500,http://172.169.8.253:31112/function/opt-66b-submod-0-latency-25.cdgp
1704042593851660532,1704042595747567085,200,http://172.169.8.253:31112/function/opt-66b-submod-0-latency-25.cdgp
1704042593855202924,1704042603451433929,500,http://172.169.8.253:31112/function/opt-66b-submod-0-latency-25.cdgp
1704042593855362280,1704042603287586307,500,http://172.169.8.253:31112/function/opt-66b-submod-0-latency-25.cdgp
1704042593855442330,1704042603856442110,500,http://172.169.8.253:31112/function/opt-66b-submod-0-latency-25.cdgp
1704042593879216900,1704042595657585451,200,http://172.169.8.253:31112/function/opt-66b-submod-0-latency-25.cdgp
1704042593879304534,1704042603626710844,500,http://172.169.8.253:31112/function/opt-66b-submod-0-latency-25.cdgp
1704042593879384030,1704042595487122701,200,http://172.169.8.253:31112/function/opt-66b-submod-0-latency-25.cdgp
1704042593879444849,1704042603411576612,500,http://172.169.8.253:31112/function/opt-66b-submod-0-latency-25.cdgp
1704042593880269843,1704042595070347345,200,http://172.169.8.253:31112/function/opt-66b-submod-0-latency-25.cdgp
1704042593880362202,1704042603653973392,500,http://172.169.8.253:31112/function/opt-66b-submod-0-latency-25.cdgp
1704042593880446850,1704042595267504347,200,http://172.169.8.253:31112/function/opt-66b-submod-0-latency-25.cdgp
1704042593880526648,1704042603305362908,500,http://172.169.8.253:31112/function/opt-66b-submod-0-latency-25.cdgp
1704042593880582730,1704042595403752271,200,http://172.169.8.253:31112/function/opt-66b-submod-0-latency-25.cdgp
1704042593880692232,1704042595660875889,200,http://172.169.8.253:31112/function/opt-66b-submod-0-latency-25.cdgp
1704042593880771209,1704042595264894930,200,http://172.169.8.253:31112/function/opt-66b-submod-0-latency-25.cdgp
1704042593880886887,1704042595660972344,200,http://172.169.8.253:31112/function/opt-66b-submod-0-latency-25.cdgp
1704042593880970249,1704042595264733698,200,http://172.169.8.253:31112/function/opt-66b-submod-0-latency-25.cdgp
1704042593881029862,1704042603423082759,500,http://172.169.8.253:31112/function/opt-66b-submod-0-latency-25.cdgp
1704042593881076737,1704042595289025382,200,http://172.169.8.253:31112/function/opt-66b-submod-0-latency-25.cdgp
1704042593881127420,1704042595656874524,200,http://172.169.8.253:31112/function/opt-66b-submod-0-latency-25.cdgp
1704042593881224980,1704042603425593223,500,http://172.169.8.253:31112/function/opt-66b-submod-0-latency-25.cdgp
1704042593881274502,1704042603424739988,500,http://172.169.8.253:31112/function/opt-66b-submod-0-latency-25.cdgp
1704042593881351981,1704042603424869261,500,http://172.169.8.253:31112/function/opt-66b-submod-0-latency-25.cdgp
1704042593881423974,1704042595403477611,200,http://172.169.8.253:31112/function/opt-66b-submod-0-latency-25.cdgp
1704042594470919143,1704042595707528401,200,http://172.169.8.253:31112/function/opt-66b-submod-0-latency-25.cdgp
1704042594471005154,1704042596269104776,200,http://172.169.8.253:31112/function/opt-66b-submod-0-latency-25.cdgp
1704042594471116755,1704042603747442991,500,http://172.169.8.253:31112/function/opt-66b-submod-0-latency-25.cdgp
1704042594471289163,1704042596157048240,200,http://172.169.8.253:31112/function/opt-66b-submod-0-latency-25.cdgp
1704042594471367052,1704042595658982299,200,http://172.169.8.253:31112/function/opt-66b-submod-0-latency-25.cdgp
1704042594471454827,1704042603593138198,500,http://172.169.8.253:31112/function/opt-66b-submod-0-latency-25.cdgp
1704042594471532044,1704042603647898319,500,http://172.169.8.253:31112/function/opt-66b-submod-0-latency-25.cdgp
1704042594471578072,1704042595903835363,200,http://172.169.8.253:31112/function/opt-66b-submod-0-latency-25.cdgp
1704042594471666032,1704042603753285642,500,http://172.169.8.253:31112/function/opt-66b-submod-0-latency-25.cdgp
1704042594471697689,1704042603596135059,500,http://172.169.8.253:31112/function/opt-66b-submod-0-latency-25.cdgp
1704042594471795816,1704042604010798331,500,http://172.169.8.253:31112/function/opt-66b-submod-0-latency-25.cdgp
1704042594471851129,1704042604004633159,500,http://172.169.8.253:31112/function/opt-66b-submod-0-latency-25.cdgp
1704042594471909786,1704042603751607781,500,http://172.169.8.253:31112/function/opt-66b-submod-0-latency-25.cdgp
1704042594472004512,1704042603595245381,500,http://172.169.8.253:31112/function/opt-66b-submod-0-latency-25.cdgp
1704042594472081068,1704042596156639960,200,http://172.169.8.253:31112/function/opt-66b-submod-0-latency-25.cdgp
1704042594472151282,1704042595708458255,200,http://172.169.8.253:31112/function/opt-66b-submod-0-latency-25.cdgp
1704042594472219780,1704042595656368875,200,http://172.169.8.253:31112/function/opt-66b-submod-0-latency-25.cdgp
1704042594472289902,1704042595621430927,200,http://172.169.8.253:31112/function/opt-66b-submod-0-latency-25.cdgp
1704042594472382915,1704042596269268252,200,http://172.169.8.253:31112/function/opt-66b-submod-0-latency-25.cdgp
1704042594472477611,1704042596516533071,200,http://172.169.8.253:31112/function/opt-66b-submod-0-latency-25.cdgp
1704042594655697614,1704042596504828239,200,http://172.169.8.253:31112/function/opt-66b-submod-0-latency-25.cdgp
1704042594655793576,1704042603748005533,500,http://172.169.8.253:31112/function/opt-66b-submod-0-latency-25.cdgp
1704042594655853091,1704042604085931276,500,http://172.169.8.253:31112/function/opt-66b-submod-0-latency-25.cdgp
1704042594655904425,1704042603649257952,500,http://172.169.8.253:31112/function/opt-66b-submod-0-latency-25.cdgp
1704042594880852417,1704042597427934883,200,http://172.169.8.253:31112/function/opt-66b-submod-0-latency-25.cdgp
1704042594880944324,1704042604156847576,500,http://172.169.8.253:31112/function/opt-66b-submod-0-latency-25.cdgp
1704042594881077151,1704042603792641817,500,http://172.169.8.253:31112/function/opt-66b-submod-0-latency-25.cdgp
1704042594881164813,1704042604163002289,500,http://172.169.8.253:31112/function/opt-66b-submod-0-latency-25.cdgp
1704042594881244967,1704042596507944189,200,http://172.169.8.253:31112/function/opt-66b-submod-0-latency-25.cdgp
1704042594881288087,1704042604162195717,500,http://172.169.8.253:31112/function/opt-66b-submod-0-latency-25.cdgp
1704042594930573840,1704042596593312050,200,http://172.169.8.253:31112/function/opt-66b-submod-0-latency-25.cdgp
1704042594937813492,1704042596267112751,200,http://172.169.8.253:31112/function/opt-66b-submod-0-latency-25.cdgp
1704042594937903987,1704042597095613308,200,http://172.169.8.253:31112/function/opt-66b-submod-0-latency-25.cdgp
1704042594938023819,1704042596841419445,200,http://172.169.8.253:31112/function/opt-66b-submod-0-latency-25.cdgp
1704042594938348789,1704042599047767417,200,http://172.169.8.253:31112/function/opt-66b-submod-0-latency-25.cdgp
1704042594938452947,1704042597227758672,200,http://172.169.8.253:31112/function/opt-66b-submod-0-latency-25.cdgp
1704042594938534095,1704042596637015383,200,http://172.169.8.253:31112/function/opt-66b-submod-0-latency-25.cdgp
1704042594938590968,1704042604155728730,500,http://172.169.8.253:31112/function/opt-66b-submod-0-latency-25.cdgp
1704042594938653084,1704042597049388967,200,http://172.169.8.253:31112/function/opt-66b-submod-0-latency-25.cdgp
1704042594938699852,1704042604155542699,500,http://172.169.8.253:31112/function/opt-66b-submod-0-latency-25.cdgp
1704042594938754671,1704042604646834129,500,http://172.169.8.253:31112/function/opt-66b-submod-0-latency-25.cdgp
1704042594938819046,1704042597941339106,200,http://172.169.8.253:31112/function/opt-66b-submod-0-latency-25.cdgp
1704042594938845598,1704042604628455000,500,http://172.169.8.253:31112/function/opt-66b-submod-0-latency-25.cdgp
1704042594938925929,1704042596840211881,200,http://172.169.8.253:31112/function/opt-66b-submod-0-latency-25.cdgp
1704042594938979196,1704042597095280314,200,http://172.169.8.253:31112/function/opt-66b-submod-0-latency-25.cdgp
1704042594939061645,1704042596964425070,200,http://172.169.8.253:31112/function/opt-66b-submod-0-latency-25.cdgp
1704042594939129459,1704042596843379650,200,http://172.169.8.253:31112/function/opt-66b-submod-0-latency-25.cdgp
1704042594939155293,1704042596942572662,200,http://172.169.8.253:31112/function/opt-66b-submod-0-latency-25.cdgp
1704042594939263850,1704042604603961901,500,http://172.169.8.253:31112/function/opt-66b-submod-0-latency-25.cdgp
1704042594939336772,1704042604603956127,500,http://172.169.8.253:31112/function/opt-66b-submod-0-latency-25.cdgp
1704042594939430359,1704042596504055812,200,http://172.169.8.253:31112/function/opt-66b-submod-0-latency-25.cdgp
1704042594939495328,1704042604669488842,500,http://172.169.8.253:31112/function/opt-66b-submod-0-latency-25.cdgp
1704042594939529702,1704042596839868935,200,http://172.169.8.253:31112/function/opt-66b-submod-0-latency-25.cdgp
1704042594939670270,1704042604604031647,500,http://172.169.8.253:31112/function/opt-66b-submod-0-latency-25.cdgp
1704042594939741851,1704042604647385657,500,http://172.169.8.253:31112/function/opt-66b-submod-0-latency-25.cdgp
1704042594939816813,1704042604647427656,500,http://172.169.8.253:31112/function/opt-66b-submod-0-latency-25.cdgp
1704042594939844808,1704042604845813522,500,http://172.169.8.253:31112/function/opt-66b-submod-0-latency-25.cdgp
1704042594939919274,1704042596843377126,200,http://172.169.8.253:31112/function/opt-66b-submod-0-latency-25.cdgp
1704042594939978231,1704042604669560638,500,http://172.169.8.253:31112/function/opt-66b-submod-0-latency-25.cdgp
1704042594949900485,1704042596991867263,200,http://172.169.8.253:31112/function/opt-66b-submod-0-latency-25.cdgp
1704042594950978365,1704042604669675470,500,http://172.169.8.253:31112/function/opt-66b-submod-0-latency-25.cdgp
1704042594951040330,1704042604859438171,500,http://172.169.8.253:31112/function/opt-66b-submod-0-latency-25.cdgp
1704042594951079310,1704042598660164393,200,http://172.169.8.253:31112/function/opt-66b-submod-0-latency-25.cdgp
1704042594951166696,1704042597285573829,200,http://172.169.8.253:31112/function/opt-66b-submod-0-latency-25.cdgp
1704042594951238323,1704042596945029936,200,http://172.169.8.253:31112/function/opt-66b-submod-0-latency-25.cdgp
1704042594951364704,1704042597264343001,200,http://172.169.8.253:31112/function/opt-66b-submod-0-latency-25.cdgp
1704042594951438148,1704042598794980234,200,http://172.169.8.253:31112/function/opt-66b-submod-0-latency-25.cdgp
1704042594951522948,1704042604859443213,500,http://172.169.8.253:31112/function/opt-66b-submod-0-latency-25.cdgp
1704042594951580237,1704042597139989633,200,http://172.169.8.253:31112/function/opt-66b-submod-0-latency-25.cdgp
1704042594951599808,1704042597219634121,200,http://172.169.8.253:31112/function/opt-66b-submod-0-latency-25.cdgp
1704042594951694788,1704042598658814618,200,http://172.169.8.253:31112/function/opt-66b-submod-0-latency-25.cdgp
1704042594951785025,1704042604858925878,500,http://172.169.8.253:31112/function/opt-66b-submod-0-latency-25.cdgp
1704042594951812277,1704042604869637462,500,http://172.169.8.253:31112/function/opt-66b-submod-0-latency-25.cdgp
1704042594951873728,1704042604858019685,500,http://172.169.8.253:31112/function/opt-66b-submod-0-latency-25.cdgp
1704042594951939072,1704042597972782031,200,http://172.169.8.253:31112/function/opt-66b-submod-0-latency-25.cdgp
1704042594952030138,1704042596945297061,200,http://172.169.8.253:31112/function/opt-66b-submod-0-latency-25.cdgp
1704042594952134053,1704042596840114159,200,http://172.169.8.253:31112/function/opt-66b-submod-0-latency-25.cdgp
1704042594952162355,1704042597556368185,200,http://172.169.8.253:31112/function/opt-66b-submod-0-latency-25.cdgp
1704042594952215369,1704042597250224695,200,http://172.169.8.253:31112/function/opt-66b-submod-0-latency-25.cdgp
1704042594952270894,1704042597223199568,200,http://172.169.8.253:31112/function/opt-66b-submod-0-latency-25.cdgp
1704042594952346376,1704042597560508964,200,http://172.169.8.253:31112/function/opt-66b-submod-0-latency-25.cdgp
1704042594952444640,1704042604871059386,500,http://172.169.8.253:31112/function/opt-66b-submod-0-latency-25.cdgp
1704042594952469134,1704042597480727610,200,http://172.169.8.253:31112/function/opt-66b-submod-0-latency-25.cdgp
1704042594952513878,1704042597972152131,200,http://172.169.8.253:31112/function/opt-66b-submod-0-latency-25.cdgp
1704042594952525779,1704042604871882512,500,http://172.169.8.253:31112/function/opt-66b-submod-0-latency-25.cdgp
1704042595003346072,1704042597523853920,200,http://172.169.8.253:31112/function/opt-66b-submod-0-latency-25.cdgp
1704042595003448987,1704042597942996818,200,http://172.169.8.253:31112/function/opt-66b-submod-0-latency-25.cdgp
1704042595003520726,1704042597614143301,200,http://172.169.8.253:31112/function/opt-66b-submod-0-latency-25.cdgp
1704042595003605062,1704042604872381254,500,http://172.169.8.253:31112/function/opt-66b-submod-0-latency-25.cdgp
1704042595006730256,1704042598018506094,200,http://172.169.8.253:31112/function/opt-66b-submod-0-latency-25.cdgp
1704042595018240944,1704042597874211429,200,http://172.169.8.253:31112/function/opt-66b-submod-0-latency-25.cdgp
1704042595250899890,1704042597693994443,200,http://172.169.8.253:31112/function/opt-66b-submod-0-latency-25.cdgp
1704042595250997966,1704042596507501116,200,http://172.169.8.253:31112/function/opt-66b-submod-0-latency-25.cdgp
1704042595251078621,1704042598847844500,200,http://172.169.8.253:31112/function/opt-66b-submod-0-latency-25.cdgp
1704042595406265750,1704042598795175958,200,http://172.169.8.253:31112/function/opt-66b-submod-0-latency-25.cdgp
1704042595406359845,1704042604963427162,500,http://172.169.8.253:31112/function/opt-66b-submod-0-latency-25.cdgp
1704042595547987521,1704042604603932407,500,http://172.169.8.253:31112/function/opt-66b-submod-0-latency-25.cdgp
1704042595980778458,1704042605413810734,500,http://172.169.8.253:31112/function/opt-66b-submod-0-latency-25.cdgp
1704042595980871264,1704042598802552214,200,http://172.169.8.253:31112/function/opt-66b-submod-0-latency-25.cdgp
1704042595980994888,1704042605267908333,500,http://172.169.8.253:31112/function/opt-66b-submod-0-latency-25.cdgp
1704042595981070715,1704042605384580309,500,http://172.169.8.253:31112/function/opt-66b-submod-0-latency-25.cdgp
1704042595981147371,1704042599036761687,200,http://172.169.8.253:31112/function/opt-66b-submod-0-latency-25.cdgp
1704042595981296199,1704042605204450986,500,http://172.169.8.253:31112/function/opt-66b-submod-0-latency-25.cdgp
1704042595981392581,1704042605605444862,500,http://172.169.8.253:31112/function/opt-66b-submod-0-latency-25.cdgp
1704042595981469748,1704042605602102086,500,http://172.169.8.253:31112/function/opt-66b-submod-0-latency-25.cdgp
1704042595981540618,1704042605115469175,500,http://172.169.8.253:31112/function/opt-66b-submod-0-latency-25.cdgp
1704042595981604249,1704042598160498239,200,http://172.169.8.253:31112/function/opt-66b-submod-0-latency-25.cdgp
1704042595981675500,1704042597268513997,200,http://172.169.8.253:31112/function/opt-66b-submod-0-latency-25.cdgp
1704042595981789793,1704042605847418918,504,http://172.169.8.253:31112/function/opt-66b-submod-0-latency-25.cdgp
1704042595981850499,1704042605266014589,500,http://172.169.8.253:31112/function/opt-66b-submod-0-latency-25.cdgp
1704042595981902466,1704042605676328455,500,http://172.169.8.253:31112/function/opt-66b-submod-0-latency-25.cdgp
1704042595981971586,1704042598657904206,200,http://172.169.8.253:31112/function/opt-66b-submod-0-latency-25.cdgp
1704042595982019426,1704042605483288642,500,http://172.169.8.253:31112/function/opt-66b-submod-0-latency-25.cdgp
1704042595982098483,1704042605724812066,500,http://172.169.8.253:31112/function/opt-66b-submod-0-latency-25.cdgp
1704042595982141511,1704042605596748695,500,http://172.169.8.253:31112/function/opt-66b-submod-0-latency-25.cdgp
1704042595982190465,1704042598801474061,200,http://172.169.8.253:31112/function/opt-66b-submod-0-latency-25.cdgp
1704042595982227936,1704042605542250680,500,http://172.169.8.253:31112/function/opt-66b-submod-0-latency-25.cdgp
1704042595982300113,1704042605594656605,500,http://172.169.8.253:31112/function/opt-66b-submod-0-latency-25.cdgp
1704042595982372550,1704042599772490227,200,http://172.169.8.253:31112/function/opt-66b-submod-0-latency-25.cdgp
1704042595982419163,1704042605477823636,500,http://172.169.8.253:31112/function/opt-66b-submod-0-latency-25.cdgp
1704042595982485409,1704042598659911180,200,http://172.169.8.253:31112/function/opt-66b-submod-0-latency-25.cdgp
1704042595982544360,1704042598659567598,200,http://172.169.8.253:31112/function/opt-66b-submod-0-latency-25.cdgp
1704042595982609895,1704042598132637452,200,http://172.169.8.253:31112/function/opt-66b-submod-0-latency-25.cdgp
1704042595982636318,1704042598657990716,200,http://172.169.8.253:31112/function/opt-66b-submod-0-latency-25.cdgp
1704042595982680547,1704042605836930375,500,http://172.169.8.253:31112/function/opt-66b-submod-0-latency-25.cdgp
1704042595982721877,1704042605595655945,500,http://172.169.8.253:31112/function/opt-66b-submod-0-latency-25.cdgp
1704042595982815459,1704042605229775646,500,http://172.169.8.253:31112/function/opt-66b-submod-0-latency-25.cdgp
1704042595982838739,1704042605835627728,500,http://172.169.8.253:31112/function/opt-66b-submod-0-latency-25.cdgp
1704042595982911364,1704042605606604140,500,http://172.169.8.253:31112/function/opt-66b-submod-0-latency-25.cdgp
1704042595982955559,1704042598801323708,200,http://172.169.8.253:31112/function/opt-66b-submod-0-latency-25.cdgp
1704042595982978749,1704042599789013094,200,http://172.169.8.253:31112/function/opt-66b-submod-0-latency-25.cdgp
1704042595983045094,1704042605623417353,500,http://172.169.8.253:31112/function/opt-66b-submod-0-latency-25.cdgp
1704042595983136828,1704042605597834744,500,http://172.169.8.253:31112/function/opt-66b-submod-0-latency-25.cdgp
1704042595983202471,1704042597670474659,200,http://172.169.8.253:31112/function/opt-66b-submod-0-latency-25.cdgp
1704042595997754930,1704042605606617173,500,http://172.169.8.253:31112/function/opt-66b-submod-0-latency-25.cdgp
1704042595997839587,1704042598657886436,200,http://172.169.8.253:31112/function/opt-66b-submod-0-latency-25.cdgp
1704042595997911603,1704042605227954398,500,http://172.169.8.253:31112/function/opt-66b-submod-0-latency-25.cdgp
1704042595997991160,1704042599788370678,200,http://172.169.8.253:31112/function/opt-66b-submod-0-latency-25.cdgp
1704042595998129483,1704042598659270924,200,http://172.169.8.253:31112/function/opt-66b-submod-0-latency-25.cdgp
1704042595998235334,1704042605605762628,500,http://172.169.8.253:31112/function/opt-66b-submod-0-latency-25.cdgp
1704042595998315345,1704042599773009731,200,http://172.169.8.253:31112/function/opt-66b-submod-0-latency-25.cdgp
1704042595998345391,1704042598795475915,200,http://172.169.8.253:31112/function/opt-66b-submod-0-latency-25.cdgp
1704042595998392770,1704042599093571809,200,http://172.169.8.253:31112/function/opt-66b-submod-0-latency-25.cdgp
1704042595998432429,1704042598659513937,200,http://172.169.8.253:31112/function/opt-66b-submod-0-latency-25.cdgp
1704042596400198065,1704042599743437037,200,http://172.169.8.253:31112/function/opt-66b-submod-0-latency-25.cdgp
1704042596419645848,1704042598852384283,200,http://172.169.8.253:31112/function/opt-66b-submod-0-latency-25.cdgp
1704042596419755805,1704042605764648602,500,http://172.169.8.253:31112/function/opt-66b-submod-0-latency-25.cdgp
1704042596419840072,1704042599094671603,200,http://172.169.8.253:31112/function/opt-66b-submod-0-latency-25.cdgp
1704042596419928385,1704042598801966451,200,http://172.169.8.253:31112/function/opt-66b-submod-0-latency-25.cdgp
1704042596420021463,1704042605763364366,500,http://172.169.8.253:31112/function/opt-66b-submod-0-latency-25.cdgp
1704042596420110240,1704042605762974748,500,http://172.169.8.253:31112/function/opt-66b-submod-0-latency-25.cdgp
1704042596420169576,1704042606420996572,500,http://172.169.8.253:31112/function/opt-66b-submod-0-latency-25.cdgp
1704042596420266484,1704042605762490826,500,http://172.169.8.253:31112/function/opt-66b-submod-0-latency-25.cdgp
1704042596420375829,1704042605884349771,500,http://172.169.8.253:31112/function/opt-66b-submod-0-latency-25.cdgp
1704042596420450870,1704042606124048047,500,http://172.169.8.253:31112/function/opt-66b-submod-0-latency-25.cdgp
1704042596420513905,1704042605804339822,500,http://172.169.8.253:31112/function/opt-66b-submod-0-latency-25.cdgp
1704042596420542444,1704042599131544088,200,http://172.169.8.253:31112/function/opt-66b-submod-0-latency-25.cdgp
1704042596420613949,1704042599035877155,200,http://172.169.8.253:31112/function/opt-66b-submod-0-latency-25.cdgp
1704042596737680872,1704042599774062147,200,http://172.169.8.253:31112/function/opt-66b-submod-0-latency-25.cdgp
1704042596737846918,1704042605942394077,500,http://172.169.8.253:31112/function/opt-66b-submod-0-latency-25.cdgp
1704042596737936975,1704042598960134159,200,http://172.169.8.253:31112/function/opt-66b-submod-0-latency-25.cdgp
1704042596737997482,1704042599773441707,200,http://172.169.8.253:31112/function/opt-66b-submod-0-latency-25.cdgp
1704042596738057441,1704042605876453358,500,http://172.169.8.253:31112/function/opt-66b-submod-0-latency-25.cdgp
1704042596738120350,1704042599137625876,200,http://172.169.8.253:31112/function/opt-66b-submod-0-latency-25.cdgp
1704042596738228900,1704042605896432887,500,http://172.169.8.253:31112/function/opt-66b-submod-0-latency-25.cdgp
1704042596738318878,1704042605905421760,500,http://172.169.8.253:31112/function/opt-66b-submod-0-latency-25.cdgp
1704042596738406931,1704042605930394461,500,http://172.169.8.253:31112/function/opt-66b-submod-0-latency-25.cdgp
1704042596738480252,1704042605944290603,500,http://172.169.8.253:31112/function/opt-66b-submod-0-latency-25.cdgp
1704042596738564470,1704042599851333214,200,http://172.169.8.253:31112/function/opt-66b-submod-0-latency-25.cdgp
1704042596738639162,1704042599789357467,200,http://172.169.8.253:31112/function/opt-66b-submod-0-latency-25.cdgp
1704042596751399885,1704042606549585796,500,http://172.169.8.253:31112/function/opt-66b-submod-0-latency-25.cdgp
1704042596751511007,1704042606045081561,500,http://172.169.8.253:31112/function/opt-66b-submod-0-latency-25.cdgp
1704042596751579123,1704042606150500611,500,http://172.169.8.253:31112/function/opt-66b-submod-0-latency-25.cdgp
1704042596756233023,1704042606154207508,500,http://172.169.8.253:31112/function/opt-66b-submod-0-latency-25.cdgp
1704042596756317101,1704042599700413591,200,http://172.169.8.253:31112/function/opt-66b-submod-0-latency-25.cdgp
1704042596756400519,1704042598660148930,200,http://172.169.8.253:31112/function/opt-66b-submod-0-latency-25.cdgp
1704042596756469613,1704042606140595832,500,http://172.169.8.253:31112/function/opt-66b-submod-0-latency-25.cdgp
1704042596756530778,1704042606477847326,500,http://172.169.8.253:31112/function/opt-66b-submod-0-latency-25.cdgp
1704042596756558516,1704042598801829481,200,http://172.169.8.253:31112/function/opt-66b-submod-0-latency-25.cdgp
1704042596756639362,1704042606130654269,500,http://172.169.8.253:31112/function/opt-66b-submod-0-latency-25.cdgp
1704042596758215539,1704042605907115788,500,http://172.169.8.253:31112/function/opt-66b-submod-0-latency-25.cdgp
1704042596758278343,1704042599790080589,200,http://172.169.8.253:31112/function/opt-66b-submod-0-latency-25.cdgp
1704042596758308981,1704042606474088530,500,http://172.169.8.253:31112/function/opt-66b-submod-0-latency-25.cdgp
1704042596758395515,1704042598735689411,200,http://172.169.8.253:31112/function/opt-66b-submod-0-latency-25.cdgp
1704042596758473028,1704042606340760973,500,http://172.169.8.253:31112/function/opt-66b-submod-0-latency-25.cdgp
1704042596758510914,1704042606020091397,500,http://172.169.8.253:31112/function/opt-66b-submod-0-latency-25.cdgp
1704042596758593849,1704042606016868366,500,http://172.169.8.253:31112/function/opt-66b-submod-0-latency-25.cdgp
1704042596758631199,1704042599773333810,200,http://172.169.8.253:31112/function/opt-66b-submod-0-latency-25.cdgp
1704042596758713582,1704042606301966665,500,http://172.169.8.253:31112/function/opt-66b-submod-0-latency-25.cdgp
1704042596758756920,1704042606599817846,500,http://172.169.8.253:31112/function/opt-66b-submod-0-latency-25.cdgp
1704042596758823273,1704042599095660059,200,http://172.169.8.253:31112/function/opt-66b-submod-0-latency-25.cdgp
1704042596758929562,1704042598160462802,200,http://172.169.8.253:31112/function/opt-66b-submod-0-latency-25.cdgp
1704042596758992614,1704042606271355686,500,http://172.169.8.253:31112/function/opt-66b-submod-0-latency-25.cdgp
1704042596759014536,1704042606476118609,500,http://172.169.8.253:31112/function/opt-66b-submod-0-latency-25.cdgp
1704042596759111168,1704042606256245599,500,http://172.169.8.253:31112/function/opt-66b-submod-0-latency-25.cdgp
1704042596759189637,1704042599700317548,200,http://172.169.8.253:31112/function/opt-66b-submod-0-latency-25.cdgp
1704042596759225395,1704042606059179712,500,http://172.169.8.253:31112/function/opt-66b-submod-0-latency-25.cdgp
1704042596759296178,1704042600996059566,200,http://172.169.8.253:31112/function/opt-66b-submod-0-latency-25.cdgp
1704042596759351756,1704042599033910473,200,http://172.169.8.253:31112/function/opt-66b-submod-0-latency-25.cdgp
1704042596759437388,1704042606598201912,500,http://172.169.8.253:31112/function/opt-66b-submod-0-latency-25.cdgp
1704042597061209933,1704042599772982006,200,http://172.169.8.253:31112/function/opt-66b-submod-0-latency-25.cdgp
1704042597061325550,1704042606627536367,500,http://172.169.8.253:31112/function/opt-66b-submod-0-latency-25.cdgp
1704042597061432319,1704042606399635168,500,http://172.169.8.253:31112/function/opt-66b-submod-0-latency-25.cdgp
1704042597063965691,1704042606307359807,500,http://172.169.8.253:31112/function/opt-66b-submod-0-latency-25.cdgp
1704042597064044989,1704042606701929231,500,http://172.169.8.253:31112/function/opt-66b-submod-0-latency-25.cdgp
1704042597064199558,1704042606304797844,500,http://172.169.8.253:31112/function/opt-66b-submod-0-latency-25.cdgp
1704042597064265929,1704042598852500522,200,http://172.169.8.253:31112/function/opt-66b-submod-0-latency-25.cdgp
1704042597097487559,1704042606159556766,500,http://172.169.8.253:31112/function/opt-66b-submod-0-latency-25.cdgp
1704042597097591459,1704042606631514059,500,http://172.169.8.253:31112/function/opt-66b-submod-0-latency-25.cdgp
1704042597097722338,1704042606586430920,500,http://172.169.8.253:31112/function/opt-66b-submod-0-latency-25.cdgp
1704042597097787040,1704042599875561040,200,http://172.169.8.253:31112/function/opt-66b-submod-0-latency-25.cdgp
1704042597097830632,1704042599772994428,200,http://172.169.8.253:31112/function/opt-66b-submod-0-latency-25.cdgp
1704042597097906368,1704042606073984875,500,http://172.169.8.253:31112/function/opt-66b-submod-0-latency-25.cdgp
1704042597097958439,1704042606302934437,500,http://172.169.8.253:31112/function/opt-66b-submod-0-latency-25.cdgp
1704042597561017966,1704042600663704605,200,http://172.169.8.253:31112/function/opt-66b-submod-0-latency-25.cdgp
1704042597561114300,1704042600286613116,200,http://172.169.8.253:31112/function/opt-66b-submod-0-latency-25.cdgp
1704042597561485776,1704042599743566415,200,http://172.169.8.253:31112/function/opt-66b-submod-0-latency-25.cdgp
1704042597561587257,1704042606539601595,500,http://172.169.8.253:31112/function/opt-66b-submod-0-latency-25.cdgp
1704042597561674998,1704042606867412308,500,http://172.169.8.253:31112/function/opt-66b-submod-0-latency-25.cdgp
1704042597561916592,1704042606824532862,500,http://172.169.8.253:31112/function/opt-66b-submod-0-latency-25.cdgp
1704042597692516304,1704042600159631585,200,http://172.169.8.253:31112/function/opt-66b-submod-0-latency-25.cdgp
1704042597692637953,1704042599789649692,200,http://172.169.8.253:31112/function/opt-66b-submod-0-latency-25.cdgp
1704042597692775417,1704042606784095443,500,http://172.169.8.253:31112/function/opt-66b-submod-0-latency-25.cdgp
1704042597692852038,1704042606839248075,500,http://172.169.8.253:31112/function/opt-66b-submod-0-latency-25.cdgp
1704042597692916530,1704042606748367316,500,http://172.169.8.253:31112/function/opt-66b-submod-0-latency-25.cdgp
1704042597692984494,1704042600286100228,200,http://172.169.8.253:31112/function/opt-66b-submod-0-latency-25.cdgp
1704042597693033559,1704042606796676808,500,http://172.169.8.253:31112/function/opt-66b-submod-0-latency-25.cdgp
1704042597693086651,1704042599700375986,200,http://172.169.8.253:31112/function/opt-66b-submod-0-latency-25.cdgp
1704042597693197355,1704042599704781455,200,http://172.169.8.253:31112/function/opt-66b-submod-0-latency-25.cdgp
1704042597693247883,1704042606641737579,500,http://172.169.8.253:31112/function/opt-66b-submod-0-latency-25.cdgp
1704042597693294771,1704042606797375417,500,http://172.169.8.253:31112/function/opt-66b-submod-0-latency-25.cdgp
1704042598011246964,1704042599805104748,200,http://172.169.8.253:31112/function/opt-66b-submod-0-latency-25.cdgp
1704042598011378501,1704042600199408722,200,http://172.169.8.253:31112/function/opt-66b-submod-0-latency-25.cdgp
1704042598011486400,1704042599805441480,200,http://172.169.8.253:31112/function/opt-66b-submod-0-latency-25.cdgp
1704042598011571642,1704042600119814195,200,http://172.169.8.253:31112/function/opt-66b-submod-0-latency-25.cdgp
1704042598011646146,1704042607154890979,500,http://172.169.8.253:31112/function/opt-66b-submod-0-latency-25.cdgp
1704042598011713771,1704042607158699798,500,http://172.169.8.253:31112/function/opt-66b-submod-0-latency-25.cdgp
1704042598011769246,1704042607250946100,500,http://172.169.8.253:31112/function/opt-66b-submod-0-latency-25.cdgp
1704042598011862705,1704042600989598183,200,http://172.169.8.253:31112/function/opt-66b-submod-0-latency-25.cdgp
1704042598011945215,1704042607375456041,500,http://172.169.8.253:31112/function/opt-66b-submod-0-latency-25.cdgp
1704042598012038860,1704042607400282968,500,http://172.169.8.253:31112/function/opt-66b-submod-0-latency-25.cdgp
1704042598012102283,1704042600989682109,200,http://172.169.8.253:31112/function/opt-66b-submod-0-latency-25.cdgp
1704042598012164230,1704042607286264822,500,http://172.169.8.253:31112/function/opt-66b-submod-0-latency-25.cdgp
1704042598012180963,1704042600136338197,200,http://172.169.8.253:31112/function/opt-66b-submod-0-latency-25.cdgp
1704042598012283443,1704042599854264703,200,http://172.169.8.253:31112/function/opt-66b-submod-0-latency-25.cdgp
1704042598012313904,1704042607324114692,500,http://172.169.8.253:31112/function/opt-66b-submod-0-latency-25.cdgp
1704042598012417970,1704042607232015913,500,http://172.169.8.253:31112/function/opt-66b-submod-0-latency-25.cdgp
1704042598012485660,1704042600989220359,200,http://172.169.8.253:31112/function/opt-66b-submod-0-latency-25.cdgp
1704042598012563643,1704042599831573811,200,http://172.169.8.253:31112/function/opt-66b-submod-0-latency-25.cdgp
1704042598012630671,1704042600954948103,200,http://172.169.8.253:31112/function/opt-66b-submod-0-latency-25.cdgp
1704042598012711533,1704042607356463175,500,http://172.169.8.253:31112/function/opt-66b-submod-0-latency-25.cdgp
1704042598012775055,1704042600989321394,200,http://172.169.8.253:31112/function/opt-66b-submod-0-latency-25.cdgp
1704042598012800144,1704042600707593963,200,http://172.169.8.253:31112/function/opt-66b-submod-0-latency-25.cdgp
1704042598012864136,1704042600996195956,200,http://172.169.8.253:31112/function/opt-66b-submod-0-latency-25.cdgp
1704042598048289498,1704042608049022964,500,http://172.169.8.253:31112/function/opt-66b-submod-0-latency-25.cdgp
1704042598048356065,1704042608048989911,500,http://172.169.8.253:31112/function/opt-66b-submod-0-latency-25.cdgp
1704042598048396142,1704042600996058565,200,http://172.169.8.253:31112/function/opt-66b-submod-0-latency-25.cdgp
1704042598048496659,1704042608048984016,500,http://172.169.8.253:31112/function/opt-66b-submod-0-latency-25.cdgp
1704042598048618814,1704042601381519962,200,http://172.169.8.253:31112/function/opt-66b-submod-0-latency-25.cdgp
1704042598060979876,1704042608061507989,500,http://172.169.8.253:31112/function/opt-66b-submod-0-latency-25.cdgp
1704042598061056660,1704042607651589709,500,http://172.169.8.253:31112/function/opt-66b-submod-0-latency-25.cdgp
1704042598071457306,1704042608072920446,500,http://172.169.8.253:31112/function/opt-66b-submod-0-latency-25.cdgp
1704042598071563564,1704042602666938000,200,http://172.169.8.253:31112/function/opt-66b-submod-0-latency-25.cdgp
1704042598071649753,1704042608073345339,500,http://172.169.8.253:31112/function/opt-66b-submod-0-latency-25.cdgp
1704042598071770662,1704042601368971865,200,http://172.169.8.253:31112/function/opt-66b-submod-0-latency-25.cdgp
1704042598071840937,1704042600989667905,200,http://172.169.8.253:31112/function/opt-66b-submod-0-latency-25.cdgp
1704042598071900116,1704042608073331722,500,http://172.169.8.253:31112/function/opt-66b-submod-0-latency-25.cdgp
1704042598071987086,1704042608073318704,500,http://172.169.8.253:31112/function/opt-66b-submod-0-latency-25.cdgp
1704042598072054587,1704042607639590411,500,http://172.169.8.253:31112/function/opt-66b-submod-0-latency-25.cdgp
1704042598072088105,1704042608072981674,500,http://172.169.8.253:31112/function/opt-66b-submod-0-latency-25.cdgp
1704042598072134400,1704042608073327177,500,http://172.169.8.253:31112/function/opt-66b-submod-0-latency-25.cdgp
1704042598072169824,1704042602439200761,200,http://172.169.8.253:31112/function/opt-66b-submod-0-latency-25.cdgp
1704042598072282774,1704042608059138243,500,http://172.169.8.253:31112/function/opt-66b-submod-0-latency-25.cdgp
1704042598072330338,1704042608073326455,500,http://172.169.8.253:31112/function/opt-66b-submod-0-latency-25.cdgp
1704042598072424482,1704042608072966508,500,http://172.169.8.253:31112/function/opt-66b-submod-0-latency-25.cdgp
1704042598072495695,1704042608073003851,500,http://172.169.8.253:31112/function/opt-66b-submod-0-latency-25.cdgp
1704042598072543909,1704042607831525194,500,http://172.169.8.253:31112/function/opt-66b-submod-0-latency-25.cdgp
1704042598072595142,1704042607844520472,500,http://172.169.8.253:31112/function/opt-66b-submod-0-latency-25.cdgp
1704042598072705989,1704042600668615565,200,http://172.169.8.253:31112/function/opt-66b-submod-0-latency-25.cdgp
1704042598072742835,1704042603302478087,200,http://172.169.8.253:31112/function/opt-66b-submod-0-latency-25.cdgp
1704042598072811698,1704042603743607276,200,http://172.169.8.253:31112/function/opt-66b-submod-0-latency-25.cdgp
1704042598072886507,1704042607879123849,500,http://172.169.8.253:31112/function/opt-66b-submod-0-latency-25.cdgp
1704042598072916520,1704042602245298450,200,http://172.169.8.253:31112/function/opt-66b-submod-0-latency-25.cdgp
1704042598072953717,1704042603740242452,200,http://172.169.8.253:31112/function/opt-66b-submod-0-latency-25.cdgp
1704042598073028652,1704042600990259943,200,http://172.169.8.253:31112/function/opt-66b-submod-0-latency-25.cdgp
1704042598073107644,1704042608073351446,500,http://172.169.8.253:31112/function/opt-66b-submod-0-latency-25.cdgp
1704042598073186142,1704042602225130910,200,http://172.169.8.253:31112/function/opt-66b-submod-0-latency-25.cdgp
1704042598073248050,1704042608073477401,500,http://172.169.8.253:31112/function/opt-66b-submod-0-latency-25.cdgp
1704042598073334479,1704042600989238441,200,http://172.169.8.253:31112/function/opt-66b-submod-0-latency-25.cdgp
1704042598073410832,1704042602245157929,200,http://172.169.8.253:31112/function/opt-66b-submod-0-latency-25.cdgp
1704042598073468192,1704042608074116814,500,http://172.169.8.253:31112/function/opt-66b-submod-0-latency-25.cdgp
1704042598073554132,1704042603745385984,200,http://172.169.8.253:31112/function/opt-66b-submod-0-latency-25.cdgp
1704042598073608130,1704042607753814982,500,http://172.169.8.253:31112/function/opt-66b-submod-0-latency-25.cdgp
1704042598073667675,1704042608074015572,500,http://172.169.8.253:31112/function/opt-66b-submod-0-latency-25.cdgp
1704042598073748000,1704042608074121444,500,http://172.169.8.253:31112/function/opt-66b-submod-0-latency-25.cdgp
1704042598073855616,1704042602246669204,200,http://172.169.8.253:31112/function/opt-66b-submod-0-latency-25.cdgp
1704042598073941785,1704042603733763065,200,http://172.169.8.253:31112/function/opt-66b-submod-0-latency-25.cdgp
1704042598074019400,1704042601369574478,200,http://172.169.8.253:31112/function/opt-66b-submod-0-latency-25.cdgp
1704042598074097906,1704042603747995726,200,http://172.169.8.253:31112/function/opt-66b-submod-0-latency-25.cdgp
1704042598074125963,1704042603749834472,200,http://172.169.8.253:31112/function/opt-66b-submod-0-latency-25.cdgp
1704042598074183610,1704042601578334541,200,http://172.169.8.253:31112/function/opt-66b-submod-0-latency-25.cdgp
1704042598074264256,1704042600989458568,200,http://172.169.8.253:31112/function/opt-66b-submod-0-latency-25.cdgp
1704042598102303366,1704042601031516263,200,http://172.169.8.253:31112/function/opt-66b-submod-0-latency-25.cdgp
1704042598102379862,1704042601860880207,200,http://172.169.8.253:31112/function/opt-66b-submod-0-latency-25.cdgp
1704042598103797152,1704042602245478806,200,http://172.169.8.253:31112/function/opt-66b-submod-0-latency-25.cdgp
1704042598103887086,1704042608104476084,500,http://172.169.8.253:31112/function/opt-66b-submod-0-latency-25.cdgp
1704042598103977535,1704042608104612887,500,http://172.169.8.253:31112/function/opt-66b-submod-0-latency-25.cdgp
1704042598104060158,1704042608104483113,500,http://172.169.8.253:31112/function/opt-66b-submod-0-latency-25.cdgp
1704042598104150043,1704042608104601766,500,http://172.169.8.253:31112/function/opt-66b-submod-0-latency-25.cdgp
1704042598104212765,1704042602250484026,200,http://172.169.8.253:31112/function/opt-66b-submod-0-latency-25.cdgp
1704042598104280729,1704042608104613449,500,http://172.169.8.253:31112/function/opt-66b-submod-0-latency-25.cdgp
1704042598104386369,1704042602667753792,200,http://172.169.8.253:31112/function/opt-66b-submod-0-latency-25.cdgp
1704042598104452721,1704042601859561773,200,http://172.169.8.253:31112/function/opt-66b-submod-0-latency-25.cdgp
1704042598104525599,1704042608104710720,500,http://172.169.8.253:31112/function/opt-66b-submod-0-latency-25.cdgp
1704042598104605136,1704042608092969353,500,http://172.169.8.253:31112/function/opt-66b-submod-0-latency-25.cdgp
1704042598104663058,1704042608104785318,500,http://172.169.8.253:31112/function/opt-66b-submod-0-latency-25.cdgp
1704042598104748342,1704042608104872171,500,http://172.169.8.253:31112/function/opt-66b-submod-0-latency-25.cdgp
1704042598104818866,1704042608104411682,500,http://172.169.8.253:31112/function/opt-66b-submod-0-latency-25.cdgp
1704042598104861458,1704042600989796446,200,http://172.169.8.253:31112/function/opt-66b-submod-0-latency-25.cdgp
1704042598104970110,1704042601861216191,200,http://172.169.8.253:31112/function/opt-66b-submod-0-latency-25.cdgp
1704042598105043305,1704042608105606490,500,http://172.169.8.253:31112/function/opt-66b-submod-0-latency-25.cdgp
1704042598105078161,1704042602664680549,200,http://172.169.8.253:31112/function/opt-66b-submod-0-latency-25.cdgp
1704042598105158899,1704042602665366685,200,http://172.169.8.253:31112/function/opt-66b-submod-0-latency-25.cdgp
1704042598105228132,1704042601368891650,200,http://172.169.8.253:31112/function/opt-66b-submod-0-latency-25.cdgp
1704042598105255337,1704042602246656269,200,http://172.169.8.253:31112/function/opt-66b-submod-0-latency-25.cdgp
1704042598105525045,1704042608105753057,500,http://172.169.8.253:31112/function/opt-66b-submod-0-latency-25.cdgp
1704042598105589940,1704042603732040437,200,http://172.169.8.253:31112/function/opt-66b-submod-0-latency-25.cdgp
1704042598105674488,1704042602666353871,200,http://172.169.8.253:31112/function/opt-66b-submod-0-latency-25.cdgp
1704042598105698427,1704042607835109216,500,http://172.169.8.253:31112/function/opt-66b-submod-0-latency-25.cdgp
1704042598105767284,1704042602223342088,200,http://172.169.8.253:31112/function/opt-66b-submod-0-latency-25.cdgp
1704042598105825314,1704042608106843772,500,http://172.169.8.253:31112/function/opt-66b-submod-0-latency-25.cdgp
1704042598105900913,1704042602660740137,200,http://172.169.8.253:31112/function/opt-66b-submod-0-latency-25.cdgp
1704042598105974565,1704042601745936649,200,http://172.169.8.253:31112/function/opt-66b-submod-0-latency-25.cdgp
1704042598106017727,1704042608106852568,500,http://172.169.8.253:31112/function/opt-66b-submod-0-latency-25.cdgp
1704042598106096312,1704042608106854838,500,http://172.169.8.253:31112/function/opt-66b-submod-0-latency-25.cdgp
1704042598106129340,1704042607874968880,500,http://172.169.8.253:31112/function/opt-66b-submod-0-latency-25.cdgp
1704042598106204002,1704042608106837203,500,http://172.169.8.253:31112/function/opt-66b-submod-0-latency-25.cdgp
1704042598106260168,1704042601949746643,200,http://172.169.8.253:31112/function/opt-66b-submod-0-latency-25.cdgp
1704042598106335412,1704042603739551364,200,http://172.169.8.253:31112/function/opt-66b-submod-0-latency-25.cdgp
1704042598160614592,1704042602666963813,200,http://172.169.8.253:31112/function/opt-66b-submod-0-latency-25.cdgp
1704042598160709622,1704042602667019437,200,http://172.169.8.253:31112/function/opt-66b-submod-0-latency-25.cdgp
1704042598160808316,1704042602707427814,200,http://172.169.8.253:31112/function/opt-66b-submod-0-latency-25.cdgp
1704042598160878311,1704042608162107045,500,http://172.169.8.253:31112/function/opt-66b-submod-0-latency-25.cdgp
1704042598160898113,1704042603306473160,200,http://172.169.8.253:31112/function/opt-66b-submod-0-latency-25.cdgp
1704042598160923475,1704042608162391031,500,http://172.169.8.253:31112/function/opt-66b-submod-0-latency-25.cdgp
1704042598161012848,1704042601880432111,200,http://172.169.8.253:31112/function/opt-66b-submod-0-latency-25.cdgp
1704042598161069695,1704042608162395630,500,http://172.169.8.253:31112/function/opt-66b-submod-0-latency-25.cdgp
1704042598161149279,1704042602707620711,200,http://172.169.8.253:31112/function/opt-66b-submod-0-latency-25.cdgp
1704042598161260013,1704042608162405053,500,http://172.169.8.253:31112/function/opt-66b-submod-0-latency-25.cdgp
1704042598161326738,1704042608162099146,500,http://172.169.8.253:31112/function/opt-66b-submod-0-latency-25.cdgp
1704042598161415412,1704042603730744224,200,http://172.169.8.253:31112/function/opt-66b-submod-0-latency-25.cdgp
1704042598161485143,1704042603783532251,200,http://172.169.8.253:31112/function/opt-66b-submod-0-latency-25.cdgp
1704042598161516271,1704042601745944404,200,http://172.169.8.253:31112/function/opt-66b-submod-0-latency-25.cdgp
1704042598167722837,1704042608168953538,500,http://172.169.8.253:31112/function/opt-66b-submod-0-latency-25.cdgp
1704042598167817627,1704042603783527392,200,http://172.169.8.253:31112/function/opt-66b-submod-0-latency-25.cdgp
1704042598167911099,1704042608168944678,500,http://172.169.8.253:31112/function/opt-66b-submod-0-latency-25.cdgp
1704042598167977199,1704042602664686896,200,http://172.169.8.253:31112/function/opt-66b-submod-0-latency-25.cdgp
1704042598168047420,1704042608168758212,500,http://172.169.8.253:31112/function/opt-66b-submod-0-latency-25.cdgp
1704042598168107064,1704042601923365491,200,http://172.169.8.253:31112/function/opt-66b-submod-0-latency-25.cdgp
1704042598168180620,1704042608168768659,500,http://172.169.8.253:31112/function/opt-66b-submod-0-latency-25.cdgp
1704042598168264750,1704042602660900791,200,http://172.169.8.253:31112/function/opt-66b-submod-0-latency-25.cdgp
1704042598168327816,1704042608169076864,500,http://172.169.8.253:31112/function/opt-66b-submod-0-latency-25.cdgp
1704042598168428689,1704042608169063554,500,http://172.169.8.253:31112/function/opt-66b-submod-0-latency-25.cdgp
1704042598168499775,1704042608169092841,500,http://172.169.8.253:31112/function/opt-66b-submod-0-latency-25.cdgp
1704042598168593116,1704042608169084868,500,http://172.169.8.253:31112/function/opt-66b-submod-0-latency-25.cdgp
1704042598168676798,1704042603735999137,200,http://172.169.8.253:31112/function/opt-66b-submod-0-latency-25.cdgp
1704042598363480627,1704042603739093570,200,http://172.169.8.253:31112/function/opt-66b-submod-0-latency-25.cdgp
1704042598363604053,1704042608364476558,500,http://172.169.8.253:31112/function/opt-66b-submod-0-latency-25.cdgp
1704042598363705246,1704042602664545747,200,http://172.169.8.253:31112/function/opt-66b-submod-0-latency-25.cdgp
1704042598363798780,1704042608364479273,500,http://172.169.8.253:31112/function/opt-66b-submod-0-latency-25.cdgp
1704042598363848283,1704042601757768395,200,http://172.169.8.253:31112/function/opt-66b-submod-0-latency-25.cdgp
1704042598363934738,1704042603732652864,200,http://172.169.8.253:31112/function/opt-66b-submod-0-latency-25.cdgp
1704042598367505391,1704042601880224995,200,http://172.169.8.253:31112/function/opt-66b-submod-0-latency-25.cdgp
1704042598367607750,1704042602665017459,200,http://172.169.8.253:31112/function/opt-66b-submod-0-latency-25.cdgp
1704042598367684240,1704042608371537232,500,http://172.169.8.253:31112/function/opt-66b-submod-0-latency-25.cdgp
1704042598367817617,1704042608371784383,500,http://172.169.8.253:31112/function/opt-66b-submod-0-latency-25.cdgp
1704042598367921379,1704042608371766361,500,http://172.169.8.253:31112/function/opt-66b-submod-0-latency-25.cdgp
1704042598368004017,1704042603737006274,200,http://172.169.8.253:31112/function/opt-66b-submod-0-latency-25.cdgp
1704042598368071060,1704042608371778623,500,http://172.169.8.253:31112/function/opt-66b-submod-0-latency-25.cdgp
1704042598368154554,1704042601535113045,200,http://172.169.8.253:31112/function/opt-66b-submod-0-latency-25.cdgp
1704042598368237342,1704042608371541504,500,http://172.169.8.253:31112/function/opt-66b-submod-0-latency-25.cdgp
1704042598368302700,1704042608371757805,500,http://172.169.8.253:31112/function/opt-66b-submod-0-latency-25.cdgp
1704042598368360909,1704042608371410936,500,http://172.169.8.253:31112/function/opt-66b-submod-0-latency-25.cdgp
1704042598368460745,1704042608371788032,500,http://172.169.8.253:31112/function/opt-66b-submod-0-latency-25.cdgp
1704042598368522461,1704042608371404389,500,http://172.169.8.253:31112/function/opt-66b-submod-0-latency-25.cdgp
1704042598884356902,1704042608605364264,500,http://172.169.8.253:31112/function/opt-66b-submod-0-latency-25.cdgp
1704042598884497407,1704042608603981021,500,http://172.169.8.253:31112/function/opt-66b-submod-0-latency-25.cdgp
1704042598884614927,1704042602668248680,200,http://172.169.8.253:31112/function/opt-66b-submod-0-latency-25.cdgp
1704042598884684063,1704042603744369161,200,http://172.169.8.253:31112/function/opt-66b-submod-0-latency-25.cdgp
1704042598884766070,1704042605175377132,200,http://172.169.8.253:31112/function/opt-66b-submod-0-latency-25.cdgp
1704042598884836042,1704042608885659936,500,http://172.169.8.253:31112/function/opt-66b-submod-0-latency-25.cdgp
1704042598884887612,1704042608885660307,500,http://172.169.8.253:31112/function/opt-66b-submod-0-latency-25.cdgp
1704042598884963321,1704042603599922552,200,http://172.169.8.253:31112/function/opt-66b-submod-0-latency-25.cdgp
1704042598885020468,1704042608602775119,500,http://172.169.8.253:31112/function/opt-66b-submod-0-latency-25.cdgp
1704042598885093804,1704042608885677033,500,http://172.169.8.253:31112/function/opt-66b-submod-0-latency-25.cdgp
1704042598885149731,1704042608566169616,500,http://172.169.8.253:31112/function/opt-66b-submod-0-latency-25.cdgp
1704042598885231760,1704042604849778054,200,http://172.169.8.253:31112/function/opt-66b-submod-0-latency-25.cdgp
1704042598885275636,1704042608885646975,500,http://172.169.8.253:31112/function/opt-66b-submod-0-latency-25.cdgp
1704042598885363769,1704042602666067431,200,http://172.169.8.253:31112/function/opt-66b-submod-0-latency-25.cdgp
1704042598885394885,1704042603746008829,200,http://172.169.8.253:31112/function/opt-66b-submod-0-latency-25.cdgp
1704042598885471187,1704042604921323354,200,http://172.169.8.253:31112/function/opt-66b-submod-0-latency-25.cdgp
1704042598885486387,1704042605863629576,200,http://172.169.8.253:31112/function/opt-66b-submod-0-latency-25.cdgp
1704042598885572240,1704042606986171632,200,http://172.169.8.253:31112/function/opt-66b-submod-0-latency-25.cdgp
1704042598992044030,1704042608631233974,500,http://172.169.8.253:31112/function/opt-66b-submod-0-latency-25.cdgp
1704042598992169152,1704042605866888007,200,http://172.169.8.253:31112/function/opt-66b-submod-0-latency-25.cdgp
1704042598992262362,1704042603639350377,200,http://172.169.8.253:31112/function/opt-66b-submod-0-latency-25.cdgp
1704042599215645199,1704042603539520484,200,http://172.169.8.253:31112/function/opt-66b-submod-0-latency-25.cdgp
1704042599215754265,1704042603598045264,200,http://172.169.8.253:31112/function/opt-66b-submod-0-latency-25.cdgp
1704042599224664079,1704042608234970497,200,http://172.169.8.253:31112/function/opt-66b-submod-0-latency-25.cdgp
1704042599225248129,1704042608866351825,500,http://172.169.8.253:31112/function/opt-66b-submod-0-latency-25.cdgp
1704042599225328558,1704042609098044541,500,http://172.169.8.253:31112/function/opt-66b-submod-0-latency-25.cdgp
1704042599225413876,1704042608866189703,500,http://172.169.8.253:31112/function/opt-66b-submod-0-latency-25.cdgp
1704042599231118400,1704042609094724232,500,http://172.169.8.253:31112/function/opt-66b-submod-0-latency-25.cdgp
1704042599231219408,1704042603304802904,200,http://172.169.8.253:31112/function/opt-66b-submod-0-latency-25.cdgp
1704042599231297308,1704042603537781196,200,http://172.169.8.253:31112/function/opt-66b-submod-0-latency-25.cdgp
1704042599231360012,1704042609094703653,500,http://172.169.8.253:31112/function/opt-66b-submod-0-latency-25.cdgp
1704042599231440224,1704042605164798464,200,http://172.169.8.253:31112/function/opt-66b-submod-0-latency-25.cdgp
1704042599231524564,1704042609051400851,500,http://172.169.8.253:31112/function/opt-66b-submod-0-latency-25.cdgp
1704042599231613889,1704042609050142204,500,http://172.169.8.253:31112/function/opt-66b-submod-0-latency-25.cdgp
1704042599231635552,1704042609232352635,500,http://172.169.8.253:31112/function/opt-66b-submod-0-latency-25.cdgp
1704042599231716586,1704042607017017981,200,http://172.169.8.253:31112/function/opt-66b-submod-0-latency-25.cdgp
1704042599231796232,1704042609087662182,500,http://172.169.8.253:31112/function/opt-66b-submod-0-latency-25.cdgp
1704042599231879411,1704042609096826502,500,http://172.169.8.253:31112/function/opt-66b-submod-0-latency-25.cdgp
1704042599231969493,1704042603533164642,200,http://172.169.8.253:31112/function/opt-66b-submod-0-latency-25.cdgp
1704042599232018200,1704042609052247198,500,http://172.169.8.253:31112/function/opt-66b-submod-0-latency-25.cdgp
1704042599232080177,1704042603838042686,200,http://172.169.8.253:31112/function/opt-66b-submod-0-latency-25.cdgp
1704042599232190068,1704042606924981718,200,http://172.169.8.253:31112/function/opt-66b-submod-0-latency-25.cdgp
1704042599232260037,1704042609051349280,500,http://172.169.8.253:31112/function/opt-66b-submod-0-latency-25.cdgp
1704042599232363127,1704042609090112061,500,http://172.169.8.253:31112/function/opt-66b-submod-0-latency-25.cdgp
1704042599232455302,1704042604163592949,200,http://172.169.8.253:31112/function/opt-66b-submod-0-latency-25.cdgp
1704042599232537501,1704042609052123916,500,http://172.169.8.253:31112/function/opt-66b-submod-0-latency-25.cdgp
1704042599232590853,1704042609092322919,500,http://172.169.8.253:31112/function/opt-66b-submod-0-latency-25.cdgp
1704042599232676306,1704042609050708361,500,http://172.169.8.253:31112/function/opt-66b-submod-0-latency-25.cdgp
1704042599232753323,1704042604922638170,200,http://172.169.8.253:31112/function/opt-66b-submod-0-latency-25.cdgp
1704042599232827506,1704042605130588423,200,http://172.169.8.253:31112/function/opt-66b-submod-0-latency-25.cdgp
1704042599232887635,1704042603536817039,200,http://172.169.8.253:31112/function/opt-66b-submod-0-latency-25.cdgp
1704042599232974270,1704042605132319421,200,http://172.169.8.253:31112/function/opt-66b-submod-0-latency-25.cdgp
1704042599233040699,1704042609094806270,500,http://172.169.8.253:31112/function/opt-66b-submod-0-latency-25.cdgp
1704042599233086164,1704042605162098459,200,http://172.169.8.253:31112/function/opt-66b-submod-0-latency-25.cdgp
1704042599233150841,1704042603752160810,200,http://172.169.8.253:31112/function/opt-66b-submod-0-latency-25.cdgp
1704042599233255690,1704042603302358491,200,http://172.169.8.253:31112/function/opt-66b-submod-0-latency-25.cdgp
1704042599233333449,1704042609088234898,500,http://172.169.8.253:31112/function/opt-66b-submod-0-latency-25.cdgp
1704042599233390066,1704042609094622124,500,http://172.169.8.253:31112/function/opt-66b-submod-0-latency-25.cdgp
1704042599233445342,1704042609092551325,500,http://172.169.8.253:31112/function/opt-66b-submod-0-latency-25.cdgp
1704042599233523521,1704042609053854735,500,http://172.169.8.253:31112/function/opt-66b-submod-0-latency-25.cdgp
1704042599233586288,1704042604920287575,200,http://172.169.8.253:31112/function/opt-66b-submod-0-latency-25.cdgp
1704042599233658983,1704042603741635275,200,http://172.169.8.253:31112/function/opt-66b-submod-0-latency-25.cdgp
1704042599233748042,1704042609090188770,500,http://172.169.8.253:31112/function/opt-66b-submod-0-latency-25.cdgp
1704042599233811932,1704042607081831362,200,http://172.169.8.253:31112/function/opt-66b-submod-0-latency-25.cdgp
1704042599233840804,1704042609090403647,500,http://172.169.8.253:31112/function/opt-66b-submod-0-latency-25.cdgp
1704042599233926665,1704042604924319717,200,http://172.169.8.253:31112/function/opt-66b-submod-0-latency-25.cdgp
1704042599234004661,1704042605862941790,200,http://172.169.8.253:31112/function/opt-66b-submod-0-latency-25.cdgp
1704042599289165515,1704042604919898929,200,http://172.169.8.253:31112/function/opt-66b-submod-0-latency-25.cdgp
1704042599289246063,1704042609290350853,500,http://172.169.8.253:31112/function/opt-66b-submod-0-latency-25.cdgp
1704042599289316055,1704042609290585631,500,http://172.169.8.253:31112/function/opt-66b-submod-0-latency-25.cdgp
1704042599289378481,1704042609290746534,500,http://172.169.8.253:31112/function/opt-66b-submod-0-latency-25.cdgp
1704042599289412390,1704042605860203902,200,http://172.169.8.253:31112/function/opt-66b-submod-0-latency-25.cdgp
1704042599289497463,1704042609290573031,500,http://172.169.8.253:31112/function/opt-66b-submod-0-latency-25.cdgp
1704042599289537305,1704042609290340431,500,http://172.169.8.253:31112/function/opt-66b-submod-0-latency-25.cdgp
1704042599289611215,1704042609290709525,500,http://172.169.8.253:31112/function/opt-66b-submod-0-latency-25.cdgp
1704042599290841593,1704042609023401970,200,http://172.169.8.253:31112/function/opt-66b-submod-0-latency-25.cdgp
1704042599290942031,1704042607084674090,200,http://172.169.8.253:31112/function/opt-66b-submod-0-latency-25.cdgp
1704042599297941302,1704042609299104144,500,http://172.169.8.253:31112/function/opt-66b-submod-0-latency-25.cdgp
1704042599298029459,1704042609299089464,500,http://172.169.8.253:31112/function/opt-66b-submod-0-latency-25.cdgp
1704042599298178773,1704042609299148467,500,http://172.169.8.253:31112/function/opt-66b-submod-0-latency-25.cdgp
1704042599298326908,1704042609299002194,500,http://172.169.8.253:31112/function/opt-66b-submod-0-latency-25.cdgp
1704042599298414048,1704042605171952996,200,http://172.169.8.253:31112/function/opt-66b-submod-0-latency-25.cdgp
1704042599298491470,1704042603593298230,200,http://172.169.8.253:31112/function/opt-66b-submod-0-latency-25.cdgp
1704042599298576997,1704042609299011444,500,http://172.169.8.253:31112/function/opt-66b-submod-0-latency-25.cdgp
1704042599298687325,1704042609299093182,500,http://172.169.8.253:31112/function/opt-66b-submod-0-latency-25.cdgp
1704042599298770941,1704042609298999951,500,http://172.169.8.253:31112/function/opt-66b-submod-0-latency-25.cdgp
1704042599337460117,1704042609337784766,500,http://172.169.8.253:31112/function/opt-66b-submod-0-latency-25.cdgp
1704042599337539022,1704042609337792084,500,http://172.169.8.253:31112/function/opt-66b-submod-0-latency-25.cdgp
1704042599337690579,1704042603638389477,200,http://172.169.8.253:31112/function/opt-66b-submod-0-latency-25.cdgp
1704042599337764425,1704042604923830038,200,http://172.169.8.253:31112/function/opt-66b-submod-0-latency-25.cdgp
1704042599337800921,1704042607090248832,200,http://172.169.8.253:31112/function/opt-66b-submod-0-latency-25.cdgp
1704042599337882055,1704042607079339266,200,http://172.169.8.253:31112/function/opt-66b-submod-0-latency-25.cdgp
1704042599337919100,1704042603535619017,200,http://172.169.8.253:31112/function/opt-66b-submod-0-latency-25.cdgp
1704042599337974080,1704042603536116048,200,http://172.169.8.253:31112/function/opt-66b-submod-0-latency-25.cdgp
1704042599338061409,1704042609310683225,500,http://172.169.8.253:31112/function/opt-66b-submod-0-latency-25.cdgp
1704042599338128308,1704042605134573955,200,http://172.169.8.253:31112/function/opt-66b-submod-0-latency-25.cdgp
1704042599338171736,1704042609311086305,500,http://172.169.8.253:31112/function/opt-66b-submod-0-latency-25.cdgp
1704042599338238059,1704042609307750835,500,http://172.169.8.253:31112/function/opt-66b-submod-0-latency-25.cdgp
1704042599403684294,1704042609309410459,504,http://172.169.8.253:31112/function/opt-66b-submod-0-latency-25.cdgp
1704042599403763150,1704042609382208469,500,http://172.169.8.253:31112/function/opt-66b-submod-0-latency-25.cdgp
1704042599403857675,1704042609397555853,500,http://172.169.8.253:31112/function/opt-66b-submod-0-latency-25.cdgp
1704042599403911236,1704042603677036302,200,http://172.169.8.253:31112/function/opt-66b-submod-0-latency-25.cdgp
1704042599403992970,1704042607187640911,200,http://172.169.8.253:31112/function/opt-66b-submod-0-latency-25.cdgp
1704042599404059913,1704042609404957730,500,http://172.169.8.253:31112/function/opt-66b-submod-0-latency-25.cdgp
1704042599404078620,1704042609391267303,500,http://172.169.8.253:31112/function/opt-66b-submod-0-latency-25.cdgp
1704042599404149766,1704042609309355347,500,http://172.169.8.253:31112/function/opt-66b-submod-0-latency-25.cdgp
1704042599404478219,1704042603533808451,200,http://172.169.8.253:31112/function/opt-66b-submod-0-latency-25.cdgp
1704042599404612090,1704042607093827670,200,http://172.169.8.253:31112/function/opt-66b-submod-0-latency-25.cdgp
1704042599404716562,1704042609398267567,500,http://172.169.8.253:31112/function/opt-66b-submod-0-latency-25.cdgp
1704042599404761141,1704042607099807517,200,http://172.169.8.253:31112/function/opt-66b-submod-0-latency-25.cdgp
1704042599404843935,1704042606921280321,200,http://172.169.8.253:31112/function/opt-66b-submod-0-latency-25.cdgp
1704042599404921301,1704042609392035589,500,http://172.169.8.253:31112/function/opt-66b-submod-0-latency-25.cdgp
1704042599404977491,1704042607086269198,200,http://172.169.8.253:31112/function/opt-66b-submod-0-latency-25.cdgp
1704042599405045513,1704042604922740415,200,http://172.169.8.253:31112/function/opt-66b-submod-0-latency-25.cdgp
1704042599405110488,1704042609385202129,500,http://172.169.8.253:31112/function/opt-66b-submod-0-latency-25.cdgp
1704042599405159101,1704042609397345712,500,http://172.169.8.253:31112/function/opt-66b-submod-0-latency-25.cdgp
1704042599405231837,1704042609397934460,500,http://172.169.8.253:31112/function/opt-66b-submod-0-latency-25.cdgp
1704042599405314613,1704042609396554982,500,http://172.169.8.253:31112/function/opt-66b-submod-0-latency-25.cdgp
1704042599405376827,1704042605163974162,200,http://172.169.8.253:31112/function/opt-66b-submod-0-latency-25.cdgp
1704042599405466532,1704042603598047372,200,http://172.169.8.253:31112/function/opt-66b-submod-0-latency-25.cdgp
1704042600215365448,1704042609884344159,500,http://172.169.8.253:31112/function/opt-66b-submod-0-latency-25.cdgp
1704042600220237475,1704042609969544797,500,http://172.169.8.253:31112/function/opt-66b-submod-0-latency-25.cdgp
1704042600220399109,1704042605943469167,200,http://172.169.8.253:31112/function/opt-66b-submod-0-latency-25.cdgp
1704042600220504325,1704042605138529095,200,http://172.169.8.253:31112/function/opt-66b-submod-0-latency-25.cdgp
1704042600223439664,1704042607515037409,200,http://172.169.8.253:31112/function/opt-66b-submod-0-latency-25.cdgp
1704042600223529949,1704042606987208855,200,http://172.169.8.253:31112/function/opt-66b-submod-0-latency-25.cdgp
1704042600223634513,1704042606919255230,200,http://172.169.8.253:31112/function/opt-66b-submod-0-latency-25.cdgp
1704042600223746209,1704042609064341918,200,http://172.169.8.253:31112/function/opt-66b-submod-0-latency-25.cdgp
1704042600223817749,1704042608999679326,200,http://172.169.8.253:31112/function/opt-66b-submod-0-latency-25.cdgp
1704042600223923536,1704042608178020633,200,http://172.169.8.253:31112/function/opt-66b-submod-0-latency-25.cdgp
1704042600223996782,1704042609989979008,500,http://172.169.8.253:31112/function/opt-66b-submod-0-latency-25.cdgp
1704042600224074657,1704042610020910000,500,http://172.169.8.253:31112/function/opt-66b-submod-0-latency-25.cdgp
1704042600224149678,1704042610224996350,500,http://172.169.8.253:31112/function/opt-66b-submod-0-latency-25.cdgp
1704042600224242268,1704042609774484971,500,http://172.169.8.253:31112/function/opt-66b-submod-0-latency-25.cdgp
1704042600224309121,1704042606921265164,200,http://172.169.8.253:31112/function/opt-66b-submod-0-latency-25.cdgp
1704042600224393334,1704042610015096332,500,http://172.169.8.253:31112/function/opt-66b-submod-0-latency-25.cdgp
1704042600224469639,1704042609988167740,500,http://172.169.8.253:31112/function/opt-66b-submod-0-latency-25.cdgp
1704042600224557973,1704042607038856307,200,http://172.169.8.253:31112/function/opt-66b-submod-0-latency-25.cdgp
1704042600224643350,1704042610016680860,500,http://172.169.8.253:31112/function/opt-66b-submod-0-latency-25.cdgp
1704042600224705610,1704042605484932844,200,http://172.169.8.253:31112/function/opt-66b-submod-0-latency-25.cdgp
1704042600224788040,1704042605172797814,200,http://172.169.8.253:31112/function/opt-66b-submod-0-latency-25.cdgp
1704042600245766201,1704042607126347532,200,http://172.169.8.253:31112/function/opt-66b-submod-0-latency-25.cdgp
1704042600245867993,1704042608993197331,200,http://172.169.8.253:31112/function/opt-66b-submod-0-latency-25.cdgp
1704042600260777561,1704042605478953176,200,http://172.169.8.253:31112/function/opt-66b-submod-0-latency-25.cdgp
1704042600260976870,1704042606780683155,200,http://172.169.8.253:31112/function/opt-66b-submod-0-latency-25.cdgp
1704042600261123020,1704042607121469255,200,http://172.169.8.253:31112/function/opt-66b-submod-0-latency-25.cdgp
1704042600261292312,1704042610262532345,500,http://172.169.8.253:31112/function/opt-66b-submod-0-latency-25.cdgp
1704042600261430556,1704042610262596416,500,http://172.169.8.253:31112/function/opt-66b-submod-0-latency-25.cdgp
1704042600261561074,1704042610256738257,500,http://172.169.8.253:31112/function/opt-66b-submod-0-latency-25.cdgp
1704042600261687606,1704042605822121303,200,http://172.169.8.253:31112/function/opt-66b-submod-0-latency-25.cdgp
1704042600261795394,1704042605119489208,200,http://172.169.8.253:31112/function/opt-66b-submod-0-latency-25.cdgp
1704042600261878511,1704042610229030752,500,http://172.169.8.253:31112/function/opt-66b-submod-0-latency-25.cdgp
1704042600261967886,1704042610262521527,500,http://172.169.8.253:31112/function/opt-66b-submod-0-latency-25.cdgp
1704042600262062680,1704042610253785929,500,http://172.169.8.253:31112/function/opt-66b-submod-0-latency-25.cdgp
1704042600262154011,1704042605905558425,200,http://172.169.8.253:31112/function/opt-66b-submod-0-latency-25.cdgp
1704042600262232216,1704042610229121874,500,http://172.169.8.253:31112/function/opt-66b-submod-0-latency-25.cdgp
1704042600262322339,1704042608179420925,200,http://172.169.8.253:31112/function/opt-66b-submod-0-latency-25.cdgp
1704042600262411008,1704042610226531863,500,http://172.169.8.253:31112/function/opt-66b-submod-0-latency-25.cdgp
1704042600262493753,1704042610226957981,500,http://172.169.8.253:31112/function/opt-66b-submod-0-latency-25.cdgp
1704042600262571272,1704042609349526428,200,http://172.169.8.253:31112/function/opt-66b-submod-0-latency-25.cdgp
1704042600262651721,1704042610240518711,500,http://172.169.8.253:31112/function/opt-66b-submod-0-latency-25.cdgp
1704042600262739888,1704042609347837500,200,http://172.169.8.253:31112/function/opt-66b-submod-0-latency-25.cdgp
1704042600262824593,1704042610263800081,500,http://172.169.8.253:31112/function/opt-66b-submod-0-latency-25.cdgp
1704042600262894903,1704042609111888346,200,http://172.169.8.253:31112/function/opt-66b-submod-0-latency-25.cdgp
1704042600262968169,1704042607088317803,200,http://172.169.8.253:31112/function/opt-66b-submod-0-latency-25.cdgp
1704042600263066285,1704042610041961515,500,http://172.169.8.253:31112/function/opt-66b-submod-0-latency-25.cdgp
1704042600263155639,1704042606909648363,200,http://172.169.8.253:31112/function/opt-66b-submod-0-latency-25.cdgp
1704042600263254241,1704042610263688621,500,http://172.169.8.253:31112/function/opt-66b-submod-0-latency-25.cdgp
1704042600263353691,1704042610249952571,500,http://172.169.8.253:31112/function/opt-66b-submod-0-latency-25.cdgp
1704042600263462493,1704042610035956236,200,http://172.169.8.253:31112/function/opt-66b-submod-0-latency-25.cdgp
1704042600263551961,1704042610263813658,500,http://172.169.8.253:31112/function/opt-66b-submod-0-latency-25.cdgp
1704042600263635683,1704042610263800367,500,http://172.169.8.253:31112/function/opt-66b-submod-0-latency-25.cdgp
1704042600263736788,1704042610038890815,500,http://172.169.8.253:31112/function/opt-66b-submod-0-latency-25.cdgp
1704042600263811504,1704042610236276256,500,http://172.169.8.253:31112/function/opt-66b-submod-0-latency-25.cdgp
1704042600263902204,1704042609400577786,200,http://172.169.8.253:31112/function/opt-66b-submod-0-latency-25.cdgp
1704042600263960585,1704042606718165766,200,http://172.169.8.253:31112/function/opt-66b-submod-0-latency-25.cdgp
1704042600264024575,1704042609079852922,200,http://172.169.8.253:31112/function/opt-66b-submod-0-latency-25.cdgp
1704042600264134435,1704042610259121901,500,http://172.169.8.253:31112/function/opt-66b-submod-0-latency-25.cdgp
1704042600266951912,1704042606911083229,200,http://172.169.8.253:31112/function/opt-66b-submod-0-latency-25.cdgp
1704042600267047709,1704042610256470794,500,http://172.169.8.253:31112/function/opt-66b-submod-0-latency-25.cdgp
1704042600267133297,1704042610230732964,500,http://172.169.8.253:31112/function/opt-66b-submod-0-latency-25.cdgp
1704042600267215301,1704042610234389019,500,http://172.169.8.253:31112/function/opt-66b-submod-0-latency-25.cdgp
1704042600267303571,1704042610268083483,500,http://172.169.8.253:31112/function/opt-66b-submod-0-latency-25.cdgp
1704042600272651102,1704042610089202387,500,http://172.169.8.253:31112/function/opt-66b-submod-0-latency-25.cdgp
1704042600272745552,1704042610234944795,500,http://172.169.8.253:31112/function/opt-66b-submod-0-latency-25.cdgp
1704042600272819260,1704042609349686466,200,http://172.169.8.253:31112/function/opt-66b-submod-0-latency-25.cdgp
1704042600272880171,1704042609020533024,200,http://172.169.8.253:31112/function/opt-66b-submod-0-latency-25.cdgp
1704042600272940745,1704042610235350161,500,http://172.169.8.253:31112/function/opt-66b-submod-0-latency-25.cdgp
1704042600273016833,1704042605907791882,200,http://172.169.8.253:31112/function/opt-66b-submod-0-latency-25.cdgp
1704042600273090487,1704042610273381631,500,http://172.169.8.253:31112/function/opt-66b-submod-0-latency-25.cdgp
1704042600273197520,1704042610044403704,500,http://172.169.8.253:31112/function/opt-66b-submod-0-latency-25.cdgp
1704042600273291417,1704042604604459233,200,http://172.169.8.253:31112/function/opt-66b-submod-0-latency-25.cdgp
1704042600273369255,1704042604604353570,200,http://172.169.8.253:31112/function/opt-66b-submod-0-latency-25.cdgp
1704042600273445629,1704042609919448989,200,http://172.169.8.253:31112/function/opt-66b-submod-0-latency-25.cdgp
1704042600273506477,1704042610274529547,500,http://172.169.8.253:31112/function/opt-66b-submod-0-latency-25.cdgp
1704042600273613953,1704042604669692802,200,http://172.169.8.253:31112/function/opt-66b-submod-0-latency-25.cdgp
1704042600273681156,1704042610032735275,500,http://172.169.8.253:31112/function/opt-66b-submod-0-latency-25.cdgp
1704042600273752311,1704042605908028462,200,http://172.169.8.253:31112/function/opt-66b-submod-0-latency-25.cdgp
1704042600273836546,1704042610258147132,500,http://172.169.8.253:31112/function/opt-66b-submod-0-latency-25.cdgp
1704042600273909834,1704042610040575686,500,http://172.169.8.253:31112/function/opt-66b-submod-0-latency-25.cdgp
1704042600607472847,1704042610241070635,500,http://172.169.8.253:31112/function/opt-66b-submod-0-latency-25.cdgp
1704042600607612601,1704042610598895553,500,http://172.169.8.253:31112/function/opt-66b-submod-0-latency-25.cdgp
1704042600626583785,1704042609385592460,200,http://172.169.8.253:31112/function/opt-66b-submod-0-latency-25.cdgp
1704042600626664014,1704042605228438353,200,http://172.169.8.253:31112/function/opt-66b-submod-0-latency-25.cdgp
1704042600626751299,1704042610509837519,500,http://172.169.8.253:31112/function/opt-66b-submod-0-latency-25.cdgp
1704042600626817091,1704042610317115088,500,http://172.169.8.253:31112/function/opt-66b-submod-0-latency-25.cdgp
1704042600626841590,1704042610503565036,500,http://172.169.8.253:31112/function/opt-66b-submod-0-latency-25.cdgp
1704042600626892594,1704042605849046490,200,http://172.169.8.253:31112/function/opt-66b-submod-0-latency-25.cdgp
1704042600626937966,1704042610506390703,500,http://172.169.8.253:31112/function/opt-66b-submod-0-latency-25.cdgp
1704042600627036871,1704042609079986552,200,http://172.169.8.253:31112/function/opt-66b-submod-0-latency-25.cdgp
1704042600627070064,1704042610318402084,500,http://172.169.8.253:31112/function/opt-66b-submod-0-latency-25.cdgp
1704042600627138177,1704042609063451775,200,http://172.169.8.253:31112/function/opt-66b-submod-0-latency-25.cdgp
1704042600627178898,1704042610318920594,500,http://172.169.8.253:31112/function/opt-66b-submod-0-latency-25.cdgp
1704042600627237981,1704042605134534296,200,http://172.169.8.253:31112/function/opt-66b-submod-0-latency-25.cdgp
1704042600628884820,1704042610559597468,500,http://172.169.8.253:31112/function/opt-66b-submod-0-latency-25.cdgp
1704042600628955491,1704042610314650899,500,http://172.169.8.253:31112/function/opt-66b-submod-0-latency-25.cdgp
1704042600628975193,1704042610510900208,500,http://172.169.8.253:31112/function/opt-66b-submod-0-latency-25.cdgp
1704042600629963105,1704042610602573081,500,http://172.169.8.253:31112/function/opt-66b-submod-0-latency-25.cdgp
1704042600630066836,1704042607090117769,200,http://172.169.8.253:31112/function/opt-66b-submod-0-latency-25.cdgp
1704042600630145887,1704042606538350862,200,http://172.169.8.253:31112/function/opt-66b-submod-0-latency-25.cdgp
1704042600630229556,1704042605907614252,200,http://172.169.8.253:31112/function/opt-66b-submod-0-latency-25.cdgp
1704042600630316050,1704042610509251334,500,http://172.169.8.253:31112/function/opt-66b-submod-0-latency-25.cdgp
1704042600630385708,1704042609321390633,200,http://172.169.8.253:31112/function/opt-66b-submod-0-latency-25.cdgp
1704042600630455222,1704042610566492010,500,http://172.169.8.253:31112/function/opt-66b-submod-0-latency-25.cdgp
1704042600630528316,1704042610570306114,500,http://172.169.8.253:31112/function/opt-66b-submod-0-latency-25.cdgp
1704042600630603925,1704042605903632572,200,http://172.169.8.253:31112/function/opt-66b-submod-0-latency-25.cdgp
1704042600632072804,1704042610505356760,500,http://172.169.8.253:31112/function/opt-66b-submod-0-latency-25.cdgp
1704042600632161039,1704042610603707193,500,http://172.169.8.253:31112/function/opt-66b-submod-0-latency-25.cdgp
1704042600632221483,1704042610602895320,500,http://172.169.8.253:31112/function/opt-66b-submod-0-latency-25.cdgp
1704042600632324606,1704042610566859707,500,http://172.169.8.253:31112/function/opt-66b-submod-0-latency-25.cdgp
1704042600632400694,1704042605785443527,200,http://172.169.8.253:31112/function/opt-66b-submod-0-latency-25.cdgp
1704042600632478393,1704042609350329503,200,http://172.169.8.253:31112/function/opt-66b-submod-0-latency-25.cdgp
1704042600632532294,1704042610496312826,500,http://172.169.8.253:31112/function/opt-66b-submod-0-latency-25.cdgp
1704042600632618034,1704042610498611630,500,http://172.169.8.253:31112/function/opt-66b-submod-0-latency-25.cdgp
1704042600632688291,1704042605901758676,200,http://172.169.8.253:31112/function/opt-66b-submod-0-latency-25.cdgp
1704042600632764018,1704042605864971660,200,http://172.169.8.253:31112/function/opt-66b-submod-0-latency-25.cdgp
1704042600632848092,1704042610567995722,500,http://172.169.8.253:31112/function/opt-66b-submod-0-latency-25.cdgp
1704042600632922799,1704042604846416257,200,http://172.169.8.253:31112/function/opt-66b-submod-0-latency-25.cdgp
1704042600632993430,1704042610602465111,500,http://172.169.8.253:31112/function/opt-66b-submod-0-latency-25.cdgp
1704042600633065308,1704042609277636370,200,http://172.169.8.253:31112/function/opt-66b-submod-0-latency-25.cdgp
1704042600633144500,1704042605908532362,200,http://172.169.8.253:31112/function/opt-66b-submod-0-latency-25.cdgp
1704042600633216792,1704042610500465936,500,http://172.169.8.253:31112/function/opt-66b-submod-0-latency-25.cdgp
1704042600633298299,1704042609392667109,200,http://172.169.8.253:31112/function/opt-66b-submod-0-latency-25.cdgp
1704042600633385261,1704042610568574714,500,http://172.169.8.253:31112/function/opt-66b-submod-0-latency-25.cdgp
1704042600633506447,1704042610567355998,500,http://172.169.8.253:31112/function/opt-66b-submod-0-latency-25.cdgp
1704042600671168520,1704042610603246494,500,http://172.169.8.253:31112/function/opt-66b-submod-0-latency-25.cdgp
1704042600671248126,1704042610567542105,500,http://172.169.8.253:31112/function/opt-66b-submod-0-latency-25.cdgp
1704042600671491688,1704042610673033658,500,http://172.169.8.253:31112/function/opt-66b-submod-0-latency-25.cdgp
1704042600671606694,1704042610505713173,500,http://172.169.8.253:31112/function/opt-66b-submod-0-latency-25.cdgp
1704042600671672448,1704042610504385047,500,http://172.169.8.253:31112/function/opt-66b-submod-0-latency-25.cdgp
1704042600671713435,1704042610673030932,500,http://172.169.8.253:31112/function/opt-66b-submod-0-latency-25.cdgp
1704042600671803216,1704042610673065188,500,http://172.169.8.253:31112/function/opt-66b-submod-0-latency-25.cdgp
1704042600671887801,1704042609065799909,200,http://172.169.8.253:31112/function/opt-66b-submod-0-latency-25.cdgp
1704042600671974019,1704042604965592060,200,http://172.169.8.253:31112/function/opt-66b-submod-0-latency-25.cdgp
1704042600672065010,1704042610571961277,500,http://172.169.8.253:31112/function/opt-66b-submod-0-latency-25.cdgp
1704042600672142000,1704042609350802148,200,http://172.169.8.253:31112/function/opt-66b-submod-0-latency-25.cdgp
1704042600672214484,1704042604604387712,200,http://172.169.8.253:31112/function/opt-66b-submod-0-latency-25.cdgp
1704042600672276927,1704042610567077664,500,http://172.169.8.253:31112/function/opt-66b-submod-0-latency-25.cdgp
1704042600672293647,1704042609347945094,200,http://172.169.8.253:31112/function/opt-66b-submod-0-latency-25.cdgp
1704042600672431681,1704042610673072524,500,http://172.169.8.253:31112/function/opt-66b-submod-0-latency-25.cdgp
1704042600672538924,1704042607477522257,200,http://172.169.8.253:31112/function/opt-66b-submod-0-latency-25.cdgp
1704042600672616853,1704042606622374517,200,http://172.169.8.253:31112/function/opt-66b-submod-0-latency-25.cdgp
1704042600672726174,1704042605839023812,200,http://172.169.8.253:31112/function/opt-66b-submod-0-latency-25.cdgp
1704042600672798661,1704042610673020100,500,http://172.169.8.253:31112/function/opt-66b-submod-0-latency-25.cdgp
1704042600672886377,1704042610572832547,500,http://172.169.8.253:31112/function/opt-66b-submod-0-latency-25.cdgp
1704042601644600373,1704042611314567755,500,http://172.169.8.253:31112/function/opt-66b-submod-0-latency-25.cdgp
1704042601644904611,1704042611259101818,500,http://172.169.8.253:31112/function/opt-66b-submod-0-latency-25.cdgp
1704042601645006497,1704042611263769457,500,http://172.169.8.253:31112/function/opt-66b-submod-0-latency-25.cdgp
1704042601645096293,1704042611091810803,500,http://172.169.8.253:31112/function/opt-66b-submod-0-latency-25.cdgp
1704042601645183951,1704042605518956738,200,http://172.169.8.253:31112/function/opt-66b-submod-0-latency-25.cdgp
1704042601645317738,1704042607510379656,200,http://172.169.8.253:31112/function/opt-66b-submod-0-latency-25.cdgp
1704042601645406199,1704042609964250876,200,http://172.169.8.253:31112/function/opt-66b-submod-0-latency-25.cdgp
1704042601645482776,1704042604669347622,200,http://172.169.8.253:31112/function/opt-66b-submod-0-latency-25.cdgp
1704042601645553913,1704042611090711975,500,http://172.169.8.253:31112/function/opt-66b-submod-0-latency-25.cdgp
1704042601645631361,1704042611083561388,500,http://172.169.8.253:31112/function/opt-66b-submod-0-latency-25.cdgp
1704042601660186535,1704042611269120203,500,http://172.169.8.253:31112/function/opt-66b-submod-0-latency-25.cdgp
1704042601660271161,1704042609965610777,200,http://172.169.8.253:31112/function/opt-66b-submod-0-latency-25.cdgp
1704042601660289843,1704042605269736666,200,http://172.169.8.253:31112/function/opt-66b-submod-0-latency-25.cdgp
1704042601660391489,1704042607463503828,200,http://172.169.8.253:31112/function/opt-66b-submod-0-latency-25.cdgp
1704042601660458759,1704042607461063679,200,http://172.169.8.253:31112/function/opt-66b-submod-0-latency-25.cdgp
1704042601660523816,1704042611263921623,500,http://172.169.8.253:31112/function/opt-66b-submod-0-latency-25.cdgp
1704042601660611462,1704042607181988037,200,http://172.169.8.253:31112/function/opt-66b-submod-0-latency-25.cdgp
1704042601660673678,1704042609967663302,200,http://172.169.8.253:31112/function/opt-66b-submod-0-latency-25.cdgp
1704042602144192650,1704042611556810384,500,http://172.169.8.253:31112/function/opt-66b-submod-0-latency-25.cdgp
1704042602144378340,1704042612145513880,500,http://172.169.8.253:31112/function/opt-66b-submod-0-latency-25.cdgp
1704042602145110101,1704042605836432930,200,http://172.169.8.253:31112/function/opt-66b-submod-0-latency-25.cdgp
1704042602145182720,1704042609999221329,200,http://172.169.8.253:31112/function/opt-66b-submod-0-latency-25.cdgp
1704042602145212973,1704042611557596648,500,http://172.169.8.253:31112/function/opt-66b-submod-0-latency-25.cdgp
1704042602145306356,1704042606733069605,200,http://172.169.8.253:31112/function/opt-66b-submod-0-latency-25.cdgp
1704042602145337722,1704042606787550939,200,http://172.169.8.253:31112/function/opt-66b-submod-0-latency-25.cdgp
1704042602145432729,1704042611509293781,500,http://172.169.8.253:31112/function/opt-66b-submod-0-latency-25.cdgp
1704042602145484106,1704042609426437884,200,http://172.169.8.253:31112/function/opt-66b-submod-0-latency-25.cdgp
1704042602145554315,1704042609388369659,200,http://172.169.8.253:31112/function/opt-66b-submod-0-latency-25.cdgp
1704042602145578629,1704042608001272094,200,http://172.169.8.253:31112/function/opt-66b-submod-0-latency-25.cdgp
1704042602145648793,1704042605132426896,200,http://172.169.8.253:31112/function/opt-66b-submod-0-latency-25.cdgp
1704042602145736371,1704042606779752389,200,http://172.169.8.253:31112/function/opt-66b-submod-0-latency-25.cdgp
1704042602145819028,1704042611664211403,500,http://172.169.8.253:31112/function/opt-66b-submod-0-latency-25.cdgp
1704042602198934796,1704042611619692931,500,http://172.169.8.253:31112/function/opt-66b-submod-0-latency-25.cdgp
1704042602199027820,1704042605231621992,200,http://172.169.8.253:31112/function/opt-66b-submod-0-latency-25.cdgp
1704042602199142710,1704042605742863183,200,http://172.169.8.253:31112/function/opt-66b-submod-0-latency-25.cdgp
1704042602199221842,1704042611686560995,500,http://172.169.8.253:31112/function/opt-66b-submod-0-latency-25.cdgp
1704042602199285932,1704042610581056856,200,http://172.169.8.253:31112/function/opt-66b-submod-0-latency-25.cdgp
1704042602199339134,1704042611576564914,500,http://172.169.8.253:31112/function/opt-66b-submod-0-latency-25.cdgp
1704042602199423538,1704042609400060928,200,http://172.169.8.253:31112/function/opt-66b-submod-0-latency-25.cdgp
1704042602199459235,1704042610038683518,200,http://172.169.8.253:31112/function/opt-66b-submod-0-latency-25.cdgp
1704042602199510822,1704042611575447644,500,http://172.169.8.253:31112/function/opt-66b-submod-0-latency-25.cdgp
1704042602199538016,1704042606781018836,200,http://172.169.8.253:31112/function/opt-66b-submod-0-latency-25.cdgp
1704042602199607020,1704042611983202154,500,http://172.169.8.253:31112/function/opt-66b-submod-0-latency-25.cdgp
1704042602199636534,1704042611575977326,500,http://172.169.8.253:31112/function/opt-66b-submod-0-latency-25.cdgp
1704042602199696460,1704042611642380336,500,http://172.169.8.253:31112/function/opt-66b-submod-0-latency-25.cdgp
1704042602208429808,1704042605481540139,200,http://172.169.8.253:31112/function/opt-66b-submod-0-latency-25.cdgp
1704042602208582125,1704042609417037298,200,http://172.169.8.253:31112/function/opt-66b-submod-0-latency-25.cdgp
1704042602208653165,1704042611641869200,500,http://172.169.8.253:31112/function/opt-66b-submod-0-latency-25.cdgp
1704042602208700444,1704042608504173778,200,http://172.169.8.253:31112/function/opt-66b-submod-0-latency-25.cdgp
1704042602208782750,1704042607052580626,200,http://172.169.8.253:31112/function/opt-66b-submod-0-latency-25.cdgp
1704042602208877706,1704042611872709536,500,http://172.169.8.253:31112/function/opt-66b-submod-0-latency-25.cdgp
1704042602208965722,1704042605161678601,200,http://172.169.8.253:31112/function/opt-66b-submod-0-latency-25.cdgp
1704042602209024732,1704042610623833635,200,http://172.169.8.253:31112/function/opt-66b-submod-0-latency-25.cdgp
1704042602209129290,1704042611750632992,500,http://172.169.8.253:31112/function/opt-66b-submod-0-latency-25.cdgp
1704042602209204993,1704042608480367928,200,http://172.169.8.253:31112/function/opt-66b-submod-0-latency-25.cdgp
1704042602209283686,1704042611753261963,500,http://172.169.8.253:31112/function/opt-66b-submod-0-latency-25.cdgp
1704042602209362731,1704042611653576000,500,http://172.169.8.253:31112/function/opt-66b-submod-0-latency-25.cdgp
1704042602209444221,1704042605474914110,200,http://172.169.8.253:31112/function/opt-66b-submod-0-latency-25.cdgp
1704042602209484137,1704042611640388294,500,http://172.169.8.253:31112/function/opt-66b-submod-0-latency-25.cdgp
1704042602209560093,1704042611876605308,500,http://172.169.8.253:31112/function/opt-66b-submod-0-latency-25.cdgp
1704042602209692544,1704042605871427290,200,http://172.169.8.253:31112/function/opt-66b-submod-0-latency-25.cdgp
1704042602209770320,1704042611687018888,500,http://172.169.8.253:31112/function/opt-66b-submod-0-latency-25.cdgp
1704042602209814503,1704042610540086848,200,http://172.169.8.253:31112/function/opt-66b-submod-0-latency-25.cdgp
1704042602209941476,1704042611685366079,500,http://172.169.8.253:31112/function/opt-66b-submod-0-latency-25.cdgp
1704042602210014895,1704042612048378966,500,http://172.169.8.253:31112/function/opt-66b-submod-0-latency-25.cdgp
1704042602210082356,1704042611754519083,500,http://172.169.8.253:31112/function/opt-66b-submod-0-latency-25.cdgp
1704042602443971009,1704042611866106745,500,http://172.169.8.253:31112/function/opt-66b-submod-0-latency-25.cdgp
1704042602444086773,1704042612135569773,500,http://172.169.8.253:31112/function/opt-66b-submod-0-latency-25.cdgp
1704042602444179850,1704042609418787074,200,http://172.169.8.253:31112/function/opt-66b-submod-0-latency-25.cdgp
1704042602444246221,1704042611915984639,500,http://172.169.8.253:31112/function/opt-66b-submod-0-latency-25.cdgp
1704042602444294260,1704042609969633193,200,http://172.169.8.253:31112/function/opt-66b-submod-0-latency-25.cdgp
1704042602444378660,1704042612133860044,500,http://172.169.8.253:31112/function/opt-66b-submod-0-latency-25.cdgp
1704042602444414521,1704042606843570574,200,http://172.169.8.253:31112/function/opt-66b-submod-0-latency-25.cdgp
1704042602444504591,1704042610573526491,200,http://172.169.8.253:31112/function/opt-66b-submod-0-latency-25.cdgp
1704042602444601833,1704042607058766634,200,http://172.169.8.253:31112/function/opt-66b-submod-0-latency-25.cdgp
1704042602444749866,1704042611865668084,500,http://172.169.8.253:31112/function/opt-66b-submod-0-latency-25.cdgp
1704042602444836050,1704042606682352008,200,http://172.169.8.253:31112/function/opt-66b-submod-0-latency-25.cdgp
1704042602838850096,1704042605792975483,200,http://172.169.8.253:31112/function/opt-66b-submod-0-latency-25.cdgp
1704042602838983044,1704042610543993031,200,http://172.169.8.253:31112/function/opt-66b-submod-0-latency-25.cdgp
1704042602839048778,1704042606927095803,200,http://172.169.8.253:31112/function/opt-66b-submod-0-latency-25.cdgp
1704042602839133221,1704042609283798999,200,http://172.169.8.253:31112/function/opt-66b-submod-0-latency-25.cdgp
1704042602839277524,1704042612222287413,500,http://172.169.8.253:31112/function/opt-66b-submod-0-latency-25.cdgp
1704042602839369026,1704042609273186258,200,http://172.169.8.253:31112/function/opt-66b-submod-0-latency-25.cdgp
1704042602839423560,1704042612208020156,500,http://172.169.8.253:31112/function/opt-66b-submod-0-latency-25.cdgp
1704042602839505867,1704042610537191753,200,http://172.169.8.253:31112/function/opt-66b-submod-0-latency-25.cdgp
1704042602839696318,1704042606540483417,200,http://172.169.8.253:31112/function/opt-66b-submod-0-latency-25.cdgp
1704042602847257391,1704042612129343842,500,http://172.169.8.253:31112/function/opt-66b-submod-0-latency-25.cdgp
1704042602847368794,1704042612130986064,500,http://172.169.8.253:31112/function/opt-66b-submod-0-latency-25.cdgp
1704042603112087133,1704042612353214765,500,http://172.169.8.253:31112/function/opt-66b-submod-0-latency-25.cdgp
1704042603358689408,1704042612483915026,500,http://172.169.8.253:31112/function/opt-66b-submod-0-latency-25.cdgp
1704042603802412515,1704042613139037053,500,http://172.169.8.253:31112/function/opt-66b-submod-0-latency-25.cdgp
1704042603802527050,1704042613127580522,500,http://172.169.8.253:31112/function/opt-66b-submod-0-latency-25.cdgp
1704042603802598614,1704042609363354868,200,http://172.169.8.253:31112/function/opt-66b-submod-0-latency-25.cdgp
1704042603916002037,1704042609167599277,200,http://172.169.8.253:31112/function/opt-66b-submod-0-latency-25.cdgp
1704042603916099058,1704042605919353561,200,http://172.169.8.253:31112/function/opt-66b-submod-0-latency-25.cdgp
1704042603916242114,1704042609368216844,200,http://172.169.8.253:31112/function/opt-66b-submod-0-latency-25.cdgp
1704042603916308559,1704042607363654905,200,http://172.169.8.253:31112/function/opt-66b-submod-0-latency-25.cdgp
1704042603916354366,1704042613343099160,500,http://172.169.8.253:31112/function/opt-66b-submod-0-latency-25.cdgp
1704042603916443152,1704042613566065409,500,http://172.169.8.253:31112/function/opt-66b-submod-0-latency-25.cdgp
1704042603916486188,1704042613696886034,500,http://172.169.8.253:31112/function/opt-66b-submod-0-latency-25.cdgp
1704042603916565051,1704042607466618155,200,http://172.169.8.253:31112/function/opt-66b-submod-0-latency-25.cdgp
1704042603916629782,1704042613605766713,500,http://172.169.8.253:31112/function/opt-66b-submod-0-latency-25.cdgp
1704042603916696145,1704042606378268171,200,http://172.169.8.253:31112/function/opt-66b-submod-0-latency-25.cdgp
1704042603916721396,1704042613718245065,500,http://172.169.8.253:31112/function/opt-66b-submod-0-latency-25.cdgp
1704042603916817854,1704042613693151530,500,http://172.169.8.253:31112/function/opt-66b-submod-0-latency-25.cdgp
1704042603916861315,1704042606202980458,200,http://172.169.8.253:31112/function/opt-66b-submod-0-latency-25.cdgp
1704042603916969247,1704042613418880510,500,http://172.169.8.253:31112/function/opt-66b-submod-0-latency-25.cdgp
1704042603917053335,1704042613697505043,500,http://172.169.8.253:31112/function/opt-66b-submod-0-latency-25.cdgp
1704042603917130993,1704042613801090352,500,http://172.169.8.253:31112/function/opt-66b-submod-0-latency-25.cdgp
1704042603917196408,1704042613697523427,500,http://172.169.8.253:31112/function/opt-66b-submod-0-latency-25.cdgp
1704042603917278879,1704042613692820089,500,http://172.169.8.253:31112/function/opt-66b-submod-0-latency-25.cdgp
1704042603917306542,1704042613718348974,500,http://172.169.8.253:31112/function/opt-66b-submod-0-latency-25.cdgp
1704042603917339032,1704042613692620495,500,http://172.169.8.253:31112/function/opt-66b-submod-0-latency-25.cdgp
1704042603917404771,1704042613404084068,500,http://172.169.8.253:31112/function/opt-66b-submod-0-latency-25.cdgp
1704042603917503317,1704042613689973352,500,http://172.169.8.253:31112/function/opt-66b-submod-0-latency-25.cdgp
1704042603917571667,1704042606095303212,200,http://172.169.8.253:31112/function/opt-66b-submod-0-latency-25.cdgp
1704042603917652277,1704042613607159019,500,http://172.169.8.253:31112/function/opt-66b-submod-0-latency-25.cdgp
1704042603917684424,1704042611065386689,200,http://172.169.8.253:31112/function/opt-66b-submod-0-latency-25.cdgp
1704042603917765400,1704042613689815341,500,http://172.169.8.253:31112/function/opt-66b-submod-0-latency-25.cdgp
1704042603917834559,1704042608809796400,200,http://172.169.8.253:31112/function/opt-66b-submod-0-latency-25.cdgp
1704042603917868403,1704042607417913089,200,http://172.169.8.253:31112/function/opt-66b-submod-0-latency-25.cdgp
1704042603917932520,1704042613567116810,500,http://172.169.8.253:31112/function/opt-66b-submod-0-latency-25.cdgp
1704042603917980215,1704042607402624079,200,http://172.169.8.253:31112/function/opt-66b-submod-0-latency-25.cdgp
1704042603918054640,1704042613403690655,500,http://172.169.8.253:31112/function/opt-66b-submod-0-latency-25.cdgp
1704042603918095031,1704042613569766928,500,http://172.169.8.253:31112/function/opt-66b-submod-0-latency-25.cdgp
1704042603918202411,1704042607410745181,200,http://172.169.8.253:31112/function/opt-66b-submod-0-latency-25.cdgp
1704042603918272635,1704042613801589601,500,http://172.169.8.253:31112/function/opt-66b-submod-0-latency-25.cdgp
1704042603918340328,1704042613737844093,500,http://172.169.8.253:31112/function/opt-66b-submod-0-latency-25.cdgp
1704042603918403652,1704042611307205492,200,http://172.169.8.253:31112/function/opt-66b-submod-0-latency-25.cdgp
1704042603918462481,1704042609991636348,200,http://172.169.8.253:31112/function/opt-66b-submod-0-latency-25.cdgp
1704042603918491829,1704042613568820910,500,http://172.169.8.253:31112/function/opt-66b-submod-0-latency-25.cdgp
1704042603918565426,1704042613342281461,500,http://172.169.8.253:31112/function/opt-66b-submod-0-latency-25.cdgp
1704042603918601966,1704042607316245094,200,http://172.169.8.253:31112/function/opt-66b-submod-0-latency-25.cdgp
1704042603918660107,1704042613741628950,500,http://172.169.8.253:31112/function/opt-66b-submod-0-latency-25.cdgp
1704042603918731302,1704042613718332987,500,http://172.169.8.253:31112/function/opt-66b-submod-0-latency-25.cdgp
1704042603918778574,1704042611829674477,200,http://172.169.8.253:31112/function/opt-66b-submod-0-latency-25.cdgp
1704042604167322241,1704042610997685071,200,http://172.169.8.253:31112/function/opt-66b-submod-0-latency-25.cdgp
1704042604167477901,1704042608483550719,200,http://172.169.8.253:31112/function/opt-66b-submod-0-latency-25.cdgp
1704042604167580303,1704042613867415719,500,http://172.169.8.253:31112/function/opt-66b-submod-0-latency-25.cdgp
1704042604167647797,1704042611207553911,200,http://172.169.8.253:31112/function/opt-66b-submod-0-latency-25.cdgp
1704042604167733507,1704042613779435697,500,http://172.169.8.253:31112/function/opt-66b-submod-0-latency-25.cdgp
1704042604167812261,1704042608503363251,200,http://172.169.8.253:31112/function/opt-66b-submod-0-latency-25.cdgp
1704042604167886571,1704042610577955584,200,http://172.169.8.253:31112/function/opt-66b-submod-0-latency-25.cdgp
1704042604168005493,1704042613741524705,500,http://172.169.8.253:31112/function/opt-66b-submod-0-latency-25.cdgp
1704042604168088199,1704042607376760534,200,http://172.169.8.253:31112/function/opt-66b-submod-0-latency-25.cdgp
1704042604168153610,1704042611375536229,200,http://172.169.8.253:31112/function/opt-66b-submod-0-latency-25.cdgp
1704042604168208912,1704042610542447111,200,http://172.169.8.253:31112/function/opt-66b-submod-0-latency-25.cdgp
1704042604168296932,1704042613868105857,500,http://172.169.8.253:31112/function/opt-66b-submod-0-latency-25.cdgp
1704042604168322557,1704042613821533162,500,http://172.169.8.253:31112/function/opt-66b-submod-0-latency-25.cdgp
1704042604168392530,1704042613868749951,500,http://172.169.8.253:31112/function/opt-66b-submod-0-latency-25.cdgp
1704042604168481915,1704042608537312225,200,http://172.169.8.253:31112/function/opt-66b-submod-0-latency-25.cdgp
1704042604168541004,1704042613867497548,500,http://172.169.8.253:31112/function/opt-66b-submod-0-latency-25.cdgp
1704042604168609221,1704042613907997576,500,http://172.169.8.253:31112/function/opt-66b-submod-0-latency-25.cdgp
1704042604168699821,1704042609269547629,200,http://172.169.8.253:31112/function/opt-66b-submod-0-latency-25.cdgp
1704042604168775528,1704042611102528244,200,http://172.169.8.253:31112/function/opt-66b-submod-0-latency-25.cdgp
1704042604168861748,1704042614150473908,500,http://172.169.8.253:31112/function/opt-66b-submod-0-latency-25.cdgp
1704042604168924292,1704042607358526933,200,http://172.169.8.253:31112/function/opt-66b-submod-0-latency-25.cdgp
1704042604168982149,1704042613822107280,500,http://172.169.8.253:31112/function/opt-66b-submod-0-latency-25.cdgp
1704042604169037914,1704042611505763115,200,http://172.169.8.253:31112/function/opt-66b-submod-0-latency-25.cdgp
1704042604169128967,1704042608801304632,200,http://172.169.8.253:31112/function/opt-66b-submod-0-latency-25.cdgp
1704042604169192888,1704042611640444277,200,http://172.169.8.253:31112/function/opt-66b-submod-0-latency-25.cdgp
1704042604169225395,1704042614169903933,500,http://172.169.8.253:31112/function/opt-66b-submod-0-latency-25.cdgp
1704042604169289837,1704042613869406342,500,http://172.169.8.253:31112/function/opt-66b-submod-0-latency-25.cdgp
1704042604169386939,1704042613820898264,500,http://172.169.8.253:31112/function/opt-66b-submod-0-latency-25.cdgp
1704042604169475284,1704042611876400356,200,http://172.169.8.253:31112/function/opt-66b-submod-0-latency-25.cdgp
1704042604199802243,1704042614063198391,500,http://172.169.8.253:31112/function/opt-66b-submod-0-latency-25.cdgp
1704042604199884484,1704042610623223110,200,http://172.169.8.253:31112/function/opt-66b-submod-0-latency-25.cdgp
1704042604200000514,1704042608056585126,200,http://172.169.8.253:31112/function/opt-66b-submod-0-latency-25.cdgp
1704042604200069030,1704042614200812660,500,http://172.169.8.253:31112/function/opt-66b-submod-0-latency-25.cdgp
1704042604200164790,1704042611067481980,200,http://172.169.8.253:31112/function/opt-66b-submod-0-latency-25.cdgp
1704042604200278300,1704042614200887140,500,http://172.169.8.253:31112/function/opt-66b-submod-0-latency-25.cdgp
1704042604200384534,1704042611303801971,200,http://172.169.8.253:31112/function/opt-66b-submod-0-latency-25.cdgp
1704042604200449685,1704042611303269319,200,http://172.169.8.253:31112/function/opt-66b-submod-0-latency-25.cdgp
1704042604200505054,1704042607397736783,200,http://172.169.8.253:31112/function/opt-66b-submod-0-latency-25.cdgp
1704042604200589940,1704042614140104619,500,http://172.169.8.253:31112/function/opt-66b-submod-0-latency-25.cdgp
1704042604200644913,1704042614136888278,500,http://172.169.8.253:31112/function/opt-66b-submod-0-latency-25.cdgp
1704042604200723700,1704042611507625910,200,http://172.169.8.253:31112/function/opt-66b-submod-0-latency-25.cdgp
1704042604200780495,1704042611869653455,200,http://172.169.8.253:31112/function/opt-66b-submod-0-latency-25.cdgp
1704042604200846515,1704042608595082763,200,http://172.169.8.253:31112/function/opt-66b-submod-0-latency-25.cdgp
1704042604200900998,1704042614063272396,500,http://172.169.8.253:31112/function/opt-66b-submod-0-latency-25.cdgp
1704042604200960317,1704042607516262299,200,http://172.169.8.253:31112/function/opt-66b-submod-0-latency-25.cdgp
1704042604201049116,1704042608990556377,200,http://172.169.8.253:31112/function/opt-66b-submod-0-latency-25.cdgp
1704042604201076776,1704042611872310685,200,http://172.169.8.253:31112/function/opt-66b-submod-0-latency-25.cdgp
1704042604201181635,1704042609796677160,200,http://172.169.8.253:31112/function/opt-66b-submod-0-latency-25.cdgp
1704042604201257044,1704042608064274203,200,http://172.169.8.253:31112/function/opt-66b-submod-0-latency-25.cdgp
1704042604201283005,1704042608552451634,200,http://172.169.8.253:31112/function/opt-66b-submod-0-latency-25.cdgp
1704042604201327558,1704042610991434931,200,http://172.169.8.253:31112/function/opt-66b-submod-0-latency-25.cdgp
1704042604201385511,1704042614202187951,500,http://172.169.8.253:31112/function/opt-66b-submod-0-latency-25.cdgp
1704042604201409642,1704042609229960936,200,http://172.169.8.253:31112/function/opt-66b-submod-0-latency-25.cdgp
1704042604201450584,1704042614136904217,500,http://172.169.8.253:31112/function/opt-66b-submod-0-latency-25.cdgp
1704042604201509449,1704042614202180454,500,http://172.169.8.253:31112/function/opt-66b-submod-0-latency-25.cdgp
1704042604201584470,1704042610917325638,200,http://172.169.8.253:31112/function/opt-66b-submod-0-latency-25.cdgp
1704042604201664895,1704042614137011395,500,http://172.169.8.253:31112/function/opt-66b-submod-0-latency-25.cdgp
1704042604201750983,1704042614202196558,500,http://172.169.8.253:31112/function/opt-66b-submod-0-latency-25.cdgp
1704042604201836537,1704042607338641908,200,http://172.169.8.253:31112/function/opt-66b-submod-0-latency-25.cdgp
1704042604201883571,1704042606926526802,200,http://172.169.8.253:31112/function/opt-66b-submod-0-latency-25.cdgp
1704042604201968225,1704042611105004620,200,http://172.169.8.253:31112/function/opt-66b-submod-0-latency-25.cdgp
1704042604202047729,1704042607292471981,200,http://172.169.8.253:31112/function/opt-66b-submod-0-latency-25.cdgp
1704042604202137041,1704042609228365835,200,http://172.169.8.253:31112/function/opt-66b-submod-0-latency-25.cdgp
1704042604202208004,1704042610914535291,200,http://172.169.8.253:31112/function/opt-66b-submod-0-latency-25.cdgp
1704042604202291008,1704042610531527801,200,http://172.169.8.253:31112/function/opt-66b-submod-0-latency-25.cdgp
1704042604202368906,1704042611032028624,200,http://172.169.8.253:31112/function/opt-66b-submod-0-latency-25.cdgp
1704042604202429309,1704042607379858287,200,http://172.169.8.253:31112/function/opt-66b-submod-0-latency-25.cdgp
1704042604202507290,1704042614203232271,500,http://172.169.8.253:31112/function/opt-66b-submod-0-latency-25.cdgp
1704042604228233010,1704042610992483804,200,http://172.169.8.253:31112/function/opt-66b-submod-0-latency-25.cdgp
1704042604228298013,1704042614141318491,500,http://172.169.8.253:31112/function/opt-66b-submod-0-latency-25.cdgp
1704042604268770218,1704042606990116038,200,http://172.169.8.253:31112/function/opt-66b-submod-0-latency-25.cdgp
1704042604268940289,1704042609023800266,200,http://172.169.8.253:31112/function/opt-66b-submod-0-latency-25.cdgp
1704042604269047062,1704042614225593342,500,http://172.169.8.253:31112/function/opt-66b-submod-0-latency-25.cdgp
1704042604269084094,1704042610916971681,200,http://172.169.8.253:31112/function/opt-66b-submod-0-latency-25.cdgp
1704042604269182869,1704042614212897579,500,http://172.169.8.253:31112/function/opt-66b-submod-0-latency-25.cdgp
1704042604269238896,1704042614269937708,500,http://172.169.8.253:31112/function/opt-66b-submod-0-latency-25.cdgp
1704042604269314887,1704042611507654751,200,http://172.169.8.253:31112/function/opt-66b-submod-0-latency-25.cdgp
1704042604269338499,1704042614212599293,500,http://172.169.8.253:31112/function/opt-66b-submod-0-latency-25.cdgp
1704042604269400587,1704042610997693550,200,http://172.169.8.253:31112/function/opt-66b-submod-0-latency-25.cdgp
1704042604269497408,1704042614269926280,500,http://172.169.8.253:31112/function/opt-66b-submod-0-latency-25.cdgp
1704042604269529240,1704042614211935864,500,http://172.169.8.253:31112/function/opt-66b-submod-0-latency-25.cdgp
1704042604269599058,1704042610041359082,200,http://172.169.8.253:31112/function/opt-66b-submod-0-latency-25.cdgp
1704042604269656994,1704042613864569046,500,http://172.169.8.253:31112/function/opt-66b-submod-0-latency-25.cdgp
1704042604269713176,1704042614238843662,500,http://172.169.8.253:31112/function/opt-66b-submod-0-latency-25.cdgp
1704042604269793846,1704042611874374789,200,http://172.169.8.253:31112/function/opt-66b-submod-0-latency-25.cdgp
1704042604269853370,1704042614212176469,500,http://172.169.8.253:31112/function/opt-66b-submod-0-latency-25.cdgp
1704042604269944979,1704042614270062386,500,http://172.169.8.253:31112/function/opt-66b-submod-0-latency-25.cdgp
1704042604269983740,1704042614137238779,500,http://172.169.8.253:31112/function/opt-66b-submod-0-latency-25.cdgp
1704042604270106046,1704042607314079173,200,http://172.169.8.253:31112/function/opt-66b-submod-0-latency-25.cdgp
1704042604270160166,1704042607357172158,200,http://172.169.8.253:31112/function/opt-66b-submod-0-latency-25.cdgp
1704042604270216577,1704042610534999247,200,http://172.169.8.253:31112/function/opt-66b-submod-0-latency-25.cdgp
1704042604270332394,1704042608801299038,200,http://172.169.8.253:31112/function/opt-66b-submod-0-latency-25.cdgp
1704042604270401364,1704042614136997513,500,http://172.169.8.253:31112/function/opt-66b-submod-0-latency-25.cdgp
1704042604270491630,1704042611071418228,200,http://172.169.8.253:31112/function/opt-66b-submod-0-latency-25.cdgp
1704042607901758673,1704042609755901443,200,http://172.169.8.253:31112/function/opt-66b-submod-0-latency-25.cdgp
1704042607901854992,1704042611935603152,200,http://172.169.8.253:31112/function/opt-66b-submod-0-latency-25.cdgp
1704042607901949280,1704042617465577715,500,http://172.169.8.253:31112/function/opt-66b-submod-0-latency-25.cdgp
1704042607902006826,1704042609762951998,200,http://172.169.8.253:31112/function/opt-66b-submod-0-latency-25.cdgp
1704042607902109584,1704042617172220539,500,http://172.169.8.253:31112/function/opt-66b-submod-0-latency-25.cdgp
1704042607902150484,1704042617099991302,500,http://172.169.8.253:31112/function/opt-66b-submod-0-latency-25.cdgp
1704042607902230329,1704042617305531581,500,http://172.169.8.253:31112/function/opt-66b-submod-0-latency-25.cdgp
1704042607902252095,1704042611603382653,200,http://172.169.8.253:31112/function/opt-66b-submod-0-latency-25.cdgp
1704042607902326570,1704042611850519754,200,http://172.169.8.253:31112/function/opt-66b-submod-0-latency-25.cdgp
1704042607902390661,1704042617171931487,500,http://172.169.8.253:31112/function/opt-66b-submod-0-latency-25.cdgp
1704042608183127161,1704042617436530629,500,http://172.169.8.253:31112/function/opt-66b-submod-0-latency-25.cdgp
1704042608183200293,1704042611604276289,200,http://172.169.8.253:31112/function/opt-66b-submod-0-latency-25.cdgp
1704042608183354235,1704042617223646482,500,http://172.169.8.253:31112/function/opt-66b-submod-0-latency-25.cdgp
1704042608183424098,1704042617511869657,500,http://172.169.8.253:31112/function/opt-66b-submod-0-latency-25.cdgp
1704042608183483889,1704042609744561435,200,http://172.169.8.253:31112/function/opt-66b-submod-0-latency-25.cdgp
1704042608183561652,1704042609887479086,200,http://172.169.8.253:31112/function/opt-66b-submod-0-latency-25.cdgp
1704042608183597564,1704042609743139470,200,http://172.169.8.253:31112/function/opt-66b-submod-0-latency-25.cdgp
1704042608322417866,1704042617580304376,500,http://172.169.8.253:31112/function/opt-66b-submod-0-latency-25.cdgp
1704042608322504017,1704042617585234104,500,http://172.169.8.253:31112/function/opt-66b-submod-0-latency-25.cdgp
1704042608322581929,1704042611993439875,200,http://172.169.8.253:31112/function/opt-66b-submod-0-latency-25.cdgp
1704042608347079833,1704042611816711391,200,http://172.169.8.253:31112/function/opt-66b-submod-0-latency-25.cdgp
1704042608347169040,1704042617466425618,500,http://172.169.8.253:31112/function/opt-66b-submod-0-latency-25.cdgp
1704042608639752198,1704042617955474396,500,http://172.169.8.253:31112/function/opt-66b-submod-0-latency-25.cdgp
1704042608639845556,1704042618296004564,500,http://172.169.8.253:31112/function/opt-66b-submod-0-latency-25.cdgp
1704042608639933348,1704042611932156811,200,http://172.169.8.253:31112/function/opt-66b-submod-0-latency-25.cdgp
1704042608640036439,1704042618412417384,500,http://172.169.8.253:31112/function/opt-66b-submod-0-latency-25.cdgp
1704042608640085172,1704042618296721471,500,http://172.169.8.253:31112/function/opt-66b-submod-0-latency-25.cdgp
1704042608640165419,1704042610439296920,200,http://172.169.8.253:31112/function/opt-66b-submod-0-latency-25.cdgp
1704042608640197524,1704042618341355622,500,http://172.169.8.253:31112/function/opt-66b-submod-0-latency-25.cdgp
1704042608640280811,1704042611828042375,200,http://172.169.8.253:31112/function/opt-66b-submod-0-latency-25.cdgp
1704042608640347090,1704042611370403758,200,http://172.169.8.253:31112/function/opt-66b-submod-0-latency-25.cdgp
1704042608640402753,1704042611998423702,200,http://172.169.8.253:31112/function/opt-66b-submod-0-latency-25.cdgp
1704042608640483816,1704042610475206060,200,http://172.169.8.253:31112/function/opt-66b-submod-0-latency-25.cdgp
1704042608640507875,1704042610339531298,200,http://172.169.8.253:31112/function/opt-66b-submod-0-latency-25.cdgp
1704042608640584888,1704042618296346295,500,http://172.169.8.253:31112/function/opt-66b-submod-0-latency-25.cdgp
1704042608640640276,1704042618340632601,500,http://172.169.8.253:31112/function/opt-66b-submod-0-latency-25.cdgp
1704042608640722027,1704042612362782271,200,http://172.169.8.253:31112/function/opt-66b-submod-0-latency-25.cdgp
1704042608640745310,1704042612822960649,200,http://172.169.8.253:31112/function/opt-66b-submod-0-latency-25.cdgp
1704042608640792834,1704042610605338888,200,http://172.169.8.253:31112/function/opt-66b-submod-0-latency-25.cdgp
1704042608640816498,1704042617913010844,500,http://172.169.8.253:31112/function/opt-66b-submod-0-latency-25.cdgp
1704042608640877028,1704042618341178336,500,http://172.169.8.253:31112/function/opt-66b-submod-0-latency-25.cdgp
1704042608640961554,1704042611605659671,200,http://172.169.8.253:31112/function/opt-66b-submod-0-latency-25.cdgp
1704042608641028575,1704042612690608494,200,http://172.169.8.253:31112/function/opt-66b-submod-0-latency-25.cdgp
1704042608641054966,1704042610518927690,200,http://172.169.8.253:31112/function/opt-66b-submod-0-latency-25.cdgp
1704042608641125718,1704042612407115358,200,http://172.169.8.253:31112/function/opt-66b-submod-0-latency-25.cdgp
1704042608641205104,1704042617911291181,500,http://172.169.8.253:31112/function/opt-66b-submod-0-latency-25.cdgp
1704042608641256772,1704042610858983731,200,http://172.169.8.253:31112/function/opt-66b-submod-0-latency-25.cdgp
1704042608641288245,1704042610296797261,200,http://172.169.8.253:31112/function/opt-66b-submod-0-latency-25.cdgp
1704042608668180237,1704042611507842526,200,http://172.169.8.253:31112/function/opt-66b-submod-0-latency-25.cdgp
1704042608668304002,1704042611831673021,200,http://172.169.8.253:31112/function/opt-66b-submod-0-latency-25.cdgp
1704042608831187091,1704042618470631918,500,http://172.169.8.253:31112/function/opt-66b-submod-0-latency-25.cdgp
1704042608831233909,1704042618345374953,500,http://172.169.8.253:31112/function/opt-66b-submod-0-latency-25.cdgp
1704042608831324818,1704042612191342987,200,http://172.169.8.253:31112/function/opt-66b-submod-0-latency-25.cdgp
1704042608871969427,1704042611219392548,200,http://172.169.8.253:31112/function/opt-66b-submod-0-latency-25.cdgp
1704042608872132333,1704042618383616813,500,http://172.169.8.253:31112/function/opt-66b-submod-0-latency-25.cdgp
1704042608872238861,1704042612141292065,200,http://172.169.8.253:31112/function/opt-66b-submod-0-latency-25.cdgp
1704042608872306147,1704042612356909145,200,http://172.169.8.253:31112/function/opt-66b-submod-0-latency-25.cdgp
1704042608872369035,1704042618299970193,500,http://172.169.8.253:31112/function/opt-66b-submod-0-latency-25.cdgp
1704042608872421796,1704042611929726221,200,http://172.169.8.253:31112/function/opt-66b-submod-0-latency-25.cdgp
1704042608872497513,1704042618306519956,500,http://172.169.8.253:31112/function/opt-66b-submod-0-latency-25.cdgp
1704042609023141649,1704042618343418413,500,http://172.169.8.253:31112/function/opt-66b-submod-0-latency-25.cdgp
1704042610697211934,1704042612355503450,200,http://172.169.8.253:31112/function/opt-66b-submod-0-latency-25.cdgp
1704042610697292493,1704042612815548383,200,http://172.169.8.253:31112/function/opt-66b-submod-0-latency-25.cdgp
1704042610697371850,1704042619871040464,500,http://172.169.8.253:31112/function/opt-66b-submod-0-latency-25.cdgp
1704042610697454439,1704042619752362570,500,http://172.169.8.253:31112/function/opt-66b-submod-0-latency-25.cdgp
1704042610697535347,1704042619654384880,500,http://172.169.8.253:31112/function/opt-66b-submod-0-latency-25.cdgp
1704042610697601257,1704042612596753432,200,http://172.169.8.253:31112/function/opt-66b-submod-0-latency-25.cdgp
1704042610698831631,1704042612877855742,200,http://172.169.8.253:31112/function/opt-66b-submod-0-latency-25.cdgp
1704042610698901500,1704042612412971184,200,http://172.169.8.253:31112/function/opt-66b-submod-0-latency-25.cdgp
1704042610698932966,1704042612602910891,200,http://172.169.8.253:31112/function/opt-66b-submod-0-latency-25.cdgp
1704042610699011284,1704042619938892392,500,http://172.169.8.253:31112/function/opt-66b-submod-0-latency-25.cdgp
1704042610699099656,1704042612734245850,200,http://172.169.8.253:31112/function/opt-66b-submod-0-latency-25.cdgp
1704042610699146303,1704042620131083923,500,http://172.169.8.253:31112/function/opt-66b-submod-0-latency-25.cdgp
1704042610699224178,1704042612360304394,200,http://172.169.8.253:31112/function/opt-66b-submod-0-latency-25.cdgp
1704042610699263322,1704042612782651159,200,http://172.169.8.253:31112/function/opt-66b-submod-0-latency-25.cdgp
1704042610699336704,1704042620095021777,500,http://172.169.8.253:31112/function/opt-66b-submod-0-latency-25.cdgp
1704042610699436170,1704042612969628842,200,http://172.169.8.253:31112/function/opt-66b-submod-0-latency-25.cdgp
1704042610699526219,1704042619790982415,500,http://172.169.8.253:31112/function/opt-66b-submod-0-latency-25.cdgp
1704042610699586960,1704042619940594876,500,http://172.169.8.253:31112/function/opt-66b-submod-0-latency-25.cdgp
1704042610699657146,1704042619846759187,500,http://172.169.8.253:31112/function/opt-66b-submod-0-latency-25.cdgp
1704042610699683089,1704042619983433468,500,http://172.169.8.253:31112/function/opt-66b-submod-0-latency-25.cdgp
1704042610700365456,1704042612875231940,200,http://172.169.8.253:31112/function/opt-66b-submod-0-latency-25.cdgp
1704042610700420928,1704042612450923403,200,http://172.169.8.253:31112/function/opt-66b-submod-0-latency-25.cdgp
1704042610700465766,1704042620195139279,500,http://172.169.8.253:31112/function/opt-66b-submod-0-latency-25.cdgp
1704042610700519742,1704042612945100057,200,http://172.169.8.253:31112/function/opt-66b-submod-0-latency-25.cdgp
1704042610700584943,1704042620022564810,500,http://172.169.8.253:31112/function/opt-66b-submod-0-latency-25.cdgp
1704042610700621550,1704042619898298349,500,http://172.169.8.253:31112/function/opt-66b-submod-0-latency-25.cdgp
1704042610700690192,1704042612809416091,200,http://172.169.8.253:31112/function/opt-66b-submod-0-latency-25.cdgp
1704042610700825897,1704042620180713192,500,http://172.169.8.253:31112/function/opt-66b-submod-0-latency-25.cdgp
1704042610700897543,1704042620025522156,500,http://172.169.8.253:31112/function/opt-66b-submod-0-latency-25.cdgp
1704042610700999834,1704042612650525405,200,http://172.169.8.253:31112/function/opt-66b-submod-0-latency-25.cdgp
1704042610710884917,1704042620065778624,500,http://172.169.8.253:31112/function/opt-66b-submod-0-latency-25.cdgp
1704042610710975880,1704042612643287134,200,http://172.169.8.253:31112/function/opt-66b-submod-0-latency-25.cdgp
1704042611107731460,1704042620360530665,500,http://172.169.8.253:31112/function/opt-66b-submod-0-latency-25.cdgp
1704042611107847663,1704042620459450095,500,http://172.169.8.253:31112/function/opt-66b-submod-0-latency-25.cdgp
1704042611107942604,1704042612591580588,200,http://172.169.8.253:31112/function/opt-66b-submod-0-latency-25.cdgp
1704042611108060981,1704042620414419514,500,http://172.169.8.253:31112/function/opt-66b-submod-0-latency-25.cdgp
1704042611108096246,1704042612941291425,200,http://172.169.8.253:31112/function/opt-66b-submod-0-latency-25.cdgp
1704042611108198917,1704042613199510212,200,http://172.169.8.253:31112/function/opt-66b-submod-0-latency-25.cdgp
1704042611108225266,1704042613135543237,200,http://172.169.8.253:31112/function/opt-66b-submod-0-latency-25.cdgp
1704042611108322835,1704042613463575794,200,http://172.169.8.253:31112/function/opt-66b-submod-0-latency-25.cdgp
1704042611108386050,1704042620314031492,500,http://172.169.8.253:31112/function/opt-66b-submod-0-latency-25.cdgp
1704042611108502193,1704042613622100583,200,http://172.169.8.253:31112/function/opt-66b-submod-0-latency-25.cdgp
1704042611108619954,1704042612645223229,200,http://172.169.8.253:31112/function/opt-66b-submod-0-latency-25.cdgp
1704042611108713233,1704042612936900011,200,http://172.169.8.253:31112/function/opt-66b-submod-0-latency-25.cdgp
1704042611108776956,1704042620316801293,500,http://172.169.8.253:31112/function/opt-66b-submod-0-latency-25.cdgp
1704042611108851118,1704042613293305067,200,http://172.169.8.253:31112/function/opt-66b-submod-0-latency-25.cdgp
1704042611108933147,1704042613483003504,200,http://172.169.8.253:31112/function/opt-66b-submod-0-latency-25.cdgp
1704042611109010454,1704042613171687632,200,http://172.169.8.253:31112/function/opt-66b-submod-0-latency-25.cdgp
1704042611109096782,1704042620185650690,500,http://172.169.8.253:31112/function/opt-66b-submod-0-latency-25.cdgp
1704042611109174797,1704042613068709066,200,http://172.169.8.253:31112/function/opt-66b-submod-0-latency-25.cdgp
1704042611248633951,1704042612658100476,200,http://172.169.8.253:31112/function/opt-66b-submod-0-latency-25.cdgp
1704042611248747667,1704042620361847179,500,http://172.169.8.253:31112/function/opt-66b-submod-0-latency-25.cdgp
1704042611248828216,1704042613182636603,200,http://172.169.8.253:31112/function/opt-66b-submod-0-latency-25.cdgp
1704042611248925310,1704042620385030770,500,http://172.169.8.253:31112/function/opt-66b-submod-0-latency-25.cdgp
1704042611248972116,1704042620607174848,500,http://172.169.8.253:31112/function/opt-66b-submod-0-latency-25.cdgp
1704042611249055620,1704042620919996023,500,http://172.169.8.253:31112/function/opt-66b-submod-0-latency-25.cdgp
1704042611382492097,1704042613335680428,200,http://172.169.8.253:31112/function/opt-66b-submod-0-latency-25.cdgp
1704042611384249155,1704042612998078886,200,http://172.169.8.253:31112/function/opt-66b-submod-0-latency-25.cdgp
1704042611384344546,1704042620662453395,500,http://172.169.8.253:31112/function/opt-66b-submod-0-latency-25.cdgp
1704042611384410211,1704042613199546337,200,http://172.169.8.253:31112/function/opt-66b-submod-0-latency-25.cdgp
1704042611384483332,1704042620666187052,500,http://172.169.8.253:31112/function/opt-66b-submod-0-latency-25.cdgp
1704042611384552175,1704042620659707090,500,http://172.169.8.253:31112/function/opt-66b-submod-0-latency-25.cdgp
1704042611384601659,1704042613738698580,200,http://172.169.8.253:31112/function/opt-66b-submod-0-latency-25.cdgp
1704042611384679037,1704042613604088018,200,http://172.169.8.253:31112/function/opt-66b-submod-0-latency-25.cdgp
1704042611384716901,1704042613126863511,200,http://172.169.8.253:31112/function/opt-66b-submod-0-latency-25.cdgp
1704042611384782194,1704042613199196566,200,http://172.169.8.253:31112/function/opt-66b-submod-0-latency-25.cdgp
1704042611384856511,1704042620703548512,500,http://172.169.8.253:31112/function/opt-66b-submod-0-latency-25.cdgp
1704042611384877727,1704042613444141640,200,http://172.169.8.253:31112/function/opt-66b-submod-0-latency-25.cdgp
1704042611384972307,1704042613739044529,200,http://172.169.8.253:31112/function/opt-66b-submod-0-latency-25.cdgp
1704042611385020342,1704042620661356739,500,http://172.169.8.253:31112/function/opt-66b-submod-0-latency-25.cdgp
1704042611385081457,1704042620476626604,500,http://172.169.8.253:31112/function/opt-66b-submod-0-latency-25.cdgp
1704042611385133611,1704042620570837350,500,http://172.169.8.253:31112/function/opt-66b-submod-0-latency-25.cdgp
1704042611385144763,1704042613483503613,200,http://172.169.8.253:31112/function/opt-66b-submod-0-latency-25.cdgp
1704042611386758232,1704042620664009424,500,http://172.169.8.253:31112/function/opt-66b-submod-0-latency-25.cdgp
1704042611386883348,1704042613343579609,200,http://172.169.8.253:31112/function/opt-66b-submod-0-latency-25.cdgp
1704042612995396403,1704042613991400671,200,http://172.169.8.253:31112/function/opt-66b-submod-0-latency-25.cdgp
1704042612995885244,1704042614251502755,200,http://172.169.8.253:31112/function/opt-66b-submod-0-latency-25.cdgp
1704042612996050303,1704042622199629757,500,http://172.169.8.253:31112/function/opt-66b-submod-0-latency-25.cdgp
1704042612996142993,1704042622401979799,500,http://172.169.8.253:31112/function/opt-66b-submod-0-latency-25.cdgp
1704042612996210681,1704042622403586688,500,http://172.169.8.253:31112/function/opt-66b-submod-0-latency-25.cdgp
1704042613200405444,1704042614187491336,200,http://172.169.8.253:31112/function/opt-66b-submod-0-latency-25.cdgp
1704042613200497838,1704042614228202982,200,http://172.169.8.253:31112/function/opt-66b-submod-0-latency-25.cdgp
1704042613200600064,1704042622330216566,500,http://172.169.8.253:31112/function/opt-66b-submod-0-latency-25.cdgp
1704042613200673164,1704042614704785356,200,http://172.169.8.253:31112/function/opt-66b-submod-0-latency-25.cdgp
1704042613200742719,1704042614483370281,200,http://172.169.8.253:31112/function/opt-66b-submod-0-latency-25.cdgp
1704042613200768541,1704042615227595663,200,http://172.169.8.253:31112/function/opt-66b-submod-0-latency-25.cdgp
1704042613200846299,1704042614443144555,200,http://172.169.8.253:31112/function/opt-66b-submod-0-latency-25.cdgp
1704042613200931180,1704042622265327760,500,http://172.169.8.253:31112/function/opt-66b-submod-0-latency-25.cdgp
1704042613200991324,1704042614211789126,200,http://172.169.8.253:31112/function/opt-66b-submod-0-latency-25.cdgp
1704042613201015145,1704042622451360956,500,http://172.169.8.253:31112/function/opt-66b-submod-0-latency-25.cdgp
1704042613201102339,1704042622377905426,500,http://172.169.8.253:31112/function/opt-66b-submod-0-latency-25.cdgp
1704042613201181031,1704042614647637008,200,http://172.169.8.253:31112/function/opt-66b-submod-0-latency-25.cdgp
1704042613201262218,1704042614392272970,200,http://172.169.8.253:31112/function/opt-66b-submod-0-latency-25.cdgp
1704042613201286722,1704042622407508232,500,http://172.169.8.253:31112/function/opt-66b-submod-0-latency-25.cdgp
1704042613201379860,1704042614704992289,200,http://172.169.8.253:31112/function/opt-66b-submod-0-latency-25.cdgp
1704042613201448990,1704042614529547556,200,http://172.169.8.253:31112/function/opt-66b-submod-0-latency-25.cdgp
1704042613201518012,1704042622467181015,500,http://172.169.8.253:31112/function/opt-66b-submod-0-latency-25.cdgp
1704042613201589110,1704042614611570095,200,http://172.169.8.253:31112/function/opt-66b-submod-0-latency-25.cdgp
1704042613616784413,1704042615779469283,200,http://172.169.8.253:31112/function/opt-66b-submod-0-latency-25.cdgp
1704042613618277314,1704042623222192346,500,http://172.169.8.253:31112/function/opt-66b-submod-0-latency-25.cdgp
1704042613618374435,1704042614747592078,200,http://172.169.8.253:31112/function/opt-66b-submod-0-latency-25.cdgp
1704042613618515869,1704042615095509579,200,http://172.169.8.253:31112/function/opt-66b-submod-0-latency-25.cdgp
1704042613624435526,1704042614819526596,200,http://172.169.8.253:31112/function/opt-66b-submod-0-latency-25.cdgp
1704042613624510118,1704042615252067014,200,http://172.169.8.253:31112/function/opt-66b-submod-0-latency-25.cdgp
1704042613624551910,1704042623433232114,500,http://172.169.8.253:31112/function/opt-66b-submod-0-latency-25.cdgp
1704042613624628309,1704042623218915287,500,http://172.169.8.253:31112/function/opt-66b-submod-0-latency-25.cdgp
1704042613624681976,1704042623049141043,500,http://172.169.8.253:31112/function/opt-66b-submod-0-latency-25.cdgp
1704042613624736406,1704042615412501264,200,http://172.169.8.253:31112/function/opt-66b-submod-0-latency-25.cdgp
1704042613624780837,1704042623218780164,500,http://172.169.8.253:31112/function/opt-66b-submod-0-latency-25.cdgp
1704042613624863989,1704042614775603091,200,http://172.169.8.253:31112/function/opt-66b-submod-0-latency-25.cdgp
1704042613624892238,1704042615648235427,200,http://172.169.8.253:31112/function/opt-66b-submod-0-latency-25.cdgp
1704042613624981947,1704042623049270612,500,http://172.169.8.253:31112/function/opt-66b-submod-0-latency-25.cdgp
1704042613625019349,1704042614956986396,200,http://172.169.8.253:31112/function/opt-66b-submod-0-latency-25.cdgp
1704042613638382317,1704042615517525244,200,http://172.169.8.253:31112/function/opt-66b-submod-0-latency-25.cdgp
1704042613638480078,1704042615033098712,200,http://172.169.8.253:31112/function/opt-66b-submod-0-latency-25.cdgp
1704042613638557556,1704042615398881257,200,http://172.169.8.253:31112/function/opt-66b-submod-0-latency-25.cdgp
1704042613647007764,1704042623250965907,500,http://172.169.8.253:31112/function/opt-66b-submod-0-latency-25.cdgp
1704042613647162423,1704042616046731399,200,http://172.169.8.253:31112/function/opt-66b-submod-0-latency-25.cdgp
1704042613647279172,1704042615920171083,200,http://172.169.8.253:31112/function/opt-66b-submod-0-latency-25.cdgp
1704042613647370396,1704042615676673324,200,http://172.169.8.253:31112/function/opt-66b-submod-0-latency-25.cdgp
1704042613647484963,1704042615420042533,200,http://172.169.8.253:31112/function/opt-66b-submod-0-latency-25.cdgp
1704042613647534471,1704042615257059730,200,http://172.169.8.253:31112/function/opt-66b-submod-0-latency-25.cdgp
1704042613647608960,1704042623251120575,500,http://172.169.8.253:31112/function/opt-66b-submod-0-latency-25.cdgp
1704042613980168359,1704042616523983534,200,http://172.169.8.253:31112/function/opt-66b-submod-0-latency-25.cdgp
1704042613980289095,1704042615648112406,200,http://172.169.8.253:31112/function/opt-66b-submod-0-latency-25.cdgp
1704042613980395318,1704042623432853375,500,http://172.169.8.253:31112/function/opt-66b-submod-0-latency-25.cdgp
1704042613980491439,1704042623250897580,500,http://172.169.8.253:31112/function/opt-66b-submod-0-latency-25.cdgp
1704042613980617903,1704042623251343944,500,http://172.169.8.253:31112/function/opt-66b-submod-0-latency-25.cdgp
1704042613980690149,1704042623253732487,500,http://172.169.8.253:31112/function/opt-66b-submod-0-latency-25.cdgp
1704042613980738662,1704042616029567814,200,http://172.169.8.253:31112/function/opt-66b-submod-0-latency-25.cdgp
1704042613980810475,1704042616524402729,200,http://172.169.8.253:31112/function/opt-66b-submod-0-latency-25.cdgp
1704042613980889928,1704042623420258748,500,http://172.169.8.253:31112/function/opt-66b-submod-0-latency-25.cdgp
1704042613980971501,1704042615648351696,200,http://172.169.8.253:31112/function/opt-66b-submod-0-latency-25.cdgp
1704042613981069138,1704042615415491332,200,http://172.169.8.253:31112/function/opt-66b-submod-0-latency-25.cdgp
1704042613981146104,1704042623459595597,500,http://172.169.8.253:31112/function/opt-66b-submod-0-latency-25.cdgp
1704042613981194620,1704042615421318386,200,http://172.169.8.253:31112/function/opt-66b-submod-0-latency-25.cdgp
1704042613981287719,1704042623141481268,500,http://172.169.8.253:31112/function/opt-66b-submod-0-latency-25.cdgp
1704042614028153629,1704042623445366477,500,http://172.169.8.253:31112/function/opt-66b-submod-0-latency-25.cdgp
1704042614028250426,1704042616083497811,200,http://172.169.8.253:31112/function/opt-66b-submod-0-latency-25.cdgp
1704042614028330729,1704042615920488392,200,http://172.169.8.253:31112/function/opt-66b-submod-0-latency-25.cdgp
1704042614028424111,1704042623535095756,500,http://172.169.8.253:31112/function/opt-66b-submod-0-latency-25.cdgp
1704042614028513229,1704042615676297931,200,http://172.169.8.253:31112/function/opt-66b-submod-0-latency-25.cdgp
1704042614028595843,1704042623445096143,500,http://172.169.8.253:31112/function/opt-66b-submod-0-latency-25.cdgp
1704042614028648242,1704042623426152454,500,http://172.169.8.253:31112/function/opt-66b-submod-0-latency-25.cdgp
1704042614036268648,1704042616103838283,200,http://172.169.8.253:31112/function/opt-66b-submod-0-latency-25.cdgp
1704042614036386354,1704042623251188756,500,http://172.169.8.253:31112/function/opt-66b-submod-0-latency-25.cdgp
1704042614036493187,1704042623535116040,500,http://172.169.8.253:31112/function/opt-66b-submod-0-latency-25.cdgp
1704042614036602102,1704042615331456337,200,http://172.169.8.253:31112/function/opt-66b-submod-0-latency-25.cdgp
1704042614277589640,1704042623392657035,500,http://172.169.8.253:31112/function/opt-66b-submod-0-latency-25.cdgp
1704042614277671672,1704042616046815232,200,http://172.169.8.253:31112/function/opt-66b-submod-0-latency-25.cdgp
1704042614281646953,1704042623419168962,500,http://172.169.8.253:31112/function/opt-66b-submod-0-latency-25.cdgp
1704042614281751576,1704042623392129686,500,http://172.169.8.253:31112/function/opt-66b-submod-0-latency-25.cdgp
1704042614344714633,1704042616046802417,200,http://172.169.8.253:31112/function/opt-66b-submod-0-latency-25.cdgp
1704042614344780769,1704042616543955530,200,http://172.169.8.253:31112/function/opt-66b-submod-0-latency-25.cdgp
1704042614344820169,1704042616524390033,200,http://172.169.8.253:31112/function/opt-66b-submod-0-latency-25.cdgp
1704042614344909566,1704042623448379441,500,http://172.169.8.253:31112/function/opt-66b-submod-0-latency-25.cdgp
1704042614344962698,1704042623694183454,500,http://172.169.8.253:31112/function/opt-66b-submod-0-latency-25.cdgp
1704042614345012774,1704042623799621975,500,http://172.169.8.253:31112/function/opt-66b-submod-0-latency-25.cdgp
1704042614345060091,1704042623692825835,500,http://172.169.8.253:31112/function/opt-66b-submod-0-latency-25.cdgp
1704042614345136436,1704042623800119827,500,http://172.169.8.253:31112/function/opt-66b-submod-0-latency-25.cdgp
1704042614345248307,1704042623433247838,500,http://172.169.8.253:31112/function/opt-66b-submod-0-latency-25.cdgp
1704042614345310511,1704042623409391908,500,http://172.169.8.253:31112/function/opt-66b-submod-0-latency-25.cdgp
1704042614345328741,1704042617581634111,200,http://172.169.8.253:31112/function/opt-66b-submod-0-latency-25.cdgp
1704042614345341165,1704042616960261158,200,http://172.169.8.253:31112/function/opt-66b-submod-0-latency-25.cdgp
1704042614345354585,1704042623800729567,500,http://172.169.8.253:31112/function/opt-66b-submod-0-latency-25.cdgp
1704042614345367362,1704042615998541217,200,http://172.169.8.253:31112/function/opt-66b-submod-0-latency-25.cdgp
1704042614345379568,1704042616596900903,200,http://172.169.8.253:31112/function/opt-66b-submod-0-latency-25.cdgp
1704042614345389436,1704042617106059607,200,http://172.169.8.253:31112/function/opt-66b-submod-0-latency-25.cdgp
1704042614345466478,1704042616221866478,200,http://172.169.8.253:31112/function/opt-66b-submod-0-latency-25.cdgp
1704042614345479795,1704042623690228140,500,http://172.169.8.253:31112/function/opt-66b-submod-0-latency-25.cdgp
1704042614586839666,1704042616597301966,200,http://172.169.8.253:31112/function/opt-66b-submod-0-latency-25.cdgp
1704042614586905125,1704042624214030622,500,http://172.169.8.253:31112/function/opt-66b-submod-0-latency-25.cdgp
1704042614586954667,1704042623960784859,500,http://172.169.8.253:31112/function/opt-66b-submod-0-latency-25.cdgp
1704042614587007515,1704042617911754453,200,http://172.169.8.253:31112/function/opt-66b-submod-0-latency-25.cdgp
1704042614587123442,1704042617586213998,200,http://172.169.8.253:31112/function/opt-66b-submod-0-latency-25.cdgp
1704042614587214244,1704042616597359541,200,http://172.169.8.253:31112/function/opt-66b-submod-0-latency-25.cdgp
1704042614587252096,1704042623736001622,500,http://172.169.8.253:31112/function/opt-66b-submod-0-latency-25.cdgp
1704042614587330644,1704042624046911919,500,http://172.169.8.253:31112/function/opt-66b-submod-0-latency-25.cdgp
1704042614587392413,1704042616520775819,200,http://172.169.8.253:31112/function/opt-66b-submod-0-latency-25.cdgp
1704042614587457890,1704042616042349787,200,http://172.169.8.253:31112/function/opt-66b-submod-0-latency-25.cdgp
1704042614587513082,1704042618341169022,200,http://172.169.8.253:31112/function/opt-66b-submod-0-latency-25.cdgp
1704042614587639547,1704042623845371257,500,http://172.169.8.253:31112/function/opt-66b-submod-0-latency-25.cdgp
1704042614587749934,1704042624124925449,500,http://172.169.8.253:31112/function/opt-66b-submod-0-latency-25.cdgp
1704042614587784845,1704042617911513960,200,http://172.169.8.253:31112/function/opt-66b-submod-0-latency-25.cdgp
1704042614591103121,1704042624299082408,500,http://172.169.8.253:31112/function/opt-66b-submod-0-latency-25.cdgp
1704042614591200785,1704042616064528700,200,http://172.169.8.253:31112/function/opt-66b-submod-0-latency-25.cdgp
1704042614591292349,1704042624019446670,500,http://172.169.8.253:31112/function/opt-66b-submod-0-latency-25.cdgp
1704042614591377329,1704042617100007964,200,http://172.169.8.253:31112/function/opt-66b-submod-0-latency-25.cdgp
1704042614591444377,1704042623855976546,500,http://172.169.8.253:31112/function/opt-66b-submod-0-latency-25.cdgp
1704042614591567940,1704042624219975045,500,http://172.169.8.253:31112/function/opt-66b-submod-0-latency-25.cdgp
1704042614591633201,1704042623855395833,500,http://172.169.8.253:31112/function/opt-66b-submod-0-latency-25.cdgp
1704042614591712972,1704042624028890679,500,http://172.169.8.253:31112/function/opt-66b-submod-0-latency-25.cdgp
1704042614591810333,1704042616028181524,200,http://172.169.8.253:31112/function/opt-66b-submod-0-latency-25.cdgp
1704042614591874235,1704042616984170627,200,http://172.169.8.253:31112/function/opt-66b-submod-0-latency-25.cdgp
1704042614591931916,1704042623854802274,500,http://172.169.8.253:31112/function/opt-66b-submod-0-latency-25.cdgp
1704042614665068359,1704042617007566640,200,http://172.169.8.253:31112/function/opt-66b-submod-0-latency-25.cdgp
1704042614665149654,1704042624085735402,500,http://172.169.8.253:31112/function/opt-66b-submod-0-latency-25.cdgp
1704042614665225544,1704042617581712621,200,http://172.169.8.253:31112/function/opt-66b-submod-0-latency-25.cdgp
1704042614665300200,1704042624124191573,500,http://172.169.8.253:31112/function/opt-66b-submod-0-latency-25.cdgp
1704042614665364583,1704042617583778579,200,http://172.169.8.253:31112/function/opt-66b-submod-0-latency-25.cdgp
1704042614665420324,1704042623960795312,500,http://172.169.8.253:31112/function/opt-66b-submod-0-latency-25.cdgp
1704042614665477181,1704042616597692989,200,http://172.169.8.253:31112/function/opt-66b-submod-0-latency-25.cdgp
1704042614665552183,1704042617037103069,200,http://172.169.8.253:31112/function/opt-66b-submod-0-latency-25.cdgp
1704042614665657048,1704042617106102258,200,http://172.169.8.253:31112/function/opt-66b-submod-0-latency-25.cdgp
1704042614665710315,1704042616729953267,200,http://172.169.8.253:31112/function/opt-66b-submod-0-latency-25.cdgp
1704042614810336892,1704042617007554465,200,http://172.169.8.253:31112/function/opt-66b-submod-0-latency-25.cdgp
1704042614810427668,1704042616990209686,200,http://172.169.8.253:31112/function/opt-66b-submod-0-latency-25.cdgp
1704042614810513781,1704042624179727272,500,http://172.169.8.253:31112/function/opt-66b-submod-0-latency-25.cdgp
1704042614810589513,1704042624120152127,500,http://172.169.8.253:31112/function/opt-66b-submod-0-latency-25.cdgp
1704042614810671510,1704042624178223917,500,http://172.169.8.253:31112/function/opt-66b-submod-0-latency-25.cdgp
1704042614810802663,1704042616597042294,200,http://172.169.8.253:31112/function/opt-66b-submod-0-latency-25.cdgp
1704042614810864907,1704042623846765464,500,http://172.169.8.253:31112/function/opt-66b-submod-0-latency-25.cdgp
1704042614810903369,1704042616960310329,200,http://172.169.8.253:31112/function/opt-66b-submod-0-latency-25.cdgp
1704042614810964862,1704042624126545027,500,http://172.169.8.253:31112/function/opt-66b-submod-0-latency-25.cdgp
1704042614811059345,1704042617176350622,200,http://172.169.8.253:31112/function/opt-66b-submod-0-latency-25.cdgp
1704042614811086131,1704042616597130525,200,http://172.169.8.253:31112/function/opt-66b-submod-0-latency-25.cdgp
1704042614811148033,1704042624285033261,500,http://172.169.8.253:31112/function/opt-66b-submod-0-latency-25.cdgp
1704042615083659588,1704042624358846967,500,http://172.169.8.253:31112/function/opt-66b-submod-0-latency-25.cdgp
1704042615083791443,1704042624733358590,500,http://172.169.8.253:31112/function/opt-66b-submod-0-latency-25.cdgp
1704042615083883310,1704042617581569130,200,http://172.169.8.253:31112/function/opt-66b-submod-0-latency-25.cdgp
1704042615083956388,1704042624168448155,500,http://172.169.8.253:31112/function/opt-66b-submod-0-latency-25.cdgp
1704042615084044024,1704042618303810622,200,http://172.169.8.253:31112/function/opt-66b-submod-0-latency-25.cdgp
1704042615084157943,1704042624374817481,500,http://172.169.8.253:31112/function/opt-66b-submod-0-latency-25.cdgp
1704042615084202544,1704042617909689261,200,http://172.169.8.253:31112/function/opt-66b-submod-0-latency-25.cdgp
1704042615084697481,1704042618642823833,200,http://172.169.8.253:31112/function/opt-66b-submod-0-latency-25.cdgp
1704042615084763441,1704042617100350746,200,http://172.169.8.253:31112/function/opt-66b-submod-0-latency-25.cdgp
1704042615084790973,1704042624527497533,500,http://172.169.8.253:31112/function/opt-66b-submod-0-latency-25.cdgp
1704042615084873302,1704042618639958909,200,http://172.169.8.253:31112/function/opt-66b-submod-0-latency-25.cdgp
1704042615084972580,1704042624204263160,500,http://172.169.8.253:31112/function/opt-66b-submod-0-latency-25.cdgp
1704042615084998041,1704042624472381212,500,http://172.169.8.253:31112/function/opt-66b-submod-0-latency-25.cdgp
1704042615085092917,1704042624531320523,500,http://172.169.8.253:31112/function/opt-66b-submod-0-latency-25.cdgp
1704042615085160438,1704042618448430115,200,http://172.169.8.253:31112/function/opt-66b-submod-0-latency-25.cdgp
1704042615085196190,1704042618340548938,200,http://172.169.8.253:31112/function/opt-66b-submod-0-latency-25.cdgp
1704042615085276114,1704042624735643159,500,http://172.169.8.253:31112/function/opt-66b-submod-0-latency-25.cdgp
1704042615085341935,1704042617004773225,200,http://172.169.8.253:31112/function/opt-66b-submod-0-latency-25.cdgp
1704042615085372828,1704042618341506361,200,http://172.169.8.253:31112/function/opt-66b-submod-0-latency-25.cdgp
1704042615085426463,1704042624965774223,500,http://172.169.8.253:31112/function/opt-66b-submod-0-latency-25.cdgp
1704042615088897549,1704042624558637873,500,http://172.169.8.253:31112/function/opt-66b-submod-0-latency-25.cdgp
1704042615088969897,1704042617579877789,200,http://172.169.8.253:31112/function/opt-66b-submod-0-latency-25.cdgp
1704042615089076429,1704042618300514952,200,http://172.169.8.253:31112/function/opt-66b-submod-0-latency-25.cdgp
1704042615089157489,1704042618257725053,200,http://172.169.8.253:31112/function/opt-66b-submod-0-latency-25.cdgp
1704042615105145352,1704042618639961586,200,http://172.169.8.253:31112/function/opt-66b-submod-0-latency-25.cdgp
1704042615105226840,1704042625016833860,500,http://172.169.8.253:31112/function/opt-66b-submod-0-latency-25.cdgp
1704042615105313472,1704042625013991345,500,http://172.169.8.253:31112/function/opt-66b-submod-0-latency-25.cdgp
1704042615105373005,1704042624390350590,500,http://172.169.8.253:31112/function/opt-66b-submod-0-latency-25.cdgp
1704042615105454126,1704042618662120837,200,http://172.169.8.253:31112/function/opt-66b-submod-0-latency-25.cdgp
1704042615105526710,1704042625026263767,500,http://172.169.8.253:31112/function/opt-66b-submod-0-latency-25.cdgp
1704042615105602183,1704042625026255100,500,http://172.169.8.253:31112/function/opt-66b-submod-0-latency-25.cdgp
1704042615105686734,1704042624525866196,500,http://172.169.8.253:31112/function/opt-66b-submod-0-latency-25.cdgp
1704042615105768752,1704042625018339322,500,http://172.169.8.253:31112/function/opt-66b-submod-0-latency-25.cdgp
1704042615105847571,1704042618317224441,200,http://172.169.8.253:31112/function/opt-66b-submod-0-latency-25.cdgp
1704042615105931758,1704042621215414860,200,http://172.169.8.253:31112/function/opt-66b-submod-0-latency-25.cdgp
1704042615105959718,1704042618300094301,200,http://172.169.8.253:31112/function/opt-66b-submod-0-latency-25.cdgp
1704042615106036428,1704042618340648419,200,http://172.169.8.253:31112/function/opt-66b-submod-0-latency-25.cdgp
1704042615106107761,1704042625009680628,500,http://172.169.8.253:31112/function/opt-66b-submod-0-latency-25.cdgp
1704042615106175268,1704042618296257151,200,http://172.169.8.253:31112/function/opt-66b-submod-0-latency-25.cdgp
1704042615106232435,1704042618641987512,200,http://172.169.8.253:31112/function/opt-66b-submod-0-latency-25.cdgp
1704042615106310418,1704042618640544232,200,http://172.169.8.253:31112/function/opt-66b-submod-0-latency-25.cdgp
1704042615106382789,1704042625015065407,500,http://172.169.8.253:31112/function/opt-66b-submod-0-latency-25.cdgp
1704042615106434469,1704042619892701457,200,http://172.169.8.253:31112/function/opt-66b-submod-0-latency-25.cdgp
1704042615106519302,1704042624779581525,500,http://172.169.8.253:31112/function/opt-66b-submod-0-latency-25.cdgp
1704042615106586796,1704042619970995939,200,http://172.169.8.253:31112/function/opt-66b-submod-0-latency-25.cdgp
1704042615106615201,1704042624777116148,500,http://172.169.8.253:31112/function/opt-66b-submod-0-latency-25.cdgp
1704042615106674919,1704042624740680010,500,http://172.169.8.253:31112/function/opt-66b-submod-0-latency-25.cdgp
1704042615106697031,1704042625018656595,500,http://172.169.8.253:31112/function/opt-66b-submod-0-latency-25.cdgp
1704042615106774061,1704042625014745928,500,http://172.169.8.253:31112/function/opt-66b-submod-0-latency-25.cdgp
1704042615106851278,1704042624561115907,500,http://172.169.8.253:31112/function/opt-66b-submod-0-latency-25.cdgp
1704042615106920686,1704042618996607811,200,http://172.169.8.253:31112/function/opt-66b-submod-0-latency-25.cdgp
1704042615106955587,1704042625012150166,500,http://172.169.8.253:31112/function/opt-66b-submod-0-latency-25.cdgp
1704042615107035306,1704042625029582500,500,http://172.169.8.253:31112/function/opt-66b-submod-0-latency-25.cdgp
1704042615107106703,1704042624562122446,500,http://172.169.8.253:31112/function/opt-66b-submod-0-latency-25.cdgp
1704042615107167739,1704042618999489070,200,http://172.169.8.253:31112/function/opt-66b-submod-0-latency-25.cdgp
1704042615107200122,1704042618642350572,200,http://172.169.8.253:31112/function/opt-66b-submod-0-latency-25.cdgp
1704042615107270991,1704042625012824376,500,http://172.169.8.253:31112/function/opt-66b-submod-0-latency-25.cdgp
1704042615107350025,1704042625025993624,500,http://172.169.8.253:31112/function/opt-66b-submod-0-latency-25.cdgp
1704042615107413369,1704042618640556275,200,http://172.169.8.253:31112/function/opt-66b-submod-0-latency-25.cdgp
1704042615145221810,1704042618634936501,200,http://172.169.8.253:31112/function/opt-66b-submod-0-latency-25.cdgp
1704042615145299781,1704042619978943807,200,http://172.169.8.253:31112/function/opt-66b-submod-0-latency-25.cdgp
1704042615145360771,1704042619123534118,200,http://172.169.8.253:31112/function/opt-66b-submod-0-latency-25.cdgp
1704042615182946688,1704042617467131537,200,http://172.169.8.253:31112/function/opt-66b-submod-0-latency-25.cdgp
1704042615183039083,1704042618300098870,200,http://172.169.8.253:31112/function/opt-66b-submod-0-latency-25.cdgp
1704042615183060796,1704042625054067791,500,http://172.169.8.253:31112/function/opt-66b-submod-0-latency-25.cdgp
1704042615183141552,1704042624814346870,500,http://172.169.8.253:31112/function/opt-66b-submod-0-latency-25.cdgp
1704042615183222348,1704042625054963791,500,http://172.169.8.253:31112/function/opt-66b-submod-0-latency-25.cdgp
1704042615427742264,1704042619967210187,200,http://172.169.8.253:31112/function/opt-66b-submod-0-latency-25.cdgp
1704042615427824380,1704042625119646655,500,http://172.169.8.253:31112/function/opt-66b-submod-0-latency-25.cdgp
1704042615427903465,1704042624751472262,500,http://172.169.8.253:31112/function/opt-66b-submod-0-latency-25.cdgp
1704042615427968424,1704042617909532772,200,http://172.169.8.253:31112/function/opt-66b-submod-0-latency-25.cdgp
1704042615427996483,1704042625130349362,500,http://172.169.8.253:31112/function/opt-66b-submod-0-latency-25.cdgp
1704042615428096479,1704042624872173620,500,http://172.169.8.253:31112/function/opt-66b-submod-0-latency-25.cdgp
1704042615428161559,1704042619039747137,200,http://172.169.8.253:31112/function/opt-66b-submod-0-latency-25.cdgp
1704042615428189910,1704042617584728217,200,http://172.169.8.253:31112/function/opt-66b-submod-0-latency-25.cdgp
1704042615428248343,1704042625124594938,500,http://172.169.8.253:31112/function/opt-66b-submod-0-latency-25.cdgp
1704042615428314666,1704042624805632189,500,http://172.169.8.253:31112/function/opt-66b-submod-0-latency-25.cdgp
1704042615428344744,1704042618383510010,200,http://172.169.8.253:31112/function/opt-66b-submod-0-latency-25.cdgp
1704042615428413435,1704042625126115161,500,http://172.169.8.253:31112/function/opt-66b-submod-0-latency-25.cdgp
1704042615428466541,1704042625122324648,500,http://172.169.8.253:31112/function/opt-66b-submod-0-latency-25.cdgp
1704042615428544062,1704042617582556751,200,http://172.169.8.253:31112/function/opt-66b-submod-0-latency-25.cdgp
1704042615428619545,1704042619735701046,200,http://172.169.8.253:31112/function/opt-66b-submod-0-latency-25.cdgp
1704042615600426940,1704042619440002746,200,http://172.169.8.253:31112/function/opt-66b-submod-0-latency-25.cdgp
1704042615600520260,1704042624908288735,500,http://172.169.8.253:31112/function/opt-66b-submod-0-latency-25.cdgp
1704042615600613661,1704042624781157834,500,http://172.169.8.253:31112/function/opt-66b-submod-0-latency-25.cdgp
1704042615600680298,1704042625340661336,500,http://172.169.8.253:31112/function/opt-66b-submod-0-latency-25.cdgp
1704042615601087844,1704042624876181458,500,http://172.169.8.253:31112/function/opt-66b-submod-0-latency-25.cdgp
1704042615601119675,1704042625231650271,500,http://172.169.8.253:31112/function/opt-66b-submod-0-latency-25.cdgp
1704042615601209625,1704042624834936878,500,http://172.169.8.253:31112/function/opt-66b-submod-0-latency-25.cdgp
1704042615601312315,1704042624873594242,500,http://172.169.8.253:31112/function/opt-66b-submod-0-latency-25.cdgp
1704042615601389453,1704042618663786364,200,http://172.169.8.253:31112/function/opt-66b-submod-0-latency-25.cdgp
1704042615601481161,1704042624890568874,500,http://172.169.8.253:31112/function/opt-66b-submod-0-latency-25.cdgp
1704042615601540675,1704042624842578913,500,http://172.169.8.253:31112/function/opt-66b-submod-0-latency-25.cdgp
1704042615601557965,1704042619366375832,200,http://172.169.8.253:31112/function/opt-66b-submod-0-latency-25.cdgp
1704042615601576858,1704042625239599071,500,http://172.169.8.253:31112/function/opt-66b-submod-0-latency-25.cdgp
1704042615601627699,1704042625343739379,500,http://172.169.8.253:31112/function/opt-66b-submod-0-latency-25.cdgp
1704042615601722306,1704042625344083619,500,http://172.169.8.253:31112/function/opt-66b-submod-0-latency-25.cdgp
1704042615601799173,1704042619968947045,200,http://172.169.8.253:31112/function/opt-66b-submod-0-latency-25.cdgp
1704042615601821181,1704042620252566808,200,http://172.169.8.253:31112/function/opt-66b-submod-0-latency-25.cdgp
1704042615601891717,1704042624914764005,500,http://172.169.8.253:31112/function/opt-66b-submod-0-latency-25.cdgp
1704042615601968089,1704042625344687866,500,http://172.169.8.253:31112/function/opt-66b-submod-0-latency-25.cdgp
1704042615602040826,1704042619886880868,200,http://172.169.8.253:31112/function/opt-66b-submod-0-latency-25.cdgp
1704042616217897828,1704042618743535467,200,http://172.169.8.253:31112/function/opt-66b-submod-0-latency-25.cdgp
1704042616217979170,1704042625390391288,500,http://172.169.8.253:31112/function/opt-66b-submod-0-latency-25.cdgp
1704042616218101335,1704042619923477469,200,http://172.169.8.253:31112/function/opt-66b-submod-0-latency-25.cdgp
1704042616218170468,1704042620304312118,200,http://172.169.8.253:31112/function/opt-66b-submod-0-latency-25.cdgp
1704042616218193305,1704042625457647379,500,http://172.169.8.253:31112/function/opt-66b-submod-0-latency-25.cdgp
1704042616218315505,1704042618661071042,200,http://172.169.8.253:31112/function/opt-66b-submod-0-latency-25.cdgp
1704042616218424662,1704042619651925091,200,http://172.169.8.253:31112/function/opt-66b-submod-0-latency-25.cdgp
1704042616218486147,1704042619694015459,200,http://172.169.8.253:31112/function/opt-66b-submod-0-latency-25.cdgp
1704042616218554864,1704042625517064043,500,http://172.169.8.253:31112/function/opt-66b-submod-0-latency-25.cdgp
1704042616218565291,1704042625427965534,500,http://172.169.8.253:31112/function/opt-66b-submod-0-latency-25.cdgp
1704042616218665084,1704042626183264326,500,http://172.169.8.253:31112/function/opt-66b-submod-0-latency-25.cdgp
1704042616218734061,1704042618932960977,200,http://172.169.8.253:31112/function/opt-66b-submod-0-latency-25.cdgp
1704042616218802842,1704042618994877951,200,http://172.169.8.253:31112/function/opt-66b-submod-0-latency-25.cdgp
1704042616218826995,1704042619807083330,200,http://172.169.8.253:31112/function/opt-66b-submod-0-latency-25.cdgp
1704042616218891125,1704042619693451878,200,http://172.169.8.253:31112/function/opt-66b-submod-0-latency-25.cdgp
1704042616218980528,1704042618659995944,200,http://172.169.8.253:31112/function/opt-66b-submod-0-latency-25.cdgp
1704042616219048501,1704042625515630437,500,http://172.169.8.253:31112/function/opt-66b-submod-0-latency-25.cdgp
1704042616222327989,1704042626187550529,500,http://172.169.8.253:31112/function/opt-66b-submod-0-latency-25.cdgp
1704042616222445278,1704042619691352734,200,http://172.169.8.253:31112/function/opt-66b-submod-0-latency-25.cdgp
1704042616222526947,1704042619891063144,200,http://172.169.8.253:31112/function/opt-66b-submod-0-latency-25.cdgp
1704042616222639580,1704042626197007143,500,http://172.169.8.253:31112/function/opt-66b-submod-0-latency-25.cdgp
1704042616222699678,1704042625481636143,500,http://172.169.8.253:31112/function/opt-66b-submod-0-latency-25.cdgp
1704042616222790199,1704042625429198147,500,http://172.169.8.253:31112/function/opt-66b-submod-0-latency-25.cdgp
1704042616222869256,1704042626190358209,500,http://172.169.8.253:31112/function/opt-66b-submod-0-latency-25.cdgp
1704042616223292259,1704042618661361742,200,http://172.169.8.253:31112/function/opt-66b-submod-0-latency-25.cdgp
1704042616223405773,1704042618994996118,200,http://172.169.8.253:31112/function/opt-66b-submod-0-latency-25.cdgp
1704042616223487387,1704042619926929330,200,http://172.169.8.253:31112/function/opt-66b-submod-0-latency-25.cdgp
1704042616223606616,1704042625429854887,500,http://172.169.8.253:31112/function/opt-66b-submod-0-latency-25.cdgp
1704042616223683621,1704042620213672782,200,http://172.169.8.253:31112/function/opt-66b-submod-0-latency-25.cdgp
1704042616223771273,1704042626188643909,500,http://172.169.8.253:31112/function/opt-66b-submod-0-latency-25.cdgp
1704042616223859592,1704042618997740194,200,http://172.169.8.253:31112/function/opt-66b-submod-0-latency-25.cdgp
1704042616223918696,1704042626197739480,500,http://172.169.8.253:31112/function/opt-66b-submod-0-latency-25.cdgp
1704042616223995582,1704042626189725248,500,http://172.169.8.253:31112/function/opt-66b-submod-0-latency-25.cdgp
1704042616224078002,1704042626194845042,500,http://172.169.8.253:31112/function/opt-66b-submod-0-latency-25.cdgp
1704042616224165610,1704042621220508472,200,http://172.169.8.253:31112/function/opt-66b-submod-0-latency-25.cdgp
1704042616224264419,1704042626211451576,500,http://172.169.8.253:31112/function/opt-66b-submod-0-latency-25.cdgp
1704042616224344794,1704042626225082602,500,http://172.169.8.253:31112/function/opt-66b-submod-0-latency-25.cdgp
1704042616224431191,1704042620647654184,200,http://172.169.8.253:31112/function/opt-66b-submod-0-latency-25.cdgp
1704042616224564165,1704042619178743625,200,http://172.169.8.253:31112/function/opt-66b-submod-0-latency-25.cdgp
1704042616224649952,1704042619661476431,200,http://172.169.8.253:31112/function/opt-66b-submod-0-latency-25.cdgp
1704042616224742018,1704042626194730118,500,http://172.169.8.253:31112/function/opt-66b-submod-0-latency-25.cdgp
1704042616224826163,1704042626201551475,500,http://172.169.8.253:31112/function/opt-66b-submod-0-latency-25.cdgp
1704042616224885165,1704042626148735982,500,http://172.169.8.253:31112/function/opt-66b-submod-0-latency-25.cdgp
1704042616224964856,1704042620129577582,200,http://172.169.8.253:31112/function/opt-66b-submod-0-latency-25.cdgp
1704042616225076522,1704042620217021550,200,http://172.169.8.253:31112/function/opt-66b-submod-0-latency-25.cdgp
1704042616225161876,1704042619364523790,200,http://172.169.8.253:31112/function/opt-66b-submod-0-latency-25.cdgp
1704042616225239823,1704042619366392309,200,http://172.169.8.253:31112/function/opt-66b-submod-0-latency-25.cdgp
1704042616229008723,1704042621228617346,200,http://172.169.8.253:31112/function/opt-66b-submod-0-latency-25.cdgp
1704042616229106188,1704042619929993343,200,http://172.169.8.253:31112/function/opt-66b-submod-0-latency-25.cdgp
1704042616229185437,1704042619923616947,200,http://172.169.8.253:31112/function/opt-66b-submod-0-latency-25.cdgp
1704042616231967342,1704042618662843356,200,http://172.169.8.253:31112/function/opt-66b-submod-0-latency-25.cdgp
1704042616232050238,1704042619535977699,200,http://172.169.8.253:31112/function/opt-66b-submod-0-latency-25.cdgp
1704042616232140599,1704042625866666798,500,http://172.169.8.253:31112/function/opt-66b-submod-0-latency-25.cdgp
1704042616232219739,1704042626148829888,500,http://172.169.8.253:31112/function/opt-66b-submod-0-latency-25.cdgp
1704042616232307473,1704042619889566089,200,http://172.169.8.253:31112/function/opt-66b-submod-0-latency-25.cdgp
1704042616232381452,1704042620538704032,200,http://172.169.8.253:31112/function/opt-66b-submod-0-latency-25.cdgp
1704042616232433061,1704042618662773672,200,http://172.169.8.253:31112/function/opt-66b-submod-0-latency-25.cdgp
1704042616232460678,1704042626206011718,500,http://172.169.8.253:31112/function/opt-66b-submod-0-latency-25.cdgp
1704042616232544239,1704042621273567899,200,http://172.169.8.253:31112/function/opt-66b-submod-0-latency-25.cdgp
1704042616232591381,1704042626147846518,500,http://172.169.8.253:31112/function/opt-66b-submod-0-latency-25.cdgp
1704042616269412075,1704042621230865575,200,http://172.169.8.253:31112/function/opt-66b-submod-0-latency-25.cdgp
1704042616269496630,1704042619368136141,200,http://172.169.8.253:31112/function/opt-66b-submod-0-latency-25.cdgp
1704042616269586518,1704042619652415404,200,http://172.169.8.253:31112/function/opt-66b-submod-0-latency-25.cdgp
1704042616269669000,1704042626270969189,500,http://172.169.8.253:31112/function/opt-66b-submod-0-latency-25.cdgp
1704042616269736499,1704042619668347906,200,http://172.169.8.253:31112/function/opt-66b-submod-0-latency-25.cdgp
1704042616269796820,1704042626271002632,500,http://172.169.8.253:31112/function/opt-66b-submod-0-latency-25.cdgp
1704042616269863066,1704042626232803560,500,http://172.169.8.253:31112/function/opt-66b-submod-0-latency-25.cdgp
1704042616269905977,1704042620724895860,200,http://172.169.8.253:31112/function/opt-66b-submod-0-latency-25.cdgp
1704042616270022072,1704042626270850410,500,http://172.169.8.253:31112/function/opt-66b-submod-0-latency-25.cdgp
1704042616270087814,1704042619890945266,200,http://172.169.8.253:31112/function/opt-66b-submod-0-latency-25.cdgp
1704042616270131262,1704042619368289733,200,http://172.169.8.253:31112/function/opt-66b-submod-0-latency-25.cdgp
1704042616320417166,1704042620254526470,200,http://172.169.8.253:31112/function/opt-66b-submod-0-latency-25.cdgp
1704042616320513480,1704042620593778093,200,http://172.169.8.253:31112/function/opt-66b-submod-0-latency-25.cdgp
1704042616323465495,1704042626316819719,500,http://172.169.8.253:31112/function/opt-66b-submod-0-latency-25.cdgp
1704042616371776910,1704042626372002352,500,http://172.169.8.253:31112/function/opt-66b-submod-0-latency-25.cdgp
1704042616374222968,1704042621015534311,200,http://172.169.8.253:31112/function/opt-66b-submod-0-latency-25.cdgp
1704042616374375716,1704042619653763441,200,http://172.169.8.253:31112/function/opt-66b-submod-0-latency-25.cdgp
1704042616405512540,1704042619920894724,200,http://172.169.8.253:31112/function/opt-66b-submod-0-latency-25.cdgp
1704042616405598656,1704042626358367182,500,http://172.169.8.253:31112/function/opt-66b-submod-0-latency-25.cdgp
1704042616405715639,1704042619655179118,200,http://172.169.8.253:31112/function/opt-66b-submod-0-latency-25.cdgp
1704042616405788847,1704042626358707088,500,http://172.169.8.253:31112/function/opt-66b-submod-0-latency-25.cdgp
1704042616405818307,1704042626406213775,500,http://172.169.8.253:31112/function/opt-66b-submod-0-latency-25.cdgp
1704042616405943925,1704042626406334403,500,http://172.169.8.253:31112/function/opt-66b-submod-0-latency-25.cdgp
1704042616406031449,1704042626406210377,500,http://172.169.8.253:31112/function/opt-66b-submod-0-latency-25.cdgp
1704042616406129678,1704042626315254743,500,http://172.169.8.253:31112/function/opt-66b-submod-0-latency-25.cdgp
1704042616406190904,1704042621807444944,200,http://172.169.8.253:31112/function/opt-66b-submod-0-latency-25.cdgp
1704042616406213947,1704042626406336856,500,http://172.169.8.253:31112/function/opt-66b-submod-0-latency-25.cdgp
1704042616406260732,1704042620164082598,200,http://172.169.8.253:31112/function/opt-66b-submod-0-latency-25.cdgp
1704042616406296556,1704042620132095887,200,http://172.169.8.253:31112/function/opt-66b-submod-0-latency-25.cdgp
1704042616578561208,1704042620015474843,200,http://172.169.8.253:31112/function/opt-66b-submod-0-latency-25.cdgp
1704042616578604301,1704042626509921555,500,http://172.169.8.253:31112/function/opt-66b-submod-0-latency-25.cdgp
1704042616578691632,1704042621190066788,200,http://172.169.8.253:31112/function/opt-66b-submod-0-latency-25.cdgp
1704042616578749091,1704042626579701740,500,http://172.169.8.253:31112/function/opt-66b-submod-0-latency-25.cdgp
1704042616578811412,1704042621225856354,200,http://172.169.8.253:31112/function/opt-66b-submod-0-latency-25.cdgp
1704042616578842300,1704042626440311686,500,http://172.169.8.253:31112/function/opt-66b-submod-0-latency-25.cdgp
1704042616578934879,1704042626579751390,500,http://172.169.8.253:31112/function/opt-66b-submod-0-latency-25.cdgp
1704042616578988543,1704042626579770470,500,http://172.169.8.253:31112/function/opt-66b-submod-0-latency-25.cdgp
1704042616579073490,1704042626579771653,500,http://172.169.8.253:31112/function/opt-66b-submod-0-latency-25.cdgp
1704042616579136698,1704042626564068151,500,http://172.169.8.253:31112/function/opt-66b-submod-0-latency-25.cdgp
1704042616579195597,1704042626579682414,500,http://172.169.8.253:31112/function/opt-66b-submod-0-latency-25.cdgp
1704042616580082042,1704042621172639756,200,http://172.169.8.253:31112/function/opt-66b-submod-0-latency-25.cdgp
1704042616580170581,1704042626420291350,500,http://172.169.8.253:31112/function/opt-66b-submod-0-latency-25.cdgp
1704042616582244265,1704042619696337549,200,http://172.169.8.253:31112/function/opt-66b-submod-0-latency-25.cdgp
1704042616582335819,1704042626563584790,500,http://172.169.8.253:31112/function/opt-66b-submod-0-latency-25.cdgp
1704042616582413429,1704042626582773699,500,http://172.169.8.253:31112/function/opt-66b-submod-0-latency-25.cdgp
1704042616582482982,1704042620678210887,200,http://172.169.8.253:31112/function/opt-66b-submod-0-latency-25.cdgp
1704042616585253973,1704042626586125894,500,http://172.169.8.253:31112/function/opt-66b-submod-0-latency-25.cdgp
1704042616585334183,1704042626586223417,500,http://172.169.8.253:31112/function/opt-66b-submod-0-latency-25.cdgp
1704042616585407965,1704042626586141277,500,http://172.169.8.253:31112/function/opt-66b-submod-0-latency-25.cdgp
1704042616585480246,1704042621677155352,200,http://172.169.8.253:31112/function/opt-66b-submod-0-latency-25.cdgp
1704042616585560468,1704042626586024005,500,http://172.169.8.253:31112/function/opt-66b-submod-0-latency-25.cdgp
1704042616585643275,1704042621218894622,200,http://172.169.8.253:31112/function/opt-66b-submod-0-latency-25.cdgp
1704042616585728895,1704042621192545621,200,http://172.169.8.253:31112/function/opt-66b-submod-0-latency-25.cdgp
1704042616585813013,1704042626565304793,500,http://172.169.8.253:31112/function/opt-66b-submod-0-latency-25.cdgp
1704042616585902433,1704042621267261285,200,http://172.169.8.253:31112/function/opt-66b-submod-0-latency-25.cdgp
1704042616611979456,1704042626612469723,500,http://172.169.8.253:31112/function/opt-66b-submod-0-latency-25.cdgp
1704042616612041406,1704042626612521114,500,http://172.169.8.253:31112/function/opt-66b-submod-0-latency-25.cdgp
1704042616612293663,1704042621111501031,200,http://172.169.8.253:31112/function/opt-66b-submod-0-latency-25.cdgp
1704042616612335757,1704042619615798846,200,http://172.169.8.253:31112/function/opt-66b-submod-0-latency-25.cdgp
1704042616612416748,1704042626612532028,500,http://172.169.8.253:31112/function/opt-66b-submod-0-latency-25.cdgp
1704042616612482890,1704042626571460920,500,http://172.169.8.253:31112/function/opt-66b-submod-0-latency-25.cdgp
1704042616612515713,1704042626613653641,500,http://172.169.8.253:31112/function/opt-66b-submod-0-latency-25.cdgp
1704042616612596262,1704042621376732826,200,http://172.169.8.253:31112/function/opt-66b-submod-0-latency-25.cdgp
1704042616612758042,1704042626613708784,500,http://172.169.8.253:31112/function/opt-66b-submod-0-latency-25.cdgp
1704042616612826112,1704042619973227742,200,http://172.169.8.253:31112/function/opt-66b-submod-0-latency-25.cdgp
1704042616612869131,1704042621838158986,200,http://172.169.8.253:31112/function/opt-66b-submod-0-latency-25.cdgp
1704042616612954476,1704042626568975348,500,http://172.169.8.253:31112/function/opt-66b-submod-0-latency-25.cdgp
1704042616612994916,1704042621879518776,200,http://172.169.8.253:31112/function/opt-66b-submod-0-latency-25.cdgp
1704042616613082052,1704042626572363901,500,http://172.169.8.253:31112/function/opt-66b-submod-0-latency-25.cdgp
1704042616613107675,1704042621007492231,200,http://172.169.8.253:31112/function/opt-66b-submod-0-latency-25.cdgp
1704042616613184120,1704042626613661326,500,http://172.169.8.253:31112/function/opt-66b-submod-0-latency-25.cdgp
1704042616613271568,1704042619982586839,200,http://172.169.8.253:31112/function/opt-66b-submod-0-latency-25.cdgp
1704042616613343358,1704042620105725227,200,http://172.169.8.253:31112/function/opt-66b-submod-0-latency-25.cdgp
1704042616613348879,1704042626572241401,500,http://172.169.8.253:31112/function/opt-66b-submod-0-latency-25.cdgp
1704042616613425082,1704042626574132721,500,http://172.169.8.253:31112/function/opt-66b-submod-0-latency-25.cdgp
1704042616613488377,1704042626574797873,500,http://172.169.8.253:31112/function/opt-66b-submod-0-latency-25.cdgp
1704042616613526467,1704042626613728049,500,http://172.169.8.253:31112/function/opt-66b-submod-0-latency-25.cdgp
1704042616613587744,1704042620249735653,200,http://172.169.8.253:31112/function/opt-66b-submod-0-latency-25.cdgp
1704042616613657223,1704042626575246661,500,http://172.169.8.253:31112/function/opt-66b-submod-0-latency-25.cdgp
1704042616613744316,1704042626614801336,500,http://172.169.8.253:31112/function/opt-66b-submod-0-latency-25.cdgp
1704042616613779506,1704042620926592674,200,http://172.169.8.253:31112/function/opt-66b-submod-0-latency-25.cdgp
1704042616613860284,1704042626614790862,500,http://172.169.8.253:31112/function/opt-66b-submod-0-latency-25.cdgp
1704042616613931624,1704042621180657790,200,http://172.169.8.253:31112/function/opt-66b-submod-0-latency-25.cdgp
1704042616613996035,1704042621421907571,200,http://172.169.8.253:31112/function/opt-66b-submod-0-latency-25.cdgp
1704042616614031179,1704042621217044219,200,http://172.169.8.253:31112/function/opt-66b-submod-0-latency-25.cdgp
1704042616614105598,1704042626614685209,500,http://172.169.8.253:31112/function/opt-66b-submod-0-latency-25.cdgp
1704042616990001133,1704042626651288621,500,http://172.169.8.253:31112/function/opt-66b-submod-0-latency-25.cdgp
1704042617022729077,1704042620087946310,200,http://172.169.8.253:31112/function/opt-66b-submod-0-latency-25.cdgp
1704042617022840271,1704042621203295574,200,http://172.169.8.253:31112/function/opt-66b-submod-0-latency-25.cdgp
1704042617022929063,1704042620210130299,200,http://172.169.8.253:31112/function/opt-66b-submod-0-latency-25.cdgp
1704042617022994009,1704042626737171865,500,http://172.169.8.253:31112/function/opt-66b-submod-0-latency-25.cdgp
1704042617561857376,1704042626849539461,500,http://172.169.8.253:31112/function/opt-66b-submod-0-latency-25.cdgp
1704042617800878243,1704042627802224055,500,http://172.169.8.253:31112/function/opt-66b-submod-0-latency-25.cdgp
1704042617800964198,1704042627108474647,500,http://172.169.8.253:31112/function/opt-66b-submod-0-latency-25.cdgp
1704042617801079673,1704042621226809118,200,http://172.169.8.253:31112/function/opt-66b-submod-0-latency-25.cdgp
1704042617801129312,1704042627802314784,500,http://172.169.8.253:31112/function/opt-66b-submod-0-latency-25.cdgp
1704042617801208421,1704042627077036561,500,http://172.169.8.253:31112/function/opt-66b-submod-0-latency-25.cdgp
1704042617801232035,1704042621677493712,200,http://172.169.8.253:31112/function/opt-66b-submod-0-latency-25.cdgp
1704042617801324667,1704042620628843340,200,http://172.169.8.253:31112/function/opt-66b-submod-0-latency-25.cdgp
1704042617801373549,1704042621805314470,200,http://172.169.8.253:31112/function/opt-66b-submod-0-latency-25.cdgp
1704042617801440652,1704042621427386613,200,http://172.169.8.253:31112/function/opt-66b-submod-0-latency-25.cdgp
1704042617801490965,1704042627802215490,500,http://172.169.8.253:31112/function/opt-66b-submod-0-latency-25.cdgp
1704042617801557670,1704042621196966518,200,http://172.169.8.253:31112/function/opt-66b-submod-0-latency-25.cdgp
1704042617801575309,1704042627104547927,500,http://172.169.8.253:31112/function/opt-66b-submod-0-latency-25.cdgp
1704042617801631052,1704042622261718677,200,http://172.169.8.253:31112/function/opt-66b-submod-0-latency-25.cdgp
1704042617801661014,1704042627063680165,500,http://172.169.8.253:31112/function/opt-66b-submod-0-latency-25.cdgp
1704042617802032602,1704042621807297055,200,http://172.169.8.253:31112/function/opt-66b-submod-0-latency-25.cdgp
1704042617802113192,1704042620184011004,200,http://172.169.8.253:31112/function/opt-66b-submod-0-latency-25.cdgp
1704042617802215485,1704042627224462023,500,http://172.169.8.253:31112/function/opt-66b-submod-0-latency-25.cdgp
1704042617802298646,1704042627802396643,500,http://172.169.8.253:31112/function/opt-66b-submod-0-latency-25.cdgp
1704042617802359640,1704042627802470565,500,http://172.169.8.253:31112/function/opt-66b-submod-0-latency-25.cdgp
1704042617802445522,1704042627162742529,500,http://172.169.8.253:31112/function/opt-66b-submod-0-latency-25.cdgp
1704042617802516915,1704042621285811463,200,http://172.169.8.253:31112/function/opt-66b-submod-0-latency-25.cdgp
1704042617802604451,1704042620386863242,200,http://172.169.8.253:31112/function/opt-66b-submod-0-latency-25.cdgp
1704042617802691644,1704042621157097626,200,http://172.169.8.253:31112/function/opt-66b-submod-0-latency-25.cdgp
1704042617802791670,1704042627803654198,500,http://172.169.8.253:31112/function/opt-66b-submod-0-latency-25.cdgp
1704042617802889487,1704042627803629880,500,http://172.169.8.253:31112/function/opt-66b-submod-0-latency-25.cdgp
1704042617802957064,1704042621838493867,200,http://172.169.8.253:31112/function/opt-66b-submod-0-latency-25.cdgp
1704042617803048906,1704042627803511348,500,http://172.169.8.253:31112/function/opt-66b-submod-0-latency-25.cdgp
1704042617803106973,1704042622403631536,200,http://172.169.8.253:31112/function/opt-66b-submod-0-latency-25.cdgp
1704042617803169946,1704042627569817433,500,http://172.169.8.253:31112/function/opt-66b-submod-0-latency-25.cdgp
1704042617803226895,1704042627803535928,500,http://172.169.8.253:31112/function/opt-66b-submod-0-latency-25.cdgp
1704042617803288002,1704042627803633136,500,http://172.169.8.253:31112/function/opt-66b-submod-0-latency-25.cdgp
1704042617803369856,1704042622754989818,200,http://172.169.8.253:31112/function/opt-66b-submod-0-latency-25.cdgp
1704042617803467272,1704042620419203815,200,http://172.169.8.253:31112/function/opt-66b-submod-0-latency-25.cdgp
1704042617803561946,1704042622403005393,200,http://172.169.8.253:31112/function/opt-66b-submod-0-latency-25.cdgp
1704042617803652275,1704042627803826186,500,http://172.169.8.253:31112/function/opt-66b-submod-0-latency-25.cdgp
1704042617803736438,1704042621677283915,200,http://172.169.8.253:31112/function/opt-66b-submod-0-latency-25.cdgp
1704042617803816141,1704042619932315044,200,http://172.169.8.253:31112/function/opt-66b-submod-0-latency-25.cdgp
1704042617803897348,1704042622260691359,200,http://172.169.8.253:31112/function/opt-66b-submod-0-latency-25.cdgp
1704042617803953400,1704042622406888441,200,http://172.169.8.253:31112/function/opt-66b-submod-0-latency-25.cdgp
1704042617804012944,1704042622308948952,200,http://172.169.8.253:31112/function/opt-66b-submod-0-latency-25.cdgp
1704042617804061620,1704042622409394441,200,http://172.169.8.253:31112/function/opt-66b-submod-0-latency-25.cdgp
1704042617804119227,1704042627731460128,500,http://172.169.8.253:31112/function/opt-66b-submod-0-latency-25.cdgp
1704042617804184947,1704042627740240642,500,http://172.169.8.253:31112/function/opt-66b-submod-0-latency-25.cdgp
1704042617804278992,1704042622709293656,200,http://172.169.8.253:31112/function/opt-66b-submod-0-latency-25.cdgp
1704042617804380919,1704042627804767300,500,http://172.169.8.253:31112/function/opt-66b-submod-0-latency-25.cdgp
1704042617804460746,1704042622404625486,200,http://172.169.8.253:31112/function/opt-66b-submod-0-latency-25.cdgp
1704042617804549240,1704042627804786674,500,http://172.169.8.253:31112/function/opt-66b-submod-0-latency-25.cdgp
1704042617807855368,1704042622264648034,200,http://172.169.8.253:31112/function/opt-66b-submod-0-latency-25.cdgp
1704042617807949805,1704042621292063063,200,http://172.169.8.253:31112/function/opt-66b-submod-0-latency-25.cdgp
1704042617808023020,1704042620584296427,200,http://172.169.8.253:31112/function/opt-66b-submod-0-latency-25.cdgp
1704042617808113869,1704042627744535696,500,http://172.169.8.253:31112/function/opt-66b-submod-0-latency-25.cdgp
1704042617808189257,1704042627776636631,500,http://172.169.8.253:31112/function/opt-66b-submod-0-latency-25.cdgp
1704042617808269210,1704042621805048400,200,http://172.169.8.253:31112/function/opt-66b-submod-0-latency-25.cdgp
1704042617808348020,1704042627809364358,500,http://172.169.8.253:31112/function/opt-66b-submod-0-latency-25.cdgp
1704042617808449189,1704042627809416179,500,http://172.169.8.253:31112/function/opt-66b-submod-0-latency-25.cdgp
1704042617808522870,1704042627809359255,500,http://172.169.8.253:31112/function/opt-66b-submod-0-latency-25.cdgp
1704042617808630812,1704042621290349749,200,http://172.169.8.253:31112/function/opt-66b-submod-0-latency-25.cdgp
1704042617808700169,1704042627809401053,500,http://172.169.8.253:31112/function/opt-66b-submod-0-latency-25.cdgp
1704042617808776015,1704042627809251969,500,http://172.169.8.253:31112/function/opt-66b-submod-0-latency-25.cdgp
1704042617808845037,1704042627809268710,500,http://172.169.8.253:31112/function/opt-66b-submod-0-latency-25.cdgp
1704042617808927842,1704042621160611508,200,http://172.169.8.253:31112/function/opt-66b-submod-0-latency-25.cdgp
1704042617809005550,1704042621156631950,200,http://172.169.8.253:31112/function/opt-66b-submod-0-latency-25.cdgp
1704042617809075600,1704042622157513571,200,http://172.169.8.253:31112/function/opt-66b-submod-0-latency-25.cdgp
1704042617809132113,1704042620634091202,200,http://172.169.8.253:31112/function/opt-66b-submod-0-latency-25.cdgp
1704042617809210244,1704042620768296239,200,http://172.169.8.253:31112/function/opt-66b-submod-0-latency-25.cdgp
1704042617809269459,1704042622467170330,200,http://172.169.8.253:31112/function/opt-66b-submod-0-latency-25.cdgp
1704042617809364726,1704042627809513010,500,http://172.169.8.253:31112/function/opt-66b-submod-0-latency-25.cdgp
1704042617809438952,1704042621806020461,200,http://172.169.8.253:31112/function/opt-66b-submod-0-latency-25.cdgp
1704042617809516391,1704042622260532667,200,http://172.169.8.253:31112/function/opt-66b-submod-0-latency-25.cdgp
1704042617809603029,1704042620501259529,200,http://172.169.8.253:31112/function/opt-66b-submod-0-latency-25.cdgp
1704042617809760176,1704042620766456950,200,http://172.169.8.253:31112/function/opt-66b-submod-0-latency-25.cdgp
1704042617830273844,1704042627831621834,500,http://172.169.8.253:31112/function/opt-66b-submod-0-latency-25.cdgp
1704042617830370120,1704042622401987501,200,http://172.169.8.253:31112/function/opt-66b-submod-0-latency-25.cdgp
1704042617830433995,1704042622263897861,200,http://172.169.8.253:31112/function/opt-66b-submod-0-latency-25.cdgp
1704042617830521253,1704042627831430507,500,http://172.169.8.253:31112/function/opt-66b-submod-0-latency-25.cdgp
1704042617830597099,1704042622408715338,200,http://172.169.8.253:31112/function/opt-66b-submod-0-latency-25.cdgp
1704042617830612713,1704042620327570102,200,http://172.169.8.253:31112/function/opt-66b-submod-0-latency-25.cdgp
1704042617830675817,1704042627831628804,500,http://172.169.8.253:31112/function/opt-66b-submod-0-latency-25.cdgp
1704042617830745065,1704042627831617210,500,http://172.169.8.253:31112/function/opt-66b-submod-0-latency-25.cdgp
1704042617830818365,1704042622407094550,200,http://172.169.8.253:31112/function/opt-66b-submod-0-latency-25.cdgp
1704042617830832837,1704042627831689078,500,http://172.169.8.253:31112/function/opt-66b-submod-0-latency-25.cdgp
1704042617830921128,1704042627831419250,500,http://172.169.8.253:31112/function/opt-66b-submod-0-latency-25.cdgp
1704042617830991263,1704042621670919028,200,http://172.169.8.253:31112/function/opt-66b-submod-0-latency-25.cdgp
1704042617831049945,1704042627831680286,500,http://172.169.8.253:31112/function/opt-66b-submod-0-latency-25.cdgp
1704042617831121081,1704042621167367798,200,http://172.169.8.253:31112/function/opt-66b-submod-0-latency-25.cdgp
1704042617831236291,1704042627831715735,500,http://172.169.8.253:31112/function/opt-66b-submod-0-latency-25.cdgp
1704042617831371164,1704042627742356528,500,http://172.169.8.253:31112/function/opt-66b-submod-0-latency-25.cdgp
1704042617831438464,1704042627734455825,500,http://172.169.8.253:31112/function/opt-66b-submod-0-latency-25.cdgp
1704042617831464641,1704042622261292685,200,http://172.169.8.253:31112/function/opt-66b-submod-0-latency-25.cdgp
1704042617831559380,1704042622268105557,200,http://172.169.8.253:31112/function/opt-66b-submod-0-latency-25.cdgp
1704042617831659347,1704042620696467390,200,http://172.169.8.253:31112/function/opt-66b-submod-0-latency-25.cdgp
1704042617836775927,1704042622262596379,200,http://172.169.8.253:31112/function/opt-66b-submod-0-latency-25.cdgp
1704042617836855076,1704042627837743096,500,http://172.169.8.253:31112/function/opt-66b-submod-0-latency-25.cdgp
1704042617836952121,1704042627746128147,500,http://172.169.8.253:31112/function/opt-66b-submod-0-latency-25.cdgp
1704042617837058429,1704042620278175417,200,http://172.169.8.253:31112/function/opt-66b-submod-0-latency-25.cdgp
1704042617837139541,1704042622270571318,200,http://172.169.8.253:31112/function/opt-66b-submod-0-latency-25.cdgp
1704042621410324457,1704042630312875071,500,http://172.169.8.253:31112/function/opt-66b-submod-0-latency-25.cdgp
1704042621410442415,1704042630441487645,500,http://172.169.8.253:31112/function/opt-66b-submod-0-latency-25.cdgp
1704042621424937251,1704042622795684503,200,http://172.169.8.253:31112/function/opt-66b-submod-0-latency-25.cdgp
1704042621425021377,1704042623145797315,200,http://172.169.8.253:31112/function/opt-66b-submod-0-latency-25.cdgp
1704042621425104955,1704042631422006379,500,http://172.169.8.253:31112/function/opt-66b-submod-0-latency-25.cdgp
1704042621425241337,1704042631314499556,500,http://172.169.8.253:31112/function/opt-66b-submod-0-latency-25.cdgp
1704042621425338801,1704042631424194676,500,http://172.169.8.253:31112/function/opt-66b-submod-0-latency-25.cdgp
1704042621425456998,1704042623534181065,200,http://172.169.8.253:31112/function/opt-66b-submod-0-latency-25.cdgp
1704042621425527570,1704042631049670023,500,http://172.169.8.253:31112/function/opt-66b-submod-0-latency-25.cdgp
1704042621425578766,1704042631420964326,500,http://172.169.8.253:31112/function/opt-66b-submod-0-latency-25.cdgp
1704042621425640411,1704042623433097388,200,http://172.169.8.253:31112/function/opt-66b-submod-0-latency-25.cdgp
1704042621425731261,1704042623891494089,200,http://172.169.8.253:31112/function/opt-66b-submod-0-latency-25.cdgp
1704042621425784720,1704042622774229895,200,http://172.169.8.253:31112/function/opt-66b-submod-0-latency-25.cdgp
1704042621425880869,1704042623135611911,200,http://172.169.8.253:31112/function/opt-66b-submod-0-latency-25.cdgp
1704042621425968329,1704042631427541018,500,http://172.169.8.253:31112/function/opt-66b-submod-0-latency-25.cdgp
1704042621426312457,1704042631412733501,500,http://172.169.8.253:31112/function/opt-66b-submod-0-latency-25.cdgp
1704042621427522113,1704042624728911732,200,http://172.169.8.253:31112/function/opt-66b-submod-0-latency-25.cdgp
1704042621427632222,1704042624394888979,200,http://172.169.8.253:31112/function/opt-66b-submod-0-latency-25.cdgp
1704042621427768365,1704042630980083751,500,http://172.169.8.253:31112/function/opt-66b-submod-0-latency-25.cdgp
1704042621427847030,1704042624372917395,200,http://172.169.8.253:31112/function/opt-66b-submod-0-latency-25.cdgp
1704042621427957829,1704042623852133720,200,http://172.169.8.253:31112/function/opt-66b-submod-0-latency-25.cdgp
1704042621428080304,1704042631314820490,500,http://172.169.8.253:31112/function/opt-66b-submod-0-latency-25.cdgp
1704042621428213347,1704042624726863941,200,http://172.169.8.253:31112/function/opt-66b-submod-0-latency-25.cdgp
1704042621428321545,1704042631428837366,500,http://172.169.8.253:31112/function/opt-66b-submod-0-latency-25.cdgp
1704042621428434423,1704042624149400338,200,http://172.169.8.253:31112/function/opt-66b-submod-0-latency-25.cdgp
1704042621428606392,1704042625644130636,200,http://172.169.8.253:31112/function/opt-66b-submod-0-latency-25.cdgp
1704042621428736691,1704042623582107088,200,http://172.169.8.253:31112/function/opt-66b-submod-0-latency-25.cdgp
1704042621428817690,1704042624828628850,200,http://172.169.8.253:31112/function/opt-66b-submod-0-latency-25.cdgp
1704042621428899609,1704042625419955033,200,http://172.169.8.253:31112/function/opt-66b-submod-0-latency-25.cdgp
1704042621428960304,1704042623433547231,200,http://172.169.8.253:31112/function/opt-66b-submod-0-latency-25.cdgp
1704042621429052774,1704042625648902042,200,http://172.169.8.253:31112/function/opt-66b-submod-0-latency-25.cdgp
1704042621429175738,1704042631414195315,500,http://172.169.8.253:31112/function/opt-66b-submod-0-latency-25.cdgp
1704042621429260777,1704042631430009645,500,http://172.169.8.253:31112/function/opt-66b-submod-0-latency-25.cdgp
1704042621429481559,1704042624127176260,200,http://172.169.8.253:31112/function/opt-66b-submod-0-latency-25.cdgp
1704042621440925132,1704042631441229928,500,http://172.169.8.253:31112/function/opt-66b-submod-0-latency-25.cdgp
1704042621440972537,1704042631441240171,500,http://172.169.8.253:31112/function/opt-66b-submod-0-latency-25.cdgp
1704042621441707920,1704042631441926927,500,http://172.169.8.253:31112/function/opt-66b-submod-0-latency-25.cdgp
1704042621441775447,1704042631441925385,500,http://172.169.8.253:31112/function/opt-66b-submod-0-latency-25.cdgp
1704042621441881948,1704042625647446034,200,http://172.169.8.253:31112/function/opt-66b-submod-0-latency-25.cdgp
1704042621441949231,1704042623850198280,200,http://172.169.8.253:31112/function/opt-66b-submod-0-latency-25.cdgp
1704042621441993292,1704042631417812029,500,http://172.169.8.253:31112/function/opt-66b-submod-0-latency-25.cdgp
1704042621442072456,1704042624730768784,200,http://172.169.8.253:31112/function/opt-66b-submod-0-latency-25.cdgp
1704042621442150545,1704042631443446974,500,http://172.169.8.253:31112/function/opt-66b-submod-0-latency-25.cdgp
1704042621442230123,1704042624826860920,200,http://172.169.8.253:31112/function/opt-66b-submod-0-latency-25.cdgp
1704042621442302708,1704042631417437396,500,http://172.169.8.253:31112/function/opt-66b-submod-0-latency-25.cdgp
1704042621442368775,1704042631441797967,500,http://172.169.8.253:31112/function/opt-66b-submod-0-latency-25.cdgp
1704042621442424783,1704042623849763237,200,http://172.169.8.253:31112/function/opt-66b-submod-0-latency-25.cdgp
1704042621442514417,1704042631418038331,500,http://172.169.8.253:31112/function/opt-66b-submod-0-latency-25.cdgp
1704042621442582374,1704042623849138969,200,http://172.169.8.253:31112/function/opt-66b-submod-0-latency-25.cdgp
1704042621442659403,1704042623578648427,200,http://172.169.8.253:31112/function/opt-66b-submod-0-latency-25.cdgp
1704042621442735344,1704042631443386515,500,http://172.169.8.253:31112/function/opt-66b-submod-0-latency-25.cdgp
1704042621442795735,1704042631443399348,500,http://172.169.8.253:31112/function/opt-66b-submod-0-latency-25.cdgp
1704042621442849205,1704042631443456003,500,http://172.169.8.253:31112/function/opt-66b-submod-0-latency-25.cdgp
1704042621442910337,1704042623433193565,200,http://172.169.8.253:31112/function/opt-66b-submod-0-latency-25.cdgp
1704042621442998079,1704042631443381422,500,http://172.169.8.253:31112/function/opt-66b-submod-0-latency-25.cdgp
1704042621443044983,1704042631443464264,500,http://172.169.8.253:31112/function/opt-66b-submod-0-latency-25.cdgp
1704042621443131198,1704042624396427921,200,http://172.169.8.253:31112/function/opt-66b-submod-0-latency-25.cdgp
1704042621443208484,1704042631419088977,500,http://172.169.8.253:31112/function/opt-66b-submod-0-latency-25.cdgp
1704042621443326636,1704042623854540768,200,http://172.169.8.253:31112/function/opt-66b-submod-0-latency-25.cdgp
1704042621443410342,1704042625456348838,200,http://172.169.8.253:31112/function/opt-66b-submod-0-latency-25.cdgp
1704042621443470987,1704042631444891386,500,http://172.169.8.253:31112/function/opt-66b-submod-0-latency-25.cdgp
1704042621443557003,1704042624733011603,200,http://172.169.8.253:31112/function/opt-66b-submod-0-latency-25.cdgp
1704042621443640100,1704042624370964297,200,http://172.169.8.253:31112/function/opt-66b-submod-0-latency-25.cdgp
1704042621443712090,1704042631444761058,500,http://172.169.8.253:31112/function/opt-66b-submod-0-latency-25.cdgp
1704042621443769536,1704042631444888406,500,http://172.169.8.253:31112/function/opt-66b-submod-0-latency-25.cdgp
1704042621443818909,1704042624344415797,200,http://172.169.8.253:31112/function/opt-66b-submod-0-latency-25.cdgp
1704042621443890943,1704042631418496715,504,http://172.169.8.253:31112/function/opt-66b-submod-0-latency-25.cdgp
1704042621443950508,1704042631444677779,500,http://172.169.8.253:31112/function/opt-66b-submod-0-latency-25.cdgp
1704042621444007061,1704042631444900155,500,http://172.169.8.253:31112/function/opt-66b-submod-0-latency-25.cdgp
1704042621444083801,1704042631444774055,500,http://172.169.8.253:31112/function/opt-66b-submod-0-latency-25.cdgp
1704042621444157040,1704042624827061636,200,http://172.169.8.253:31112/function/opt-66b-submod-0-latency-25.cdgp
1704042621444197556,1704042623845077372,200,http://172.169.8.253:31112/function/opt-66b-submod-0-latency-25.cdgp
1704042621444279976,1704042631444697643,500,http://172.169.8.253:31112/function/opt-66b-submod-0-latency-25.cdgp
1704042621444325110,1704042631418600786,500,http://172.169.8.253:31112/function/opt-66b-submod-0-latency-25.cdgp
1704042621935635034,1704042623848565726,200,http://172.169.8.253:31112/function/opt-66b-submod-0-latency-25.cdgp
1704042621935737454,1704042631636896820,500,http://172.169.8.253:31112/function/opt-66b-submod-0-latency-25.cdgp
1704042622599368694,1704042631979576236,500,http://172.169.8.253:31112/function/opt-66b-submod-0-latency-25.cdgp
1704042622599529086,1704042625564260723,200,http://172.169.8.253:31112/function/opt-66b-submod-0-latency-25.cdgp
1704042622599674930,1704042631862874677,500,http://172.169.8.253:31112/function/opt-66b-submod-0-latency-25.cdgp
1704042622599757811,1704042632406551348,500,http://172.169.8.253:31112/function/opt-66b-submod-0-latency-25.cdgp
1704042622599830496,1704042632406631398,500,http://172.169.8.253:31112/function/opt-66b-submod-0-latency-25.cdgp
1704042622599942003,1704042624347521026,200,http://172.169.8.253:31112/function/opt-66b-submod-0-latency-25.cdgp
1704042622600007071,1704042632408144481,500,http://172.169.8.253:31112/function/opt-66b-submod-0-latency-25.cdgp
1704042622600071765,1704042623959072715,200,http://172.169.8.253:31112/function/opt-66b-submod-0-latency-25.cdgp
1704042622600163909,1704042625855665233,200,http://172.169.8.253:31112/function/opt-66b-submod-0-latency-25.cdgp
1704042622600246102,1704042624869576293,200,http://172.169.8.253:31112/function/opt-66b-submod-0-latency-25.cdgp
1704042622600330805,1704042625648785925,200,http://172.169.8.253:31112/function/opt-66b-submod-0-latency-25.cdgp
1704042622600446079,1704042624121255355,200,http://172.169.8.253:31112/function/opt-66b-submod-0-latency-25.cdgp
1704042622600528587,1704042632198233893,500,http://172.169.8.253:31112/function/opt-66b-submod-0-latency-25.cdgp
1704042622600587411,1704042625565084002,200,http://172.169.8.253:31112/function/opt-66b-submod-0-latency-25.cdgp
1704042622600662529,1704042632206601921,500,http://172.169.8.253:31112/function/opt-66b-submod-0-latency-25.cdgp
1704042622600740821,1704042631637871809,500,http://172.169.8.253:31112/function/opt-66b-submod-0-latency-25.cdgp
1704042622600825425,1704042624953588436,200,http://172.169.8.253:31112/function/opt-66b-submod-0-latency-25.cdgp
1704042622600920576,1704042624345169717,200,http://172.169.8.253:31112/function/opt-66b-submod-0-latency-25.cdgp
1704042622601027328,1704042632601383991,500,http://172.169.8.253:31112/function/opt-66b-submod-0-latency-25.cdgp
1704042622601103837,1704042632408439167,500,http://172.169.8.253:31112/function/opt-66b-submod-0-latency-25.cdgp
1704042622601167900,1704042624724463880,200,http://172.169.8.253:31112/function/opt-66b-submod-0-latency-25.cdgp
1704042622713167117,1704042626144515687,200,http://172.169.8.253:31112/function/opt-66b-submod-0-latency-25.cdgp
1704042622713211638,1704042632408816199,500,http://172.169.8.253:31112/function/opt-66b-submod-0-latency-25.cdgp
1704042622713286653,1704042624167278480,200,http://172.169.8.253:31112/function/opt-66b-submod-0-latency-25.cdgp
1704042622744193505,1704042632204152613,500,http://172.169.8.253:31112/function/opt-66b-submod-0-latency-25.cdgp
1704042622744279951,1704042632409087429,500,http://172.169.8.253:31112/function/opt-66b-submod-0-latency-25.cdgp
1704042622744390271,1704042624858611493,200,http://172.169.8.253:31112/function/opt-66b-submod-0-latency-25.cdgp
1704042622744508471,1704042624446088346,200,http://172.169.8.253:31112/function/opt-66b-submod-0-latency-25.cdgp
1704042622771769038,1704042632204156145,500,http://172.169.8.253:31112/function/opt-66b-submod-0-latency-25.cdgp
1704042622771863051,1704042625645606066,200,http://172.169.8.253:31112/function/opt-66b-submod-0-latency-25.cdgp
1704042622771890790,1704042625547642446,200,http://172.169.8.253:31112/function/opt-66b-submod-0-latency-25.cdgp
1704042622771973951,1704042632204050316,500,http://172.169.8.253:31112/function/opt-66b-submod-0-latency-25.cdgp
1704042622772054104,1704042632516139992,500,http://172.169.8.253:31112/function/opt-66b-submod-0-latency-25.cdgp
1704042622772109719,1704042632408761598,500,http://172.169.8.253:31112/function/opt-66b-submod-0-latency-25.cdgp
1704042622772191197,1704042626661254016,200,http://172.169.8.253:31112/function/opt-66b-submod-0-latency-25.cdgp
1704042622772254886,1704042632451369467,500,http://172.169.8.253:31112/function/opt-66b-submod-0-latency-25.cdgp
1704042622772293291,1704042625647895831,200,http://172.169.8.253:31112/function/opt-66b-submod-0-latency-25.cdgp
1704042622772361308,1704042632513462503,500,http://172.169.8.253:31112/function/opt-66b-submod-0-latency-25.cdgp
1704042622772394968,1704042624186781287,200,http://172.169.8.253:31112/function/opt-66b-submod-0-latency-25.cdgp
1704042622772435515,1704042625648890189,200,http://172.169.8.253:31112/function/opt-66b-submod-0-latency-25.cdgp
1704042622772477610,1704042631979882932,500,http://172.169.8.253:31112/function/opt-66b-submod-0-latency-25.cdgp
1704042622814303963,1704042626239423878,200,http://172.169.8.253:31112/function/opt-66b-submod-0-latency-25.cdgp
1704042622814379862,1704042632702778772,500,http://172.169.8.253:31112/function/opt-66b-submod-0-latency-25.cdgp
1704042622814446351,1704042626151431456,200,http://172.169.8.253:31112/function/opt-66b-submod-0-latency-25.cdgp
1704042622814506923,1704042632537874561,500,http://172.169.8.253:31112/function/opt-66b-submod-0-latency-25.cdgp
1704042622814571271,1704042632815506390,500,http://172.169.8.253:31112/function/opt-66b-submod-0-latency-25.cdgp
1704042622814610971,1704042626396734296,200,http://172.169.8.253:31112/function/opt-66b-submod-0-latency-25.cdgp
1704042622814683946,1704042632406626290,500,http://172.169.8.253:31112/function/opt-66b-submod-0-latency-25.cdgp
1704042622814776667,1704042625858166045,200,http://172.169.8.253:31112/function/opt-66b-submod-0-latency-25.cdgp
1704042622814834482,1704042626658880521,200,http://172.169.8.253:31112/function/opt-66b-submod-0-latency-25.cdgp
1704042622814919267,1704042632405656423,500,http://172.169.8.253:31112/function/opt-66b-submod-0-latency-25.cdgp
1704042622814944550,1704042632407553143,500,http://172.169.8.253:31112/function/opt-66b-submod-0-latency-25.cdgp
1704042622815005806,1704042626649497978,200,http://172.169.8.253:31112/function/opt-66b-submod-0-latency-25.cdgp
1704042622815078492,1704042625645100287,200,http://172.169.8.253:31112/function/opt-66b-submod-0-latency-25.cdgp
1704042622815107036,1704042626190799891,200,http://172.169.8.253:31112/function/opt-66b-submod-0-latency-25.cdgp
1704042622815204139,1704042632815499096,500,http://172.169.8.253:31112/function/opt-66b-submod-0-latency-25.cdgp
1704042622815265728,1704042632515988351,500,http://172.169.8.253:31112/function/opt-66b-submod-0-latency-25.cdgp
1704042622815288879,1704042632406823746,500,http://172.169.8.253:31112/function/opt-66b-submod-0-latency-25.cdgp
1704042622830425032,1704042626661869238,200,http://172.169.8.253:31112/function/opt-66b-submod-0-latency-25.cdgp
1704042622830508106,1704042632406928656,500,http://172.169.8.253:31112/function/opt-66b-submod-0-latency-25.cdgp
1704042622830596703,1704042625380789710,200,http://172.169.8.253:31112/function/opt-66b-submod-0-latency-25.cdgp
1704042622830665443,1704042625380772472,200,http://172.169.8.253:31112/function/opt-66b-submod-0-latency-25.cdgp
1704042622830728860,1704042625645520130,200,http://172.169.8.253:31112/function/opt-66b-submod-0-latency-25.cdgp
1704042622830751958,1704042632633238172,500,http://172.169.8.253:31112/function/opt-66b-submod-0-latency-25.cdgp
1704042622830837682,1704042625645114298,200,http://172.169.8.253:31112/function/opt-66b-submod-0-latency-25.cdgp
1704042622833304330,1704042632615775312,500,http://172.169.8.253:31112/function/opt-66b-submod-0-latency-25.cdgp
1704042622833397833,1704042632407542655,500,http://172.169.8.253:31112/function/opt-66b-submod-0-latency-25.cdgp
1704042622833479805,1704042632408421785,500,http://172.169.8.253:31112/function/opt-66b-submod-0-latency-25.cdgp
1704042622833603886,1704042632619150261,500,http://172.169.8.253:31112/function/opt-66b-submod-0-latency-25.cdgp
1704042622833680998,1704042625511290279,200,http://172.169.8.253:31112/function/opt-66b-submod-0-latency-25.cdgp
1704042622833761908,1704042624668674221,200,http://172.169.8.253:31112/function/opt-66b-submod-0-latency-25.cdgp
1704042622833850866,1704042632636307251,500,http://172.169.8.253:31112/function/opt-66b-submod-0-latency-25.cdgp
1704042622833911872,1704042632659540538,500,http://172.169.8.253:31112/function/opt-66b-submod-0-latency-25.cdgp
1704042622833983815,1704042632407761825,500,http://172.169.8.253:31112/function/opt-66b-submod-0-latency-25.cdgp
1704042622834068162,1704042626188929383,200,http://172.169.8.253:31112/function/opt-66b-submod-0-latency-25.cdgp
1704042622834112985,1704042625379826763,200,http://172.169.8.253:31112/function/opt-66b-submod-0-latency-25.cdgp
1704042622834172301,1704042626148014338,200,http://172.169.8.253:31112/function/opt-66b-submod-0-latency-25.cdgp
1704042622834256807,1704042632632767418,500,http://172.169.8.253:31112/function/opt-66b-submod-0-latency-25.cdgp
1704042622834339507,1704042632660355203,500,http://172.169.8.253:31112/function/opt-66b-submod-0-latency-25.cdgp
1704042622856072173,1704042626744238866,200,http://172.169.8.253:31112/function/opt-66b-submod-0-latency-25.cdgp
1704042622856159580,1704042626231917781,200,http://172.169.8.253:31112/function/opt-66b-submod-0-latency-25.cdgp
1704042622856219538,1704042626651619837,200,http://172.169.8.253:31112/function/opt-66b-submod-0-latency-25.cdgp
1704042622856310068,1704042625347160637,200,http://172.169.8.253:31112/function/opt-66b-submod-0-latency-25.cdgp
1704042622856379052,1704042632786515058,500,http://172.169.8.253:31112/function/opt-66b-submod-0-latency-25.cdgp
1704042622856443187,1704042625858213555,200,http://172.169.8.253:31112/function/opt-66b-submod-0-latency-25.cdgp
1704042622856467130,1704042632748675890,500,http://172.169.8.253:31112/function/opt-66b-submod-0-latency-25.cdgp
1704042622856517608,1704042632752024490,500,http://172.169.8.253:31112/function/opt-66b-submod-0-latency-25.cdgp
1704042622856571991,1704042632751446474,500,http://172.169.8.253:31112/function/opt-66b-submod-0-latency-25.cdgp
1704042622856594182,1704042632857573468,500,http://172.169.8.253:31112/function/opt-66b-submod-0-latency-25.cdgp
1704042622857094554,1704042632749535303,500,http://172.169.8.253:31112/function/opt-66b-submod-0-latency-25.cdgp
1704042622857170952,1704042632751200386,500,http://172.169.8.253:31112/function/opt-66b-submod-0-latency-25.cdgp
1704042622857233348,1704042625119168554,200,http://172.169.8.253:31112/function/opt-66b-submod-0-latency-25.cdgp
1704042622857287212,1704042626151415291,200,http://172.169.8.253:31112/function/opt-66b-submod-0-latency-25.cdgp
1704042622863909777,1704042632864774306,500,http://172.169.8.253:31112/function/opt-66b-submod-0-latency-25.cdgp
1704042622863993466,1704042632864885341,500,http://172.169.8.253:31112/function/opt-66b-submod-0-latency-25.cdgp
1704042622864078098,1704042626148608677,200,http://172.169.8.253:31112/function/opt-66b-submod-0-latency-25.cdgp
1704042622864174268,1704042632864821352,500,http://172.169.8.253:31112/function/opt-66b-submod-0-latency-25.cdgp
1704042622864257450,1704042626788557455,200,http://172.169.8.253:31112/function/opt-66b-submod-0-latency-25.cdgp
1704042622864326339,1704042626688802372,200,http://172.169.8.253:31112/function/opt-66b-submod-0-latency-25.cdgp
1704042622864402936,1704042626355198771,200,http://172.169.8.253:31112/function/opt-66b-submod-0-latency-25.cdgp
1704042623034479286,1704042626148239464,200,http://172.169.8.253:31112/function/opt-66b-submod-0-latency-25.cdgp
1704042623034576285,1704042632928165472,500,http://172.169.8.253:31112/function/opt-66b-submod-0-latency-25.cdgp
1704042623034640225,1704042633035191352,500,http://172.169.8.253:31112/function/opt-66b-submod-0-latency-25.cdgp
1704042623034669342,1704042625858290537,200,http://172.169.8.253:31112/function/opt-66b-submod-0-latency-25.cdgp
1704042623034756247,1704042626189089330,200,http://172.169.8.253:31112/function/opt-66b-submod-0-latency-25.cdgp
1704042623034815950,1704042625023034653,200,http://172.169.8.253:31112/function/opt-66b-submod-0-latency-25.cdgp
1704042623034851896,1704042633035240775,500,http://172.169.8.253:31112/function/opt-66b-submod-0-latency-25.cdgp
1704042623034935796,1704042625096407704,200,http://172.169.8.253:31112/function/opt-66b-submod-0-latency-25.cdgp
1704042623035000839,1704042633035209701,500,http://172.169.8.253:31112/function/opt-66b-submod-0-latency-25.cdgp
1704042623035080171,1704042626777308424,200,http://172.169.8.253:31112/function/opt-66b-submod-0-latency-25.cdgp
1704042623035167422,1704042632928196078,500,http://172.169.8.253:31112/function/opt-66b-submod-0-latency-25.cdgp
1704042623035281738,1704042626657240924,200,http://172.169.8.253:31112/function/opt-66b-submod-0-latency-25.cdgp
1704042623035362305,1704042632928245488,500,http://172.169.8.253:31112/function/opt-66b-submod-0-latency-25.cdgp
1704042623035420594,1704042633036239762,500,http://172.169.8.253:31112/function/opt-66b-submod-0-latency-25.cdgp
1704042623036745712,1704042626654193349,200,http://172.169.8.253:31112/function/opt-66b-submod-0-latency-25.cdgp
1704042623036827148,1704042633037450880,500,http://172.169.8.253:31112/function/opt-66b-submod-0-latency-25.cdgp
1704042623036907076,1704042626193716333,200,http://172.169.8.253:31112/function/opt-66b-submod-0-latency-25.cdgp
1704042623036967615,1704042632772517353,500,http://172.169.8.253:31112/function/opt-66b-submod-0-latency-25.cdgp
1704042623037060153,1704042632971721148,500,http://172.169.8.253:31112/function/opt-66b-submod-0-latency-25.cdgp
1704042623037136454,1704042632928327590,500,http://172.169.8.253:31112/function/opt-66b-submod-0-latency-25.cdgp
1704042623037219392,1704042632976785313,500,http://172.169.8.253:31112/function/opt-66b-submod-0-latency-25.cdgp
1704042623037295777,1704042625515780513,200,http://172.169.8.253:31112/function/opt-66b-submod-0-latency-25.cdgp
1704042623037356868,1704042633037453677,500,http://172.169.8.253:31112/function/opt-66b-submod-0-latency-25.cdgp
1704042623037432712,1704042632976813357,500,http://172.169.8.253:31112/function/opt-66b-submod-0-latency-25.cdgp
1704042623037516182,1704042626745821370,200,http://172.169.8.253:31112/function/opt-66b-submod-0-latency-25.cdgp
1704042623037564079,1704042632773041538,500,http://172.169.8.253:31112/function/opt-66b-submod-0-latency-25.cdgp
1704042623037635309,1704042625444515213,200,http://172.169.8.253:31112/function/opt-66b-submod-0-latency-25.cdgp
1704042623037713315,1704042633038816961,500,http://172.169.8.253:31112/function/opt-66b-submod-0-latency-25.cdgp
1704042623037777023,1704042626647650995,200,http://172.169.8.253:31112/function/opt-66b-submod-0-latency-25.cdgp
1704042623037857269,1704042633038706746,500,http://172.169.8.253:31112/function/opt-66b-submod-0-latency-25.cdgp
1704042623037945684,1704042633038810636,500,http://172.169.8.253:31112/function/opt-66b-submod-0-latency-25.cdgp
1704042623038033474,1704042633038534261,500,http://172.169.8.253:31112/function/opt-66b-submod-0-latency-25.cdgp
1704042623038115607,1704042633038808433,500,http://172.169.8.253:31112/function/opt-66b-submod-0-latency-25.cdgp
1704042623123826602,1704042626507718355,200,http://172.169.8.253:31112/function/opt-66b-submod-0-latency-25.cdgp
1704042623124851919,1704042626657653405,200,http://172.169.8.253:31112/function/opt-66b-submod-0-latency-25.cdgp
1704042623124911390,1704042625334639373,200,http://172.169.8.253:31112/function/opt-66b-submod-0-latency-25.cdgp
1704042623124947522,1704042626144377258,200,http://172.169.8.253:31112/function/opt-66b-submod-0-latency-25.cdgp
1704042623125034961,1704042626742744021,200,http://172.169.8.253:31112/function/opt-66b-submod-0-latency-25.cdgp
1704042623125098046,1704042626896423803,200,http://172.169.8.253:31112/function/opt-66b-submod-0-latency-25.cdgp
1704042625343754551,1704042634343583800,500,http://172.169.8.253:31112/function/opt-66b-submod-0-latency-25.cdgp
1704042625343835492,1704042634539659692,500,http://172.169.8.253:31112/function/opt-66b-submod-0-latency-25.cdgp
1704042625351666803,1704042634351053748,500,http://172.169.8.253:31112/function/opt-66b-submod-0-latency-25.cdgp
1704042625370612260,1704042634551698724,500,http://172.169.8.253:31112/function/opt-66b-submod-0-latency-25.cdgp
1704042625370694636,1704042627147531233,200,http://172.169.8.253:31112/function/opt-66b-submod-0-latency-25.cdgp
1704042625375439141,1704042634707263193,500,http://172.169.8.253:31112/function/opt-66b-submod-0-latency-25.cdgp
1704042625375532352,1704042626891543089,200,http://172.169.8.253:31112/function/opt-66b-submod-0-latency-25.cdgp
1704042625375556729,1704042626694459691,200,http://172.169.8.253:31112/function/opt-66b-submod-0-latency-25.cdgp
1704042625386745602,1704042634403285060,500,http://172.169.8.253:31112/function/opt-66b-submod-0-latency-25.cdgp
1704042625533794011,1704042634747225308,500,http://172.169.8.253:31112/function/opt-66b-submod-0-latency-25.cdgp
1704042625533877424,1704042626919509849,200,http://172.169.8.253:31112/function/opt-66b-submod-0-latency-25.cdgp
1704042625533963507,1704042627432937723,200,http://172.169.8.253:31112/function/opt-66b-submod-0-latency-25.cdgp
1704042625534017275,1704042627150244059,200,http://172.169.8.253:31112/function/opt-66b-submod-0-latency-25.cdgp
1704042625534085523,1704042626903453127,200,http://172.169.8.253:31112/function/opt-66b-submod-0-latency-25.cdgp
1704042625534135413,1704042634531769776,500,http://172.169.8.253:31112/function/opt-66b-submod-0-latency-25.cdgp
1704042625534218180,1704042627138914803,200,http://172.169.8.253:31112/function/opt-66b-submod-0-latency-25.cdgp
1704042625534264468,1704042635025765641,500,http://172.169.8.253:31112/function/opt-66b-submod-0-latency-25.cdgp
1704042625535535364,1704042634743521115,500,http://172.169.8.253:31112/function/opt-66b-submod-0-latency-25.cdgp
1704042625535631196,1704042634761742394,500,http://172.169.8.253:31112/function/opt-66b-submod-0-latency-25.cdgp
1704042625535720165,1704042627152048573,200,http://172.169.8.253:31112/function/opt-66b-submod-0-latency-25.cdgp
1704042625535790279,1704042627305621898,200,http://172.169.8.253:31112/function/opt-66b-submod-0-latency-25.cdgp
1704042625535868607,1704042627204399363,200,http://172.169.8.253:31112/function/opt-66b-submod-0-latency-25.cdgp
1704042625535939662,1704042635258650222,500,http://172.169.8.253:31112/function/opt-66b-submod-0-latency-25.cdgp
1704042625536014958,1704042627455594445,200,http://172.169.8.253:31112/function/opt-66b-submod-0-latency-25.cdgp
1704042625537680716,1704042634767887192,500,http://172.169.8.253:31112/function/opt-66b-submod-0-latency-25.cdgp
1704042625537775972,1704042627018324072,200,http://172.169.8.253:31112/function/opt-66b-submod-0-latency-25.cdgp
1704042625537842193,1704042635023717433,500,http://172.169.8.253:31112/function/opt-66b-submod-0-latency-25.cdgp
1704042625537907952,1704042634663035972,500,http://172.169.8.253:31112/function/opt-66b-submod-0-latency-25.cdgp
1704042625606299521,1704042635152587448,500,http://172.169.8.253:31112/function/opt-66b-submod-0-latency-25.cdgp
1704042625606377112,1704042627974199892,200,http://172.169.8.253:31112/function/opt-66b-submod-0-latency-25.cdgp
1704042625606500832,1704042628107150159,200,http://172.169.8.253:31112/function/opt-66b-submod-0-latency-25.cdgp
1704042625606598698,1704042635191830792,500,http://172.169.8.253:31112/function/opt-66b-submod-0-latency-25.cdgp
1704042625606742506,1704042635395091460,500,http://172.169.8.253:31112/function/opt-66b-submod-0-latency-25.cdgp
1704042625606813879,1704042635395246853,500,http://172.169.8.253:31112/function/opt-66b-submod-0-latency-25.cdgp
1704042625606898884,1704042627438145373,200,http://172.169.8.253:31112/function/opt-66b-submod-0-latency-25.cdgp
1704042625606995132,1704042635391351992,500,http://172.169.8.253:31112/function/opt-66b-submod-0-latency-25.cdgp
1704042625607061104,1704042634906237695,500,http://172.169.8.253:31112/function/opt-66b-submod-0-latency-25.cdgp
1704042625607137226,1704042627815608270,200,http://172.169.8.253:31112/function/opt-66b-submod-0-latency-25.cdgp
1704042625607222100,1704042635223418937,500,http://172.169.8.253:31112/function/opt-66b-submod-0-latency-25.cdgp
1704042625607259263,1704042627498523632,200,http://172.169.8.253:31112/function/opt-66b-submod-0-latency-25.cdgp
1704042625607336773,1704042635393570479,500,http://172.169.8.253:31112/function/opt-66b-submod-0-latency-25.cdgp
1704042625607432202,1704042627817672486,200,http://172.169.8.253:31112/function/opt-66b-submod-0-latency-25.cdgp
1704042625607502314,1704042635302634430,500,http://172.169.8.253:31112/function/opt-66b-submod-0-latency-25.cdgp
1704042625607621621,1704042635094060452,500,http://172.169.8.253:31112/function/opt-66b-submod-0-latency-25.cdgp
1704042625607672051,1704042628087359072,200,http://172.169.8.253:31112/function/opt-66b-submod-0-latency-25.cdgp
1704042625607754354,1704042635401747890,500,http://172.169.8.253:31112/function/opt-66b-submod-0-latency-25.cdgp
1704042625607846118,1704042628056208506,200,http://172.169.8.253:31112/function/opt-66b-submod-0-latency-25.cdgp
1704042625607920053,1704042635354173147,500,http://172.169.8.253:31112/function/opt-66b-submod-0-latency-25.cdgp
1704042625608000453,1704042635343602393,500,http://172.169.8.253:31112/function/opt-66b-submod-0-latency-25.cdgp
1704042625608072966,1704042635360957353,500,http://172.169.8.253:31112/function/opt-66b-submod-0-latency-25.cdgp
1704042625608165601,1704042627544676445,200,http://172.169.8.253:31112/function/opt-66b-submod-0-latency-25.cdgp
1704042625608242266,1704042635303515985,500,http://172.169.8.253:31112/function/opt-66b-submod-0-latency-25.cdgp
1704042625608297149,1704042627822787349,200,http://172.169.8.253:31112/function/opt-66b-submod-0-latency-25.cdgp
1704042625608375126,1704042635151667754,500,http://172.169.8.253:31112/function/opt-66b-submod-0-latency-25.cdgp
1704042625608449713,1704042627908515699,200,http://172.169.8.253:31112/function/opt-66b-submod-0-latency-25.cdgp
1704042625608515955,1704042635337442154,500,http://172.169.8.253:31112/function/opt-66b-submod-0-latency-25.cdgp
1704042625608585002,1704042635396486427,500,http://172.169.8.253:31112/function/opt-66b-submod-0-latency-25.cdgp
1704042625608647811,1704042627647209038,200,http://172.169.8.253:31112/function/opt-66b-submod-0-latency-25.cdgp
1704042625608694700,1704042627180595992,200,http://172.169.8.253:31112/function/opt-66b-submod-0-latency-25.cdgp
1704042625608775518,1704042627404856935,200,http://172.169.8.253:31112/function/opt-66b-submod-0-latency-25.cdgp
1704042625608857976,1704042635304280958,500,http://172.169.8.253:31112/function/opt-66b-submod-0-latency-25.cdgp
1704042625608930800,1704042627455693436,200,http://172.169.8.253:31112/function/opt-66b-submod-0-latency-25.cdgp
1704042625609010648,1704042635353157999,500,http://172.169.8.253:31112/function/opt-66b-submod-0-latency-25.cdgp
1704042625609082505,1704042627519153626,200,http://172.169.8.253:31112/function/opt-66b-submod-0-latency-25.cdgp
1704042625609125670,1704042627585909442,200,http://172.169.8.253:31112/function/opt-66b-submod-0-latency-25.cdgp
1704042625609174891,1704042628057411502,200,http://172.169.8.253:31112/function/opt-66b-submod-0-latency-25.cdgp
1704042625609233643,1704042635152212048,500,http://172.169.8.253:31112/function/opt-66b-submod-0-latency-25.cdgp
1704042625609286912,1704042635398395166,500,http://172.169.8.253:31112/function/opt-66b-submod-0-latency-25.cdgp
1704042625609388310,1704042627466834236,200,http://172.169.8.253:31112/function/opt-66b-submod-0-latency-25.cdgp
1704042625609442098,1704042628091556157,200,http://172.169.8.253:31112/function/opt-66b-submod-0-latency-25.cdgp
1704042625609545214,1704042628047627933,200,http://172.169.8.253:31112/function/opt-66b-submod-0-latency-25.cdgp
1704042628186136071,1704042628925434324,200,http://172.169.8.253:31112/function/opt-66b-submod-0-latency-25.cdgp
1704042628186885024,1704042637603329302,500,http://172.169.8.253:31112/function/opt-66b-submod-0-latency-25.cdgp
1704042628186993280,1704042629143029995,200,http://172.169.8.253:31112/function/opt-66b-submod-0-latency-25.cdgp
1704042628187099197,1704042629067158234,200,http://172.169.8.253:31112/function/opt-66b-submod-0-latency-25.cdgp
1704042628190182331,1704042638089429326,500,http://172.169.8.253:31112/function/opt-66b-submod-0-latency-25.cdgp
1704042628190261739,1704042637477612313,500,http://172.169.8.253:31112/function/opt-66b-submod-0-latency-25.cdgp
1704042628190350650,1704042629230933590,200,http://172.169.8.253:31112/function/opt-66b-submod-0-latency-25.cdgp
1704042628190467494,1704042638076532071,500,http://172.169.8.253:31112/function/opt-66b-submod-0-latency-25.cdgp
1704042628190569946,1704042630732205982,200,http://172.169.8.253:31112/function/opt-66b-submod-0-latency-25.cdgp
1704042628190666076,1704042638076507977,500,http://172.169.8.253:31112/function/opt-66b-submod-0-latency-25.cdgp
1704042628190746357,1704042638080340244,500,http://172.169.8.253:31112/function/opt-66b-submod-0-latency-25.cdgp
1704042628190819597,1704042630733135387,200,http://172.169.8.253:31112/function/opt-66b-submod-0-latency-25.cdgp
1704042628190906766,1704042637509975695,500,http://172.169.8.253:31112/function/opt-66b-submod-0-latency-25.cdgp
1704042628190971264,1704042638082263765,500,http://172.169.8.253:31112/function/opt-66b-submod-0-latency-25.cdgp
1704042628191060741,1704042638076961736,500,http://172.169.8.253:31112/function/opt-66b-submod-0-latency-25.cdgp
1704042628191121133,1704042630119488778,200,http://172.169.8.253:31112/function/opt-66b-submod-0-latency-25.cdgp
1704042628191212921,1704042638084527201,500,http://172.169.8.253:31112/function/opt-66b-submod-0-latency-25.cdgp
1704042628191283428,1704042630983746201,200,http://172.169.8.253:31112/function/opt-66b-submod-0-latency-25.cdgp
1704042628191455697,1704042638192148773,500,http://172.169.8.253:31112/function/opt-66b-submod-0-latency-25.cdgp
1704042628191535464,1704042629789217766,200,http://172.169.8.253:31112/function/opt-66b-submod-0-latency-25.cdgp
1704042628191598151,1704042638192158636,500,http://172.169.8.253:31112/function/opt-66b-submod-0-latency-25.cdgp
1704042628191685201,1704042629915227707,200,http://172.169.8.253:31112/function/opt-66b-submod-0-latency-25.cdgp
1704042628191763723,1704042638078300033,500,http://172.169.8.253:31112/function/opt-66b-submod-0-latency-25.cdgp
1704042628191843074,1704042638082179242,500,http://172.169.8.253:31112/function/opt-66b-submod-0-latency-25.cdgp
1704042628193231008,1704042638194374412,500,http://172.169.8.253:31112/function/opt-66b-submod-0-latency-25.cdgp
1704042628193318747,1704042638072194090,500,http://172.169.8.253:31112/function/opt-66b-submod-0-latency-25.cdgp
1704042628193386317,1704042630288212989,200,http://172.169.8.253:31112/function/opt-66b-submod-0-latency-25.cdgp
1704042628193459957,1704042629434211352,200,http://172.169.8.253:31112/function/opt-66b-submod-0-latency-25.cdgp
1704042628193513654,1704042631161775126,200,http://172.169.8.253:31112/function/opt-66b-submod-0-latency-25.cdgp
1704042628193616889,1704042630138199551,200,http://172.169.8.253:31112/function/opt-66b-submod-0-latency-25.cdgp
1704042628193693652,1704042630732887560,200,http://172.169.8.253:31112/function/opt-66b-submod-0-latency-25.cdgp
1704042628193738085,1704042630732398164,200,http://172.169.8.253:31112/function/opt-66b-submod-0-latency-25.cdgp
1704042628193818959,1704042629855034881,200,http://172.169.8.253:31112/function/opt-66b-submod-0-latency-25.cdgp
1704042628193893072,1704042638083164107,500,http://172.169.8.253:31112/function/opt-66b-submod-0-latency-25.cdgp
1704042628193972759,1704042630981047039,200,http://172.169.8.253:31112/function/opt-66b-submod-0-latency-25.cdgp
1704042628194024978,1704042630982352961,200,http://172.169.8.253:31112/function/opt-66b-submod-0-latency-25.cdgp
1704042628194121391,1704042629991866261,200,http://172.169.8.253:31112/function/opt-66b-submod-0-latency-25.cdgp
1704042628195658095,1704042630640530818,200,http://172.169.8.253:31112/function/opt-66b-submod-0-latency-25.cdgp
1704042628195751114,1704042638072771412,500,http://172.169.8.253:31112/function/opt-66b-submod-0-latency-25.cdgp
1704042628195841131,1704042638083463735,500,http://172.169.8.253:31112/function/opt-66b-submod-0-latency-25.cdgp
1704042628196037097,1704042629505232301,200,http://172.169.8.253:31112/function/opt-66b-submod-0-latency-25.cdgp
1704042628196083163,1704042638196681693,500,http://172.169.8.253:31112/function/opt-66b-submod-0-latency-25.cdgp
1704042628196179678,1704042638082687084,500,http://172.169.8.253:31112/function/opt-66b-submod-0-latency-25.cdgp
1704042628196231982,1704042629765095869,200,http://172.169.8.253:31112/function/opt-66b-submod-0-latency-25.cdgp
1704042628196305674,1704042638084464003,500,http://172.169.8.253:31112/function/opt-66b-submod-0-latency-25.cdgp
1704042628196364366,1704042630279266807,200,http://172.169.8.253:31112/function/opt-66b-submod-0-latency-25.cdgp
1704042628196432755,1704042638089380509,500,http://172.169.8.253:31112/function/opt-66b-submod-0-latency-25.cdgp
1704042628196532902,1704042631155421889,200,http://172.169.8.253:31112/function/opt-66b-submod-0-latency-25.cdgp
1704042628196608927,1704042638085848278,500,http://172.169.8.253:31112/function/opt-66b-submod-0-latency-25.cdgp
1704042628196651728,1704042638071743603,500,http://172.169.8.253:31112/function/opt-66b-submod-0-latency-25.cdgp
1704042628196714027,1704042630145798986,200,http://172.169.8.253:31112/function/opt-66b-submod-0-latency-25.cdgp
1704042628301762463,1704042638302093525,500,http://172.169.8.253:31112/function/opt-66b-submod-0-latency-25.cdgp
1704042628306095202,1704042630712141936,200,http://172.169.8.253:31112/function/opt-66b-submod-0-latency-25.cdgp
1704042628306250483,1704042629789021729,200,http://172.169.8.253:31112/function/opt-66b-submod-0-latency-25.cdgp
1704042628306343574,1704042630981498049,200,http://172.169.8.253:31112/function/opt-66b-submod-0-latency-25.cdgp
1704042628306455010,1704042631507214262,200,http://172.169.8.253:31112/function/opt-66b-submod-0-latency-25.cdgp
1704042628306538065,1704042631993011116,200,http://172.169.8.253:31112/function/opt-66b-submod-0-latency-25.cdgp
1704042628306630393,1704042630895849710,200,http://172.169.8.253:31112/function/opt-66b-submod-0-latency-25.cdgp
1704042628306701000,1704042630038639102,200,http://172.169.8.253:31112/function/opt-66b-submod-0-latency-25.cdgp
1704042628306778758,1704042630640980758,200,http://172.169.8.253:31112/function/opt-66b-submod-0-latency-25.cdgp
1704042628306857126,1704042638307416305,500,http://172.169.8.253:31112/function/opt-66b-submod-0-latency-25.cdgp
1704042628360327442,1704042638076169138,500,http://172.169.8.253:31112/function/opt-66b-submod-0-latency-25.cdgp
1704042628360423611,1704042638215720308,500,http://172.169.8.253:31112/function/opt-66b-submod-0-latency-25.cdgp
1704042628360454914,1704042631047422605,200,http://172.169.8.253:31112/function/opt-66b-submod-0-latency-25.cdgp
1704042628360572123,1704042630712305264,200,http://172.169.8.253:31112/function/opt-66b-submod-0-latency-25.cdgp
1704042628360701996,1704042638362075252,500,http://172.169.8.253:31112/function/opt-66b-submod-0-latency-25.cdgp
1704042628360775957,1704042638081609483,500,http://172.169.8.253:31112/function/opt-66b-submod-0-latency-25.cdgp
1704042628360858069,1704042638209375383,500,http://172.169.8.253:31112/function/opt-66b-submod-0-latency-25.cdgp
1704042628360973168,1704042638362061353,500,http://172.169.8.253:31112/function/opt-66b-submod-0-latency-25.cdgp
1704042628361029586,1704042638362061347,500,http://172.169.8.253:31112/function/opt-66b-submod-0-latency-25.cdgp
1704042628361143095,1704042630980952929,200,http://172.169.8.253:31112/function/opt-66b-submod-0-latency-25.cdgp
1704042628361252003,1704042631054329744,200,http://172.169.8.253:31112/function/opt-66b-submod-0-latency-25.cdgp
1704042628361373203,1704042638361777187,500,http://172.169.8.253:31112/function/opt-66b-submod-0-latency-25.cdgp
1704042628361438112,1704042631048489427,200,http://172.169.8.253:31112/function/opt-66b-submod-0-latency-25.cdgp
1704042628363188463,1704042638073156445,500,http://172.169.8.253:31112/function/opt-66b-submod-0-latency-25.cdgp
1704042628363244531,1704042638364251323,500,http://172.169.8.253:31112/function/opt-66b-submod-0-latency-25.cdgp
1704042628363286260,1704042638364242983,500,http://172.169.8.253:31112/function/opt-66b-submod-0-latency-25.cdgp
1704042628363376740,1704042629788321152,200,http://172.169.8.253:31112/function/opt-66b-submod-0-latency-25.cdgp
1704042628363441848,1704042631178240630,200,http://172.169.8.253:31112/function/opt-66b-submod-0-latency-25.cdgp
1704042628363497469,1704042638364253322,500,http://172.169.8.253:31112/function/opt-66b-submod-0-latency-25.cdgp
1704042628363529285,1704042631905189726,200,http://172.169.8.253:31112/function/opt-66b-submod-0-latency-25.cdgp
1704042628363619089,1704042630149817152,200,http://172.169.8.253:31112/function/opt-66b-submod-0-latency-25.cdgp
1704042628363683905,1704042638364120026,500,http://172.169.8.253:31112/function/opt-66b-submod-0-latency-25.cdgp
1704042629275560078,1704042630732569358,200,http://172.169.8.253:31112/function/opt-66b-submod-0-latency-25.cdgp
1704042629275647498,1704042638605052227,500,http://172.169.8.253:31112/function/opt-66b-submod-0-latency-25.cdgp
1704042629275737261,1704042631979500985,200,http://172.169.8.253:31112/function/opt-66b-submod-0-latency-25.cdgp
1704042629275851634,1704042631487567660,200,http://172.169.8.253:31112/function/opt-66b-submod-0-latency-25.cdgp
1704042629275930686,1704042638393707900,500,http://172.169.8.253:31112/function/opt-66b-submod-0-latency-25.cdgp
1704042629275995901,1704042630640547183,200,http://172.169.8.253:31112/function/opt-66b-submod-0-latency-25.cdgp
1704042629276014374,1704042631180145171,200,http://172.169.8.253:31112/function/opt-66b-submod-0-latency-25.cdgp
1704042629276091421,1704042638544530725,500,http://172.169.8.253:31112/function/opt-66b-submod-0-latency-25.cdgp
1704042629276189097,1704042631979593736,200,http://172.169.8.253:31112/function/opt-66b-submod-0-latency-25.cdgp
1704042629449661877,1704042632407474165,200,http://172.169.8.253:31112/function/opt-66b-submod-0-latency-25.cdgp
1704042629449747056,1704042638740003945,500,http://172.169.8.253:31112/function/opt-66b-submod-0-latency-25.cdgp
1704042629449817857,1704042631636040322,200,http://172.169.8.253:31112/function/opt-66b-submod-0-latency-25.cdgp
1704042629449884793,1704042632204008541,200,http://172.169.8.253:31112/function/opt-66b-submod-0-latency-25.cdgp
1704042629449918898,1704042638759571734,500,http://172.169.8.253:31112/function/opt-66b-submod-0-latency-25.cdgp
1704042629453763547,1704042638783163683,500,http://172.169.8.253:31112/function/opt-66b-submod-0-latency-25.cdgp
1704042629453851763,1704042631340872110,200,http://172.169.8.253:31112/function/opt-66b-submod-0-latency-25.cdgp
1704042629454000193,1704042631979185608,200,http://172.169.8.253:31112/function/opt-66b-submod-0-latency-25.cdgp
1704042629490425239,1704042631640770770,200,http://172.169.8.253:31112/function/opt-66b-submod-0-latency-25.cdgp
1704042629537027877,1704042639044024775,500,http://172.169.8.253:31112/function/opt-66b-submod-0-latency-25.cdgp
1704042629538908844,1704042631340129297,200,http://172.169.8.253:31112/function/opt-66b-submod-0-latency-25.cdgp
1704042629539063011,1704042638763400533,500,http://172.169.8.253:31112/function/opt-66b-submod-0-latency-25.cdgp
1704042629539150981,1704042638723071873,500,http://172.169.8.253:31112/function/opt-66b-submod-0-latency-25.cdgp
1704042629539232884,1704042638910512475,500,http://172.169.8.253:31112/function/opt-66b-submod-0-latency-25.cdgp
1704042629539342357,1704042632198011360,200,http://172.169.8.253:31112/function/opt-66b-submod-0-latency-25.cdgp
1704042629539421563,1704042632407086832,200,http://172.169.8.253:31112/function/opt-66b-submod-0-latency-25.cdgp
1704042629539515405,1704042631179664018,200,http://172.169.8.253:31112/function/opt-66b-submod-0-latency-25.cdgp
1704042629539602825,1704042631862357027,200,http://172.169.8.253:31112/function/opt-66b-submod-0-latency-25.cdgp
1704042629539666197,1704042638724499772,500,http://172.169.8.253:31112/function/opt-66b-submod-0-latency-25.cdgp
1704042629546387053,1704042639040204516,500,http://172.169.8.253:31112/function/opt-66b-submod-0-latency-25.cdgp
1704042629546476023,1704042639001320075,500,http://172.169.8.253:31112/function/opt-66b-submod-0-latency-25.cdgp
1704042629546553491,1704042639004390780,500,http://172.169.8.253:31112/function/opt-66b-submod-0-latency-25.cdgp
1704042629546632896,1704042632883302410,200,http://172.169.8.253:31112/function/opt-66b-submod-0-latency-25.cdgp
1704042629546760168,1704042639039957734,500,http://172.169.8.253:31112/function/opt-66b-submod-0-latency-25.cdgp
1704042629546851533,1704042638770195657,500,http://172.169.8.253:31112/function/opt-66b-submod-0-latency-25.cdgp
1704042629546904894,1704042631339497641,200,http://172.169.8.253:31112/function/opt-66b-submod-0-latency-25.cdgp
1704042629547004945,1704042632515597775,200,http://172.169.8.253:31112/function/opt-66b-submod-0-latency-25.cdgp
1704042629681246300,1704042638770697478,500,http://172.169.8.253:31112/function/opt-66b-submod-0-latency-25.cdgp
1704042629681358662,1704042632406403398,200,http://172.169.8.253:31112/function/opt-66b-submod-0-latency-25.cdgp
1704042629681423134,1704042638968495945,500,http://172.169.8.253:31112/function/opt-66b-submod-0-latency-25.cdgp
1704042629681470901,1704042639040225390,500,http://172.169.8.253:31112/function/opt-66b-submod-0-latency-25.cdgp
1704042629681554038,1704042639046317096,500,http://172.169.8.253:31112/function/opt-66b-submod-0-latency-25.cdgp
1704042629681616573,1704042631979644875,200,http://172.169.8.253:31112/function/opt-66b-submod-0-latency-25.cdgp
1704042629681711569,1704042632407566281,200,http://172.169.8.253:31112/function/opt-66b-submod-0-latency-25.cdgp
1704042629682114469,1704042639040225784,500,http://172.169.8.253:31112/function/opt-66b-submod-0-latency-25.cdgp
1704042629682212699,1704042632206652769,200,http://172.169.8.253:31112/function/opt-66b-submod-0-latency-25.cdgp
1704042629682289563,1704042639041220566,500,http://172.169.8.253:31112/function/opt-66b-submod-0-latency-25.cdgp
1704042630330412938,1704042632201812601,200,http://172.169.8.253:31112/function/opt-66b-submod-0-latency-25.cdgp
1704042630330495643,1704042640331612825,500,http://172.169.8.253:31112/function/opt-66b-submod-0-latency-25.cdgp
1704042630330867118,1704042633256633895,200,http://172.169.8.253:31112/function/opt-66b-submod-0-latency-25.cdgp
1704042630330937114,1704042639537235184,500,http://172.169.8.253:31112/function/opt-66b-submod-0-latency-25.cdgp
1704042630330966127,1704042639681430492,500,http://172.169.8.253:31112/function/opt-66b-submod-0-latency-25.cdgp
1704042630331046712,1704042640155536018,500,http://172.169.8.253:31112/function/opt-66b-submod-0-latency-25.cdgp
1704042630331119489,1704042639846425322,500,http://172.169.8.253:31112/function/opt-66b-submod-0-latency-25.cdgp
1704042630331151194,1704042631515683789,200,http://172.169.8.253:31112/function/opt-66b-submod-0-latency-25.cdgp
1704042630331211326,1704042632203754165,200,http://172.169.8.253:31112/function/opt-66b-submod-0-latency-25.cdgp
1704042630331292751,1704042640261574196,500,http://172.169.8.253:31112/function/opt-66b-submod-0-latency-25.cdgp
1704042630331354133,1704042634114515675,200,http://172.169.8.253:31112/function/opt-66b-submod-0-latency-25.cdgp
1704042630331475672,1704042639543136152,500,http://172.169.8.253:31112/function/opt-66b-submod-0-latency-25.cdgp
1704042630331561038,1704042632203586943,200,http://172.169.8.253:31112/function/opt-66b-submod-0-latency-25.cdgp
1704042630331637274,1704042640249626341,500,http://172.169.8.253:31112/function/opt-66b-submod-0-latency-25.cdgp
1704042630331716775,1704042632616952371,200,http://172.169.8.253:31112/function/opt-66b-submod-0-latency-25.cdgp
1704042630331804703,1704042640332857809,500,http://172.169.8.253:31112/function/opt-66b-submod-0-latency-25.cdgp
1704042630331872089,1704042640159403374,500,http://172.169.8.253:31112/function/opt-66b-submod-0-latency-25.cdgp
1704042630331957146,1704042632632885584,200,http://172.169.8.253:31112/function/opt-66b-submod-0-latency-25.cdgp
1704042630332040670,1704042632633221099,200,http://172.169.8.253:31112/function/opt-66b-submod-0-latency-25.cdgp
1704042630332116058,1704042640038541782,500,http://172.169.8.253:31112/function/opt-66b-submod-0-latency-25.cdgp
1704042630332201394,1704042634114702384,200,http://172.169.8.253:31112/function/opt-66b-submod-0-latency-25.cdgp
1704042630332277946,1704042640246542664,500,http://172.169.8.253:31112/function/opt-66b-submod-0-latency-25.cdgp
1704042630332349062,1704042640251634517,500,http://172.169.8.253:31112/function/opt-66b-submod-0-latency-25.cdgp
1704042630332427577,1704042633666661073,200,http://172.169.8.253:31112/function/opt-66b-submod-0-latency-25.cdgp
1704042630332499192,1704042639696115618,500,http://172.169.8.253:31112/function/opt-66b-submod-0-latency-25.cdgp
1704042630332585451,1704042632408444886,200,http://172.169.8.253:31112/function/opt-66b-submod-0-latency-25.cdgp
1704042630332666601,1704042634110891019,200,http://172.169.8.253:31112/function/opt-66b-submod-0-latency-25.cdgp
1704042630332744448,1704042640151254802,500,http://172.169.8.253:31112/function/opt-66b-submod-0-latency-25.cdgp
1704042630332824584,1704042640247610515,500,http://172.169.8.253:31112/function/opt-66b-submod-0-latency-25.cdgp
1704042630332894206,1704042640246634959,500,http://172.169.8.253:31112/function/opt-66b-submod-0-latency-25.cdgp
1704042630332941487,1704042640247224834,500,http://172.169.8.253:31112/function/opt-66b-submod-0-latency-25.cdgp
1704042630333005125,1704042632632899248,200,http://172.169.8.253:31112/function/opt-66b-submod-0-latency-25.cdgp
1704042630333071354,1704042640250330117,500,http://172.169.8.253:31112/function/opt-66b-submod-0-latency-25.cdgp
1704042630333199843,1704042639957884227,500,http://172.169.8.253:31112/function/opt-66b-submod-0-latency-25.cdgp
1704042630333265156,1704042632616629330,200,http://172.169.8.253:31112/function/opt-66b-submod-0-latency-25.cdgp
1704042630333337074,1704042632633204439,200,http://172.169.8.253:31112/function/opt-66b-submod-0-latency-25.cdgp
1704042630333446610,1704042640151664933,500,http://172.169.8.253:31112/function/opt-66b-submod-0-latency-25.cdgp
1704042630333516810,1704042632883413453,200,http://172.169.8.253:31112/function/opt-66b-submod-0-latency-25.cdgp
1704042630333590338,1704042640245504979,500,http://172.169.8.253:31112/function/opt-66b-submod-0-latency-25.cdgp
1704042630333682411,1704042640176587516,500,http://172.169.8.253:31112/function/opt-66b-submod-0-latency-25.cdgp
1704042630333738824,1704042640153561516,500,http://172.169.8.253:31112/function/opt-66b-submod-0-latency-25.cdgp
1704042630333801857,1704042640150544448,500,http://172.169.8.253:31112/function/opt-66b-submod-0-latency-25.cdgp
1704042630333886540,1704042640155691369,500,http://172.169.8.253:31112/function/opt-66b-submod-0-latency-25.cdgp
1704042630333957420,1704042632771646954,200,http://172.169.8.253:31112/function/opt-66b-submod-0-latency-25.cdgp
1704042630334030388,1704042640251786824,500,http://172.169.8.253:31112/function/opt-66b-submod-0-latency-25.cdgp
1704042630334077102,1704042640038634755,500,http://172.169.8.253:31112/function/opt-66b-submod-0-latency-25.cdgp
1704042630334144109,1704042632928562977,200,http://172.169.8.253:31112/function/opt-66b-submod-0-latency-25.cdgp
1704042630334231810,1704042632772546909,200,http://172.169.8.253:31112/function/opt-66b-submod-0-latency-25.cdgp
1704042630334317680,1704042640157862924,500,http://172.169.8.253:31112/function/opt-66b-submod-0-latency-25.cdgp
1704042630334399922,1704042632927667546,200,http://172.169.8.253:31112/function/opt-66b-submod-0-latency-25.cdgp
1704042630334467680,1704042632771672800,200,http://172.169.8.253:31112/function/opt-66b-submod-0-latency-25.cdgp
1704042630334551699,1704042633342407833,200,http://172.169.8.253:31112/function/opt-66b-submod-0-latency-25.cdgp
1704042630334640292,1704042640151555630,500,http://172.169.8.253:31112/function/opt-66b-submod-0-latency-25.cdgp
1704042630334729690,1704042633259991953,200,http://172.169.8.253:31112/function/opt-66b-submod-0-latency-25.cdgp
1704042630334821753,1704042640258010370,500,http://172.169.8.253:31112/function/opt-66b-submod-0-latency-25.cdgp
1704042630334901546,1704042640257438957,500,http://172.169.8.253:31112/function/opt-66b-submod-0-latency-25.cdgp
1704042630454552821,1704042633368090629,200,http://172.169.8.253:31112/function/opt-66b-submod-0-latency-25.cdgp
1704042630454632837,1704042632771994269,200,http://172.169.8.253:31112/function/opt-66b-submod-0-latency-25.cdgp
1704042630454737458,1704042634112281009,200,http://172.169.8.253:31112/function/opt-66b-submod-0-latency-25.cdgp
1704042630454783722,1704042633230118780,200,http://172.169.8.253:31112/function/opt-66b-submod-0-latency-25.cdgp
1704042630454864147,1704042633231365184,200,http://172.169.8.253:31112/function/opt-66b-submod-0-latency-25.cdgp
1704042630454903172,1704042640455866970,500,http://172.169.8.253:31112/function/opt-66b-submod-0-latency-25.cdgp
1704042630454990554,1704042640317630155,500,http://172.169.8.253:31112/function/opt-66b-submod-0-latency-25.cdgp
1704042630455031747,1704042640294529081,500,http://172.169.8.253:31112/function/opt-66b-submod-0-latency-25.cdgp
1704042630455116950,1704042632976115198,200,http://172.169.8.253:31112/function/opt-66b-submod-0-latency-25.cdgp
1704042630455151898,1704042632636275465,200,http://172.169.8.253:31112/function/opt-66b-submod-0-latency-25.cdgp
1704042630455241563,1704042640455884634,500,http://172.169.8.253:31112/function/opt-66b-submod-0-latency-25.cdgp
1704042630455270706,1704042633381334994,200,http://172.169.8.253:31112/function/opt-66b-submod-0-latency-25.cdgp
1704042630455321275,1704042640296366680,500,http://172.169.8.253:31112/function/opt-66b-submod-0-latency-25.cdgp
1704042630455407680,1704042640455870564,500,http://172.169.8.253:31112/function/opt-66b-submod-0-latency-25.cdgp
1704042630455467315,1704042634112870980,200,http://172.169.8.253:31112/function/opt-66b-submod-0-latency-25.cdgp
1704042630466084916,1704042640467054361,500,http://172.169.8.253:31112/function/opt-66b-submod-0-latency-25.cdgp
1704042631283333086,1704042640579480510,500,http://172.169.8.253:31112/function/opt-66b-submod-0-latency-25.cdgp
1704042631283432033,1704042634111259078,200,http://172.169.8.253:31112/function/opt-66b-submod-0-latency-25.cdgp
1704042631283537000,1704042633224530007,200,http://172.169.8.253:31112/function/opt-66b-submod-0-latency-25.cdgp
1704042631283601995,1704042633138444925,200,http://172.169.8.253:31112/function/opt-66b-submod-0-latency-25.cdgp
1704042631283658491,1704042634452571622,200,http://172.169.8.253:31112/function/opt-66b-submod-0-latency-25.cdgp
1704042631283749046,1704042634109363619,200,http://172.169.8.253:31112/function/opt-66b-submod-0-latency-25.cdgp
1704042631507517791,1704042641252718762,500,http://172.169.8.253:31112/function/opt-66b-submod-0-latency-25.cdgp
1704042631507616743,1704042640992255633,500,http://172.169.8.253:31112/function/opt-66b-submod-0-latency-25.cdgp
1704042631507699014,1704042632927481302,200,http://172.169.8.253:31112/function/opt-66b-submod-0-latency-25.cdgp
1704042631507817236,1704042634116561196,200,http://172.169.8.253:31112/function/opt-66b-submod-0-latency-25.cdgp
1704042631507861952,1704042641031673877,500,http://172.169.8.253:31112/function/opt-66b-submod-0-latency-25.cdgp
1704042631507947613,1704042640990292476,500,http://172.169.8.253:31112/function/opt-66b-submod-0-latency-25.cdgp
1704042631508011946,1704042635329787868,200,http://172.169.8.253:31112/function/opt-66b-submod-0-latency-25.cdgp
1704042631508062338,1704042640678120937,500,http://172.169.8.253:31112/function/opt-66b-submod-0-latency-25.cdgp
1704042631508125552,1704042634246791724,200,http://172.169.8.253:31112/function/opt-66b-submod-0-latency-25.cdgp
1704042631508142365,1704042635306570271,200,http://172.169.8.253:31112/function/opt-66b-submod-0-latency-25.cdgp
1704042631508202454,1704042633225628406,200,http://172.169.8.253:31112/function/opt-66b-submod-0-latency-25.cdgp
1704042631508219360,1704042640729889209,500,http://172.169.8.253:31112/function/opt-66b-submod-0-latency-25.cdgp
1704042631508288848,1704042634107008484,200,http://172.169.8.253:31112/function/opt-66b-submod-0-latency-25.cdgp
1704042631508379734,1704042640973992267,500,http://172.169.8.253:31112/function/opt-66b-submod-0-latency-25.cdgp
1704042631508428084,1704042633687897087,200,http://172.169.8.253:31112/function/opt-66b-submod-0-latency-25.cdgp
1704042631508467498,1704042640996283666,500,http://172.169.8.253:31112/function/opt-66b-submod-0-latency-25.cdgp
1704042631508559292,1704042640676800376,500,http://172.169.8.253:31112/function/opt-66b-submod-0-latency-25.cdgp
1704042631508608099,1704042640656742589,500,http://172.169.8.253:31112/function/opt-66b-submod-0-latency-25.cdgp
1704042631508688986,1704042633901985163,200,http://172.169.8.253:31112/function/opt-66b-submod-0-latency-25.cdgp
1704042631508713848,1704042640818418307,500,http://172.169.8.253:31112/function/opt-66b-submod-0-latency-25.cdgp
1704042631508789343,1704042641095138507,500,http://172.169.8.253:31112/function/opt-66b-submod-0-latency-25.cdgp
1704042631508882193,1704042641089894433,500,http://172.169.8.253:31112/function/opt-66b-submod-0-latency-25.cdgp
1704042631633468350,1704042641024364369,500,http://172.169.8.253:31112/function/opt-66b-submod-0-latency-25.cdgp
1704042631633573660,1704042634107810783,200,http://172.169.8.253:31112/function/opt-66b-submod-0-latency-25.cdgp
1704042631633696513,1704042640859530043,500,http://172.169.8.253:31112/function/opt-66b-submod-0-latency-25.cdgp
1704042631633750364,1704042640770796360,500,http://172.169.8.253:31112/function/opt-66b-submod-0-latency-25.cdgp
1704042631633769798,1704042641091350189,500,http://172.169.8.253:31112/function/opt-66b-submod-0-latency-25.cdgp
1704042631779244303,1704042635289245304,200,http://172.169.8.253:31112/function/opt-66b-submod-0-latency-25.cdgp
1704042631781230337,1704042635308114196,200,http://172.169.8.253:31112/function/opt-66b-submod-0-latency-25.cdgp
1704042631781347414,1704042634288472982,200,http://172.169.8.253:31112/function/opt-66b-submod-0-latency-25.cdgp
1704042631781469959,1704042634159681832,200,http://172.169.8.253:31112/function/opt-66b-submod-0-latency-25.cdgp
1704042631781579794,1704042641125316289,500,http://172.169.8.253:31112/function/opt-66b-submod-0-latency-25.cdgp
1704042631781655537,1704042634195583418,200,http://172.169.8.253:31112/function/opt-66b-submod-0-latency-25.cdgp
1704042631781732282,1704042641462328868,500,http://172.169.8.253:31112/function/opt-66b-submod-0-latency-25.cdgp
1704042631781813595,1704042635351409004,200,http://172.169.8.253:31112/function/opt-66b-submod-0-latency-25.cdgp
1704042631781890208,1704042641131783022,500,http://172.169.8.253:31112/function/opt-66b-submod-0-latency-25.cdgp
1704042631781975271,1704042641480839053,500,http://172.169.8.253:31112/function/opt-66b-submod-0-latency-25.cdgp
1704042631782062121,1704042634152045102,200,http://172.169.8.253:31112/function/opt-66b-submod-0-latency-25.cdgp
1704042631782159688,1704042641205960001,500,http://172.169.8.253:31112/function/opt-66b-submod-0-latency-25.cdgp
1704042631782217166,1704042633906684063,200,http://172.169.8.253:31112/function/opt-66b-submod-0-latency-25.cdgp
1704042631782262967,1704042634452354786,200,http://172.169.8.253:31112/function/opt-66b-submod-0-latency-25.cdgp
1704042631782329387,1704042641381897999,500,http://172.169.8.253:31112/function/opt-66b-submod-0-latency-25.cdgp
1704042631782386036,1704042641552304932,500,http://172.169.8.253:31112/function/opt-66b-submod-0-latency-25.cdgp
1704042631782438725,1704042634298970336,200,http://172.169.8.253:31112/function/opt-66b-submod-0-latency-25.cdgp
1704042631782491541,1704042634241725760,200,http://172.169.8.253:31112/function/opt-66b-submod-0-latency-25.cdgp
1704042631782571631,1704042633947833401,200,http://172.169.8.253:31112/function/opt-66b-submod-0-latency-25.cdgp
1704042631782622771,1704042633614401263,200,http://172.169.8.253:31112/function/opt-66b-submod-0-latency-25.cdgp
1704042631782679436,1704042640886986597,500,http://172.169.8.253:31112/function/opt-66b-submod-0-latency-25.cdgp
1704042631782767936,1704042634242814776,200,http://172.169.8.253:31112/function/opt-66b-submod-0-latency-25.cdgp
1704042631782837916,1704042641317049452,500,http://172.169.8.253:31112/function/opt-66b-submod-0-latency-25.cdgp
1704042631782925338,1704042633944408275,200,http://172.169.8.253:31112/function/opt-66b-submod-0-latency-25.cdgp
1704042631782999432,1704042641119623742,500,http://172.169.8.253:31112/function/opt-66b-submod-0-latency-25.cdgp
1704042631783064769,1704042634236390009,200,http://172.169.8.253:31112/function/opt-66b-submod-0-latency-25.cdgp
1704042631783158396,1704042641319120865,500,http://172.169.8.253:31112/function/opt-66b-submod-0-latency-25.cdgp
1704042631783226365,1704042635355658905,200,http://172.169.8.253:31112/function/opt-66b-submod-0-latency-25.cdgp
1704042631783325310,1704042641115700620,500,http://172.169.8.253:31112/function/opt-66b-submod-0-latency-25.cdgp
1704042631783433352,1704042641465264237,500,http://172.169.8.253:31112/function/opt-66b-submod-0-latency-25.cdgp
1704042631783506809,1704042641212837746,500,http://172.169.8.253:31112/function/opt-66b-submod-0-latency-25.cdgp
1704042631783584036,1704042641589637834,500,http://172.169.8.253:31112/function/opt-66b-submod-0-latency-25.cdgp
1704042631783682317,1704042641294772985,500,http://172.169.8.253:31112/function/opt-66b-submod-0-latency-25.cdgp
1704042631783756866,1704042634238243500,200,http://172.169.8.253:31112/function/opt-66b-submod-0-latency-25.cdgp
1704042631783828789,1704042634372341815,200,http://172.169.8.253:31112/function/opt-66b-submod-0-latency-25.cdgp
1704042631783901577,1704042634330958255,200,http://172.169.8.253:31112/function/opt-66b-submod-0-latency-25.cdgp
1704042631783978689,1704042641714223259,500,http://172.169.8.253:31112/function/opt-66b-submod-0-latency-25.cdgp
1704042631784045417,1704042641075584776,500,http://172.169.8.253:31112/function/opt-66b-submod-0-latency-25.cdgp
1704042631784119494,1704042634414363194,200,http://172.169.8.253:31112/function/opt-66b-submod-0-latency-25.cdgp
1704042631804753501,1704042635870824063,200,http://172.169.8.253:31112/function/opt-66b-submod-0-latency-25.cdgp
1704042631804836211,1704042636102781646,200,http://172.169.8.253:31112/function/opt-66b-submod-0-latency-25.cdgp
1704042631804910355,1704042641719693330,500,http://172.169.8.253:31112/function/opt-66b-submod-0-latency-25.cdgp
1704042631804977312,1704042641714075134,500,http://172.169.8.253:31112/function/opt-66b-submod-0-latency-25.cdgp
1704042631805017043,1704042635305348618,200,http://172.169.8.253:31112/function/opt-66b-submod-0-latency-25.cdgp
1704042631805108486,1704042641654329268,500,http://172.169.8.253:31112/function/opt-66b-submod-0-latency-25.cdgp
1704042631805160385,1704042641805750615,500,http://172.169.8.253:31112/function/opt-66b-submod-0-latency-25.cdgp
1704042631805234935,1704042636053124399,200,http://172.169.8.253:31112/function/opt-66b-submod-0-latency-25.cdgp
1704042631805296790,1704042636057974144,200,http://172.169.8.253:31112/function/opt-66b-submod-0-latency-25.cdgp
1704042631805336273,1704042641672474677,500,http://172.169.8.253:31112/function/opt-66b-submod-0-latency-25.cdgp
1704042631805404573,1704042636743170577,200,http://172.169.8.253:31112/function/opt-66b-submod-0-latency-25.cdgp
1704042631805467179,1704042641714351289,500,http://172.169.8.253:31112/function/opt-66b-submod-0-latency-25.cdgp
1704042631805535313,1704042641805759486,500,http://172.169.8.253:31112/function/opt-66b-submod-0-latency-25.cdgp
1704042631805566448,1704042641805766724,500,http://172.169.8.253:31112/function/opt-66b-submod-0-latency-25.cdgp
1704042631805610584,1704042635348982815,200,http://172.169.8.253:31112/function/opt-66b-submod-0-latency-25.cdgp
1704042631805706276,1704042641313379780,500,http://172.169.8.253:31112/function/opt-66b-submod-0-latency-25.cdgp
1704042631805774642,1704042641805983016,500,http://172.169.8.253:31112/function/opt-66b-submod-0-latency-25.cdgp
1704042631805816704,1704042636712656041,200,http://172.169.8.253:31112/function/opt-66b-submod-0-latency-25.cdgp
1704042631805893330,1704042636056030463,200,http://172.169.8.253:31112/function/opt-66b-submod-0-latency-25.cdgp
1704042631807795992,1704042636727723705,200,http://172.169.8.253:31112/function/opt-66b-submod-0-latency-25.cdgp
1704042631807891663,1704042641808055219,500,http://172.169.8.253:31112/function/opt-66b-submod-0-latency-25.cdgp
1704042631820805870,1704042641821350842,500,http://172.169.8.253:31112/function/opt-66b-submod-0-latency-25.cdgp
1704042631820891623,1704042641654471940,500,http://172.169.8.253:31112/function/opt-66b-submod-0-latency-25.cdgp
1704042631821038887,1704042641800725271,500,http://172.169.8.253:31112/function/opt-66b-submod-0-latency-25.cdgp
1704042631821137280,1704042641821376133,500,http://172.169.8.253:31112/function/opt-66b-submod-0-latency-25.cdgp
1704042631821225180,1704042641316445558,500,http://172.169.8.253:31112/function/opt-66b-submod-0-latency-25.cdgp
1704042631821276467,1704042634241557534,200,http://172.169.8.253:31112/function/opt-66b-submod-0-latency-25.cdgp
1704042631821381401,1704042634622142055,200,http://172.169.8.253:31112/function/opt-66b-submod-0-latency-25.cdgp
1704042631821437573,1704042641822625258,500,http://172.169.8.253:31112/function/opt-66b-submod-0-latency-25.cdgp
1704042631821505509,1704042636054727774,200,http://172.169.8.253:31112/function/opt-66b-submod-0-latency-25.cdgp
1704042631821569224,1704042641822598481,500,http://172.169.8.253:31112/function/opt-66b-submod-0-latency-25.cdgp
1704042631821635204,1704042641822611405,500,http://172.169.8.253:31112/function/opt-66b-submod-0-latency-25.cdgp
1704042631821688272,1704042633907253275,200,http://172.169.8.253:31112/function/opt-66b-submod-0-latency-25.cdgp
1704042631821755321,1704042641419243426,500,http://172.169.8.253:31112/function/opt-66b-submod-0-latency-25.cdgp
1704042631821850854,1704042634946314099,200,http://172.169.8.253:31112/function/opt-66b-submod-0-latency-25.cdgp
1704042631821900855,1704042641372863387,500,http://172.169.8.253:31112/function/opt-66b-submod-0-latency-25.cdgp
1704042631821972330,1704042635337824805,200,http://172.169.8.253:31112/function/opt-66b-submod-0-latency-25.cdgp
1704042631822053738,1704042634619026656,200,http://172.169.8.253:31112/function/opt-66b-submod-0-latency-25.cdgp
1704042631822082571,1704042636743060069,200,http://172.169.8.253:31112/function/opt-66b-submod-0-latency-25.cdgp
1704042631822111890,1704042636062031310,200,http://172.169.8.253:31112/function/opt-66b-submod-0-latency-25.cdgp
1704042631964941298,1704042641826326953,500,http://172.169.8.253:31112/function/opt-66b-submod-0-latency-25.cdgp
1704042631965058209,1704042641966025079,500,http://172.169.8.253:31112/function/opt-66b-submod-0-latency-25.cdgp
1704042631965143284,1704042635193669639,200,http://172.169.8.253:31112/function/opt-66b-submod-0-latency-25.cdgp
1704042631965218942,1704042637505874125,200,http://172.169.8.253:31112/function/opt-66b-submod-0-latency-25.cdgp
1704042631965314667,1704042635575614489,200,http://172.169.8.253:31112/function/opt-66b-submod-0-latency-25.cdgp
1704042631965396002,1704042641954017155,500,http://172.169.8.253:31112/function/opt-66b-submod-0-latency-25.cdgp
1704042631965469938,1704042634971111390,200,http://172.169.8.253:31112/function/opt-66b-submod-0-latency-25.cdgp
1704042631965567964,1704042641828712787,500,http://172.169.8.253:31112/function/opt-66b-submod-0-latency-25.cdgp
1704042631965637327,1704042641888967418,500,http://172.169.8.253:31112/function/opt-66b-submod-0-latency-25.cdgp
1704042631965671384,1704042641966001846,500,http://172.169.8.253:31112/function/opt-66b-submod-0-latency-25.cdgp
1704042631965739421,1704042637404763443,200,http://172.169.8.253:31112/function/opt-66b-submod-0-latency-25.cdgp
1704042631965827333,1704042634690135674,200,http://172.169.8.253:31112/function/opt-66b-submod-0-latency-25.cdgp
1704042631965878589,1704042634670645842,200,http://172.169.8.253:31112/function/opt-66b-submod-0-latency-25.cdgp
1704042631965996640,1704042641937175899,500,http://172.169.8.253:31112/function/opt-66b-submod-0-latency-25.cdgp
1704042631966068809,1704042637404862772,200,http://172.169.8.253:31112/function/opt-66b-submod-0-latency-25.cdgp
1704042631966161948,1704042635253071074,200,http://172.169.8.253:31112/function/opt-66b-submod-0-latency-25.cdgp
1704042631966217497,1704042637506559144,200,http://172.169.8.253:31112/function/opt-66b-submod-0-latency-25.cdgp
1704042631966281751,1704042635023492993,200,http://172.169.8.253:31112/function/opt-66b-submod-0-latency-25.cdgp
1704042631966321194,1704042635790300702,200,http://172.169.8.253:31112/function/opt-66b-submod-0-latency-25.cdgp
1704042631966385281,1704042641967169156,500,http://172.169.8.253:31112/function/opt-66b-submod-0-latency-25.cdgp
1704042631966415484,1704042636743619664,200,http://172.169.8.253:31112/function/opt-66b-submod-0-latency-25.cdgp
1704042631966480089,1704042635875256076,200,http://172.169.8.253:31112/function/opt-66b-submod-0-latency-25.cdgp
1704042631966567165,1704042635535251993,200,http://172.169.8.253:31112/function/opt-66b-submod-0-latency-25.cdgp
1704042632016391997,1704042636111794109,200,http://172.169.8.253:31112/function/opt-66b-submod-0-latency-25.cdgp
1704042632022405725,1704042642023417175,500,http://172.169.8.253:31112/function/opt-66b-submod-0-latency-25.cdgp
1704042632038996692,1704042642040131535,500,http://172.169.8.253:31112/function/opt-66b-submod-0-latency-25.cdgp
1704042632039080072,1704042636743277450,200,http://172.169.8.253:31112/function/opt-66b-submod-0-latency-25.cdgp
1704042632063672093,1704042642065104181,500,http://172.169.8.253:31112/function/opt-66b-submod-0-latency-25.cdgp
1704042632063793110,1704042642065158622,500,http://172.169.8.253:31112/function/opt-66b-submod-0-latency-25.cdgp
1704042632063938062,1704042642065178130,500,http://172.169.8.253:31112/function/opt-66b-submod-0-latency-25.cdgp
1704042632064006209,1704042637507591175,200,http://172.169.8.253:31112/function/opt-66b-submod-0-latency-25.cdgp
1704042632064032673,1704042642011148370,500,http://172.169.8.253:31112/function/opt-66b-submod-0-latency-25.cdgp
1704042632064090021,1704042642064981404,500,http://172.169.8.253:31112/function/opt-66b-submod-0-latency-25.cdgp
1704042632064147345,1704042634412244274,200,http://172.169.8.253:31112/function/opt-66b-submod-0-latency-25.cdgp
1704042632064192606,1704042642065096105,500,http://172.169.8.253:31112/function/opt-66b-submod-0-latency-25.cdgp
1704042632064294200,1704042642064989412,500,http://172.169.8.253:31112/function/opt-66b-submod-0-latency-25.cdgp
1704042632066521274,1704042635534561354,200,http://172.169.8.253:31112/function/opt-66b-submod-0-latency-25.cdgp
1704042632066620056,1704042634727083684,200,http://172.169.8.253:31112/function/opt-66b-submod-0-latency-25.cdgp
1704042632066710518,1704042642067200358,500,http://172.169.8.253:31112/function/opt-66b-submod-0-latency-25.cdgp
1704042632066780371,1704042642067174505,500,http://172.169.8.253:31112/function/opt-66b-submod-0-latency-25.cdgp
1704042632077738504,1704042634901765333,200,http://172.169.8.253:31112/function/opt-66b-submod-0-latency-25.cdgp
1704042632080309366,1704042637477754023,200,http://172.169.8.253:31112/function/opt-66b-submod-0-latency-25.cdgp
1704042632080465088,1704042636108292721,200,http://172.169.8.253:31112/function/opt-66b-submod-0-latency-25.cdgp
1704042632080558209,1704042636765389358,200,http://172.169.8.253:31112/function/opt-66b-submod-0-latency-25.cdgp
1704042632123140962,1704042642124078692,500,http://172.169.8.253:31112/function/opt-66b-submod-0-latency-25.cdgp
1704042632123226079,1704042642124023911,500,http://172.169.8.253:31112/function/opt-66b-submod-0-latency-25.cdgp
1704042632123317837,1704042642124017049,500,http://172.169.8.253:31112/function/opt-66b-submod-0-latency-25.cdgp
1704042632123395234,1704042642123994689,500,http://172.169.8.253:31112/function/opt-66b-submod-0-latency-25.cdgp
1704042632123466070,1704042636743601532,200,http://172.169.8.253:31112/function/opt-66b-submod-0-latency-25.cdgp
1704042632143878818,1704042642126107927,500,http://172.169.8.253:31112/function/opt-66b-submod-0-latency-25.cdgp
1704042632143995316,1704042634927936598,200,http://172.169.8.253:31112/function/opt-66b-submod-0-latency-25.cdgp
1704042632144075132,1704042642044420700,500,http://172.169.8.253:31112/function/opt-66b-submod-0-latency-25.cdgp
1704042632144159800,1704042636727291209,200,http://172.169.8.253:31112/function/opt-66b-submod-0-latency-25.cdgp
1704042632144251883,1704042642040458081,500,http://172.169.8.253:31112/function/opt-66b-submod-0-latency-25.cdgp
1704042632144337038,1704042642123732722,500,http://172.169.8.253:31112/function/opt-66b-submod-0-latency-25.cdgp
1704042632144399176,1704042642145005247,500,http://172.169.8.253:31112/function/opt-66b-submod-0-latency-25.cdgp
1704042632144491939,1704042642145085311,500,http://172.169.8.253:31112/function/opt-66b-submod-0-latency-25.cdgp
1704042632144571255,1704042642101431550,500,http://172.169.8.253:31112/function/opt-66b-submod-0-latency-25.cdgp
1704042632144626266,1704042636743681327,200,http://172.169.8.253:31112/function/opt-66b-submod-0-latency-25.cdgp
1704042632144728293,1704042642128559241,500,http://172.169.8.253:31112/function/opt-66b-submod-0-latency-25.cdgp
1704042632144818783,1704042642145027102,500,http://172.169.8.253:31112/function/opt-66b-submod-0-latency-25.cdgp
1704042632179353371,1704042642102036449,500,http://172.169.8.253:31112/function/opt-66b-submod-0-latency-25.cdgp
1704042632179430406,1704042642180593274,500,http://172.169.8.253:31112/function/opt-66b-submod-0-latency-25.cdgp
1704042632179470788,1704042642128114362,500,http://172.169.8.253:31112/function/opt-66b-submod-0-latency-25.cdgp
1704042632179555898,1704042638074769065,200,http://172.169.8.253:31112/function/opt-66b-submod-0-latency-25.cdgp
1704042632179629693,1704042636743184220,200,http://172.169.8.253:31112/function/opt-66b-submod-0-latency-25.cdgp
1704042632179718890,1704042642099723157,500,http://172.169.8.253:31112/function/opt-66b-submod-0-latency-25.cdgp
1704042632791986061,1704042642083406592,500,http://172.169.8.253:31112/function/opt-66b-submod-0-latency-25.cdgp
1704042632792066401,1704042635727545631,200,http://172.169.8.253:31112/function/opt-66b-submod-0-latency-25.cdgp
1704042632792156532,1704042638932027544,200,http://172.169.8.253:31112/function/opt-66b-submod-0-latency-25.cdgp
1704042632792252719,1704042635835559978,200,http://172.169.8.253:31112/function/opt-66b-submod-0-latency-25.cdgp
1704042632792312941,1704042642178213947,500,http://172.169.8.253:31112/function/opt-66b-submod-0-latency-25.cdgp
1704042632792378699,1704042642071382432,500,http://172.169.8.253:31112/function/opt-66b-submod-0-latency-25.cdgp
1704042632792457555,1704042636767418086,200,http://172.169.8.253:31112/function/opt-66b-submod-0-latency-25.cdgp
1704042632792631739,1704042636819449922,200,http://172.169.8.253:31112/function/opt-66b-submod-0-latency-25.cdgp
1704042632792684848,1704042642539974871,500,http://172.169.8.253:31112/function/opt-66b-submod-0-latency-25.cdgp
1704042632795839092,1704042638075011434,200,http://172.169.8.253:31112/function/opt-66b-submod-0-latency-25.cdgp
1704042632795944445,1704042638075058181,200,http://172.169.8.253:31112/function/opt-66b-submod-0-latency-25.cdgp
1704042632796012588,1704042642540905667,500,http://172.169.8.253:31112/function/opt-66b-submod-0-latency-25.cdgp
1704042632796077454,1704042636727809619,200,http://172.169.8.253:31112/function/opt-66b-submod-0-latency-25.cdgp
1704042632796155965,1704042642797014400,500,http://172.169.8.253:31112/function/opt-66b-submod-0-latency-25.cdgp
1704042632796248842,1704042637508716162,200,http://172.169.8.253:31112/function/opt-66b-submod-0-latency-25.cdgp
1704042632796328854,1704042637477355544,200,http://172.169.8.253:31112/function/opt-66b-submod-0-latency-25.cdgp
1704042632797442419,1704042638080727336,200,http://172.169.8.253:31112/function/opt-66b-submod-0-latency-25.cdgp
1704042632797539485,1704042642798146186,500,http://172.169.8.253:31112/function/opt-66b-submod-0-latency-25.cdgp
1704042632797624561,1704042642539199559,500,http://172.169.8.253:31112/function/opt-66b-submod-0-latency-25.cdgp
1704042632797747681,1704042636765374179,200,http://172.169.8.253:31112/function/opt-66b-submod-0-latency-25.cdgp
1704042632799529471,1704042642175086449,500,http://172.169.8.253:31112/function/opt-66b-submod-0-latency-25.cdgp
1704042632932188054,1704042634943723594,200,http://172.169.8.253:31112/function/opt-66b-submod-0-latency-25.cdgp
1704042632932275084,1704042642603349984,500,http://172.169.8.253:31112/function/opt-66b-submod-0-latency-25.cdgp
1704042632932344408,1704042637643475388,200,http://172.169.8.253:31112/function/opt-66b-submod-0-latency-25.cdgp
1704042632932405943,1704042642581599353,500,http://172.169.8.253:31112/function/opt-66b-submod-0-latency-25.cdgp
1704042632932600820,1704042642304189538,500,http://172.169.8.253:31112/function/opt-66b-submod-0-latency-25.cdgp
1704042632932696921,1704042637602686072,200,http://172.169.8.253:31112/function/opt-66b-submod-0-latency-25.cdgp
1704042632976484885,1704042642395360105,500,http://172.169.8.253:31112/function/opt-66b-submod-0-latency-25.cdgp
1704042632976525019,1704042635675440252,200,http://172.169.8.253:31112/function/opt-66b-submod-0-latency-25.cdgp
1704042632976606937,1704042635802585706,200,http://172.169.8.253:31112/function/opt-66b-submod-0-latency-25.cdgp
1704042632976686295,1704042638318099259,200,http://172.169.8.253:31112/function/opt-66b-submod-0-latency-25.cdgp
1704042632976758384,1704042642504587861,500,http://172.169.8.253:31112/function/opt-66b-submod-0-latency-25.cdgp
1704042632976826398,1704042638073632701,200,http://172.169.8.253:31112/function/opt-66b-submod-0-latency-25.cdgp
1704042632976892459,1704042642955400742,500,http://172.169.8.253:31112/function/opt-66b-submod-0-latency-25.cdgp
1704042632976919984,1704042638073940853,200,http://172.169.8.253:31112/function/opt-66b-submod-0-latency-25.cdgp
1704042632976998590,1704042636215545565,200,http://172.169.8.253:31112/function/opt-66b-submod-0-latency-25.cdgp
1704042632977066738,1704042642913748429,500,http://172.169.8.253:31112/function/opt-66b-submod-0-latency-25.cdgp
1704042632977111772,1704042637603260109,200,http://172.169.8.253:31112/function/opt-66b-submod-0-latency-25.cdgp
1704042632977194414,1704042638884122666,200,http://172.169.8.253:31112/function/opt-66b-submod-0-latency-25.cdgp
1704042632977220315,1704042642353664566,500,http://172.169.8.253:31112/function/opt-66b-submod-0-latency-25.cdgp
1704042632977338553,1704042642913909758,500,http://172.169.8.253:31112/function/opt-66b-submod-0-latency-25.cdgp
1704042632980057379,1704042638164594278,200,http://172.169.8.253:31112/function/opt-66b-submod-0-latency-25.cdgp
1704042632980147041,1704042637602776695,200,http://172.169.8.253:31112/function/opt-66b-submod-0-latency-25.cdgp
1704042632980230036,1704042638075074180,200,http://172.169.8.253:31112/function/opt-66b-submod-0-latency-25.cdgp
1704042632980300174,1704042642103979836,500,http://172.169.8.253:31112/function/opt-66b-submod-0-latency-25.cdgp
1704042632980386067,1704042635149230385,200,http://172.169.8.253:31112/function/opt-66b-submod-0-latency-25.cdgp
1704042632980457814,1704042635832992616,200,http://172.169.8.253:31112/function/opt-66b-submod-0-latency-25.cdgp
1704042632980548300,1704042637496820761,200,http://172.169.8.253:31112/function/opt-66b-submod-0-latency-25.cdgp
1704042632980630539,1704042642394732468,500,http://172.169.8.253:31112/function/opt-66b-submod-0-latency-25.cdgp
1704042632980680487,1704042642914078015,500,http://172.169.8.253:31112/function/opt-66b-submod-0-latency-25.cdgp
1704042632980765587,1704042642397107234,500,http://172.169.8.253:31112/function/opt-66b-submod-0-latency-25.cdgp
1704042632980833136,1704042638074399790,200,http://172.169.8.253:31112/function/opt-66b-submod-0-latency-25.cdgp
1704042632980907330,1704042642982015448,500,http://172.169.8.253:31112/function/opt-66b-submod-0-latency-25.cdgp
1704042632980960631,1704042642027647248,500,http://172.169.8.253:31112/function/opt-66b-submod-0-latency-25.cdgp
1704042632981031523,1704042642731121162,500,http://172.169.8.253:31112/function/opt-66b-submod-0-latency-25.cdgp
1704042632981131562,1704042634901936136,200,http://172.169.8.253:31112/function/opt-66b-submod-0-latency-25.cdgp
1704042632981223556,1704042636743830406,200,http://172.169.8.253:31112/function/opt-66b-submod-0-latency-25.cdgp
1704042632981292726,1704042642357550719,500,http://172.169.8.253:31112/function/opt-66b-submod-0-latency-25.cdgp
1704042632981367341,1704042637603277966,200,http://172.169.8.253:31112/function/opt-66b-submod-0-latency-25.cdgp
1704042632981446853,1704042636727241005,200,http://172.169.8.253:31112/function/opt-66b-submod-0-latency-25.cdgp
1704042632993588959,1704042638360603696,200,http://172.169.8.253:31112/function/opt-66b-submod-0-latency-25.cdgp
1704042632993671297,1704042636271165000,200,http://172.169.8.253:31112/function/opt-66b-submod-0-latency-25.cdgp
1704042632993748492,1704042636727820690,200,http://172.169.8.253:31112/function/opt-66b-submod-0-latency-25.cdgp
1704042632993806402,1704042638076045825,200,http://172.169.8.253:31112/function/opt-66b-submod-0-latency-25.cdgp
1704042632993881550,1704042635536252390,200,http://172.169.8.253:31112/function/opt-66b-submod-0-latency-25.cdgp
1704042632993907087,1704042635926215367,200,http://172.169.8.253:31112/function/opt-66b-submod-0-latency-25.cdgp
1704042633588483423,1704042643246816090,500,http://172.169.8.253:31112/function/opt-66b-submod-0-latency-25.cdgp
1704042633588621666,1704042642596300730,500,http://172.169.8.253:31112/function/opt-66b-submod-0-latency-25.cdgp
1704042633588695764,1704042643086841914,500,http://172.169.8.253:31112/function/opt-66b-submod-0-latency-25.cdgp
1704042633588715361,1704042643082087605,500,http://172.169.8.253:31112/function/opt-66b-submod-0-latency-25.cdgp
1704042633593433452,1704042637477766554,200,http://172.169.8.253:31112/function/opt-66b-submod-0-latency-25.cdgp
1704042633593519144,1704042634947067813,200,http://172.169.8.253:31112/function/opt-66b-submod-0-latency-25.cdgp
1704042633593627646,1704042643264142466,500,http://172.169.8.253:31112/function/opt-66b-submod-0-latency-25.cdgp
1704042633599302132,1704042643243580474,500,http://172.169.8.253:31112/function/opt-66b-submod-0-latency-25.cdgp
1704042633599812277,1704042642629971928,500,http://172.169.8.253:31112/function/opt-66b-submod-0-latency-25.cdgp
1704042633600482739,1704042643376430704,500,http://172.169.8.253:31112/function/opt-66b-submod-0-latency-25.cdgp
1704042633600605609,1704042637506295871,200,http://172.169.8.253:31112/function/opt-66b-submod-0-latency-25.cdgp
1704042633600726297,1704042643494225464,500,http://172.169.8.253:31112/function/opt-66b-submod-0-latency-25.cdgp
1704042633600858614,1704042637477261240,200,http://172.169.8.253:31112/function/opt-66b-submod-0-latency-25.cdgp
1704042633601052534,1704042642616012157,500,http://172.169.8.253:31112/function/opt-66b-submod-0-latency-25.cdgp
1704042633601150561,1704042643602135162,500,http://172.169.8.253:31112/function/opt-66b-submod-0-latency-25.cdgp
1704042633601348445,1704042643494349243,500,http://172.169.8.253:31112/function/opt-66b-submod-0-latency-25.cdgp
1704042633667698165,1704042635737875770,200,http://172.169.8.253:31112/function/opt-66b-submod-0-latency-25.cdgp
1704042633667810250,1704042636787592839,200,http://172.169.8.253:31112/function/opt-66b-submod-0-latency-25.cdgp
1704042633667875693,1704042643210546552,500,http://172.169.8.253:31112/function/opt-66b-submod-0-latency-25.cdgp
1704042633667961465,1704042636743199828,200,http://172.169.8.253:31112/function/opt-66b-submod-0-latency-25.cdgp
1704042633668077973,1704042643377332729,500,http://172.169.8.253:31112/function/opt-66b-submod-0-latency-25.cdgp
1704042634457017010,1704042637519465041,200,http://172.169.8.253:31112/function/opt-66b-submod-0-latency-25.cdgp
1704042634457098278,1704042636712999358,200,http://172.169.8.253:31112/function/opt-66b-submod-0-latency-25.cdgp
1704042634457193770,1704042643983292863,500,http://172.169.8.253:31112/function/opt-66b-submod-0-latency-25.cdgp
1704042634740904885,1704042644402245104,500,http://172.169.8.253:31112/function/opt-66b-submod-0-latency-25.cdgp
1704042634741000488,1704042644047524230,500,http://172.169.8.253:31112/function/opt-66b-submod-0-latency-25.cdgp
1704042634741085128,1704042644413030921,500,http://172.169.8.253:31112/function/opt-66b-submod-0-latency-25.cdgp
1704042634741145792,1704042638073708472,200,http://172.169.8.253:31112/function/opt-66b-submod-0-latency-25.cdgp
1704042634741212696,1704042638315820362,200,http://172.169.8.253:31112/function/opt-66b-submod-0-latency-25.cdgp
1704042634741262148,1704042643719943111,500,http://172.169.8.253:31112/function/opt-66b-submod-0-latency-25.cdgp
1704042634741340078,1704042644487642796,500,http://172.169.8.253:31112/function/opt-66b-submod-0-latency-25.cdgp
1704042634741396717,1704042644258470558,500,http://172.169.8.253:31112/function/opt-66b-submod-0-latency-25.cdgp
1704042634741459852,1704042644402737127,500,http://172.169.8.253:31112/function/opt-66b-submod-0-latency-25.cdgp
1704042634741488962,1704042638879475241,200,http://172.169.8.253:31112/function/opt-66b-submod-0-latency-25.cdgp
1704042634741560390,1704042638892316081,200,http://172.169.8.253:31112/function/opt-66b-submod-0-latency-25.cdgp
1704042634741658337,1704042644012251959,500,http://172.169.8.253:31112/function/opt-66b-submod-0-latency-25.cdgp
1704042634741714949,1704042637602776277,200,http://172.169.8.253:31112/function/opt-66b-submod-0-latency-25.cdgp
1704042634741785947,1704042638890969623,200,http://172.169.8.253:31112/function/opt-66b-submod-0-latency-25.cdgp
1704042634741823654,1704042638317449667,200,http://172.169.8.253:31112/function/opt-66b-submod-0-latency-25.cdgp
1704042634741881270,1704042638315835633,200,http://172.169.8.253:31112/function/opt-66b-submod-0-latency-25.cdgp
1704042634741957812,1704042644263847081,500,http://172.169.8.253:31112/function/opt-66b-submod-0-latency-25.cdgp
1704042634741984632,1704042638890242274,200,http://172.169.8.253:31112/function/opt-66b-submod-0-latency-25.cdgp
1704042634742057666,1704042644401784272,500,http://172.169.8.253:31112/function/opt-66b-submod-0-latency-25.cdgp
1704042634742134689,1704042643984309784,500,http://172.169.8.253:31112/function/opt-66b-submod-0-latency-25.cdgp
1704042634742170407,1704042638072469650,200,http://172.169.8.253:31112/function/opt-66b-submod-0-latency-25.cdgp
1704042634744239703,1704042638885999947,200,http://172.169.8.253:31112/function/opt-66b-submod-0-latency-25.cdgp
1704042634744338372,1704042637477276698,200,http://172.169.8.253:31112/function/opt-66b-submod-0-latency-25.cdgp
1704042634744420471,1704042637857958320,200,http://172.169.8.253:31112/function/opt-66b-submod-0-latency-25.cdgp
1704042634744483735,1704042643971164285,500,http://172.169.8.253:31112/function/opt-66b-submod-0-latency-25.cdgp
1704042634744526464,1704042638923431377,200,http://172.169.8.253:31112/function/opt-66b-submod-0-latency-25.cdgp
1704042634744604869,1704042644269776327,500,http://172.169.8.253:31112/function/opt-66b-submod-0-latency-25.cdgp
1704042634744676015,1704042638883722546,200,http://172.169.8.253:31112/function/opt-66b-submod-0-latency-25.cdgp
1704042634744701154,1704042644267905251,500,http://172.169.8.253:31112/function/opt-66b-submod-0-latency-25.cdgp
1704042634744764009,1704042637509406033,200,http://172.169.8.253:31112/function/opt-66b-submod-0-latency-25.cdgp
1704042634744820355,1704042638073798917,200,http://172.169.8.253:31112/function/opt-66b-submod-0-latency-25.cdgp
1704042634744908869,1704042638879786294,200,http://172.169.8.253:31112/function/opt-66b-submod-0-latency-25.cdgp
1704042634966871735,1704042644967907612,500,http://172.169.8.253:31112/function/opt-66b-submod-0-latency-25.cdgp
1704042634966990089,1704042644543427415,500,http://172.169.8.253:31112/function/opt-66b-submod-0-latency-25.cdgp
1704042634967062441,1704042638927266471,200,http://172.169.8.253:31112/function/opt-66b-submod-0-latency-25.cdgp
1704042634967135842,1704042644556701349,500,http://172.169.8.253:31112/function/opt-66b-submod-0-latency-25.cdgp
1704042634967187892,1704042638127469015,200,http://172.169.8.253:31112/function/opt-66b-submod-0-latency-25.cdgp
1704042634967265917,1704042644620981830,500,http://172.169.8.253:31112/function/opt-66b-submod-0-latency-25.cdgp
1704042634967354406,1704042638881550877,200,http://172.169.8.253:31112/function/opt-66b-submod-0-latency-25.cdgp
1704042634967429936,1704042638119403736,200,http://172.169.8.253:31112/function/opt-66b-submod-0-latency-25.cdgp
1704042634967458246,1704042638967709641,200,http://172.169.8.253:31112/function/opt-66b-submod-0-latency-25.cdgp
1704042634967528303,1704042638922735896,200,http://172.169.8.253:31112/function/opt-66b-submod-0-latency-25.cdgp
1704042634967603453,1704042644263746671,500,http://172.169.8.253:31112/function/opt-66b-submod-0-latency-25.cdgp
1704042634967669018,1704042644367711323,500,http://172.169.8.253:31112/function/opt-66b-submod-0-latency-25.cdgp
1704042634967756708,1704042644454915182,500,http://172.169.8.253:31112/function/opt-66b-submod-0-latency-25.cdgp
1704042634967827847,1704042637406773428,200,http://172.169.8.253:31112/function/opt-66b-submod-0-latency-25.cdgp
1704042634967833264,1704042637602687637,200,http://172.169.8.253:31112/function/opt-66b-submod-0-latency-25.cdgp
1704042634999195742,1704042644482413765,500,http://172.169.8.253:31112/function/opt-66b-submod-0-latency-25.cdgp
1704042634999266006,1704042644651537367,500,http://172.169.8.253:31112/function/opt-66b-submod-0-latency-25.cdgp
1704042634999303996,1704042644653356659,500,http://172.169.8.253:31112/function/opt-66b-submod-0-latency-25.cdgp
1704042634999392767,1704042637477114895,200,http://172.169.8.253:31112/function/opt-66b-submod-0-latency-25.cdgp
1704042635195589082,1704042644571403154,500,http://172.169.8.253:31112/function/opt-66b-submod-0-latency-25.cdgp
1704042635195707341,1704042644527632696,500,http://172.169.8.253:31112/function/opt-66b-submod-0-latency-25.cdgp
1704042635195799356,1704042645196280171,500,http://172.169.8.253:31112/function/opt-66b-submod-0-latency-25.cdgp
1704042635195865560,1704042644584819443,500,http://172.169.8.253:31112/function/opt-66b-submod-0-latency-25.cdgp
1704042636078262592,1704042645479532783,500,http://172.169.8.253:31112/function/opt-66b-submod-0-latency-25.cdgp
1704042636078344657,1704042645546878491,500,http://172.169.8.253:31112/function/opt-66b-submod-0-latency-25.cdgp
1704042636078486644,1704042645476497020,500,http://172.169.8.253:31112/function/opt-66b-submod-0-latency-25.cdgp
1704042636078553735,1704042638435457701,200,http://172.169.8.253:31112/function/opt-66b-submod-0-latency-25.cdgp
1704042636078600858,1704042638911478351,200,http://172.169.8.253:31112/function/opt-66b-submod-0-latency-25.cdgp
1704042636078691319,1704042645107813621,500,http://172.169.8.253:31112/function/opt-66b-submod-0-latency-25.cdgp
1704042636078738501,1704042638119480934,200,http://172.169.8.253:31112/function/opt-66b-submod-0-latency-25.cdgp
1704042636078823804,1704042638907859836,200,http://172.169.8.253:31112/function/opt-66b-submod-0-latency-25.cdgp
1704042636078848372,1704042645241522783,500,http://172.169.8.253:31112/function/opt-66b-submod-0-latency-25.cdgp
1704042636078915464,1704042638544758717,200,http://172.169.8.253:31112/function/opt-66b-submod-0-latency-25.cdgp
1704042636079010672,1704042645341201956,500,http://172.169.8.253:31112/function/opt-66b-submod-0-latency-25.cdgp
1704042636079041044,1704042638967678504,200,http://172.169.8.253:31112/function/opt-66b-submod-0-latency-25.cdgp
1704042636079105073,1704042639125364176,200,http://172.169.8.253:31112/function/opt-66b-submod-0-latency-25.cdgp
1704042636079211230,1704042645669228322,500,http://172.169.8.253:31112/function/opt-66b-submod-0-latency-25.cdgp
1704042636079303302,1704042638924289929,200,http://172.169.8.253:31112/function/opt-66b-submod-0-latency-25.cdgp
1704042636079397246,1704042640454552907,200,http://172.169.8.253:31112/function/opt-66b-submod-0-latency-25.cdgp
1704042636079474748,1704042638910114210,200,http://172.169.8.253:31112/function/opt-66b-submod-0-latency-25.cdgp
1704042636079549990,1704042638394189255,200,http://172.169.8.253:31112/function/opt-66b-submod-0-latency-25.cdgp
1704042636079596794,1704042645629605790,500,http://172.169.8.253:31112/function/opt-66b-submod-0-latency-25.cdgp
1704042636079673605,1704042640336833689,200,http://172.169.8.253:31112/function/opt-66b-submod-0-latency-25.cdgp
1704042636079754105,1704042645545027668,500,http://172.169.8.253:31112/function/opt-66b-submod-0-latency-25.cdgp
1704042636079786375,1704042645382972756,500,http://172.169.8.253:31112/function/opt-66b-submod-0-latency-25.cdgp
1704042636079847391,1704042645343134169,500,http://172.169.8.253:31112/function/opt-66b-submod-0-latency-25.cdgp
1704042636079901586,1704042638883190733,200,http://172.169.8.253:31112/function/opt-66b-submod-0-latency-25.cdgp
1704042636079925933,1704042645543254118,500,http://172.169.8.253:31112/function/opt-66b-submod-0-latency-25.cdgp
1704042636080014244,1704042640361019169,200,http://172.169.8.253:31112/function/opt-66b-submod-0-latency-25.cdgp
1704042636080092039,1704042646080784275,500,http://172.169.8.253:31112/function/opt-66b-submod-0-latency-25.cdgp
1704042636080175203,1704042640319395566,200,http://172.169.8.253:31112/function/opt-66b-submod-0-latency-25.cdgp
1704042636080283112,1704042638929314105,200,http://172.169.8.253:31112/function/opt-66b-submod-0-latency-25.cdgp
1704042636080398277,1704042641074980382,200,http://172.169.8.253:31112/function/opt-66b-submod-0-latency-25.cdgp
1704042636080457641,1704042645672526274,500,http://172.169.8.253:31112/function/opt-66b-submod-0-latency-25.cdgp
1704042636122122105,1704042640843591167,200,http://172.169.8.253:31112/function/opt-66b-submod-0-latency-25.cdgp
1704042636122201348,1704042645714896505,500,http://172.169.8.253:31112/function/opt-66b-submod-0-latency-25.cdgp
1704042636122310467,1704042645631462441,500,http://172.169.8.253:31112/function/opt-66b-submod-0-latency-25.cdgp
1704042636125482388,1704042640149409034,200,http://172.169.8.253:31112/function/opt-66b-submod-0-latency-25.cdgp
1704042636125546409,1704042638722298149,200,http://172.169.8.253:31112/function/opt-66b-submod-0-latency-25.cdgp
1704042636125595173,1704042640149263331,200,http://172.169.8.253:31112/function/opt-66b-submod-0-latency-25.cdgp
1704042636125647231,1704042646126075789,500,http://172.169.8.253:31112/function/opt-66b-submod-0-latency-25.cdgp
1704042636125710599,1704042646126152652,500,http://172.169.8.253:31112/function/opt-66b-submod-0-latency-25.cdgp
1704042636125761789,1704042646126072969,500,http://172.169.8.253:31112/function/opt-66b-submod-0-latency-25.cdgp
1704042636125814612,1704042640865301234,200,http://172.169.8.253:31112/function/opt-66b-submod-0-latency-25.cdgp
1704042636125869544,1704042641135367302,200,http://172.169.8.253:31112/function/opt-66b-submod-0-latency-25.cdgp
1704042636125976938,1704042646126179937,500,http://172.169.8.253:31112/function/opt-66b-submod-0-latency-25.cdgp
1704042636150428591,1704042640314353201,200,http://172.169.8.253:31112/function/opt-66b-submod-0-latency-25.cdgp
1704042636150747798,1704042641220778715,200,http://172.169.8.253:31112/function/opt-66b-submod-0-latency-25.cdgp
1704042636150855681,1704042646152081022,500,http://172.169.8.253:31112/function/opt-66b-submod-0-latency-25.cdgp
1704042636150923060,1704042646151606066,500,http://172.169.8.253:31112/function/opt-66b-submod-0-latency-25.cdgp
1704042636150966398,1704042639538893991,200,http://172.169.8.253:31112/function/opt-66b-submod-0-latency-25.cdgp
1704042636151044403,1704042639127235641,200,http://172.169.8.253:31112/function/opt-66b-submod-0-latency-25.cdgp
1704042636151072785,1704042639535472749,200,http://172.169.8.253:31112/function/opt-66b-submod-0-latency-25.cdgp
1704042636151163092,1704042646151829712,500,http://172.169.8.253:31112/function/opt-66b-submod-0-latency-25.cdgp
1704042636151217979,1704042646151602259,500,http://172.169.8.253:31112/function/opt-66b-submod-0-latency-25.cdgp
1704042636151348547,1704042640249353281,200,http://172.169.8.253:31112/function/opt-66b-submod-0-latency-25.cdgp
1704042636151434790,1704042641070122613,200,http://172.169.8.253:31112/function/opt-66b-submod-0-latency-25.cdgp
1704042636151560013,1704042646152106823,500,http://172.169.8.253:31112/function/opt-66b-submod-0-latency-25.cdgp
1704042636151640680,1704042640311197535,200,http://172.169.8.253:31112/function/opt-66b-submod-0-latency-25.cdgp
1704042636151744331,1704042646151981166,500,http://172.169.8.253:31112/function/opt-66b-submod-0-latency-25.cdgp
1704042636151817045,1704042638909153182,200,http://172.169.8.253:31112/function/opt-66b-submod-0-latency-25.cdgp
1704042636151859369,1704042646152116191,500,http://172.169.8.253:31112/function/opt-66b-submod-0-latency-25.cdgp
1704042636151943399,1704042646152095571,500,http://172.169.8.253:31112/function/opt-66b-submod-0-latency-25.cdgp
1704042636152027339,1704042646152246315,500,http://172.169.8.253:31112/function/opt-66b-submod-0-latency-25.cdgp
1704042636152103982,1704042640316812473,200,http://172.169.8.253:31112/function/opt-66b-submod-0-latency-25.cdgp
1704042636152196052,1704042640312424679,200,http://172.169.8.253:31112/function/opt-66b-submod-0-latency-25.cdgp
1704042636152270225,1704042646152996474,500,http://172.169.8.253:31112/function/opt-66b-submod-0-latency-25.cdgp
1704042636152338839,1704042646153095579,500,http://172.169.8.253:31112/function/opt-66b-submod-0-latency-25.cdgp
1704042636152392341,1704042640356686258,200,http://172.169.8.253:31112/function/opt-66b-submod-0-latency-25.cdgp
1704042636152444102,1704042646152988158,500,http://172.169.8.253:31112/function/opt-66b-submod-0-latency-25.cdgp
1704042636152508489,1704042646153079212,500,http://172.169.8.253:31112/function/opt-66b-submod-0-latency-25.cdgp
1704042636152537732,1704042640596477932,200,http://172.169.8.253:31112/function/opt-66b-submod-0-latency-25.cdgp
1704042636152615932,1704042641537138493,200,http://172.169.8.253:31112/function/opt-66b-submod-0-latency-25.cdgp
1704042636152694889,1704042646153093380,500,http://172.169.8.253:31112/function/opt-66b-submod-0-latency-25.cdgp
1704042636152750175,1704042646153100463,500,http://172.169.8.253:31112/function/opt-66b-submod-0-latency-25.cdgp
1704042636152775190,1704042639540973126,200,http://172.169.8.253:31112/function/opt-66b-submod-0-latency-25.cdgp
1704042636152832295,1704042646153208624,500,http://172.169.8.253:31112/function/opt-66b-submod-0-latency-25.cdgp
1704042636152895923,1704042646153220354,500,http://172.169.8.253:31112/function/opt-66b-submod-0-latency-25.cdgp
1704042636152978529,1704042646153207776,500,http://172.169.8.253:31112/function/opt-66b-submod-0-latency-25.cdgp
1704042636153055025,1704042641488638793,200,http://172.169.8.253:31112/function/opt-66b-submod-0-latency-25.cdgp
1704042636153137295,1704042638926144042,200,http://172.169.8.253:31112/function/opt-66b-submod-0-latency-25.cdgp
1704042636153207235,1704042640317516120,200,http://172.169.8.253:31112/function/opt-66b-submod-0-latency-25.cdgp
1704042636153234641,1704042646153835609,500,http://172.169.8.253:31112/function/opt-66b-submod-0-latency-25.cdgp
1704042636153364315,1704042639980071441,200,http://172.169.8.253:31112/function/opt-66b-submod-0-latency-25.cdgp
1704042636153444870,1704042646154024319,500,http://172.169.8.253:31112/function/opt-66b-submod-0-latency-25.cdgp
1704042636153530758,1704042646153838934,500,http://172.169.8.253:31112/function/opt-66b-submod-0-latency-25.cdgp
1704042636153609469,1704042640355565209,200,http://172.169.8.253:31112/function/opt-66b-submod-0-latency-25.cdgp
1704042636153636336,1704042646154058277,500,http://172.169.8.253:31112/function/opt-66b-submod-0-latency-25.cdgp
1704042636153719251,1704042640313348122,200,http://172.169.8.253:31112/function/opt-66b-submod-0-latency-25.cdgp
1704042636153785296,1704042646154043973,500,http://172.169.8.253:31112/function/opt-66b-submod-0-latency-25.cdgp
1704042636153821424,1704042646154044622,500,http://172.169.8.253:31112/function/opt-66b-submod-0-latency-25.cdgp
1704042636153909114,1704042639539596447,200,http://172.169.8.253:31112/function/opt-66b-submod-0-latency-25.cdgp
1704042636153975404,1704042640568958123,200,http://172.169.8.253:31112/function/opt-66b-submod-0-latency-25.cdgp
1704042636153998180,1704042639528263127,200,http://172.169.8.253:31112/function/opt-66b-submod-0-latency-25.cdgp
1704042636154065567,1704042640317202902,200,http://172.169.8.253:31112/function/opt-66b-submod-0-latency-25.cdgp
1704042636154144089,1704042641504102351,200,http://172.169.8.253:31112/function/opt-66b-submod-0-latency-25.cdgp
1704042636154198395,1704042640568626493,200,http://172.169.8.253:31112/function/opt-66b-submod-0-latency-25.cdgp
1704042636154277962,1704042639529333130,200,http://172.169.8.253:31112/function/opt-66b-submod-0-latency-25.cdgp
1704042636154349437,1704042646155047791,500,http://172.169.8.253:31112/function/opt-66b-submod-0-latency-25.cdgp
1704042636154428704,1704042641066572916,200,http://172.169.8.253:31112/function/opt-66b-submod-0-latency-25.cdgp
1704042636154464389,1704042646155049117,500,http://172.169.8.253:31112/function/opt-66b-submod-0-latency-25.cdgp
1704042636154545971,1704042646155110785,500,http://172.169.8.253:31112/function/opt-66b-submod-0-latency-25.cdgp
1704042636154605978,1704042640679669379,200,http://172.169.8.253:31112/function/opt-66b-submod-0-latency-25.cdgp
1704042636158184154,1704042646159477795,500,http://172.169.8.253:31112/function/opt-66b-submod-0-latency-25.cdgp
1704042636158269796,1704042646159477135,500,http://172.169.8.253:31112/function/opt-66b-submod-0-latency-25.cdgp
1704042636158363990,1704042646159460953,500,http://172.169.8.253:31112/function/opt-66b-submod-0-latency-25.cdgp
1704042636158474726,1704042646159485916,500,http://172.169.8.253:31112/function/opt-66b-submod-0-latency-25.cdgp
1704042636161313509,1704042640233319651,200,http://172.169.8.253:31112/function/opt-66b-submod-0-latency-25.cdgp
1704042636161400090,1704042640566372532,200,http://172.169.8.253:31112/function/opt-66b-submod-0-latency-25.cdgp
1704042636161463673,1704042646163110066,500,http://172.169.8.253:31112/function/opt-66b-submod-0-latency-25.cdgp
1704042636161550286,1704042639988355970,200,http://172.169.8.253:31112/function/opt-66b-submod-0-latency-25.cdgp
1704042636161628586,1704042646163335177,500,http://172.169.8.253:31112/function/opt-66b-submod-0-latency-25.cdgp
1704042636161700103,1704042640411959702,200,http://172.169.8.253:31112/function/opt-66b-submod-0-latency-25.cdgp
1704042636161772251,1704042646163363938,500,http://172.169.8.253:31112/function/opt-66b-submod-0-latency-25.cdgp
1704042636161856213,1704042640311263286,200,http://172.169.8.253:31112/function/opt-66b-submod-0-latency-25.cdgp
1704042636161913751,1704042640310475886,200,http://172.169.8.253:31112/function/opt-66b-submod-0-latency-25.cdgp
1704042636161979651,1704042646163348075,500,http://172.169.8.253:31112/function/opt-66b-submod-0-latency-25.cdgp
1704042636162031095,1704042639602708689,200,http://172.169.8.253:31112/function/opt-66b-submod-0-latency-25.cdgp
1704042636162104062,1704042646162878277,500,http://172.169.8.253:31112/function/opt-66b-submod-0-latency-25.cdgp
1704042636162184693,1704042646163103731,500,http://172.169.8.253:31112/function/opt-66b-submod-0-latency-25.cdgp
1704042636162260635,1704042639531569061,200,http://172.169.8.253:31112/function/opt-66b-submod-0-latency-25.cdgp
1704042636162344394,1704042646163354463,500,http://172.169.8.253:31112/function/opt-66b-submod-0-latency-25.cdgp
1704042636162445532,1704042646163084530,500,http://172.169.8.253:31112/function/opt-66b-submod-0-latency-25.cdgp
1704042636162510247,1704042640314721550,200,http://172.169.8.253:31112/function/opt-66b-submod-0-latency-25.cdgp
1704042636162516557,1704042641087627345,200,http://172.169.8.253:31112/function/opt-66b-submod-0-latency-25.cdgp
1704042636162592299,1704042640313766910,200,http://172.169.8.253:31112/function/opt-66b-submod-0-latency-25.cdgp
1704042636162663024,1704042646163304611,500,http://172.169.8.253:31112/function/opt-66b-submod-0-latency-25.cdgp
1704042636984861760,1704042641505560024,200,http://172.169.8.253:31112/function/opt-66b-submod-0-latency-25.cdgp
1704042636984940560,1704042643005199845,200,http://172.169.8.253:31112/function/opt-66b-submod-0-latency-25.cdgp
1704042636985015590,1704042641980652057,200,http://172.169.8.253:31112/function/opt-66b-submod-0-latency-25.cdgp
1704042636985076974,1704042640801788764,200,http://172.169.8.253:31112/function/opt-66b-submod-0-latency-25.cdgp
1704042636985098363,1704042641222430821,200,http://172.169.8.253:31112/function/opt-66b-submod-0-latency-25.cdgp
1704042636985212671,1704042646709007274,500,http://172.169.8.253:31112/function/opt-66b-submod-0-latency-25.cdgp
1704042636985278906,1704042646698112078,500,http://172.169.8.253:31112/function/opt-66b-submod-0-latency-25.cdgp
1704042636985322608,1704042642585272196,200,http://172.169.8.253:31112/function/opt-66b-submod-0-latency-25.cdgp
1704042636985398242,1704042646818098410,500,http://172.169.8.253:31112/function/opt-66b-submod-0-latency-25.cdgp
1704042636985427797,1704042640569451149,200,http://172.169.8.253:31112/function/opt-66b-submod-0-latency-25.cdgp
1704042636985478188,1704042646696971795,500,http://172.169.8.253:31112/function/opt-66b-submod-0-latency-25.cdgp
1704042636985540622,1704042642914463841,200,http://172.169.8.253:31112/function/opt-66b-submod-0-latency-25.cdgp
1704042636985611741,1704042646697599919,500,http://172.169.8.253:31112/function/opt-66b-submod-0-latency-25.cdgp
1704042636985651396,1704042646986378364,500,http://172.169.8.253:31112/function/opt-66b-submod-0-latency-25.cdgp
1704042636985727414,1704042640768498868,200,http://172.169.8.253:31112/function/opt-66b-submod-0-latency-25.cdgp
1704042636985790851,1704042646910703511,500,http://172.169.8.253:31112/function/opt-66b-submod-0-latency-25.cdgp
1704042636985843932,1704042646711794796,500,http://172.169.8.253:31112/function/opt-66b-submod-0-latency-25.cdgp
1704042636985871450,1704042641713839142,200,http://172.169.8.253:31112/function/opt-66b-submod-0-latency-25.cdgp
1704042636985933864,1704042641105352894,200,http://172.169.8.253:31112/function/opt-66b-submod-0-latency-25.cdgp
1704042636985989968,1704042646986376356,500,http://172.169.8.253:31112/function/opt-66b-submod-0-latency-25.cdgp
1704042636986092723,1704042641489371453,200,http://172.169.8.253:31112/function/opt-66b-submod-0-latency-25.cdgp
1704042636986169129,1704042642984348546,200,http://172.169.8.253:31112/function/opt-66b-submod-0-latency-25.cdgp
1704042636986231922,1704042641801300029,200,http://172.169.8.253:31112/function/opt-66b-submod-0-latency-25.cdgp
1704042636986258485,1704042641732932213,200,http://172.169.8.253:31112/function/opt-66b-submod-0-latency-25.cdgp
1704042636986375534,1704042646986729136,500,http://172.169.8.253:31112/function/opt-66b-submod-0-latency-25.cdgp
1704042636986465392,1704042646986742402,500,http://172.169.8.253:31112/function/opt-66b-submod-0-latency-25.cdgp
1704042636986494733,1704042646986739778,500,http://172.169.8.253:31112/function/opt-66b-submod-0-latency-25.cdgp
1704042636986574062,1704042646986995517,500,http://172.169.8.253:31112/function/opt-66b-submod-0-latency-25.cdgp
1704042636986644798,1704042646814790307,500,http://172.169.8.253:31112/function/opt-66b-submod-0-latency-25.cdgp
1704042636986676225,1704042646987009108,500,http://172.169.8.253:31112/function/opt-66b-submod-0-latency-25.cdgp
1704042636986763735,1704042646987003227,500,http://172.169.8.253:31112/function/opt-66b-submod-0-latency-25.cdgp
1704042636986785651,1704042641042599395,200,http://172.169.8.253:31112/function/opt-66b-submod-0-latency-25.cdgp
1704042636986847566,1704042646987012620,500,http://172.169.8.253:31112/function/opt-66b-submod-0-latency-25.cdgp
1704042636986927607,1704042643094243468,200,http://172.169.8.253:31112/function/opt-66b-submod-0-latency-25.cdgp
1704042636987023497,1704042646813379955,500,http://172.169.8.253:31112/function/opt-66b-submod-0-latency-25.cdgp
1704042636987050379,1704042642914097732,200,http://172.169.8.253:31112/function/opt-66b-submod-0-latency-25.cdgp
1704042636987118764,1704042640571896420,200,http://172.169.8.253:31112/function/opt-66b-submod-0-latency-25.cdgp
1704042636987176964,1704042646820551101,500,http://172.169.8.253:31112/function/opt-66b-submod-0-latency-25.cdgp
1704042636987265159,1704042646818926903,500,http://172.169.8.253:31112/function/opt-66b-submod-0-latency-25.cdgp
1704042636987351482,1704042646814158726,500,http://172.169.8.253:31112/function/opt-66b-submod-0-latency-25.cdgp
1704042637008641022,1704042646819508950,500,http://172.169.8.253:31112/function/opt-66b-submod-0-latency-25.cdgp
1704042637008716863,1704042643499241898,200,http://172.169.8.253:31112/function/opt-66b-submod-0-latency-25.cdgp
1704042637008832105,1704042640845589188,200,http://172.169.8.253:31112/function/opt-66b-submod-0-latency-25.cdgp
1704042637009057294,1704042647008682238,500,http://172.169.8.253:31112/function/opt-66b-submod-0-latency-25.cdgp
1704042637009122525,1704042642031744618,200,http://172.169.8.253:31112/function/opt-66b-submod-0-latency-25.cdgp
1704042637009151791,1704042642311352037,200,http://172.169.8.253:31112/function/opt-66b-submod-0-latency-25.cdgp
1704042637009239880,1704042647009850173,500,http://172.169.8.253:31112/function/opt-66b-submod-0-latency-25.cdgp
1704042637009281117,1704042641385209071,200,http://172.169.8.253:31112/function/opt-66b-submod-0-latency-25.cdgp
1704042637009393296,1704042643004286785,200,http://172.169.8.253:31112/function/opt-66b-submod-0-latency-25.cdgp
1704042637009499793,1704042646821262331,500,http://172.169.8.253:31112/function/opt-66b-submod-0-latency-25.cdgp
1704042637009524340,1704042641108179010,200,http://172.169.8.253:31112/function/opt-66b-submod-0-latency-25.cdgp
1704042637009625595,1704042646820446669,500,http://172.169.8.253:31112/function/opt-66b-submod-0-latency-25.cdgp
1704042637009684804,1704042643243467071,200,http://172.169.8.253:31112/function/opt-66b-submod-0-latency-25.cdgp
1704042637195460648,1704042647196120259,500,http://172.169.8.253:31112/function/opt-66b-submod-0-latency-25.cdgp
1704042637195566258,1704042646940765259,500,http://172.169.8.253:31112/function/opt-66b-submod-0-latency-25.cdgp
1704042637195641832,1704042641902565657,200,http://172.169.8.253:31112/function/opt-66b-submod-0-latency-25.cdgp
1704042637195712763,1704042643215647321,200,http://172.169.8.253:31112/function/opt-66b-submod-0-latency-25.cdgp
1704042637196476139,1704042647197298408,500,http://172.169.8.253:31112/function/opt-66b-submod-0-latency-25.cdgp
1704042637196501786,1704042643263825177,200,http://172.169.8.253:31112/function/opt-66b-submod-0-latency-25.cdgp
1704042637197508352,1704042641714622215,200,http://172.169.8.253:31112/function/opt-66b-submod-0-latency-25.cdgp
1704042637197569703,1704042646943059654,500,http://172.169.8.253:31112/function/opt-66b-submod-0-latency-25.cdgp
1704042637197601066,1704042642992618902,200,http://172.169.8.253:31112/function/opt-66b-submod-0-latency-25.cdgp
1704042637197688434,1704042646950103278,500,http://172.169.8.253:31112/function/opt-66b-submod-0-latency-25.cdgp
1704042637197751437,1704042641214444614,200,http://172.169.8.253:31112/function/opt-66b-submod-0-latency-25.cdgp
1704042637197778990,1704042647198410439,500,http://172.169.8.253:31112/function/opt-66b-submod-0-latency-25.cdgp
1704042637197876112,1704042646950559649,500,http://172.169.8.253:31112/function/opt-66b-submod-0-latency-25.cdgp
1704042637197923934,1704042641393003455,200,http://172.169.8.253:31112/function/opt-66b-submod-0-latency-25.cdgp
1704042637198007296,1704042641279783452,200,http://172.169.8.253:31112/function/opt-66b-submod-0-latency-25.cdgp
1704042637198064915,1704042646949215658,500,http://172.169.8.253:31112/function/opt-66b-submod-0-latency-25.cdgp
1704042637198177911,1704042647198423254,500,http://172.169.8.253:31112/function/opt-66b-submod-0-latency-25.cdgp
1704042637198248526,1704042641716647261,200,http://172.169.8.253:31112/function/opt-66b-submod-0-latency-25.cdgp
1704042637198295717,1704042646946671562,500,http://172.169.8.253:31112/function/opt-66b-submod-0-latency-25.cdgp
1704042637198348980,1704042646945825124,500,http://172.169.8.253:31112/function/opt-66b-submod-0-latency-25.cdgp
1704042637198423716,1704042641222419965,200,http://172.169.8.253:31112/function/opt-66b-submod-0-latency-25.cdgp
1704042637198448051,1704042646949584096,500,http://172.169.8.253:31112/function/opt-66b-submod-0-latency-25.cdgp
1704042637198480295,1704042642251507417,200,http://172.169.8.253:31112/function/opt-66b-submod-0-latency-25.cdgp
1704042637198501864,1704042646946239660,500,http://172.169.8.253:31112/function/opt-66b-submod-0-latency-25.cdgp
1704042637198567569,1704042646950942400,500,http://172.169.8.253:31112/function/opt-66b-submod-0-latency-25.cdgp
1704042637227012754,1704042647097626701,500,http://172.169.8.253:31112/function/opt-66b-submod-0-latency-25.cdgp
1704042637227089334,1704042647093132918,500,http://172.169.8.253:31112/function/opt-66b-submod-0-latency-25.cdgp
1704042637227130336,1704042647228385945,500,http://172.169.8.253:31112/function/opt-66b-submod-0-latency-25.cdgp
1704042637227210401,1704042641383283397,200,http://172.169.8.253:31112/function/opt-66b-submod-0-latency-25.cdgp
1704042637227405293,1704042647094309130,500,http://172.169.8.253:31112/function/opt-66b-submod-0-latency-25.cdgp
1704042637227513205,1704042644066441448,200,http://172.169.8.253:31112/function/opt-66b-submod-0-latency-25.cdgp
1704042637227600345,1704042647087712553,500,http://172.169.8.253:31112/function/opt-66b-submod-0-latency-25.cdgp
1704042637227663369,1704042642586929210,200,http://172.169.8.253:31112/function/opt-66b-submod-0-latency-25.cdgp
1704042637227746739,1704042647094474850,500,http://172.169.8.253:31112/function/opt-66b-submod-0-latency-25.cdgp
1704042637227768633,1704042641957573477,200,http://172.169.8.253:31112/function/opt-66b-submod-0-latency-25.cdgp
1704042637227852326,1704042647215836541,500,http://172.169.8.253:31112/function/opt-66b-submod-0-latency-25.cdgp
1704042637227934502,1704042642984364910,200,http://172.169.8.253:31112/function/opt-66b-submod-0-latency-25.cdgp
1704042637228010593,1704042647228372721,500,http://172.169.8.253:31112/function/opt-66b-submod-0-latency-25.cdgp
1704042637228087869,1704042647228377515,500,http://172.169.8.253:31112/function/opt-66b-submod-0-latency-25.cdgp
1704042637228173297,1704042641886045404,200,http://172.169.8.253:31112/function/opt-66b-submod-0-latency-25.cdgp
1704042637228195641,1704042641507188041,200,http://172.169.8.253:31112/function/opt-66b-submod-0-latency-25.cdgp
1704042637228292953,1704042647090440507,500,http://172.169.8.253:31112/function/opt-66b-submod-0-latency-25.cdgp
1704042637228391144,1704042647228599322,500,http://172.169.8.253:31112/function/opt-66b-submod-0-latency-25.cdgp
1704042637228474882,1704042647093636851,500,http://172.169.8.253:31112/function/opt-66b-submod-0-latency-25.cdgp
1704042637228547118,1704042647089819536,500,http://172.169.8.253:31112/function/opt-66b-submod-0-latency-25.cdgp
1704042637228642159,1704042647097689002,500,http://172.169.8.253:31112/function/opt-66b-submod-0-latency-25.cdgp
1704042637453573583,1704042643499243146,200,http://172.169.8.253:31112/function/opt-66b-submod-0-latency-25.cdgp
1704042637453664369,1704042643263664669,200,http://172.169.8.253:31112/function/opt-66b-submod-0-latency-25.cdgp
1704042637613631150,1704042647371595708,500,http://172.169.8.253:31112/function/opt-66b-submod-0-latency-25.cdgp
1704042637613714607,1704042647363432844,500,http://172.169.8.253:31112/function/opt-66b-submod-0-latency-25.cdgp
1704042637613806562,1704042642642639656,200,http://172.169.8.253:31112/function/opt-66b-submod-0-latency-25.cdgp
1704042637613859554,1704042647384697028,500,http://172.169.8.253:31112/function/opt-66b-submod-0-latency-25.cdgp
1704042637613929315,1704042641565058839,200,http://172.169.8.253:31112/function/opt-66b-submod-0-latency-25.cdgp
1704042637613993875,1704042647371514804,500,http://172.169.8.253:31112/function/opt-66b-submod-0-latency-25.cdgp
1704042637614031998,1704042647396431022,500,http://172.169.8.253:31112/function/opt-66b-submod-0-latency-25.cdgp
1704042637614110568,1704042647388102536,500,http://172.169.8.253:31112/function/opt-66b-submod-0-latency-25.cdgp
1704042637614165227,1704042642023364813,200,http://172.169.8.253:31112/function/opt-66b-submod-0-latency-25.cdgp
1704042637614250852,1704042647394070026,500,http://172.169.8.253:31112/function/opt-66b-submod-0-latency-25.cdgp
1704042637614333679,1704042644071032796,200,http://172.169.8.253:31112/function/opt-66b-submod-0-latency-25.cdgp
1704042637619450413,1704042647393677309,500,http://172.169.8.253:31112/function/opt-66b-submod-0-latency-25.cdgp
1704042637619610629,1704042647393055072,500,http://172.169.8.253:31112/function/opt-66b-submod-0-latency-25.cdgp
1704042637619748507,1704042647371609401,500,http://172.169.8.253:31112/function/opt-66b-submod-0-latency-25.cdgp
1704042637619827647,1704042643672898668,200,http://172.169.8.253:31112/function/opt-66b-submod-0-latency-25.cdgp
1704042637619906059,1704042647387484963,500,http://172.169.8.253:31112/function/opt-66b-submod-0-latency-25.cdgp
1704042637619985635,1704042647391545385,500,http://172.169.8.253:31112/function/opt-66b-submod-0-latency-25.cdgp
1704042637620089349,1704042641216500156,200,http://172.169.8.253:31112/function/opt-66b-submod-0-latency-25.cdgp
1704042637620182240,1704042647332128386,500,http://172.169.8.253:31112/function/opt-66b-submod-0-latency-25.cdgp
1704042637620269341,1704042642207951348,200,http://172.169.8.253:31112/function/opt-66b-submod-0-latency-25.cdgp
1704042637620342886,1704042647392638858,500,http://172.169.8.253:31112/function/opt-66b-submod-0-latency-25.cdgp
1704042637620418009,1704042647363421290,500,http://172.169.8.253:31112/function/opt-66b-submod-0-latency-25.cdgp
1704042637620484029,1704042647396953884,500,http://172.169.8.253:31112/function/opt-66b-submod-0-latency-25.cdgp
1704042637620539393,1704042641974110578,200,http://172.169.8.253:31112/function/opt-66b-submod-0-latency-25.cdgp
1704042637620602445,1704042641407592379,200,http://172.169.8.253:31112/function/opt-66b-submod-0-latency-25.cdgp
1704042637671345400,1704042643440316061,200,http://172.169.8.253:31112/function/opt-66b-submod-0-latency-25.cdgp
1704042637671429923,1704042642368395728,200,http://172.169.8.253:31112/function/opt-66b-submod-0-latency-25.cdgp
1704042637671540319,1704042643443924221,200,http://172.169.8.253:31112/function/opt-66b-submod-0-latency-25.cdgp
1704042637671646173,1704042647463615155,500,http://172.169.8.253:31112/function/opt-66b-submod-0-latency-25.cdgp
1704042637671745133,1704042647466701550,500,http://172.169.8.253:31112/function/opt-66b-submod-0-latency-25.cdgp
1704042637671870400,1704042647439513879,500,http://172.169.8.253:31112/function/opt-66b-submod-0-latency-25.cdgp
1704042637671968684,1704042644063575140,200,http://172.169.8.253:31112/function/opt-66b-submod-0-latency-25.cdgp
1704042637672038518,1704042647391562003,500,http://172.169.8.253:31112/function/opt-66b-submod-0-latency-25.cdgp
1704042637672106945,1704042641535494266,200,http://172.169.8.253:31112/function/opt-66b-submod-0-latency-25.cdgp
1704042637672204278,1704042641922944212,200,http://172.169.8.253:31112/function/opt-66b-submod-0-latency-25.cdgp
1704042637672292602,1704042647395843694,500,http://172.169.8.253:31112/function/opt-66b-submod-0-latency-25.cdgp
1704042637672353446,1704042647395066585,500,http://172.169.8.253:31112/function/opt-66b-submod-0-latency-25.cdgp
1704042637672415824,1704042641330528426,200,http://172.169.8.253:31112/function/opt-66b-submod-0-latency-25.cdgp
1704042637672481347,1704042647466431516,500,http://172.169.8.253:31112/function/opt-66b-submod-0-latency-25.cdgp
1704042637672569768,1704042647466590896,500,http://172.169.8.253:31112/function/opt-66b-submod-0-latency-25.cdgp
1704042638966830847,1704042642183099726,200,http://172.169.8.253:31112/function/opt-66b-submod-0-latency-25.cdgp
1704042638966919189,1704042648386897129,500,http://172.169.8.253:31112/function/opt-66b-submod-0-latency-25.cdgp
1704042638967022898,1704042642403427042,200,http://172.169.8.253:31112/function/opt-66b-submod-0-latency-25.cdgp
1704042638967071148,1704042643086814926,200,http://172.169.8.253:31112/function/opt-66b-submod-0-latency-25.cdgp
1704042638967156991,1704042648607473519,504,http://172.169.8.253:31112/function/opt-66b-submod-0-latency-25.cdgp
1704042638967192645,1704042648435830892,500,http://172.169.8.253:31112/function/opt-66b-submod-0-latency-25.cdgp
1704042638967282120,1704042642699370680,200,http://172.169.8.253:31112/function/opt-66b-submod-0-latency-25.cdgp
1704042639599051454,1704042648806910216,500,http://172.169.8.253:31112/function/opt-66b-submod-0-latency-25.cdgp
1704042639599136479,1704042642998291440,200,http://172.169.8.253:31112/function/opt-66b-submod-0-latency-25.cdgp
1704042639599279726,1704042648808447509,500,http://172.169.8.253:31112/function/opt-66b-submod-0-latency-25.cdgp
1704042639599356134,1704042648622129984,500,http://172.169.8.253:31112/function/opt-66b-submod-0-latency-25.cdgp
1704042639599447517,1704042642297232915,200,http://172.169.8.253:31112/function/opt-66b-submod-0-latency-25.cdgp
1704042639599873179,1704042642334852776,200,http://172.169.8.253:31112/function/opt-66b-submod-0-latency-25.cdgp
1704042639599989718,1704042648945839062,500,http://172.169.8.253:31112/function/opt-66b-submod-0-latency-25.cdgp
1704042639600078645,1704042644063603487,200,http://172.169.8.253:31112/function/opt-66b-submod-0-latency-25.cdgp
1704042639600149075,1704042648659813068,500,http://172.169.8.253:31112/function/opt-66b-submod-0-latency-25.cdgp
1704042639600214837,1704042649210820829,500,http://172.169.8.253:31112/function/opt-66b-submod-0-latency-25.cdgp
1704042639600292379,1704042644258629798,200,http://172.169.8.253:31112/function/opt-66b-submod-0-latency-25.cdgp
1704042639600377557,1704042642986326936,200,http://172.169.8.253:31112/function/opt-66b-submod-0-latency-25.cdgp
1704042639600450442,1704042643970319089,200,http://172.169.8.253:31112/function/opt-66b-submod-0-latency-25.cdgp
1704042639600517671,1704042642354093411,200,http://172.169.8.253:31112/function/opt-66b-submod-0-latency-25.cdgp
1704042639600648923,1704042644225298928,200,http://172.169.8.253:31112/function/opt-66b-submod-0-latency-25.cdgp
1704042639600708579,1704042649005901412,500,http://172.169.8.253:31112/function/opt-66b-submod-0-latency-25.cdgp
1704042639600762263,1704042649357201182,500,http://172.169.8.253:31112/function/opt-66b-submod-0-latency-25.cdgp
1704042639600807476,1704042644697526525,200,http://172.169.8.253:31112/function/opt-66b-submod-0-latency-25.cdgp
1704042639600869657,1704042644065731177,200,http://172.169.8.253:31112/function/opt-66b-submod-0-latency-25.cdgp
1704042639600921044,1704042649114096310,500,http://172.169.8.253:31112/function/opt-66b-submod-0-latency-25.cdgp
1704042639600985607,1704042642245245641,200,http://172.169.8.253:31112/function/opt-66b-submod-0-latency-25.cdgp
1704042639601070488,1704042649136534341,500,http://172.169.8.253:31112/function/opt-66b-submod-0-latency-25.cdgp
1704042639601191151,1704042649364180683,500,http://172.169.8.253:31112/function/opt-66b-submod-0-latency-25.cdgp
1704042639601261699,1704042648774093708,500,http://172.169.8.253:31112/function/opt-66b-submod-0-latency-25.cdgp
1704042639601332504,1704042649359491485,500,http://172.169.8.253:31112/function/opt-66b-submod-0-latency-25.cdgp
1704042639601406266,1704042643247789001,200,http://172.169.8.253:31112/function/opt-66b-submod-0-latency-25.cdgp
1704042639601484326,1704042644934664201,200,http://172.169.8.253:31112/function/opt-66b-submod-0-latency-25.cdgp
1704042639601589659,1704042642986518314,200,http://172.169.8.253:31112/function/opt-66b-submod-0-latency-25.cdgp
1704042639601667798,1704042648892738587,500,http://172.169.8.253:31112/function/opt-66b-submod-0-latency-25.cdgp
1704042639601720313,1704042649354808927,500,http://172.169.8.253:31112/function/opt-66b-submod-0-latency-25.cdgp
1704042639601772767,1704042644065092129,200,http://172.169.8.253:31112/function/opt-66b-submod-0-latency-25.cdgp
1704042639601843947,1704042642428499687,200,http://172.169.8.253:31112/function/opt-66b-submod-0-latency-25.cdgp
1704042639601901001,1704042643244774512,200,http://172.169.8.253:31112/function/opt-66b-submod-0-latency-25.cdgp
1704042639601973593,1704042644063588733,200,http://172.169.8.253:31112/function/opt-66b-submod-0-latency-25.cdgp
1704042639602050921,1704042644694531612,200,http://172.169.8.253:31112/function/opt-66b-submod-0-latency-25.cdgp
1704042639602138027,1704042649173735756,500,http://172.169.8.253:31112/function/opt-66b-submod-0-latency-25.cdgp
1704042639606377840,1704042642419082124,200,http://172.169.8.253:31112/function/opt-66b-submod-0-latency-25.cdgp
1704042639606458599,1704042649112990494,500,http://172.169.8.253:31112/function/opt-66b-submod-0-latency-25.cdgp
1704042639606530209,1704042649363056530,500,http://172.169.8.253:31112/function/opt-66b-submod-0-latency-25.cdgp
1704042639606609044,1704042649343047463,500,http://172.169.8.253:31112/function/opt-66b-submod-0-latency-25.cdgp
1704042639606692394,1704042649357808734,500,http://172.169.8.253:31112/function/opt-66b-submod-0-latency-25.cdgp
1704042639606787957,1704042643082140117,200,http://172.169.8.253:31112/function/opt-66b-submod-0-latency-25.cdgp
1704042639606866270,1704042644068805779,200,http://172.169.8.253:31112/function/opt-66b-submod-0-latency-25.cdgp
1704042639606970475,1704042648865392819,500,http://172.169.8.253:31112/function/opt-66b-submod-0-latency-25.cdgp
1704042639607031943,1704042649177266650,500,http://172.169.8.253:31112/function/opt-66b-submod-0-latency-25.cdgp
1704042639607091152,1704042649108446480,500,http://172.169.8.253:31112/function/opt-66b-submod-0-latency-25.cdgp
1704042639607126343,1704042648920653876,500,http://172.169.8.253:31112/function/opt-66b-submod-0-latency-25.cdgp
1704042639607246119,1704042649362868750,500,http://172.169.8.253:31112/function/opt-66b-submod-0-latency-25.cdgp
1704042639607322665,1704042649103413982,500,http://172.169.8.253:31112/function/opt-66b-submod-0-latency-25.cdgp
1704042639786569210,1704042644259034591,200,http://172.169.8.253:31112/function/opt-66b-submod-0-latency-25.cdgp
1704042639786653555,1704042649517221543,500,http://172.169.8.253:31112/function/opt-66b-submod-0-latency-25.cdgp
1704042639786735872,1704042642240742121,200,http://172.169.8.253:31112/function/opt-66b-submod-0-latency-25.cdgp
1704042639786812465,1704042643243064490,200,http://172.169.8.253:31112/function/opt-66b-submod-0-latency-25.cdgp
1704042639786880757,1704042649645203282,500,http://172.169.8.253:31112/function/opt-66b-submod-0-latency-25.cdgp
1704042639786905914,1704042649341262056,500,http://172.169.8.253:31112/function/opt-66b-submod-0-latency-25.cdgp
1704042639787003802,1704042649217351012,500,http://172.169.8.253:31112/function/opt-66b-submod-0-latency-25.cdgp
1704042639878410119,1704042644072130051,200,http://172.169.8.253:31112/function/opt-66b-submod-0-latency-25.cdgp
1704042639878503569,1704042642914384661,200,http://172.169.8.253:31112/function/opt-66b-submod-0-latency-25.cdgp
1704042639878575274,1704042649595486651,500,http://172.169.8.253:31112/function/opt-66b-submod-0-latency-25.cdgp
1704042639878648826,1704042649303950715,500,http://172.169.8.253:31112/function/opt-66b-submod-0-latency-25.cdgp
1704042639878744908,1704042642001837249,200,http://172.169.8.253:31112/function/opt-66b-submod-0-latency-25.cdgp
1704042639878877929,1704042649553579958,500,http://172.169.8.253:31112/function/opt-66b-submod-0-latency-25.cdgp
1704042640081757561,1704042642538143232,200,http://172.169.8.253:31112/function/opt-66b-submod-0-latency-25.cdgp
1704042640081844178,1704042649754805407,500,http://172.169.8.253:31112/function/opt-66b-submod-0-latency-25.cdgp
1704042640081937167,1704042644607251283,200,http://172.169.8.253:31112/function/opt-66b-submod-0-latency-25.cdgp
1704042640081981838,1704042649732372663,500,http://172.169.8.253:31112/function/opt-66b-submod-0-latency-25.cdgp
1704042640082069865,1704042644444370873,200,http://172.169.8.253:31112/function/opt-66b-submod-0-latency-25.cdgp
1704042640082101126,1704042644259270512,200,http://172.169.8.253:31112/function/opt-66b-submod-0-latency-25.cdgp
1704042640082188224,1704042642649126150,200,http://172.169.8.253:31112/function/opt-66b-submod-0-latency-25.cdgp
1704042640082303135,1704042649489507944,500,http://172.169.8.253:31112/function/opt-66b-submod-0-latency-25.cdgp
1704042640082367128,1704042642624817880,200,http://172.169.8.253:31112/function/opt-66b-submod-0-latency-25.cdgp
1704042640082426055,1704042649548949430,500,http://172.169.8.253:31112/function/opt-66b-submod-0-latency-25.cdgp
1704042640082453141,1704042644274364509,200,http://172.169.8.253:31112/function/opt-66b-submod-0-latency-25.cdgp
1704042640082535389,1704042644081540968,200,http://172.169.8.253:31112/function/opt-66b-submod-0-latency-25.cdgp
1704042641605932730,1704042643263658004,200,http://172.169.8.253:31112/function/opt-66b-submod-0-latency-25.cdgp
1704042641606106293,1704042643287591521,200,http://172.169.8.253:31112/function/opt-66b-submod-0-latency-25.cdgp
1704042641606181196,1704042643263840192,200,http://172.169.8.253:31112/function/opt-66b-submod-0-latency-25.cdgp
1704042641606259586,1704042650681202847,500,http://172.169.8.253:31112/function/opt-66b-submod-0-latency-25.cdgp
1704042641627999830,1704042650658920687,500,http://172.169.8.253:31112/function/opt-66b-submod-0-latency-25.cdgp
1704042641628083708,1704042644696594430,200,http://172.169.8.253:31112/function/opt-66b-submod-0-latency-25.cdgp
1704042641628177633,1704042650679955276,500,http://172.169.8.253:31112/function/opt-66b-submod-0-latency-25.cdgp
1704042641628227118,1704042650680920293,500,http://172.169.8.253:31112/function/opt-66b-submod-0-latency-25.cdgp
1704042641628296985,1704042643500302528,200,http://172.169.8.253:31112/function/opt-66b-submod-0-latency-25.cdgp
1704042641628362753,1704042650787247704,500,http://172.169.8.253:31112/function/opt-66b-submod-0-latency-25.cdgp
1704042641628412504,1704042650598277453,500,http://172.169.8.253:31112/function/opt-66b-submod-0-latency-25.cdgp
1704042641628493597,1704042650601842316,500,http://172.169.8.253:31112/function/opt-66b-submod-0-latency-25.cdgp
1704042641628599204,1704042650666914646,500,http://172.169.8.253:31112/function/opt-66b-submod-0-latency-25.cdgp
1704042641753802513,1704042650705993604,500,http://172.169.8.253:31112/function/opt-66b-submod-0-latency-25.cdgp
1704042641753878979,1704042650851515912,500,http://172.169.8.253:31112/function/opt-66b-submod-0-latency-25.cdgp
1704042642667482477,1704042652518411445,500,http://172.169.8.253:31112/function/opt-66b-submod-0-latency-25.cdgp
1704042642667597895,1704042652617474949,500,http://172.169.8.253:31112/function/opt-66b-submod-0-latency-25.cdgp
1704042642667675147,1704042644735406637,200,http://172.169.8.253:31112/function/opt-66b-submod-0-latency-25.cdgp
1704042642667718734,1704042644929281370,200,http://172.169.8.253:31112/function/opt-66b-submod-0-latency-25.cdgp
1704042642667820105,1704042652096027632,500,http://172.169.8.253:31112/function/opt-66b-submod-0-latency-25.cdgp
1704042642667888545,1704042651752841910,500,http://172.169.8.253:31112/function/opt-66b-submod-0-latency-25.cdgp
1704042642667965560,1704042652617494613,500,http://172.169.8.253:31112/function/opt-66b-submod-0-latency-25.cdgp
1704042642668043972,1704042644343245399,200,http://172.169.8.253:31112/function/opt-66b-submod-0-latency-25.cdgp
1704042642668161256,1704042652669266135,500,http://172.169.8.253:31112/function/opt-66b-submod-0-latency-25.cdgp
1704042642668218853,1704042652493965000,500,http://172.169.8.253:31112/function/opt-66b-submod-0-latency-25.cdgp
1704042642668321441,1704042644688623434,200,http://172.169.8.253:31112/function/opt-66b-submod-0-latency-25.cdgp
1704042642668376965,1704042652557990316,500,http://172.169.8.253:31112/function/opt-66b-submod-0-latency-25.cdgp
1704042642668457498,1704042652669284433,500,http://172.169.8.253:31112/function/opt-66b-submod-0-latency-25.cdgp
1704042642668522115,1704042644606903170,200,http://172.169.8.253:31112/function/opt-66b-submod-0-latency-25.cdgp
1704042642668539831,1704042644606009295,200,http://172.169.8.253:31112/function/opt-66b-submod-0-latency-25.cdgp
1704042642668627943,1704042652557998120,500,http://172.169.8.253:31112/function/opt-66b-submod-0-latency-25.cdgp
1704042642668678552,1704042644956338267,200,http://172.169.8.253:31112/function/opt-66b-submod-0-latency-25.cdgp
1704042642668749681,1704042652554747536,500,http://172.169.8.253:31112/function/opt-66b-submod-0-latency-25.cdgp
1704042642668786655,1704042652554896138,500,http://172.169.8.253:31112/function/opt-66b-submod-0-latency-25.cdgp
1704042642668876402,1704042652556337567,500,http://172.169.8.253:31112/function/opt-66b-submod-0-latency-25.cdgp
1704042642668959264,1704042644900301596,200,http://172.169.8.253:31112/function/opt-66b-submod-0-latency-25.cdgp
1704042642669028466,1704042652556250987,500,http://172.169.8.253:31112/function/opt-66b-submod-0-latency-25.cdgp
1704042642669108013,1704042645014419847,200,http://172.169.8.253:31112/function/opt-66b-submod-0-latency-25.cdgp
1704042642669159253,1704042652557132171,500,http://172.169.8.253:31112/function/opt-66b-submod-0-latency-25.cdgp
1704042642669241825,1704042652129688644,500,http://172.169.8.253:31112/function/opt-66b-submod-0-latency-25.cdgp
1704042642669278903,1704042652558113765,500,http://172.169.8.253:31112/function/opt-66b-submod-0-latency-25.cdgp
1704042642669366973,1704042644944522774,200,http://172.169.8.253:31112/function/opt-66b-submod-0-latency-25.cdgp
1704042642669438274,1704042652493853774,500,http://172.169.8.253:31112/function/opt-66b-submod-0-latency-25.cdgp
1704042642669464517,1704042645473146463,200,http://172.169.8.253:31112/function/opt-66b-submod-0-latency-25.cdgp
1704042642669526392,1704042644740204972,200,http://172.169.8.253:31112/function/opt-66b-submod-0-latency-25.cdgp
1704042642669576764,1704042644903639922,200,http://172.169.8.253:31112/function/opt-66b-submod-0-latency-25.cdgp
1704042642669671631,1704042652670545987,500,http://172.169.8.253:31112/function/opt-66b-submod-0-latency-25.cdgp
1704042642669761269,1704042652670347929,500,http://172.169.8.253:31112/function/opt-66b-submod-0-latency-25.cdgp
1704042642669843580,1704042652670532969,500,http://172.169.8.253:31112/function/opt-66b-submod-0-latency-25.cdgp
1704042642682627957,1704042652683669996,500,http://172.169.8.253:31112/function/opt-66b-submod-0-latency-25.cdgp
1704042642682726913,1704042646186781295,200,http://172.169.8.253:31112/function/opt-66b-submod-0-latency-25.cdgp
1704042642682831831,1704042652555995595,500,http://172.169.8.253:31112/function/opt-66b-submod-0-latency-25.cdgp
1704042642682944198,1704042644915112883,200,http://172.169.8.253:31112/function/opt-66b-submod-0-latency-25.cdgp
1704042642683067271,1704042652617392795,500,http://172.169.8.253:31112/function/opt-66b-submod-0-latency-25.cdgp
1704042642683561829,1704042652683780791,500,http://172.169.8.253:31112/function/opt-66b-submod-0-latency-25.cdgp
1704042642683661048,1704042646830053189,200,http://172.169.8.253:31112/function/opt-66b-submod-0-latency-25.cdgp
1704042642683732586,1704042644933804352,200,http://172.169.8.253:31112/function/opt-66b-submod-0-latency-25.cdgp
1704042642683810490,1704042652555888107,500,http://172.169.8.253:31112/function/opt-66b-submod-0-latency-25.cdgp
1704042642684198203,1704042652556687615,500,http://172.169.8.253:31112/function/opt-66b-submod-0-latency-25.cdgp
1704042642684299829,1704042645479108295,200,http://172.169.8.253:31112/function/opt-66b-submod-0-latency-25.cdgp
1704042642684389372,1704042652684819867,500,http://172.169.8.253:31112/function/opt-66b-submod-0-latency-25.cdgp
1704042642684450313,1704042645427494735,200,http://172.169.8.253:31112/function/opt-66b-submod-0-latency-25.cdgp
1704042642684524370,1704042645046870285,200,http://172.169.8.253:31112/function/opt-66b-submod-0-latency-25.cdgp
1704042642684600204,1704042652684836574,500,http://172.169.8.253:31112/function/opt-66b-submod-0-latency-25.cdgp
1704042642684679178,1704042652558006109,500,http://172.169.8.253:31112/function/opt-66b-submod-0-latency-25.cdgp
1704042642684753267,1704042646186707402,200,http://172.169.8.253:31112/function/opt-66b-submod-0-latency-25.cdgp
1704042642684841163,1704042645508168315,200,http://172.169.8.253:31112/function/opt-66b-submod-0-latency-25.cdgp
1704042642684934720,1704042652556969648,500,http://172.169.8.253:31112/function/opt-66b-submod-0-latency-25.cdgp
1704042642684990091,1704042652557617046,500,http://172.169.8.253:31112/function/opt-66b-submod-0-latency-25.cdgp
1704042642685068069,1704042644984564491,200,http://172.169.8.253:31112/function/opt-66b-submod-0-latency-25.cdgp
1704042642685143721,1704042645423797939,200,http://172.169.8.253:31112/function/opt-66b-submod-0-latency-25.cdgp
1704042642685229527,1704042652555903202,500,http://172.169.8.253:31112/function/opt-66b-submod-0-latency-25.cdgp
1704042642685283204,1704042646715925045,200,http://172.169.8.253:31112/function/opt-66b-submod-0-latency-25.cdgp
1704042642685335050,1704042652686139755,500,http://172.169.8.253:31112/function/opt-66b-submod-0-latency-25.cdgp
1704042642685386772,1704042652686116485,500,http://172.169.8.253:31112/function/opt-66b-submod-0-latency-25.cdgp
1704042642685464942,1704042646866254703,200,http://172.169.8.253:31112/function/opt-66b-submod-0-latency-25.cdgp
1704042642685540073,1704042652686135394,500,http://172.169.8.253:31112/function/opt-66b-submod-0-latency-25.cdgp
1704042642685621828,1704042652686121629,500,http://172.169.8.253:31112/function/opt-66b-submod-0-latency-25.cdgp
1704042642685698851,1704042644739006420,200,http://172.169.8.253:31112/function/opt-66b-submod-0-latency-25.cdgp
1704042642685776740,1704042644927724499,200,http://172.169.8.253:31112/function/opt-66b-submod-0-latency-25.cdgp
1704042642685840995,1704042652686142534,500,http://172.169.8.253:31112/function/opt-66b-submod-0-latency-25.cdgp
1704042642774414669,1704042646066440047,200,http://172.169.8.253:31112/function/opt-66b-submod-0-latency-25.cdgp
1704042642774486219,1704042652775582644,500,http://172.169.8.253:31112/function/opt-66b-submod-0-latency-25.cdgp
1704042642774556222,1704042652775581150,500,http://172.169.8.253:31112/function/opt-66b-submod-0-latency-25.cdgp
1704042642774596801,1704042646828816753,200,http://172.169.8.253:31112/function/opt-66b-submod-0-latency-25.cdgp
1704042642774673534,1704042652775569879,500,http://172.169.8.253:31112/function/opt-66b-submod-0-latency-25.cdgp
1704042642786559447,1704042652787909964,500,http://172.169.8.253:31112/function/opt-66b-submod-0-latency-25.cdgp
1704042642786654934,1704042646831084906,200,http://172.169.8.253:31112/function/opt-66b-submod-0-latency-25.cdgp
1704042642786805530,1704042645506870571,200,http://172.169.8.253:31112/function/opt-66b-submod-0-latency-25.cdgp
1704042642786891876,1704042652787893838,500,http://172.169.8.253:31112/function/opt-66b-submod-0-latency-25.cdgp
1704042642808670261,1704042652808860321,500,http://172.169.8.253:31112/function/opt-66b-submod-0-latency-25.cdgp
1704042642808764075,1704042646716562313,200,http://172.169.8.253:31112/function/opt-66b-submod-0-latency-25.cdgp
1704042642808911821,1704042647096679939,200,http://172.169.8.253:31112/function/opt-66b-submod-0-latency-25.cdgp
1704042642808978510,1704042646337938051,200,http://172.169.8.253:31112/function/opt-66b-submod-0-latency-25.cdgp
1704042642809008578,1704042652810104869,500,http://172.169.8.253:31112/function/opt-66b-submod-0-latency-25.cdgp
1704042642809110153,1704042652810163081,500,http://172.169.8.253:31112/function/opt-66b-submod-0-latency-25.cdgp
1704042642809155311,1704042652810031548,500,http://172.169.8.253:31112/function/opt-66b-submod-0-latency-25.cdgp
1704042642809231108,1704042646065763294,200,http://172.169.8.253:31112/function/opt-66b-submod-0-latency-25.cdgp
1704042642809282922,1704042647410940931,200,http://172.169.8.253:31112/function/opt-66b-submod-0-latency-25.cdgp
1704042642809352501,1704042646598018015,200,http://172.169.8.253:31112/function/opt-66b-submod-0-latency-25.cdgp
1704042642809444060,1704042652810170765,500,http://172.169.8.253:31112/function/opt-66b-submod-0-latency-25.cdgp
1704042642809507525,1704042645796114388,200,http://172.169.8.253:31112/function/opt-66b-submod-0-latency-25.cdgp
1704042642809575317,1704042646405672532,200,http://172.169.8.253:31112/function/opt-66b-submod-0-latency-25.cdgp
1704042642809676202,1704042647099546147,200,http://172.169.8.253:31112/function/opt-66b-submod-0-latency-25.cdgp
1704042642809759614,1704042652810027044,500,http://172.169.8.253:31112/function/opt-66b-submod-0-latency-25.cdgp
1704042642809834239,1704042644917912792,200,http://172.169.8.253:31112/function/opt-66b-submod-0-latency-25.cdgp
1704042642809895181,1704042652810163160,500,http://172.169.8.253:31112/function/opt-66b-submod-0-latency-25.cdgp
1704042642809957514,1704042645702770591,200,http://172.169.8.253:31112/function/opt-66b-submod-0-latency-25.cdgp
1704042642810031190,1704042652810140246,500,http://172.169.8.253:31112/function/opt-66b-submod-0-latency-25.cdgp
1704042642810116425,1704042645698963754,200,http://172.169.8.253:31112/function/opt-66b-submod-0-latency-25.cdgp
1704042642810191505,1704042652811277229,500,http://172.169.8.253:31112/function/opt-66b-submod-0-latency-25.cdgp
1704042642810224585,1704042645500765196,200,http://172.169.8.253:31112/function/opt-66b-submod-0-latency-25.cdgp
1704042642810330824,1704042652811269089,500,http://172.169.8.253:31112/function/opt-66b-submod-0-latency-25.cdgp
1704042642810424014,1704042652811258630,500,http://172.169.8.253:31112/function/opt-66b-submod-0-latency-25.cdgp
1704042642810449181,1704042652811266734,500,http://172.169.8.253:31112/function/opt-66b-submod-0-latency-25.cdgp
1704042642810512527,1704042647101636091,200,http://172.169.8.253:31112/function/opt-66b-submod-0-latency-25.cdgp
1704042642810575529,1704042646277705811,200,http://172.169.8.253:31112/function/opt-66b-submod-0-latency-25.cdgp
1704042642814216332,1704042647098042168,200,http://172.169.8.253:31112/function/opt-66b-submod-0-latency-25.cdgp
1704042642814308417,1704042646166702768,200,http://172.169.8.253:31112/function/opt-66b-submod-0-latency-25.cdgp
1704042642977884290,1704042646718389959,200,http://172.169.8.253:31112/function/opt-66b-submod-0-latency-25.cdgp
1704042642977973566,1704042652978665949,500,http://172.169.8.253:31112/function/opt-66b-submod-0-latency-25.cdgp
1704042642978045332,1704042646827498657,200,http://172.169.8.253:31112/function/opt-66b-submod-0-latency-25.cdgp
1704042642978147336,1704042644964408757,200,http://172.169.8.253:31112/function/opt-66b-submod-0-latency-25.cdgp
1704042643063861934,1704042646312362426,200,http://172.169.8.253:31112/function/opt-66b-submod-0-latency-25.cdgp
1704042643063949851,1704042653008960817,500,http://172.169.8.253:31112/function/opt-66b-submod-0-latency-25.cdgp
1704042643238621996,1704042646799526532,200,http://172.169.8.253:31112/function/opt-66b-submod-0-latency-25.cdgp
1704042643238713296,1704042647982360285,200,http://172.169.8.253:31112/function/opt-66b-submod-0-latency-25.cdgp
1704042643238781952,1704042653226671785,500,http://172.169.8.253:31112/function/opt-66b-submod-0-latency-25.cdgp
1704042643238856798,1704042645447520958,200,http://172.169.8.253:31112/function/opt-66b-submod-0-latency-25.cdgp
1704042643238933466,1704042646909068333,200,http://172.169.8.253:31112/function/opt-66b-submod-0-latency-25.cdgp
1704042643238985355,1704042653159690407,500,http://172.169.8.253:31112/function/opt-66b-submod-0-latency-25.cdgp
1704042643239065671,1704042646760651385,200,http://172.169.8.253:31112/function/opt-66b-submod-0-latency-25.cdgp
1704042643239110313,1704042647947678772,200,http://172.169.8.253:31112/function/opt-66b-submod-0-latency-25.cdgp
1704042643239147137,1704042645701386782,200,http://172.169.8.253:31112/function/opt-66b-submod-0-latency-25.cdgp
1704042643239214671,1704042646827332373,200,http://172.169.8.253:31112/function/opt-66b-submod-0-latency-25.cdgp
1704042643239248448,1704042653159586641,500,http://172.169.8.253:31112/function/opt-66b-submod-0-latency-25.cdgp
1704042643239329111,1704042645931953247,200,http://172.169.8.253:31112/function/opt-66b-submod-0-latency-25.cdgp
1704042643239413465,1704042653240224298,500,http://172.169.8.253:31112/function/opt-66b-submod-0-latency-25.cdgp
1704042643239491688,1704042646587497169,200,http://172.169.8.253:31112/function/opt-66b-submod-0-latency-25.cdgp
1704042643239534078,1704042653159640484,500,http://172.169.8.253:31112/function/opt-66b-submod-0-latency-25.cdgp
1704042643239593779,1704042646818940308,200,http://172.169.8.253:31112/function/opt-66b-submod-0-latency-25.cdgp
1704042643239629565,1704042645742396927,200,http://172.169.8.253:31112/function/opt-66b-submod-0-latency-25.cdgp
1704042643239701554,1704042653163478429,500,http://172.169.8.253:31112/function/opt-66b-submod-0-latency-25.cdgp
1704042643239760486,1704042653119044192,500,http://172.169.8.253:31112/function/opt-66b-submod-0-latency-25.cdgp
1704042643239863395,1704042653227107837,500,http://172.169.8.253:31112/function/opt-66b-submod-0-latency-25.cdgp
1704042643239966417,1704042646861808526,200,http://172.169.8.253:31112/function/opt-66b-submod-0-latency-25.cdgp
1704042643240064703,1704042653119282984,500,http://172.169.8.253:31112/function/opt-66b-submod-0-latency-25.cdgp
1704042643240118682,1704042646315565984,200,http://172.169.8.253:31112/function/opt-66b-submod-0-latency-25.cdgp
1704042643240210054,1704042646060590208,200,http://172.169.8.253:31112/function/opt-66b-submod-0-latency-25.cdgp
1704042643240282400,1704042648004708216,200,http://172.169.8.253:31112/function/opt-66b-submod-0-latency-25.cdgp
1704042643240312252,1704042647253461289,200,http://172.169.8.253:31112/function/opt-66b-submod-0-latency-25.cdgp
1704042643240392252,1704042645395696628,200,http://172.169.8.253:31112/function/opt-66b-submod-0-latency-25.cdgp
1704042643240458409,1704042653227343866,500,http://172.169.8.253:31112/function/opt-66b-submod-0-latency-25.cdgp
1704042643240532425,1704042653241310172,500,http://172.169.8.253:31112/function/opt-66b-submod-0-latency-25.cdgp
1704042643240559795,1704042653227209002,500,http://172.169.8.253:31112/function/opt-66b-submod-0-latency-25.cdgp
1704042643240616405,1704042653226986808,504,http://172.169.8.253:31112/function/opt-66b-submod-0-latency-25.cdgp
1704042643240756506,1704042645575410251,200,http://172.169.8.253:31112/function/opt-66b-submod-0-latency-25.cdgp
1704042643240825187,1704042646463573567,200,http://172.169.8.253:31112/function/opt-66b-submod-0-latency-25.cdgp
1704042643240880834,1704042646173295687,200,http://172.169.8.253:31112/function/opt-66b-submod-0-latency-25.cdgp
1704042643240918724,1704042645747561178,200,http://172.169.8.253:31112/function/opt-66b-submod-0-latency-25.cdgp
1704042643365329940,1704042648321750738,200,http://172.169.8.253:31112/function/opt-66b-submod-0-latency-25.cdgp
1704042643365411947,1704042653119707089,500,http://172.169.8.253:31112/function/opt-66b-submod-0-latency-25.cdgp
1704042643368497014,1704042646832672933,200,http://172.169.8.253:31112/function/opt-66b-submod-0-latency-25.cdgp
1704042643368583429,1704042653119748203,500,http://172.169.8.253:31112/function/opt-66b-submod-0-latency-25.cdgp
1704042643368698070,1704042647975716490,200,http://172.169.8.253:31112/function/opt-66b-submod-0-latency-25.cdgp
1704042643368739286,1704042646630784525,200,http://172.169.8.253:31112/function/opt-66b-submod-0-latency-25.cdgp
1704042643368811797,1704042653227303230,500,http://172.169.8.253:31112/function/opt-66b-submod-0-latency-25.cdgp
1704042643368876726,1704042646826035079,200,http://172.169.8.253:31112/function/opt-66b-submod-0-latency-25.cdgp
1704042644095661250,1704042653671601319,500,http://172.169.8.253:31112/function/opt-66b-submod-0-latency-25.cdgp
1704042644095795369,1704042647635454551,200,http://172.169.8.253:31112/function/opt-66b-submod-0-latency-25.cdgp
1704042644095885184,1704042646338064619,200,http://172.169.8.253:31112/function/opt-66b-submod-0-latency-25.cdgp
1704042644095960704,1704042653791630069,500,http://172.169.8.253:31112/function/opt-66b-submod-0-latency-25.cdgp
1704042644096030699,1704042653671513660,500,http://172.169.8.253:31112/function/opt-66b-submod-0-latency-25.cdgp
1704042644096075360,1704042647083489854,200,http://172.169.8.253:31112/function/opt-66b-submod-0-latency-25.cdgp
1704042644096152579,1704042647595633747,200,http://172.169.8.253:31112/function/opt-66b-submod-0-latency-25.cdgp
1704042644096240046,1704042653807402901,500,http://172.169.8.253:31112/function/opt-66b-submod-0-latency-25.cdgp
1704042644096305836,1704042653671598211,500,http://172.169.8.253:31112/function/opt-66b-submod-0-latency-25.cdgp
1704042644096332603,1704042647497137388,200,http://172.169.8.253:31112/function/opt-66b-submod-0-latency-25.cdgp
1704042644101352869,1704042653689020250,500,http://172.169.8.253:31112/function/opt-66b-submod-0-latency-25.cdgp
1704042644140524687,1704042653839376527,500,http://172.169.8.253:31112/function/opt-66b-submod-0-latency-25.cdgp
1704042644140624231,1704042647589547848,200,http://172.169.8.253:31112/function/opt-66b-submod-0-latency-25.cdgp
1704042644140742194,1704042647915299693,200,http://172.169.8.253:31112/function/opt-66b-submod-0-latency-25.cdgp
1704042644140807298,1704042647048371558,200,http://172.169.8.253:31112/function/opt-66b-submod-0-latency-25.cdgp
1704042644140883161,1704042653818989993,500,http://172.169.8.253:31112/function/opt-66b-submod-0-latency-25.cdgp
1704042644140983627,1704042653631332278,500,http://172.169.8.253:31112/function/opt-66b-submod-0-latency-25.cdgp
1704042644141052421,1704042648276240257,200,http://172.169.8.253:31112/function/opt-66b-submod-0-latency-25.cdgp
1704042644141134593,1704042647501565862,200,http://172.169.8.253:31112/function/opt-66b-submod-0-latency-25.cdgp
1704042644141143208,1704042653750420381,500,http://172.169.8.253:31112/function/opt-66b-submod-0-latency-25.cdgp
1704042644141246928,1704042647499646871,200,http://172.169.8.253:31112/function/opt-66b-submod-0-latency-25.cdgp
1704042644141339038,1704042653630947174,500,http://172.169.8.253:31112/function/opt-66b-submod-0-latency-25.cdgp
1704042646036969916,1704042655429122771,500,http://172.169.8.253:31112/function/opt-66b-submod-0-latency-25.cdgp
1704042646037063371,1704042655744304103,500,http://172.169.8.253:31112/function/opt-66b-submod-0-latency-25.cdgp
1704042646037147964,1704042656037522049,500,http://172.169.8.253:31112/function/opt-66b-submod-0-latency-25.cdgp
1704042646037223347,1704042655738897370,500,http://172.169.8.253:31112/function/opt-66b-submod-0-latency-25.cdgp
1704042646037340029,1704042655739142849,500,http://172.169.8.253:31112/function/opt-66b-submod-0-latency-25.cdgp
1704042646037454151,1704042655524433669,500,http://172.169.8.253:31112/function/opt-66b-submod-0-latency-25.cdgp
1704042646037542756,1704042648435941635,200,http://172.169.8.253:31112/function/opt-66b-submod-0-latency-25.cdgp
1704042646037636535,1704042655742121846,500,http://172.169.8.253:31112/function/opt-66b-submod-0-latency-25.cdgp
1704042646037703473,1704042648571598726,200,http://172.169.8.253:31112/function/opt-66b-submod-0-latency-25.cdgp
1704042646037757486,1704042655743791437,500,http://172.169.8.253:31112/function/opt-66b-submod-0-latency-25.cdgp
1704042646037844226,1704042648387069445,200,http://172.169.8.253:31112/function/opt-66b-submod-0-latency-25.cdgp
1704042646037918676,1704042655526202207,500,http://172.169.8.253:31112/function/opt-66b-submod-0-latency-25.cdgp
1704042646038000889,1704042647804837208,200,http://172.169.8.253:31112/function/opt-66b-submod-0-latency-25.cdgp
1704042646038055397,1704042648108555489,200,http://172.169.8.253:31112/function/opt-66b-submod-0-latency-25.cdgp
1704042646038086232,1704042648604195485,200,http://172.169.8.253:31112/function/opt-66b-submod-0-latency-25.cdgp
1704042646038142360,1704042647725700350,200,http://172.169.8.253:31112/function/opt-66b-submod-0-latency-25.cdgp
1704042646038234966,1704042648485700807,200,http://172.169.8.253:31112/function/opt-66b-submod-0-latency-25.cdgp
1704042646038310128,1704042647807303040,200,http://172.169.8.253:31112/function/opt-66b-submod-0-latency-25.cdgp
1704042646038415258,1704042648493225848,200,http://172.169.8.253:31112/function/opt-66b-submod-0-latency-25.cdgp
1704042646038453859,1704042656038700124,500,http://172.169.8.253:31112/function/opt-66b-submod-0-latency-25.cdgp
1704042646038511700,1704042655738411387,504,http://172.169.8.253:31112/function/opt-66b-submod-0-latency-25.cdgp
1704042646038602432,1704042648122713035,200,http://172.169.8.253:31112/function/opt-66b-submod-0-latency-25.cdgp
1704042646038666708,1704042647650757116,200,http://172.169.8.253:31112/function/opt-66b-submod-0-latency-25.cdgp
1704042646038722405,1704042655741614007,500,http://172.169.8.253:31112/function/opt-66b-submod-0-latency-25.cdgp
1704042646038819292,1704042647869701154,200,http://172.169.8.253:31112/function/opt-66b-submod-0-latency-25.cdgp
1704042646038891723,1704042655745625041,500,http://172.169.8.253:31112/function/opt-66b-submod-0-latency-25.cdgp
1704042646038963769,1704042647626681961,200,http://172.169.8.253:31112/function/opt-66b-submod-0-latency-25.cdgp
1704042646039007415,1704042647916482908,200,http://172.169.8.253:31112/function/opt-66b-submod-0-latency-25.cdgp
1704042646039090448,1704042647799368964,200,http://172.169.8.253:31112/function/opt-66b-submod-0-latency-25.cdgp
1704042646039161862,1704042648225474869,200,http://172.169.8.253:31112/function/opt-66b-submod-0-latency-25.cdgp
1704042646039238128,1704042647881268271,200,http://172.169.8.253:31112/function/opt-66b-submod-0-latency-25.cdgp
1704042646039283831,1704042647861494752,200,http://172.169.8.253:31112/function/opt-66b-submod-0-latency-25.cdgp
1704042646039332822,1704042655743616135,500,http://172.169.8.253:31112/function/opt-66b-submod-0-latency-25.cdgp
1704042646039406770,1704042648006298734,200,http://172.169.8.253:31112/function/opt-66b-submod-0-latency-25.cdgp
1704042646039496043,1704042647483686670,200,http://172.169.8.253:31112/function/opt-66b-submod-0-latency-25.cdgp
1704042646039538983,1704042655522647782,500,http://172.169.8.253:31112/function/opt-66b-submod-0-latency-25.cdgp
1704042646039604484,1704042648662244487,200,http://172.169.8.253:31112/function/opt-66b-submod-0-latency-25.cdgp
1704042646039702650,1704042648661784820,200,http://172.169.8.253:31112/function/opt-66b-submod-0-latency-25.cdgp
1704042646039787943,1704042648389786449,200,http://172.169.8.253:31112/function/opt-66b-submod-0-latency-25.cdgp
1704042646511867099,1704042655747022793,500,http://172.169.8.253:31112/function/opt-66b-submod-0-latency-25.cdgp
1704042646511962097,1704042648612216113,200,http://172.169.8.253:31112/function/opt-66b-submod-0-latency-25.cdgp
1704042646512061868,1704042648490602954,200,http://172.169.8.253:31112/function/opt-66b-submod-0-latency-25.cdgp
1704042646512159016,1704042655797313858,500,http://172.169.8.253:31112/function/opt-66b-submod-0-latency-25.cdgp
1704042646512210784,1704042655749248169,500,http://172.169.8.253:31112/function/opt-66b-submod-0-latency-25.cdgp
1704042646512296212,1704042648257911089,200,http://172.169.8.253:31112/function/opt-66b-submod-0-latency-25.cdgp
1704042646512356897,1704042655742117664,500,http://172.169.8.253:31112/function/opt-66b-submod-0-latency-25.cdgp
1704042646513114610,1704042655796667303,500,http://172.169.8.253:31112/function/opt-66b-submod-0-latency-25.cdgp
1704042646513153026,1704042648063987401,200,http://172.169.8.253:31112/function/opt-66b-submod-0-latency-25.cdgp
1704042646513235720,1704042648761588925,200,http://172.169.8.253:31112/function/opt-66b-submod-0-latency-25.cdgp
1704042646513290621,1704042648619995801,200,http://172.169.8.253:31112/function/opt-66b-submod-0-latency-25.cdgp
1704042646513349489,1704042648667304705,200,http://172.169.8.253:31112/function/opt-66b-submod-0-latency-25.cdgp
1704042646513413810,1704042655995205470,500,http://172.169.8.253:31112/function/opt-66b-submod-0-latency-25.cdgp
1704042646513454735,1704042655968532388,500,http://172.169.8.253:31112/function/opt-66b-submod-0-latency-25.cdgp
1704042646513533456,1704042648405400707,200,http://172.169.8.253:31112/function/opt-66b-submod-0-latency-25.cdgp
1704042646513572644,1704042655743302316,500,http://172.169.8.253:31112/function/opt-66b-submod-0-latency-25.cdgp
1704042646513661038,1704042648485839086,200,http://172.169.8.253:31112/function/opt-66b-submod-0-latency-25.cdgp
1704042646513756026,1704042655968743146,500,http://172.169.8.253:31112/function/opt-66b-submod-0-latency-25.cdgp
1704042646513848249,1704042655968744709,500,http://172.169.8.253:31112/function/opt-66b-submod-0-latency-25.cdgp
1704042648275182447,1704042657419438999,500,http://172.169.8.253:31112/function/opt-66b-submod-0-latency-25.cdgp
1704042648275282363,1704042657591063822,500,http://172.169.8.253:31112/function/opt-66b-submod-0-latency-25.cdgp
1704042648275540190,1704042649452740032,200,http://172.169.8.253:31112/function/opt-66b-submod-0-latency-25.cdgp
1704042648275605287,1704042649204562781,200,http://172.169.8.253:31112/function/opt-66b-submod-0-latency-25.cdgp
1704042648275647217,1704042649747473869,200,http://172.169.8.253:31112/function/opt-66b-submod-0-latency-25.cdgp
1704042648275744380,1704042649474977650,200,http://172.169.8.253:31112/function/opt-66b-submod-0-latency-25.cdgp
1704042648275787612,1704042649446257676,200,http://172.169.8.253:31112/function/opt-66b-submod-0-latency-25.cdgp
1704042648275881549,1704042657392583511,500,http://172.169.8.253:31112/function/opt-66b-submod-0-latency-25.cdgp
1704042648275950005,1704042649502401086,200,http://172.169.8.253:31112/function/opt-66b-submod-0-latency-25.cdgp
1704042648276024930,1704042649235778345,200,http://172.169.8.253:31112/function/opt-66b-submod-0-latency-25.cdgp
1704042648276124237,1704042649415392997,200,http://172.169.8.253:31112/function/opt-66b-submod-0-latency-25.cdgp
1704042648276195910,1704042657591961957,500,http://172.169.8.253:31112/function/opt-66b-submod-0-latency-25.cdgp
1704042648276257101,1704042649487851723,200,http://172.169.8.253:31112/function/opt-66b-submod-0-latency-25.cdgp
1704042648276332862,1704042657953616459,500,http://172.169.8.253:31112/function/opt-66b-submod-0-latency-25.cdgp
1704042648276434230,1704042649373080688,200,http://172.169.8.253:31112/function/opt-66b-submod-0-latency-25.cdgp
1704042648383591976,1704042649246268459,200,http://172.169.8.253:31112/function/opt-66b-submod-0-latency-25.cdgp
1704042648629131672,1704042649663491212,200,http://172.169.8.253:31112/function/opt-66b-submod-0-latency-25.cdgp
1704042648629223669,1704042657611521686,500,http://172.169.8.253:31112/function/opt-66b-submod-0-latency-25.cdgp
1704042648629313856,1704042649607526820,200,http://172.169.8.253:31112/function/opt-66b-submod-0-latency-25.cdgp
1704042648629360336,1704042657611678059,500,http://172.169.8.253:31112/function/opt-66b-submod-0-latency-25.cdgp
1704042648629453940,1704042657991604785,500,http://172.169.8.253:31112/function/opt-66b-submod-0-latency-25.cdgp
1704042650086804195,1704042651158565035,200,http://172.169.8.253:31112/function/opt-66b-submod-0-latency-25.cdgp
1704042650086975462,1704042659295265446,500,http://172.169.8.253:31112/function/opt-66b-submod-0-latency-25.cdgp
1704042650087041643,1704042651404799975,200,http://172.169.8.253:31112/function/opt-66b-submod-0-latency-25.cdgp
1704042650087106822,1704042659297926251,500,http://172.169.8.253:31112/function/opt-66b-submod-0-latency-25.cdgp
1704042650087144522,1704042659234473584,500,http://172.169.8.253:31112/function/opt-66b-submod-0-latency-25.cdgp
1704042650087225069,1704042650839407658,200,http://172.169.8.253:31112/function/opt-66b-submod-0-latency-25.cdgp
1704042650087285337,1704042651158055646,200,http://172.169.8.253:31112/function/opt-66b-submod-0-latency-25.cdgp
1704042650087404151,1704042651410999642,200,http://172.169.8.253:31112/function/opt-66b-submod-0-latency-25.cdgp
1704042650087426291,1704042651375460115,200,http://172.169.8.253:31112/function/opt-66b-submod-0-latency-25.cdgp
1704042650087484518,1704042659211268031,500,http://172.169.8.253:31112/function/opt-66b-submod-0-latency-25.cdgp
1704042650087578902,1704042651087141947,200,http://172.169.8.253:31112/function/opt-66b-submod-0-latency-25.cdgp
1704042650087641832,1704042659297183113,500,http://172.169.8.253:31112/function/opt-66b-submod-0-latency-25.cdgp
1704042650087695975,1704042651375275384,200,http://172.169.8.253:31112/function/opt-66b-submod-0-latency-25.cdgp
1704042650087769554,1704042659247546955,500,http://172.169.8.253:31112/function/opt-66b-submod-0-latency-25.cdgp
1704042650087842377,1704042651161731034,200,http://172.169.8.253:31112/function/opt-66b-submod-0-latency-25.cdgp
1704042650087896053,1704042651357382277,200,http://172.169.8.253:31112/function/opt-66b-submod-0-latency-25.cdgp
1704042650087969433,1704042659299540411,500,http://172.169.8.253:31112/function/opt-66b-submod-0-latency-25.cdgp
1704042650088046004,1704042651357130099,200,http://172.169.8.253:31112/function/opt-66b-submod-0-latency-25.cdgp
1704042650088132086,1704042659056801786,500,http://172.169.8.253:31112/function/opt-66b-submod-0-latency-25.cdgp
1704042650687407069,1704042659695544612,500,http://172.169.8.253:31112/function/opt-66b-submod-0-latency-25.cdgp
1704042650687492296,1704042659655568780,500,http://172.169.8.253:31112/function/opt-66b-submod-0-latency-25.cdgp
1704042650687581028,1704042659759417532,500,http://172.169.8.253:31112/function/opt-66b-submod-0-latency-25.cdgp
1704042650687665525,1704042659831762396,500,http://172.169.8.253:31112/function/opt-66b-submod-0-latency-25.cdgp
1704042650687735694,1704042659788326285,500,http://172.169.8.253:31112/function/opt-66b-submod-0-latency-25.cdgp
1704042650687775596,1704042652659698608,200,http://172.169.8.253:31112/function/opt-66b-submod-0-latency-25.cdgp
1704042650687857565,1704042659747386703,500,http://172.169.8.253:31112/function/opt-66b-submod-0-latency-25.cdgp
1704042650687918803,1704042660020877822,500,http://172.169.8.253:31112/function/opt-66b-submod-0-latency-25.cdgp
1704042650687956658,1704042652617097095,200,http://172.169.8.253:31112/function/opt-66b-submod-0-latency-25.cdgp
1704042650688035736,1704042660021076038,500,http://172.169.8.253:31112/function/opt-66b-submod-0-latency-25.cdgp
1704042650688088867,1704042659823627124,500,http://172.169.8.253:31112/function/opt-66b-submod-0-latency-25.cdgp
1704042650688176432,1704042652493469390,200,http://172.169.8.253:31112/function/opt-66b-submod-0-latency-25.cdgp
1704042650688202462,1704042660073283770,500,http://172.169.8.253:31112/function/opt-66b-submod-0-latency-25.cdgp
1704042650688290836,1704042660021468738,500,http://172.169.8.253:31112/function/opt-66b-submod-0-latency-25.cdgp
1704042650688387712,1704042659791642413,500,http://172.169.8.253:31112/function/opt-66b-submod-0-latency-25.cdgp
1704042650688483460,1704042651799950450,200,http://172.169.8.253:31112/function/opt-66b-submod-0-latency-25.cdgp
1704042650688557572,1704042659807949488,500,http://172.169.8.253:31112/function/opt-66b-submod-0-latency-25.cdgp
1704042650688591673,1704042652556583883,200,http://172.169.8.253:31112/function/opt-66b-submod-0-latency-25.cdgp
1704042650688653067,1704042652558172705,200,http://172.169.8.253:31112/function/opt-66b-submod-0-latency-25.cdgp
1704042650688705758,1704042652557924845,200,http://172.169.8.253:31112/function/opt-66b-submod-0-latency-25.cdgp
1704042650881826281,1704042653226692467,200,http://172.169.8.253:31112/function/opt-66b-submod-0-latency-25.cdgp
1704042650881926704,1704042653118726687,200,http://172.169.8.253:31112/function/opt-66b-submod-0-latency-25.cdgp
1704042650882012236,1704042653978607077,200,http://172.169.8.253:31112/function/opt-66b-submod-0-latency-25.cdgp
1704042650882074943,1704042660066907182,500,http://172.169.8.253:31112/function/opt-66b-submod-0-latency-25.cdgp
1704042650882133969,1704042660403894739,500,http://172.169.8.253:31112/function/opt-66b-submod-0-latency-25.cdgp
1704042650882173705,1704042652558159661,200,http://172.169.8.253:31112/function/opt-66b-submod-0-latency-25.cdgp
1704042650882252763,1704042652557294715,200,http://172.169.8.253:31112/function/opt-66b-submod-0-latency-25.cdgp
1704042650882323524,1704042660403973972,500,http://172.169.8.253:31112/function/opt-66b-submod-0-latency-25.cdgp
1704042650882355385,1704042659867658389,500,http://172.169.8.253:31112/function/opt-66b-submod-0-latency-25.cdgp
1704042650882435979,1704042660845882675,500,http://172.169.8.253:31112/function/opt-66b-submod-0-latency-25.cdgp
1704042650882500156,1704042660403881576,500,http://172.169.8.253:31112/function/opt-66b-submod-0-latency-25.cdgp
1704042650882529310,1704042660249288611,500,http://172.169.8.253:31112/function/opt-66b-submod-0-latency-25.cdgp
1704042650882611484,1704042660139121883,500,http://172.169.8.253:31112/function/opt-66b-submod-0-latency-25.cdgp
1704042650882700058,1704042653231851419,200,http://172.169.8.253:31112/function/opt-66b-submod-0-latency-25.cdgp
1704042650885580330,1704042653384084902,200,http://172.169.8.253:31112/function/opt-66b-submod-0-latency-25.cdgp
1704042650885659150,1704042652557307764,200,http://172.169.8.253:31112/function/opt-66b-submod-0-latency-25.cdgp
1704042650885752026,1704042660164662706,500,http://172.169.8.253:31112/function/opt-66b-submod-0-latency-25.cdgp
1704042650885832767,1704042653382553539,200,http://172.169.8.253:31112/function/opt-66b-submod-0-latency-25.cdgp
1704042650885883596,1704042660206466738,500,http://172.169.8.253:31112/function/opt-66b-submod-0-latency-25.cdgp
1704042650885942968,1704042653384113082,200,http://172.169.8.253:31112/function/opt-66b-submod-0-latency-25.cdgp
1704042650886054238,1704042654113003714,200,http://172.169.8.253:31112/function/opt-66b-submod-0-latency-25.cdgp
1704042650886152327,1704042652556841536,200,http://172.169.8.253:31112/function/opt-66b-submod-0-latency-25.cdgp
1704042650886218659,1704042660546184151,500,http://172.169.8.253:31112/function/opt-66b-submod-0-latency-25.cdgp
1704042650886268609,1704042654288938950,200,http://172.169.8.253:31112/function/opt-66b-submod-0-latency-25.cdgp
1704042650886365786,1704042660546334371,500,http://172.169.8.253:31112/function/opt-66b-submod-0-latency-25.cdgp
1704042650886425994,1704042660603877408,500,http://172.169.8.253:31112/function/opt-66b-submod-0-latency-25.cdgp
1704042650886442252,1704042652555560859,200,http://172.169.8.253:31112/function/opt-66b-submod-0-latency-25.cdgp
1704042650886516400,1704042660074368631,500,http://172.169.8.253:31112/function/opt-66b-submod-0-latency-25.cdgp
1704042650886571869,1704042660403913188,500,http://172.169.8.253:31112/function/opt-66b-submod-0-latency-25.cdgp
1704042650886626556,1704042653383598423,200,http://172.169.8.253:31112/function/opt-66b-submod-0-latency-25.cdgp
1704042650886701408,1704042660887783660,500,http://172.169.8.253:31112/function/opt-66b-submod-0-latency-25.cdgp
1704042650886764546,1704042660166562520,500,http://172.169.8.253:31112/function/opt-66b-submod-0-latency-25.cdgp
1704042650886806723,1704042653226597174,200,http://172.169.8.253:31112/function/opt-66b-submod-0-latency-25.cdgp
1704042650886864165,1704042660603860870,500,http://172.169.8.253:31112/function/opt-66b-submod-0-latency-25.cdgp
1704042650886946990,1704042652556681060,200,http://172.169.8.253:31112/function/opt-66b-submod-0-latency-25.cdgp
1704042650886968751,1704042660846772218,500,http://172.169.8.253:31112/function/opt-66b-submod-0-latency-25.cdgp
1704042650887055944,1704042653694921473,200,http://172.169.8.253:31112/function/opt-66b-submod-0-latency-25.cdgp
1704042650887133912,1704042660403234414,500,http://172.169.8.253:31112/function/opt-66b-submod-0-latency-25.cdgp
1704042650887201580,1704042660403644401,500,http://172.169.8.253:31112/function/opt-66b-submod-0-latency-25.cdgp
1704042650887227553,1704042653226848655,200,http://172.169.8.253:31112/function/opt-66b-submod-0-latency-25.cdgp
1704042650887280558,1704042660887784451,500,http://172.169.8.253:31112/function/opt-66b-submod-0-latency-25.cdgp
1704042650887366770,1704042660404768741,500,http://172.169.8.253:31112/function/opt-66b-submod-0-latency-25.cdgp
1704042650887423671,1704042660208213248,500,http://172.169.8.253:31112/function/opt-66b-submod-0-latency-25.cdgp
1704042650887492184,1704042652959265388,200,http://172.169.8.253:31112/function/opt-66b-submod-0-latency-25.cdgp
1704042650887554044,1704042660138073146,500,http://172.169.8.253:31112/function/opt-66b-submod-0-latency-25.cdgp
1704042650887631552,1704042652556350467,200,http://172.169.8.253:31112/function/opt-66b-submod-0-latency-25.cdgp
1704042650887694264,1704042654119562118,200,http://172.169.8.253:31112/function/opt-66b-submod-0-latency-25.cdgp
1704042650899612591,1704042654481061958,200,http://172.169.8.253:31112/function/opt-66b-submod-0-latency-25.cdgp
1704042650899700172,1704042654079293474,200,http://172.169.8.253:31112/function/opt-66b-submod-0-latency-25.cdgp
1704042650899725593,1704042654115663510,200,http://172.169.8.253:31112/function/opt-66b-submod-0-latency-25.cdgp
1704042650899835056,1704042654937564433,200,http://172.169.8.253:31112/function/opt-66b-submod-0-latency-25.cdgp
1704042650899882794,1704042660900295541,500,http://172.169.8.253:31112/function/opt-66b-submod-0-latency-25.cdgp
1704042650899956528,1704042660900257021,500,http://172.169.8.253:31112/function/opt-66b-submod-0-latency-25.cdgp
1704042650900021199,1704042653398540288,200,http://172.169.8.253:31112/function/opt-66b-submod-0-latency-25.cdgp
1704042650900062792,1704042660762542277,500,http://172.169.8.253:31112/function/opt-66b-submod-0-latency-25.cdgp
1704042650900146057,1704042653469256894,200,http://172.169.8.253:31112/function/opt-66b-submod-0-latency-25.cdgp
1704042650900182205,1704042653978528541,200,http://172.169.8.253:31112/function/opt-66b-submod-0-latency-25.cdgp
1704042650900250183,1704042653748293066,200,http://172.169.8.253:31112/function/opt-66b-submod-0-latency-25.cdgp
1704042650900307089,1704042660901405731,500,http://172.169.8.253:31112/function/opt-66b-submod-0-latency-25.cdgp
1704042650900420346,1704042654439859240,200,http://172.169.8.253:31112/function/opt-66b-submod-0-latency-25.cdgp
1704042650900498294,1704042654080254420,200,http://172.169.8.253:31112/function/opt-66b-submod-0-latency-25.cdgp
1704042650900626062,1704042653398185195,200,http://172.169.8.253:31112/function/opt-66b-submod-0-latency-25.cdgp
1704042650900703892,1704042660901409559,500,http://172.169.8.253:31112/function/opt-66b-submod-0-latency-25.cdgp
1704042650900786293,1704042654932356810,200,http://172.169.8.253:31112/function/opt-66b-submod-0-latency-25.cdgp
1704042650900819037,1704042653614418509,200,http://172.169.8.253:31112/function/opt-66b-submod-0-latency-25.cdgp
1704042650900891536,1704042653615518493,200,http://172.169.8.253:31112/function/opt-66b-submod-0-latency-25.cdgp
1704042650958410994,1704042654481832921,200,http://172.169.8.253:31112/function/opt-66b-submod-0-latency-25.cdgp
1704042650958531926,1704042653977963948,200,http://172.169.8.253:31112/function/opt-66b-submod-0-latency-25.cdgp
1704042650958614196,1704042660959267947,500,http://172.169.8.253:31112/function/opt-66b-submod-0-latency-25.cdgp
1704042650958685153,1704042660959260404,500,http://172.169.8.253:31112/function/opt-66b-submod-0-latency-25.cdgp
1704042650958714123,1704042654358039589,200,http://172.169.8.253:31112/function/opt-66b-submod-0-latency-25.cdgp
1704042650958817217,1704042653651633140,200,http://172.169.8.253:31112/function/opt-66b-submod-0-latency-25.cdgp
1704042650958883532,1704042660913205493,500,http://172.169.8.253:31112/function/opt-66b-submod-0-latency-25.cdgp
1704042650958946901,1704042660808199235,500,http://172.169.8.253:31112/function/opt-66b-submod-0-latency-25.cdgp
1704042650959579620,1704042660911372392,500,http://172.169.8.253:31112/function/opt-66b-submod-0-latency-25.cdgp
1704042650959607420,1704042660960717938,500,http://172.169.8.253:31112/function/opt-66b-submod-0-latency-25.cdgp
1704042650959723634,1704042660953353623,500,http://172.169.8.253:31112/function/opt-66b-submod-0-latency-25.cdgp
1704042650959801246,1704042660912802148,500,http://172.169.8.253:31112/function/opt-66b-submod-0-latency-25.cdgp
1704042650959871398,1704042660910666625,500,http://172.169.8.253:31112/function/opt-66b-submod-0-latency-25.cdgp
1704042650959945565,1704042654113333793,200,http://172.169.8.253:31112/function/opt-66b-submod-0-latency-25.cdgp
1704042650960040922,1704042660960734700,500,http://172.169.8.253:31112/function/opt-66b-submod-0-latency-25.cdgp
1704042650960126361,1704042660762572227,500,http://172.169.8.253:31112/function/opt-66b-submod-0-latency-25.cdgp
1704042650960153021,1704042660960491844,500,http://172.169.8.253:31112/function/opt-66b-submod-0-latency-25.cdgp
1704042650960234650,1704042660954648131,500,http://172.169.8.253:31112/function/opt-66b-submod-0-latency-25.cdgp
1704042650960320533,1704042655388710395,200,http://172.169.8.253:31112/function/opt-66b-submod-0-latency-25.cdgp
1704042650960418049,1704042660911223239,500,http://172.169.8.253:31112/function/opt-66b-submod-0-latency-25.cdgp
1704042650960479871,1704042655387285014,200,http://172.169.8.253:31112/function/opt-66b-submod-0-latency-25.cdgp
1704042650960573910,1704042660960726630,500,http://172.169.8.253:31112/function/opt-66b-submod-0-latency-25.cdgp
1704042650960616293,1704042660910813047,500,http://172.169.8.253:31112/function/opt-66b-submod-0-latency-25.cdgp
1704042651300989008,1704042655298650350,200,http://172.169.8.253:31112/function/opt-66b-submod-0-latency-25.cdgp
1704042651348449484,1704042654874825900,200,http://172.169.8.253:31112/function/opt-66b-submod-0-latency-25.cdgp
1704042651348876294,1704042661015629807,500,http://172.169.8.253:31112/function/opt-66b-submod-0-latency-25.cdgp
1704042651348984966,1704042661021973436,500,http://172.169.8.253:31112/function/opt-66b-submod-0-latency-25.cdgp
1704042651349052466,1704042654481133834,200,http://172.169.8.253:31112/function/opt-66b-submod-0-latency-25.cdgp
1704042651349145970,1704042653892071733,200,http://172.169.8.253:31112/function/opt-66b-submod-0-latency-25.cdgp
1704042651349224271,1704042661020842438,500,http://172.169.8.253:31112/function/opt-66b-submod-0-latency-25.cdgp
1704042651349324081,1704042656078007324,200,http://172.169.8.253:31112/function/opt-66b-submod-0-latency-25.cdgp
1704042651349390741,1704042661350159883,500,http://172.169.8.253:31112/function/opt-66b-submod-0-latency-25.cdgp
1704042651350695396,1704042661016937925,500,http://172.169.8.253:31112/function/opt-66b-submod-0-latency-25.cdgp
1704042651350800002,1704042654481077585,200,http://172.169.8.253:31112/function/opt-66b-submod-0-latency-25.cdgp
1704042651350860098,1704042661020630294,500,http://172.169.8.253:31112/function/opt-66b-submod-0-latency-25.cdgp
1704042651459358961,1704042661103108544,500,http://172.169.8.253:31112/function/opt-66b-submod-0-latency-25.cdgp
1704042651459463247,1704042661159790166,500,http://172.169.8.253:31112/function/opt-66b-submod-0-latency-25.cdgp
1704042651459599697,1704042661119533395,500,http://172.169.8.253:31112/function/opt-66b-submod-0-latency-25.cdgp
1704042651459665496,1704042661163070787,500,http://172.169.8.253:31112/function/opt-66b-submod-0-latency-25.cdgp
1704042651459710803,1704042661171400157,500,http://172.169.8.253:31112/function/opt-66b-submod-0-latency-25.cdgp
1704042651459788011,1704042656925274709,200,http://172.169.8.253:31112/function/opt-66b-submod-0-latency-25.cdgp
1704042651459823334,1704042654933125997,200,http://172.169.8.253:31112/function/opt-66b-submod-0-latency-25.cdgp
1704042651459902170,1704042661161058341,500,http://172.169.8.253:31112/function/opt-66b-submod-0-latency-25.cdgp
1704042651459926924,1704042661164064836,500,http://172.169.8.253:31112/function/opt-66b-submod-0-latency-25.cdgp
1704042651460007745,1704042661158476763,500,http://172.169.8.253:31112/function/opt-66b-submod-0-latency-25.cdgp
1704042651460071481,1704042661058139570,500,http://172.169.8.253:31112/function/opt-66b-submod-0-latency-25.cdgp
1704042651460103815,1704042661120995746,500,http://172.169.8.253:31112/function/opt-66b-submod-0-latency-25.cdgp
1704042651536313748,1704042655995124177,200,http://172.169.8.253:31112/function/opt-66b-submod-0-latency-25.cdgp
1704042651536396487,1704042661244271474,500,http://172.169.8.253:31112/function/opt-66b-submod-0-latency-25.cdgp
1704042651536422282,1704042661057062262,500,http://172.169.8.253:31112/function/opt-66b-submod-0-latency-25.cdgp
1704042651537980778,1704042661252605847,500,http://172.169.8.253:31112/function/opt-66b-submod-0-latency-25.cdgp
1704042651538037599,1704042661247116426,500,http://172.169.8.253:31112/function/opt-66b-submod-0-latency-25.cdgp
1704042651538075842,1704042661252009938,500,http://172.169.8.253:31112/function/opt-66b-submod-0-latency-25.cdgp
1704042651538151173,1704042661248318730,500,http://172.169.8.253:31112/function/opt-66b-submod-0-latency-25.cdgp
1704042651538215699,1704042661267100783,500,http://172.169.8.253:31112/function/opt-66b-submod-0-latency-25.cdgp
1704042651538271009,1704042654329300587,200,http://172.169.8.253:31112/function/opt-66b-submod-0-latency-25.cdgp
1704042651538300463,1704042654872986001,200,http://172.169.8.253:31112/function/opt-66b-submod-0-latency-25.cdgp
1704042651538394900,1704042661058089248,500,http://172.169.8.253:31112/function/opt-66b-submod-0-latency-25.cdgp
1704042651538432981,1704042661262053635,500,http://172.169.8.253:31112/function/opt-66b-submod-0-latency-25.cdgp
1704042651538515091,1704042654875547415,200,http://172.169.8.253:31112/function/opt-66b-submod-0-latency-25.cdgp
1704042651538605359,1704042661262430156,500,http://172.169.8.253:31112/function/opt-66b-submod-0-latency-25.cdgp
1704042651538639915,1704042661264573262,500,http://172.169.8.253:31112/function/opt-66b-submod-0-latency-25.cdgp
1704042651538712047,1704042654111623575,200,http://172.169.8.253:31112/function/opt-66b-submod-0-latency-25.cdgp
1704042651538791966,1704042661249957331,500,http://172.169.8.253:31112/function/opt-66b-submod-0-latency-25.cdgp
1704042651538887306,1704042655742129282,200,http://172.169.8.253:31112/function/opt-66b-submod-0-latency-25.cdgp
1704042651538965576,1704042654357781420,200,http://172.169.8.253:31112/function/opt-66b-submod-0-latency-25.cdgp
1704042651539028474,1704042661264083228,500,http://172.169.8.253:31112/function/opt-66b-submod-0-latency-25.cdgp
1704042651753230321,1704042654873578459,200,http://172.169.8.253:31112/function/opt-66b-submod-0-latency-25.cdgp
1704042651753336499,1704042654358442609,200,http://172.169.8.253:31112/function/opt-66b-submod-0-latency-25.cdgp
1704042651761389558,1704042655839757408,200,http://172.169.8.253:31112/function/opt-66b-submod-0-latency-25.cdgp
1704042651762382396,1704042661408262091,500,http://172.169.8.253:31112/function/opt-66b-submod-0-latency-25.cdgp
1704042651762452278,1704042661406500577,500,http://172.169.8.253:31112/function/opt-66b-submod-0-latency-25.cdgp
1704042651774872392,1704042655431125401,200,http://172.169.8.253:31112/function/opt-66b-submod-0-latency-25.cdgp
1704042651775025389,1704042661498406817,500,http://172.169.8.253:31112/function/opt-66b-submod-0-latency-25.cdgp
1704042651775111798,1704042661500179288,500,http://172.169.8.253:31112/function/opt-66b-submod-0-latency-25.cdgp
1704042651775237079,1704042654873947904,200,http://172.169.8.253:31112/function/opt-66b-submod-0-latency-25.cdgp
1704042651775367009,1704042655574837980,200,http://172.169.8.253:31112/function/opt-66b-submod-0-latency-25.cdgp
1704042651776025985,1704042656135611385,200,http://172.169.8.253:31112/function/opt-66b-submod-0-latency-25.cdgp
1704042651776077405,1704042661476427717,500,http://172.169.8.253:31112/function/opt-66b-submod-0-latency-25.cdgp
1704042651776172746,1704042661460034634,500,http://172.169.8.253:31112/function/opt-66b-submod-0-latency-25.cdgp
1704042651776248809,1704042661478034264,500,http://172.169.8.253:31112/function/opt-66b-submod-0-latency-25.cdgp
1704042651776343489,1704042654872521215,200,http://172.169.8.253:31112/function/opt-66b-submod-0-latency-25.cdgp
1704042651776425809,1704042661479584582,500,http://172.169.8.253:31112/function/opt-66b-submod-0-latency-25.cdgp
1704042651776544534,1704042661496452796,500,http://172.169.8.253:31112/function/opt-66b-submod-0-latency-25.cdgp
1704042651776593294,1704042661479861977,500,http://172.169.8.253:31112/function/opt-66b-submod-0-latency-25.cdgp
1704042651776663040,1704042655737942284,200,http://172.169.8.253:31112/function/opt-66b-submod-0-latency-25.cdgp
1704042651776741806,1704042661500724717,500,http://172.169.8.253:31112/function/opt-66b-submod-0-latency-25.cdgp
1704042651776820256,1704042661500936905,500,http://172.169.8.253:31112/function/opt-66b-submod-0-latency-25.cdgp
1704042651776888853,1704042661777655967,500,http://172.169.8.253:31112/function/opt-66b-submod-0-latency-25.cdgp
1704042651776954011,1704042655390146639,200,http://172.169.8.253:31112/function/opt-66b-submod-0-latency-25.cdgp
1704042651863565524,1704042655607616940,200,http://172.169.8.253:31112/function/opt-66b-submod-0-latency-25.cdgp
1704042651863688968,1704042661581820694,500,http://172.169.8.253:31112/function/opt-66b-submod-0-latency-25.cdgp
1704042651863793635,1704042661522506453,500,http://172.169.8.253:31112/function/opt-66b-submod-0-latency-25.cdgp
1704042651863876013,1704042661578227954,500,http://172.169.8.253:31112/function/opt-66b-submod-0-latency-25.cdgp
1704042651863931173,1704042657124034199,200,http://172.169.8.253:31112/function/opt-66b-submod-0-latency-25.cdgp
1704042651864009518,1704042656563510683,200,http://172.169.8.253:31112/function/opt-66b-submod-0-latency-25.cdgp
1704042651864109681,1704042656428744551,200,http://172.169.8.253:31112/function/opt-66b-submod-0-latency-25.cdgp
1704042651864208332,1704042655389316282,200,http://172.169.8.253:31112/function/opt-66b-submod-0-latency-25.cdgp
1704042651864310379,1704042661518999844,500,http://172.169.8.253:31112/function/opt-66b-submod-0-latency-25.cdgp
1704042651864488402,1704042661520643792,500,http://172.169.8.253:31112/function/opt-66b-submod-0-latency-25.cdgp
1704042651864651868,1704042656078171246,200,http://172.169.8.253:31112/function/opt-66b-submod-0-latency-25.cdgp
1704042651864749794,1704042661480537258,500,http://172.169.8.253:31112/function/opt-66b-submod-0-latency-25.cdgp
1704042651913324886,1704042655386814108,200,http://172.169.8.253:31112/function/opt-66b-submod-0-latency-25.cdgp
1704042651914737382,1704042661740396516,500,http://172.169.8.253:31112/function/opt-66b-submod-0-latency-25.cdgp
1704042651926753413,1704042661459006646,500,http://172.169.8.253:31112/function/opt-66b-submod-0-latency-25.cdgp
1704042651926813174,1704042661816167526,500,http://172.169.8.253:31112/function/opt-66b-submod-0-latency-25.cdgp
1704042651926891639,1704042661738353288,500,http://172.169.8.253:31112/function/opt-66b-submod-0-latency-25.cdgp
1704042651926966500,1704042655738035510,200,http://172.169.8.253:31112/function/opt-66b-submod-0-latency-25.cdgp
1704042651927007021,1704042661587678523,500,http://172.169.8.253:31112/function/opt-66b-submod-0-latency-25.cdgp
1704042651927077423,1704042656134980274,200,http://172.169.8.253:31112/function/opt-66b-submod-0-latency-25.cdgp
1704042651927115736,1704042654341336422,200,http://172.169.8.253:31112/function/opt-66b-submod-0-latency-25.cdgp
1704042651927185169,1704042661588674626,500,http://172.169.8.253:31112/function/opt-66b-submod-0-latency-25.cdgp
1704042651927234878,1704042661649064505,500,http://172.169.8.253:31112/function/opt-66b-submod-0-latency-25.cdgp
1704042651927325248,1704042655742664751,200,http://172.169.8.253:31112/function/opt-66b-submod-0-latency-25.cdgp
1704042651927408645,1704042655739157360,200,http://172.169.8.253:31112/function/opt-66b-submod-0-latency-25.cdgp
1704042651940615320,1704042654873676276,200,http://172.169.8.253:31112/function/opt-66b-submod-0-latency-25.cdgp
1704042651940732341,1704042661739295741,500,http://172.169.8.253:31112/function/opt-66b-submod-0-latency-25.cdgp
1704042651940838526,1704042661645495860,500,http://172.169.8.253:31112/function/opt-66b-submod-0-latency-25.cdgp
1704042651940943890,1704042656724422475,200,http://172.169.8.253:31112/function/opt-66b-submod-0-latency-25.cdgp
1704042651951081524,1704042655742451192,200,http://172.169.8.253:31112/function/opt-66b-submod-0-latency-25.cdgp
1704042651951198553,1704042661736780003,500,http://172.169.8.253:31112/function/opt-66b-submod-0-latency-25.cdgp
1704042651951326141,1704042655738157287,200,http://172.169.8.253:31112/function/opt-66b-submod-0-latency-25.cdgp
1704042651951459570,1704042655747345182,200,http://172.169.8.253:31112/function/opt-66b-submod-0-latency-25.cdgp
1704042651951531564,1704042655606351064,200,http://172.169.8.253:31112/function/opt-66b-submod-0-latency-25.cdgp
1704042651951613608,1704042661816790355,500,http://172.169.8.253:31112/function/opt-66b-submod-0-latency-25.cdgp
1704042651997963243,1704042656134676406,200,http://172.169.8.253:31112/function/opt-66b-submod-0-latency-25.cdgp
1704042651998088528,1704042661813682227,500,http://172.169.8.253:31112/function/opt-66b-submod-0-latency-25.cdgp
1704042651998159574,1704042655738156047,200,http://172.169.8.253:31112/function/opt-66b-submod-0-latency-25.cdgp
1704042651998224608,1704042661647497806,500,http://172.169.8.253:31112/function/opt-66b-submod-0-latency-25.cdgp
1704042651998254929,1704042657127699937,200,http://172.169.8.253:31112/function/opt-66b-submod-0-latency-25.cdgp
1704042651998360128,1704042661812006448,500,http://172.169.8.253:31112/function/opt-66b-submod-0-latency-25.cdgp
1704042651998398809,1704042661638057737,500,http://172.169.8.253:31112/function/opt-66b-submod-0-latency-25.cdgp
1704042651998496092,1704042656080227752,200,http://172.169.8.253:31112/function/opt-66b-submod-0-latency-25.cdgp
1704042651998557219,1704042661639166170,500,http://172.169.8.253:31112/function/opt-66b-submod-0-latency-25.cdgp
1704042651998582345,1704042661643725418,500,http://172.169.8.253:31112/function/opt-66b-submod-0-latency-25.cdgp
1704042652175710351,1704042662131876765,500,http://172.169.8.253:31112/function/opt-66b-submod-0-latency-25.cdgp
1704042652175852966,1704042662176566386,500,http://172.169.8.253:31112/function/opt-66b-submod-0-latency-25.cdgp
1704042652175958745,1704042662148377750,500,http://172.169.8.253:31112/function/opt-66b-submod-0-latency-25.cdgp
1704042652176026239,1704042657246890523,200,http://172.169.8.253:31112/function/opt-66b-submod-0-latency-25.cdgp
1704042652176057022,1704042662156924938,500,http://172.169.8.253:31112/function/opt-66b-submod-0-latency-25.cdgp
1704042652176153386,1704042654873964193,200,http://172.169.8.253:31112/function/opt-66b-submod-0-latency-25.cdgp
1704042652176223458,1704042662147925257,500,http://172.169.8.253:31112/function/opt-66b-submod-0-latency-25.cdgp
1704042652176288258,1704042662176566141,500,http://172.169.8.253:31112/function/opt-66b-submod-0-latency-25.cdgp
1704042652176320052,1704042662167239396,504,http://172.169.8.253:31112/function/opt-66b-submod-0-latency-25.cdgp
1704042652176410468,1704042655742196978,200,http://172.169.8.253:31112/function/opt-66b-submod-0-latency-25.cdgp
1704042652176500094,1704042662007457495,500,http://172.169.8.253:31112/function/opt-66b-submod-0-latency-25.cdgp
1704042652176572296,1704042662177016626,500,http://172.169.8.253:31112/function/opt-66b-submod-0-latency-25.cdgp
1704042652176658396,1704042655794706420,200,http://172.169.8.253:31112/function/opt-66b-submod-0-latency-25.cdgp
1704042652176742648,1704042662150648577,500,http://172.169.8.253:31112/function/opt-66b-submod-0-latency-25.cdgp
1704042652176794999,1704042662129396478,500,http://172.169.8.253:31112/function/opt-66b-submod-0-latency-25.cdgp
1704042652176871399,1704042662177046709,500,http://172.169.8.253:31112/function/opt-66b-submod-0-latency-25.cdgp
1704042652176946861,1704042657142915690,200,http://172.169.8.253:31112/function/opt-66b-submod-0-latency-25.cdgp
1704042652177037122,1704042661924490010,500,http://172.169.8.253:31112/function/opt-66b-submod-0-latency-25.cdgp
1704042652177112152,1704042662138964128,500,http://172.169.8.253:31112/function/opt-66b-submod-0-latency-25.cdgp
1704042652177161801,1704042662177983331,500,http://172.169.8.253:31112/function/opt-66b-submod-0-latency-25.cdgp
1704042652177269255,1704042657257250260,200,http://172.169.8.253:31112/function/opt-66b-submod-0-latency-25.cdgp
1704042652177337816,1704042658599368585,200,http://172.169.8.253:31112/function/opt-66b-submod-0-latency-25.cdgp
1704042652177394210,1704042662171823503,500,http://172.169.8.253:31112/function/opt-66b-submod-0-latency-25.cdgp
1704042652177492108,1704042655749038976,200,http://172.169.8.253:31112/function/opt-66b-submod-0-latency-25.cdgp
1704042652177564155,1704042657133285142,200,http://172.169.8.253:31112/function/opt-66b-submod-0-latency-25.cdgp
1704042652177640908,1704042657163866913,200,http://172.169.8.253:31112/function/opt-66b-submod-0-latency-25.cdgp
1704042652177718960,1704042662153205811,500,http://172.169.8.253:31112/function/opt-66b-submod-0-latency-25.cdgp
1704042652177825778,1704042662173128148,500,http://172.169.8.253:31112/function/opt-66b-submod-0-latency-25.cdgp
1704042652177873661,1704042662127984001,500,http://172.169.8.253:31112/function/opt-66b-submod-0-latency-25.cdgp
1704042652177908178,1704042656697773045,200,http://172.169.8.253:31112/function/opt-66b-submod-0-latency-25.cdgp
1704042652177980163,1704042655741055452,200,http://172.169.8.253:31112/function/opt-66b-submod-0-latency-25.cdgp
1704042652178050346,1704042662179026359,500,http://172.169.8.253:31112/function/opt-66b-submod-0-latency-25.cdgp
1704042652178142092,1704042656141838955,200,http://172.169.8.253:31112/function/opt-66b-submod-0-latency-25.cdgp
1704042652178231558,1704042662121281355,500,http://172.169.8.253:31112/function/opt-66b-submod-0-latency-25.cdgp
1704042652178291560,1704042662169621134,500,http://172.169.8.253:31112/function/opt-66b-submod-0-latency-25.cdgp
1704042652178349509,1704042656115379206,200,http://172.169.8.253:31112/function/opt-66b-submod-0-latency-25.cdgp
1704042652178418482,1704042662009938402,500,http://172.169.8.253:31112/function/opt-66b-submod-0-latency-25.cdgp
1704042652178489348,1704042659711610074,200,http://172.169.8.253:31112/function/opt-66b-submod-0-latency-25.cdgp
1704042652178546572,1704042662132214681,500,http://172.169.8.253:31112/function/opt-66b-submod-0-latency-25.cdgp
1704042652178613454,1704042654872318877,200,http://172.169.8.253:31112/function/opt-66b-submod-0-latency-25.cdgp
1704042652178697326,1704042658617924750,200,http://172.169.8.253:31112/function/opt-66b-submod-0-latency-25.cdgp
1704042652178773347,1704042662125873215,500,http://172.169.8.253:31112/function/opt-66b-submod-0-latency-25.cdgp
1704042652178852787,1704042662124915463,500,http://172.169.8.253:31112/function/opt-66b-submod-0-latency-25.cdgp
1704042652178927596,1704042657123274121,200,http://172.169.8.253:31112/function/opt-66b-submod-0-latency-25.cdgp
1704042652179006540,1704042658618882356,200,http://172.169.8.253:31112/function/opt-66b-submod-0-latency-25.cdgp
1704042652179073512,1704042659560228168,200,http://172.169.8.253:31112/function/opt-66b-submod-0-latency-25.cdgp
1704042652179159666,1704042656192173736,200,http://172.169.8.253:31112/function/opt-66b-submod-0-latency-25.cdgp
1704042652179243865,1704042658617930951,200,http://172.169.8.253:31112/function/opt-66b-submod-0-latency-25.cdgp
1704042652179350425,1704042654874764773,200,http://172.169.8.253:31112/function/opt-66b-submod-0-latency-25.cdgp
1704042652179447417,1704042657436299194,200,http://172.169.8.253:31112/function/opt-66b-submod-0-latency-25.cdgp
1704042652179516760,1704042662128351416,500,http://172.169.8.253:31112/function/opt-66b-submod-0-latency-25.cdgp
1704042652179602148,1704042656073588282,200,http://172.169.8.253:31112/function/opt-66b-submod-0-latency-25.cdgp
1704042652179664865,1704042662125396313,500,http://172.169.8.253:31112/function/opt-66b-submod-0-latency-25.cdgp
1704042652179743324,1704042662171489225,500,http://172.169.8.253:31112/function/opt-66b-submod-0-latency-25.cdgp
1704042652179817505,1704042655742789621,200,http://172.169.8.253:31112/function/opt-66b-submod-0-latency-25.cdgp
1704042652182697698,1704042656618889052,200,http://172.169.8.253:31112/function/opt-66b-submod-0-latency-25.cdgp
1704042652182783440,1704042657329278096,200,http://172.169.8.253:31112/function/opt-66b-submod-0-latency-25.cdgp
1704042652182858836,1704042659751846484,200,http://172.169.8.253:31112/function/opt-66b-submod-0-latency-25.cdgp
1704042652182948519,1704042662011400830,500,http://172.169.8.253:31112/function/opt-66b-submod-0-latency-25.cdgp
1704042652183020147,1704042662143874401,500,http://172.169.8.253:31112/function/opt-66b-submod-0-latency-25.cdgp
1704042652183065594,1704042657242840112,200,http://172.169.8.253:31112/function/opt-66b-submod-0-latency-25.cdgp
1704042652183126468,1704042660895473560,200,http://172.169.8.253:31112/function/opt-66b-submod-0-latency-25.cdgp
1704042652183222260,1704042662017306046,500,http://172.169.8.253:31112/function/opt-66b-submod-0-latency-25.cdgp
1704042652183299303,1704042658660161200,200,http://172.169.8.253:31112/function/opt-66b-submod-0-latency-25.cdgp
1704042652183359068,1704042657442586323,200,http://172.169.8.253:31112/function/opt-66b-submod-0-latency-25.cdgp
1704042652183445030,1704042658616276959,200,http://172.169.8.253:31112/function/opt-66b-submod-0-latency-25.cdgp
1704042652183532665,1704042654875518268,200,http://172.169.8.253:31112/function/opt-66b-submod-0-latency-25.cdgp
1704042652183593258,1704042662129131053,500,http://172.169.8.253:31112/function/opt-66b-submod-0-latency-25.cdgp
1704042652183674852,1704042660855995402,200,http://172.169.8.253:31112/function/opt-66b-submod-0-latency-25.cdgp
1704042652183753174,1704042662012870926,500,http://172.169.8.253:31112/function/opt-66b-submod-0-latency-25.cdgp
1704042652183827376,1704042662184589596,500,http://172.169.8.253:31112/function/opt-66b-submod-0-latency-25.cdgp
1704042652243873500,1704042657263344613,200,http://172.169.8.253:31112/function/opt-66b-submod-0-latency-25.cdgp
1704042652243991594,1704042656697519931,200,http://172.169.8.253:31112/function/opt-66b-submod-0-latency-25.cdgp
1704042652244073557,1704042662244493107,500,http://172.169.8.253:31112/function/opt-66b-submod-0-latency-25.cdgp
1704042652244143037,1704042656906417041,200,http://172.169.8.253:31112/function/opt-66b-submod-0-latency-25.cdgp
1704042652267481564,1704042656081280045,200,http://172.169.8.253:31112/function/opt-66b-submod-0-latency-25.cdgp
1704042652267563559,1704042657262185123,200,http://172.169.8.253:31112/function/opt-66b-submod-0-latency-25.cdgp
1704042652270674436,1704042656697374921,200,http://172.169.8.253:31112/function/opt-66b-submod-0-latency-25.cdgp
1704042652270808087,1704042658619053803,200,http://172.169.8.253:31112/function/opt-66b-submod-0-latency-25.cdgp
1704042652270885694,1704042662271444404,500,http://172.169.8.253:31112/function/opt-66b-submod-0-latency-25.cdgp
1704042652270927440,1704042658618739722,200,http://172.169.8.253:31112/function/opt-66b-submod-0-latency-25.cdgp
1704042652270990547,1704042656697532656,200,http://172.169.8.253:31112/function/opt-66b-submod-0-latency-25.cdgp
1704042652271050205,1704042657098598436,200,http://172.169.8.253:31112/function/opt-66b-submod-0-latency-25.cdgp
1704042652271125696,1704042662271418767,500,http://172.169.8.253:31112/function/opt-66b-submod-0-latency-25.cdgp
1704042652272790362,1704042662224238094,500,http://172.169.8.253:31112/function/opt-66b-submod-0-latency-25.cdgp
1704042652272883535,1704042657095108793,200,http://172.169.8.253:31112/function/opt-66b-submod-0-latency-25.cdgp
1704042652272946837,1704042662273759673,500,http://172.169.8.253:31112/function/opt-66b-submod-0-latency-25.cdgp
1704042652273016383,1704042662228089906,500,http://172.169.8.253:31112/function/opt-66b-submod-0-latency-25.cdgp
1704042652273078823,1704042662273775690,500,http://172.169.8.253:31112/function/opt-66b-submod-0-latency-25.cdgp
1704042652273462975,1704042662273829184,500,http://172.169.8.253:31112/function/opt-66b-submod-0-latency-25.cdgp
1704042652273550606,1704042662273842833,500,http://172.169.8.253:31112/function/opt-66b-submod-0-latency-25.cdgp
1704042652273596903,1704042656697361725,200,http://172.169.8.253:31112/function/opt-66b-submod-0-latency-25.cdgp
1704042652273823512,1704042656697395364,200,http://172.169.8.253:31112/function/opt-66b-submod-0-latency-25.cdgp
1704042652273907931,1704042656135337238,200,http://172.169.8.253:31112/function/opt-66b-submod-0-latency-25.cdgp
1704042652273997209,1704042662274843653,500,http://172.169.8.253:31112/function/opt-66b-submod-0-latency-25.cdgp
1704042652274069169,1704042662274831182,500,http://172.169.8.253:31112/function/opt-66b-submod-0-latency-25.cdgp
1704042652274146485,1704042656637583148,200,http://172.169.8.253:31112/function/opt-66b-submod-0-latency-25.cdgp
1704042652274234541,1704042661046977576,200,http://172.169.8.253:31112/function/opt-66b-submod-0-latency-25.cdgp
1704042652274264669,1704042656448726642,200,http://172.169.8.253:31112/function/opt-66b-submod-0-latency-25.cdgp
1704042652275689974,1704042659613410655,200,http://172.169.8.253:31112/function/opt-66b-submod-0-latency-25.cdgp
1704042652673445486,1704042656696557824,200,http://172.169.8.253:31112/function/opt-66b-submod-0-latency-25.cdgp
1704042652673528825,1704042662347441985,500,http://172.169.8.253:31112/function/opt-66b-submod-0-latency-25.cdgp
1704042652792355420,1704042662425598872,500,http://172.169.8.253:31112/function/opt-66b-submod-0-latency-25.cdgp
1704042652792462834,1704042662348268544,500,http://172.169.8.253:31112/function/opt-66b-submod-0-latency-25.cdgp
1704042652792575158,1704042657128153807,200,http://172.169.8.253:31112/function/opt-66b-submod-0-latency-25.cdgp
1704042652799298052,1704042657098834024,200,http://172.169.8.253:31112/function/opt-66b-submod-0-latency-25.cdgp
1704042652799439261,1704042659138093637,200,http://172.169.8.253:31112/function/opt-66b-submod-0-latency-25.cdgp
1704042652799583179,1704042662427092702,504,http://172.169.8.253:31112/function/opt-66b-submod-0-latency-25.cdgp
1704042652799668265,1704042662612285175,500,http://172.169.8.253:31112/function/opt-66b-submod-0-latency-25.cdgp
1704042652799766030,1704042662611416478,500,http://172.169.8.253:31112/function/opt-66b-submod-0-latency-25.cdgp
1704042652805190706,1704042661048404659,200,http://172.169.8.253:31112/function/opt-66b-submod-0-latency-25.cdgp
1704042652805267268,1704042659742136174,200,http://172.169.8.253:31112/function/opt-66b-submod-0-latency-25.cdgp
1704042652805360008,1704042662278960383,200,http://172.169.8.253:31112/function/opt-66b-submod-0-latency-25.cdgp
1704042652805448572,1704042662618146204,500,http://172.169.8.253:31112/function/opt-66b-submod-0-latency-25.cdgp
1704042652805553403,1704042655742873059,200,http://172.169.8.253:31112/function/opt-66b-submod-0-latency-25.cdgp
1704042652805617860,1704042662806554655,500,http://172.169.8.253:31112/function/opt-66b-submod-0-latency-25.cdgp
1704042652805704404,1704042659612771883,200,http://172.169.8.253:31112/function/opt-66b-submod-0-latency-25.cdgp
1704042652805777100,1704042662621693976,500,http://172.169.8.253:31112/function/opt-66b-submod-0-latency-25.cdgp
1704042652805810280,1704042662621153809,500,http://172.169.8.253:31112/function/opt-66b-submod-0-latency-25.cdgp
1704042652805867613,1704042662570737543,500,http://172.169.8.253:31112/function/opt-66b-submod-0-latency-25.cdgp
1704042652805942715,1704042662806538001,500,http://172.169.8.253:31112/function/opt-66b-submod-0-latency-25.cdgp
1704042652806018711,1704042662616352215,500,http://172.169.8.253:31112/function/opt-66b-submod-0-latency-25.cdgp
1704042652806062956,1704042662620497742,500,http://172.169.8.253:31112/function/opt-66b-submod-0-latency-25.cdgp
1704042652806119798,1704042657435481533,200,http://172.169.8.253:31112/function/opt-66b-submod-0-latency-25.cdgp
1704042652806185657,1704042658659445716,200,http://172.169.8.253:31112/function/opt-66b-submod-0-latency-25.cdgp
1704042652806270419,1704042662620658669,500,http://172.169.8.253:31112/function/opt-66b-submod-0-latency-25.cdgp
1704042652806342598,1704042662568156728,500,http://172.169.8.253:31112/function/opt-66b-submod-0-latency-25.cdgp
1704042652806418662,1704042659411490394,200,http://172.169.8.253:31112/function/opt-66b-submod-0-latency-25.cdgp
1704042652806483637,1704042656268272369,200,http://172.169.8.253:31112/function/opt-66b-submod-0-latency-25.cdgp
1704042652806529812,1704042659690216874,200,http://172.169.8.253:31112/function/opt-66b-submod-0-latency-25.cdgp
1704042652806629920,1704042662566589184,500,http://172.169.8.253:31112/function/opt-66b-submod-0-latency-25.cdgp
1704042652806708983,1704042662572352534,500,http://172.169.8.253:31112/function/opt-66b-submod-0-latency-25.cdgp
1704042652806818259,1704042656081737198,200,http://172.169.8.253:31112/function/opt-66b-submod-0-latency-25.cdgp
1704042652806902521,1704042657138217339,200,http://172.169.8.253:31112/function/opt-66b-submod-0-latency-25.cdgp
1704042652806954269,1704042662573036841,500,http://172.169.8.253:31112/function/opt-66b-submod-0-latency-25.cdgp
1704042652807040193,1704042662807690446,500,http://172.169.8.253:31112/function/opt-66b-submod-0-latency-25.cdgp
1704042652807124327,1704042662570306289,500,http://172.169.8.253:31112/function/opt-66b-submod-0-latency-25.cdgp
1704042652807189248,1704042658565256482,200,http://172.169.8.253:31112/function/opt-66b-submod-0-latency-25.cdgp
1704042652807242908,1704042662573346638,500,http://172.169.8.253:31112/function/opt-66b-submod-0-latency-25.cdgp
1704042652884066967,1704042662692453626,500,http://172.169.8.253:31112/function/opt-66b-submod-0-latency-25.cdgp
1704042652884169517,1704042662834777915,500,http://172.169.8.253:31112/function/opt-66b-submod-0-latency-25.cdgp
1704042652884239031,1704042659755850026,200,http://172.169.8.253:31112/function/opt-66b-submod-0-latency-25.cdgp
1704042652884295050,1704042662727834460,500,http://172.169.8.253:31112/function/opt-66b-submod-0-latency-25.cdgp
1704042652884343964,1704042662741590296,500,http://172.169.8.253:31112/function/opt-66b-submod-0-latency-25.cdgp
1704042652884381456,1704042659714465750,200,http://172.169.8.253:31112/function/opt-66b-submod-0-latency-25.cdgp
1704042652884852437,1704042659608950453,200,http://172.169.8.253:31112/function/opt-66b-submod-0-latency-25.cdgp
1704042652884923904,1704042662839926452,500,http://172.169.8.253:31112/function/opt-66b-submod-0-latency-25.cdgp
1704042652884930085,1704042662727337761,500,http://172.169.8.253:31112/function/opt-66b-submod-0-latency-25.cdgp
1704042652885016974,1704042660895923245,200,http://172.169.8.253:31112/function/opt-66b-submod-0-latency-25.cdgp
1704042652914004175,1704042662728651398,500,http://172.169.8.253:31112/function/opt-66b-submod-0-latency-25.cdgp
1704042652914103109,1704042657950055601,200,http://172.169.8.253:31112/function/opt-66b-submod-0-latency-25.cdgp
1704042652914567613,1704042662840665812,500,http://172.169.8.253:31112/function/opt-66b-submod-0-latency-25.cdgp
1704042652914659480,1704042662842320397,500,http://172.169.8.253:31112/function/opt-66b-submod-0-latency-25.cdgp
1704042652914726049,1704042662739809257,500,http://172.169.8.253:31112/function/opt-66b-submod-0-latency-25.cdgp
1704042652914795157,1704042662839411841,500,http://172.169.8.253:31112/function/opt-66b-submod-0-latency-25.cdgp
1704042652914817938,1704042662837266874,500,http://172.169.8.253:31112/function/opt-66b-submod-0-latency-25.cdgp
1704042652914888774,1704042662915923145,500,http://172.169.8.253:31112/function/opt-66b-submod-0-latency-25.cdgp
1704042652914964097,1704042661774367919,200,http://172.169.8.253:31112/function/opt-66b-submod-0-latency-25.cdgp
1704042652915031339,1704042657101895366,200,http://172.169.8.253:31112/function/opt-66b-submod-0-latency-25.cdgp
1704042652915089963,1704042662737283750,500,http://172.169.8.253:31112/function/opt-66b-submod-0-latency-25.cdgp
1704042652915135544,1704042662738192587,500,http://172.169.8.253:31112/function/opt-66b-submod-0-latency-25.cdgp
1704042652915213353,1704042659257566905,200,http://172.169.8.253:31112/function/opt-66b-submod-0-latency-25.cdgp
1704042652915288730,1704042659096742582,200,http://172.169.8.253:31112/function/opt-66b-submod-0-latency-25.cdgp
1704042652915333595,1704042658658059665,200,http://172.169.8.253:31112/function/opt-66b-submod-0-latency-25.cdgp
1704042652915414811,1704042656422671204,200,http://172.169.8.253:31112/function/opt-66b-submod-0-latency-25.cdgp
1704042652915530276,1704042662835349176,500,http://172.169.8.253:31112/function/opt-66b-submod-0-latency-25.cdgp
1704042652915577812,1704042662842073628,500,http://172.169.8.253:31112/function/opt-66b-submod-0-latency-25.cdgp
1704042652915662162,1704042656637005174,200,http://172.169.8.253:31112/function/opt-66b-submod-0-latency-25.cdgp
1704042653026288042,1704042662756431243,500,http://172.169.8.253:31112/function/opt-66b-submod-0-latency-25.cdgp
1704042653026397739,1704042662899480261,500,http://172.169.8.253:31112/function/opt-66b-submod-0-latency-25.cdgp
1704042653026505535,1704042660021897144,200,http://172.169.8.253:31112/function/opt-66b-submod-0-latency-25.cdgp
1704042653036242667,1704042662060118888,200,http://172.169.8.253:31112/function/opt-66b-submod-0-latency-25.cdgp
1704042653036354901,1704042662774120646,500,http://172.169.8.253:31112/function/opt-66b-submod-0-latency-25.cdgp
1704042653403106670,1704042663404086046,500,http://172.169.8.253:31112/function/opt-66b-submod-0-latency-25.cdgp
1704042653403181090,1704042657940978515,200,http://172.169.8.253:31112/function/opt-66b-submod-0-latency-25.cdgp
1704042653403252295,1704042663235477266,500,http://172.169.8.253:31112/function/opt-66b-submod-0-latency-25.cdgp
1704042653403352393,1704042663193472038,500,http://172.169.8.253:31112/function/opt-66b-submod-0-latency-25.cdgp
1704042653403468636,1704042661127491972,200,http://172.169.8.253:31112/function/opt-66b-submod-0-latency-25.cdgp
1704042653403529009,1704042657433854946,200,http://172.169.8.253:31112/function/opt-66b-submod-0-latency-25.cdgp
1704042653403565619,1704042663214138369,500,http://172.169.8.253:31112/function/opt-66b-submod-0-latency-25.cdgp
1704042653403652764,1704042657939454675,200,http://172.169.8.253:31112/function/opt-66b-submod-0-latency-25.cdgp
1704042653403719628,1704042663404065743,500,http://172.169.8.253:31112/function/opt-66b-submod-0-latency-25.cdgp
1704042653403816513,1704042663195511042,500,http://172.169.8.253:31112/function/opt-66b-submod-0-latency-25.cdgp
1704042653403842666,1704042663214893974,500,http://172.169.8.253:31112/function/opt-66b-submod-0-latency-25.cdgp
1704042653403938664,1704042663156684033,500,http://172.169.8.253:31112/function/opt-66b-submod-0-latency-25.cdgp
1704042653403968554,1704042656903714606,200,http://172.169.8.253:31112/function/opt-66b-submod-0-latency-25.cdgp
1704042653404039008,1704042663404170109,500,http://172.169.8.253:31112/function/opt-66b-submod-0-latency-25.cdgp
1704042653404109416,1704042663199904283,500,http://172.169.8.253:31112/function/opt-66b-submod-0-latency-25.cdgp
1704042653404204700,1704042663405365305,500,http://172.169.8.253:31112/function/opt-66b-submod-0-latency-25.cdgp
1704042653404267780,1704042663206177069,500,http://172.169.8.253:31112/function/opt-66b-submod-0-latency-25.cdgp
1704042653404365037,1704042663218931812,500,http://172.169.8.253:31112/function/opt-66b-submod-0-latency-25.cdgp
1704042653404439910,1704042663187053142,500,http://172.169.8.253:31112/function/opt-66b-submod-0-latency-25.cdgp
1704042653404516587,1704042660262783872,200,http://172.169.8.253:31112/function/opt-66b-submod-0-latency-25.cdgp
1704042653404591497,1704042663232097464,500,http://172.169.8.253:31112/function/opt-66b-submod-0-latency-25.cdgp
1704042653404660481,1704042663405348492,500,http://172.169.8.253:31112/function/opt-66b-submod-0-latency-25.cdgp
1704042653404731204,1704042657748416624,200,http://172.169.8.253:31112/function/opt-66b-submod-0-latency-25.cdgp
1704042653404801858,1704042657749374372,200,http://172.169.8.253:31112/function/opt-66b-submod-0-latency-25.cdgp
1704042653404837814,1704042663405367729,500,http://172.169.8.253:31112/function/opt-66b-submod-0-latency-25.cdgp
1704042653404911793,1704042659092242708,200,http://172.169.8.253:31112/function/opt-66b-submod-0-latency-25.cdgp
1704042653404999165,1704042663188801691,500,http://172.169.8.253:31112/function/opt-66b-submod-0-latency-25.cdgp
1704042653405059276,1704042663220409928,500,http://172.169.8.253:31112/function/opt-66b-submod-0-latency-25.cdgp
1704042653407870108,1704042659243576511,200,http://172.169.8.253:31112/function/opt-66b-submod-0-latency-25.cdgp
1704042653407951979,1704042663219659834,500,http://172.169.8.253:31112/function/opt-66b-submod-0-latency-25.cdgp
1704042653408038807,1704042663239667833,500,http://172.169.8.253:31112/function/opt-66b-submod-0-latency-25.cdgp
1704042653408120252,1704042663218946900,500,http://172.169.8.253:31112/function/opt-66b-submod-0-latency-25.cdgp
1704042653408188704,1704042663408714175,500,http://172.169.8.253:31112/function/opt-66b-submod-0-latency-25.cdgp
1704042653408252226,1704042659136143050,200,http://172.169.8.253:31112/function/opt-66b-submod-0-latency-25.cdgp
1704042653408318033,1704042661080639934,200,http://172.169.8.253:31112/function/opt-66b-submod-0-latency-25.cdgp
1704042653408411970,1704042663233926007,500,http://172.169.8.253:31112/function/opt-66b-submod-0-latency-25.cdgp
1704042653425112126,1704042663284216976,500,http://172.169.8.253:31112/function/opt-66b-submod-0-latency-25.cdgp
1704042653425206817,1704042657946770507,200,http://172.169.8.253:31112/function/opt-66b-submod-0-latency-25.cdgp
1704042653425323094,1704042663426052516,500,http://172.169.8.253:31112/function/opt-66b-submod-0-latency-25.cdgp
1704042653425389458,1704042663240881449,500,http://172.169.8.253:31112/function/opt-66b-submod-0-latency-25.cdgp
1704042653425462186,1704042663285010022,500,http://172.169.8.253:31112/function/opt-66b-submod-0-latency-25.cdgp
1704042653425531770,1704042660226310659,200,http://172.169.8.253:31112/function/opt-66b-submod-0-latency-25.cdgp
1704042653425602711,1704042663236712368,500,http://172.169.8.253:31112/function/opt-66b-submod-0-latency-25.cdgp
1704042653425650613,1704042663291836865,500,http://172.169.8.253:31112/function/opt-66b-submod-0-latency-25.cdgp
1704042653425746497,1704042660854844342,200,http://172.169.8.253:31112/function/opt-66b-submod-0-latency-25.cdgp
1704042653425783450,1704042657916288120,200,http://172.169.8.253:31112/function/opt-66b-submod-0-latency-25.cdgp
1704042653425903553,1704042657862027389,200,http://172.169.8.253:31112/function/opt-66b-submod-0-latency-25.cdgp
1704042653425937352,1704042663294583253,500,http://172.169.8.253:31112/function/opt-66b-submod-0-latency-25.cdgp
1704042653425999773,1704042663289411161,500,http://172.169.8.253:31112/function/opt-66b-submod-0-latency-25.cdgp
1704042653463282692,1704042661733442194,200,http://172.169.8.253:31112/function/opt-66b-submod-0-latency-25.cdgp
1704042653463343801,1704042657097018398,200,http://172.169.8.253:31112/function/opt-66b-submod-0-latency-25.cdgp
1704042653463400171,1704042663355593767,504,http://172.169.8.253:31112/function/opt-66b-submod-0-latency-25.cdgp
1704042653463457659,1704042657863428160,200,http://172.169.8.253:31112/function/opt-66b-submod-0-latency-25.cdgp
1704042653463500306,1704042657750351480,200,http://172.169.8.253:31112/function/opt-66b-submod-0-latency-25.cdgp
1704042653463573529,1704042663246824160,500,http://172.169.8.253:31112/function/opt-66b-submod-0-latency-25.cdgp
1704042653463642158,1704042661295372357,200,http://172.169.8.253:31112/function/opt-66b-submod-0-latency-25.cdgp
1704042654145168830,1704042663915742930,500,http://172.169.8.253:31112/function/opt-66b-submod-0-latency-25.cdgp
1704042654145328834,1704042657875089076,200,http://172.169.8.253:31112/function/opt-66b-submod-0-latency-25.cdgp
1704042654145429220,1704042660259420608,200,http://172.169.8.253:31112/function/opt-66b-submod-0-latency-25.cdgp
1704042654145493658,1704042657139493332,200,http://172.169.8.253:31112/function/opt-66b-submod-0-latency-25.cdgp
1704042654150910076,1704042659094876561,200,http://172.169.8.253:31112/function/opt-66b-submod-0-latency-25.cdgp
1704042654151003728,1704042658297073360,200,http://172.169.8.253:31112/function/opt-66b-submod-0-latency-25.cdgp
1704042654151110610,1704042661768909453,200,http://172.169.8.253:31112/function/opt-66b-submod-0-latency-25.cdgp
1704042654152528547,1704042659689505987,200,http://172.169.8.253:31112/function/opt-66b-submod-0-latency-25.cdgp
1704042654152618348,1704042657434744821,200,http://172.169.8.253:31112/function/opt-66b-submod-0-latency-25.cdgp
1704042654152696518,1704042663636113881,500,http://172.169.8.253:31112/function/opt-66b-submod-0-latency-25.cdgp
1704042654152779649,1704042661156253240,200,http://172.169.8.253:31112/function/opt-66b-submod-0-latency-25.cdgp
1704042654152865047,1704042664071293551,500,http://172.169.8.253:31112/function/opt-66b-submod-0-latency-25.cdgp
1704042654152951672,1704042658384317757,200,http://172.169.8.253:31112/function/opt-66b-submod-0-latency-25.cdgp
1704042654153027714,1704042663664673090,500,http://172.169.8.253:31112/function/opt-66b-submod-0-latency-25.cdgp
1704042654153103170,1704042659090029267,200,http://172.169.8.253:31112/function/opt-66b-submod-0-latency-25.cdgp
1704042654153217917,1704042659712676412,200,http://172.169.8.253:31112/function/opt-66b-submod-0-latency-25.cdgp
1704042654153289891,1704042663878203050,500,http://172.169.8.253:31112/function/opt-66b-submod-0-latency-25.cdgp
1704042654153383542,1704042657802216253,200,http://172.169.8.253:31112/function/opt-66b-submod-0-latency-25.cdgp
1704042654153473624,1704042664153991393,500,http://172.169.8.253:31112/function/opt-66b-submod-0-latency-25.cdgp
1704042654153572730,1704042660383584880,200,http://172.169.8.253:31112/function/opt-66b-submod-0-latency-25.cdgp
1704042654153650068,1704042663725592338,500,http://172.169.8.253:31112/function/opt-66b-submod-0-latency-25.cdgp
1704042654155638176,1704042663877756880,500,http://172.169.8.253:31112/function/opt-66b-submod-0-latency-25.cdgp
1704042654155732916,1704042657751089961,200,http://172.169.8.253:31112/function/opt-66b-submod-0-latency-25.cdgp
1704042654155801249,1704042657746230324,200,http://172.169.8.253:31112/function/opt-66b-submod-0-latency-25.cdgp
1704042654155882829,1704042661328760555,200,http://172.169.8.253:31112/function/opt-66b-submod-0-latency-25.cdgp
1704042654155964113,1704042664156157851,500,http://172.169.8.253:31112/function/opt-66b-submod-0-latency-25.cdgp
1704042654156014979,1704042660198543170,200,http://172.169.8.253:31112/function/opt-66b-submod-0-latency-25.cdgp
1704042654156111676,1704042659094103282,200,http://172.169.8.253:31112/function/opt-66b-submod-0-latency-25.cdgp
1704042654156178530,1704042657573163809,200,http://172.169.8.253:31112/function/opt-66b-submod-0-latency-25.cdgp
1704042654156231329,1704042662018617727,200,http://172.169.8.253:31112/function/opt-66b-submod-0-latency-25.cdgp
1704042654156290677,1704042663692079128,500,http://172.169.8.253:31112/function/opt-66b-submod-0-latency-25.cdgp
1704042654156345304,1704042658385529029,200,http://172.169.8.253:31112/function/opt-66b-submod-0-latency-25.cdgp
1704042654156387101,1704042664028192220,500,http://172.169.8.253:31112/function/opt-66b-submod-0-latency-25.cdgp
1704042654156438295,1704042661272792287,200,http://172.169.8.253:31112/function/opt-66b-submod-0-latency-25.cdgp
1704042654156517145,1704042658027170999,200,http://172.169.8.253:31112/function/opt-66b-submod-0-latency-25.cdgp
1704042654156616617,1704042664156836661,500,http://172.169.8.253:31112/function/opt-66b-submod-0-latency-25.cdgp
1704042654156695293,1704042664072203721,500,http://172.169.8.253:31112/function/opt-66b-submod-0-latency-25.cdgp
1704042654156786394,1704042664156929574,500,http://172.169.8.253:31112/function/opt-66b-submod-0-latency-25.cdgp
1704042654156859918,1704042664157105840,500,http://172.169.8.253:31112/function/opt-66b-submod-0-latency-25.cdgp
1704042654156939320,1704042664072008519,500,http://172.169.8.253:31112/function/opt-66b-submod-0-latency-25.cdgp
1704042654157010400,1704042664075741566,500,http://172.169.8.253:31112/function/opt-66b-submod-0-latency-25.cdgp
1704042654157098896,1704042658385439847,200,http://172.169.8.253:31112/function/opt-66b-submod-0-latency-25.cdgp
1704042654157180084,1704042664071710950,500,http://172.169.8.253:31112/function/opt-66b-submod-0-latency-25.cdgp
1704042654157255708,1704042661800506621,200,http://172.169.8.253:31112/function/opt-66b-submod-0-latency-25.cdgp
1704042654178891519,1704042659204123500,200,http://172.169.8.253:31112/function/opt-66b-submod-0-latency-25.cdgp
1704042654178972844,1704042664028190093,500,http://172.169.8.253:31112/function/opt-66b-submod-0-latency-25.cdgp
1704042654179131361,1704042659098066073,200,http://172.169.8.253:31112/function/opt-66b-submod-0-latency-25.cdgp
1704042654179197022,1704042661293585502,200,http://172.169.8.253:31112/function/opt-66b-submod-0-latency-25.cdgp
1704042654179265723,1704042658026798807,200,http://172.169.8.253:31112/function/opt-66b-submod-0-latency-25.cdgp
1704042654179373703,1704042664179784409,500,http://172.169.8.253:31112/function/opt-66b-submod-0-latency-25.cdgp
1704042654179432741,1704042659251746587,200,http://172.169.8.253:31112/function/opt-66b-submod-0-latency-25.cdgp
1704042654179509825,1704042659093322446,200,http://172.169.8.253:31112/function/opt-66b-submod-0-latency-25.cdgp
1704042654179589594,1704042661037451537,200,http://172.169.8.253:31112/function/opt-66b-submod-0-latency-25.cdgp
1704042654179691807,1704042664179885653,500,http://172.169.8.253:31112/function/opt-66b-submod-0-latency-25.cdgp
1704042654193061789,1704042658174258341,200,http://172.169.8.253:31112/function/opt-66b-submod-0-latency-25.cdgp
1704042654193217793,1704042664071798165,500,http://172.169.8.253:31112/function/opt-66b-submod-0-latency-25.cdgp
1704042654193331781,1704042659253114806,200,http://172.169.8.253:31112/function/opt-66b-submod-0-latency-25.cdgp
1704042654193441107,1704042664028104584,500,http://172.169.8.253:31112/function/opt-66b-submod-0-latency-25.cdgp
1704042654193531345,1704042664194137067,500,http://172.169.8.253:31112/function/opt-66b-submod-0-latency-25.cdgp
1704042655642126690,1704042665080871455,500,http://172.169.8.253:31112/function/opt-66b-submod-0-latency-25.cdgp
1704042655642222568,1704042665400827380,500,http://172.169.8.253:31112/function/opt-66b-submod-0-latency-25.cdgp
1704042655642369609,1704042659093072678,200,http://172.169.8.253:31112/function/opt-66b-submod-0-latency-25.cdgp
1704042655642434606,1704042661355442767,200,http://172.169.8.253:31112/function/opt-66b-submod-0-latency-25.cdgp
1704042655642483921,1704042659340796662,200,http://172.169.8.253:31112/function/opt-66b-submod-0-latency-25.cdgp
1704042655642567961,1704042665089063577,500,http://172.169.8.253:31112/function/opt-66b-submod-0-latency-25.cdgp
1704042655642624813,1704042665084757815,500,http://172.169.8.253:31112/function/opt-66b-submod-0-latency-25.cdgp
1704042655642694570,1704042658564896615,200,http://172.169.8.253:31112/function/opt-66b-submod-0-latency-25.cdgp
1704042655642738963,1704042659207825744,200,http://172.169.8.253:31112/function/opt-66b-submod-0-latency-25.cdgp
1704042655642817299,1704042665129102229,500,http://172.169.8.253:31112/function/opt-66b-submod-0-latency-25.cdgp
1704042655642850173,1704042658528451787,200,http://172.169.8.253:31112/function/opt-66b-submod-0-latency-25.cdgp
1704042655642942536,1704042662108690376,200,http://172.169.8.253:31112/function/opt-66b-submod-0-latency-25.cdgp
1704042655643041065,1704042661123072287,200,http://172.169.8.253:31112/function/opt-66b-submod-0-latency-25.cdgp
1704042655643136198,1704042665083736648,500,http://172.169.8.253:31112/function/opt-66b-submod-0-latency-25.cdgp
1704042655643234656,1704042660236197184,200,http://172.169.8.253:31112/function/opt-66b-submod-0-latency-25.cdgp
1704042655643295666,1704042662296589022,200,http://172.169.8.253:31112/function/opt-66b-submod-0-latency-25.cdgp
1704042655643328064,1704042660951447331,200,http://172.169.8.253:31112/function/opt-66b-submod-0-latency-25.cdgp
1704042655643399553,1704042658608321850,200,http://172.169.8.253:31112/function/opt-66b-submod-0-latency-25.cdgp
1704042655643499966,1704042665083450438,500,http://172.169.8.253:31112/function/opt-66b-submod-0-latency-25.cdgp
1704042655721069101,1704042665082407228,500,http://172.169.8.253:31112/function/opt-66b-submod-0-latency-25.cdgp
1704042655721117201,1704042665479809263,500,http://172.169.8.253:31112/function/opt-66b-submod-0-latency-25.cdgp
1704042655721222588,1704042665036535705,500,http://172.169.8.253:31112/function/opt-66b-submod-0-latency-25.cdgp
1704042655721273707,1704042661084279374,200,http://172.169.8.253:31112/function/opt-66b-submod-0-latency-25.cdgp
1704042655721345147,1704042665123572161,500,http://172.169.8.253:31112/function/opt-66b-submod-0-latency-25.cdgp
1704042655721370661,1704042660995739760,200,http://172.169.8.253:31112/function/opt-66b-submod-0-latency-25.cdgp
1704042655794291013,1704042662591048846,200,http://172.169.8.253:31112/function/opt-66b-submod-0-latency-25.cdgp
1704042655794388680,1704042662219418766,200,http://172.169.8.253:31112/function/opt-66b-submod-0-latency-25.cdgp
1704042655794491119,1704042665082757395,500,http://172.169.8.253:31112/function/opt-66b-submod-0-latency-25.cdgp
1704042655794555572,1704042665508907161,500,http://172.169.8.253:31112/function/opt-66b-submod-0-latency-25.cdgp
1704042655794698555,1704042658662415855,200,http://172.169.8.253:31112/function/opt-66b-submod-0-latency-25.cdgp
1704042655794818338,1704042661883581325,200,http://172.169.8.253:31112/function/opt-66b-submod-0-latency-25.cdgp
1704042655794904341,1704042659750786806,200,http://172.169.8.253:31112/function/opt-66b-submod-0-latency-25.cdgp
1704042655794986449,1704042665612773584,500,http://172.169.8.253:31112/function/opt-66b-submod-0-latency-25.cdgp
1704042655795072690,1704042660995489229,200,http://172.169.8.253:31112/function/opt-66b-submod-0-latency-25.cdgp
1704042655795123633,1704042662249737315,200,http://172.169.8.253:31112/function/opt-66b-submod-0-latency-25.cdgp
1704042655795202090,1704042665511276566,500,http://172.169.8.253:31112/function/opt-66b-submod-0-latency-25.cdgp
1704042655795325189,1704042659684537587,200,http://172.169.8.253:31112/function/opt-66b-submod-0-latency-25.cdgp
1704042655795431049,1704042665514687408,500,http://172.169.8.253:31112/function/opt-66b-submod-0-latency-25.cdgp
1704042655795493814,1704042665513422440,500,http://172.169.8.253:31112/function/opt-66b-submod-0-latency-25.cdgp
1704042655795544530,1704042665512810475,500,http://172.169.8.253:31112/function/opt-66b-submod-0-latency-25.cdgp
1704042655795618763,1704042662502904835,200,http://172.169.8.253:31112/function/opt-66b-submod-0-latency-25.cdgp
1704042655795762459,1704042662056072222,200,http://172.169.8.253:31112/function/opt-66b-submod-0-latency-25.cdgp
1704042655795849299,1704042661901829542,200,http://172.169.8.253:31112/function/opt-66b-submod-0-latency-25.cdgp
1704042655795923451,1704042657824393682,200,http://172.169.8.253:31112/function/opt-66b-submod-0-latency-25.cdgp
1704042655795997955,1704042659714746512,200,http://172.169.8.253:31112/function/opt-66b-submod-0-latency-25.cdgp
1704042655796087292,1704042665594929530,500,http://172.169.8.253:31112/function/opt-66b-submod-0-latency-25.cdgp
1704042655796153646,1704042665525721327,500,http://172.169.8.253:31112/function/opt-66b-submod-0-latency-25.cdgp
1704042655796244179,1704042665509893473,500,http://172.169.8.253:31112/function/opt-66b-submod-0-latency-25.cdgp
1704042655796300057,1704042665515256947,500,http://172.169.8.253:31112/function/opt-66b-submod-0-latency-25.cdgp
1704042655796361331,1704042665509895564,500,http://172.169.8.253:31112/function/opt-66b-submod-0-latency-25.cdgp
1704042655796463064,1704042665513260292,500,http://172.169.8.253:31112/function/opt-66b-submod-0-latency-25.cdgp
1704042655796535160,1704042661043592597,200,http://172.169.8.253:31112/function/opt-66b-submod-0-latency-25.cdgp
1704042655796607947,1704042665514056974,500,http://172.169.8.253:31112/function/opt-66b-submod-0-latency-25.cdgp
1704042655796664243,1704042665524553752,500,http://172.169.8.253:31112/function/opt-66b-submod-0-latency-25.cdgp
1704042656079268239,1704042665599642797,500,http://172.169.8.253:31112/function/opt-66b-submod-0-latency-25.cdgp
1704042656171283380,1704042658655395084,200,http://172.169.8.253:31112/function/opt-66b-submod-0-latency-25.cdgp
1704042656171382572,1704042661432244889,200,http://172.169.8.253:31112/function/opt-66b-submod-0-latency-25.cdgp
1704042656171477262,1704042665560982723,500,http://172.169.8.253:31112/function/opt-66b-submod-0-latency-25.cdgp
1704042656171565851,1704042661127790330,200,http://172.169.8.253:31112/function/opt-66b-submod-0-latency-25.cdgp
1704042656171624687,1704042660199487149,200,http://172.169.8.253:31112/function/opt-66b-submod-0-latency-25.cdgp
1704042656171717811,1704042665745013627,500,http://172.169.8.253:31112/function/opt-66b-submod-0-latency-25.cdgp
1704042656171779669,1704042662560077066,200,http://172.169.8.253:31112/function/opt-66b-submod-0-latency-25.cdgp
1704042656171830546,1704042659068812823,200,http://172.169.8.253:31112/function/opt-66b-submod-0-latency-25.cdgp
1704042656171911316,1704042665744942615,500,http://172.169.8.253:31112/function/opt-66b-submod-0-latency-25.cdgp
1704042656171959931,1704042666048758472,500,http://172.169.8.253:31112/function/opt-66b-submod-0-latency-25.cdgp
1704042656172049553,1704042666116228814,500,http://172.169.8.253:31112/function/opt-66b-submod-0-latency-25.cdgp
1704042656172076686,1704042660383655672,200,http://172.169.8.253:31112/function/opt-66b-submod-0-latency-25.cdgp
1704042656172141539,1704042659610112103,200,http://172.169.8.253:31112/function/opt-66b-submod-0-latency-25.cdgp
1704042656172260754,1704042665554393574,500,http://172.169.8.253:31112/function/opt-66b-submod-0-latency-25.cdgp
1704042656172336211,1704042661352671090,200,http://172.169.8.253:31112/function/opt-66b-submod-0-latency-25.cdgp
1704042656172401282,1704042661309638437,200,http://172.169.8.253:31112/function/opt-66b-submod-0-latency-25.cdgp
1704042656172476110,1704042661432725448,200,http://172.169.8.253:31112/function/opt-66b-submod-0-latency-25.cdgp
1704042656172514488,1704042666058891956,500,http://172.169.8.253:31112/function/opt-66b-submod-0-latency-25.cdgp
1704042656172617610,1704042665714379032,500,http://172.169.8.253:31112/function/opt-66b-submod-0-latency-25.cdgp
1704042656172692674,1704042660998948241,200,http://172.169.8.253:31112/function/opt-66b-submod-0-latency-25.cdgp
1704042656172764287,1704042661417519360,200,http://172.169.8.253:31112/function/opt-66b-submod-0-latency-25.cdgp
1704042656172823268,1704042660381433293,200,http://172.169.8.253:31112/function/opt-66b-submod-0-latency-25.cdgp
1704042656172898420,1704042660954934010,200,http://172.169.8.253:31112/function/opt-66b-submod-0-latency-25.cdgp
1704042656172979446,1704042666121426897,500,http://172.169.8.253:31112/function/opt-66b-submod-0-latency-25.cdgp
1704042656173072027,1704042665996522114,500,http://172.169.8.253:31112/function/opt-66b-submod-0-latency-25.cdgp
1704042656173143608,1704042666050035042,500,http://172.169.8.253:31112/function/opt-66b-submod-0-latency-25.cdgp
1704042656173235348,1704042662158373236,200,http://172.169.8.253:31112/function/opt-66b-submod-0-latency-25.cdgp
1704042656173294172,1704042659609637876,200,http://172.169.8.253:31112/function/opt-66b-submod-0-latency-25.cdgp
1704042656173380788,1704042662296849489,200,http://172.169.8.253:31112/function/opt-66b-submod-0-latency-25.cdgp
1704042656173455025,1704042665842703999,500,http://172.169.8.253:31112/function/opt-66b-submod-0-latency-25.cdgp
1704042656173529889,1704042665998268568,500,http://172.169.8.253:31112/function/opt-66b-submod-0-latency-25.cdgp
1704042656173601767,1704042666112508919,500,http://172.169.8.253:31112/function/opt-66b-submod-0-latency-25.cdgp
1704042656173665956,1704042665895798952,500,http://172.169.8.253:31112/function/opt-66b-submod-0-latency-25.cdgp
1704042656173738274,1704042662400729100,200,http://172.169.8.253:31112/function/opt-66b-submod-0-latency-25.cdgp
1704042656173798750,1704042666114893388,500,http://172.169.8.253:31112/function/opt-66b-submod-0-latency-25.cdgp
1704042656173875233,1704042665745159700,500,http://172.169.8.253:31112/function/opt-66b-submod-0-latency-25.cdgp
1704042656173922979,1704042658563797180,200,http://172.169.8.253:31112/function/opt-66b-submod-0-latency-25.cdgp
1704042656174006007,1704042658945893495,200,http://172.169.8.253:31112/function/opt-66b-submod-0-latency-25.cdgp
1704042656174055988,1704042662427557905,200,http://172.169.8.253:31112/function/opt-66b-submod-0-latency-25.cdgp
1704042656174101851,1704042662860040411,200,http://172.169.8.253:31112/function/opt-66b-submod-0-latency-25.cdgp
1704042656174144725,1704042665778091596,500,http://172.169.8.253:31112/function/opt-66b-submod-0-latency-25.cdgp
1704042656174198294,1704042665777010973,500,http://172.169.8.253:31112/function/opt-66b-submod-0-latency-25.cdgp
1704042656174284383,1704042665843928135,500,http://172.169.8.253:31112/function/opt-66b-submod-0-latency-25.cdgp
1704042656174331363,1704042665778723282,500,http://172.169.8.253:31112/function/opt-66b-submod-0-latency-25.cdgp
1704042656174411980,1704042662379101936,200,http://172.169.8.253:31112/function/opt-66b-submod-0-latency-25.cdgp
1704042656174490783,1704042665714913107,500,http://172.169.8.253:31112/function/opt-66b-submod-0-latency-25.cdgp
1704042656174563233,1704042662063797839,200,http://172.169.8.253:31112/function/opt-66b-submod-0-latency-25.cdgp
1704042656174643412,1704042658724351096,200,http://172.169.8.253:31112/function/opt-66b-submod-0-latency-25.cdgp
1704042656174706639,1704042665896511704,500,http://172.169.8.253:31112/function/opt-66b-submod-0-latency-25.cdgp
1704042656174776173,1704042658683600492,200,http://172.169.8.253:31112/function/opt-66b-submod-0-latency-25.cdgp
1704042656174791036,1704042659740777546,200,http://172.169.8.253:31112/function/opt-66b-submod-0-latency-25.cdgp
1704042656174868727,1704042666001503363,500,http://172.169.8.253:31112/function/opt-66b-submod-0-latency-25.cdgp
1704042656174916033,1704042665896418683,500,http://172.169.8.253:31112/function/opt-66b-submod-0-latency-25.cdgp
1704042656174948675,1704042660993388739,200,http://172.169.8.253:31112/function/opt-66b-submod-0-latency-25.cdgp
1704042656175005796,1704042661895720229,200,http://172.169.8.253:31112/function/opt-66b-submod-0-latency-25.cdgp
1704042656175086891,1704042665896705908,500,http://172.169.8.253:31112/function/opt-66b-submod-0-latency-25.cdgp
1704042656175199697,1704042665775626205,500,http://172.169.8.253:31112/function/opt-66b-submod-0-latency-25.cdgp
1704042656175340286,1704042662724162378,200,http://172.169.8.253:31112/function/opt-66b-submod-0-latency-25.cdgp
1704042656175416879,1704042662160049065,200,http://172.169.8.253:31112/function/opt-66b-submod-0-latency-25.cdgp
1704042656661790553,1704042666071765406,500,http://172.169.8.253:31112/function/opt-66b-submod-0-latency-25.cdgp
1704042656661967051,1704042658484601611,200,http://172.169.8.253:31112/function/opt-66b-submod-0-latency-25.cdgp
1704042656662090924,1704042661775367748,200,http://172.169.8.253:31112/function/opt-66b-submod-0-latency-25.cdgp
1704042656662159250,1704042659703495697,200,http://172.169.8.253:31112/function/opt-66b-submod-0-latency-25.cdgp
1704042656662227360,1704042661208545475,200,http://172.169.8.253:31112/function/opt-66b-submod-0-latency-25.cdgp
1704042656662298994,1704042660384295832,200,http://172.169.8.253:31112/function/opt-66b-submod-0-latency-25.cdgp
1704042656662369610,1704042666047762195,500,http://172.169.8.253:31112/function/opt-66b-submod-0-latency-25.cdgp
1704042657165925115,1704042659871766780,200,http://172.169.8.253:31112/function/opt-66b-submod-0-latency-25.cdgp
1704042657175201801,1704042662145351011,200,http://172.169.8.253:31112/function/opt-66b-submod-0-latency-25.cdgp
1704042657175384751,1704042661815409990,200,http://172.169.8.253:31112/function/opt-66b-submod-0-latency-25.cdgp
1704042657175491084,1704042666540882114,500,http://172.169.8.253:31112/function/opt-66b-submod-0-latency-25.cdgp
1704042657175584710,1704042666972174324,500,http://172.169.8.253:31112/function/opt-66b-submod-0-latency-25.cdgp
1704042657175662798,1704042661036120314,200,http://172.169.8.253:31112/function/opt-66b-submod-0-latency-25.cdgp
1704042657175735758,1704042666541356086,500,http://172.169.8.253:31112/function/opt-66b-submod-0-latency-25.cdgp
1704042657175797918,1704042662246336851,200,http://172.169.8.253:31112/function/opt-66b-submod-0-latency-25.cdgp
1704042657175847970,1704042659095885560,200,http://172.169.8.253:31112/function/opt-66b-submod-0-latency-25.cdgp
1704042657175930299,1704042666240544749,500,http://172.169.8.253:31112/function/opt-66b-submod-0-latency-25.cdgp
1704042657175999860,1704042666207958645,500,http://172.169.8.253:31112/function/opt-66b-submod-0-latency-25.cdgp
1704042657632022517,1704042666922488001,500,http://172.169.8.253:31112/function/opt-66b-submod-0-latency-25.cdgp
1704042657632133423,1704042666539732512,500,http://172.169.8.253:31112/function/opt-66b-submod-0-latency-25.cdgp
1704042657632222255,1704042666518237751,500,http://172.169.8.253:31112/function/opt-66b-submod-0-latency-25.cdgp
1704042657632298671,1704042666534289380,500,http://172.169.8.253:31112/function/opt-66b-submod-0-latency-25.cdgp
1704042658155044862,1704042667440149975,500,http://172.169.8.253:31112/function/opt-66b-submod-0-latency-25.cdgp
1704042658203861283,1704042659950309468,200,http://172.169.8.253:31112/function/opt-66b-submod-0-latency-25.cdgp
1704042658203975434,1704042667482502647,500,http://172.169.8.253:31112/function/opt-66b-submod-0-latency-25.cdgp
1704042658204074016,1704042667236198848,500,http://172.169.8.253:31112/function/opt-66b-submod-0-latency-25.cdgp
1704042658204139605,1704042667527451155,500,http://172.169.8.253:31112/function/opt-66b-submod-0-latency-25.cdgp
1704042658204216661,1704042659717327913,200,http://172.169.8.253:31112/function/opt-66b-submod-0-latency-25.cdgp
1704042658261460518,1704042667600142205,500,http://172.169.8.253:31112/function/opt-66b-submod-0-latency-25.cdgp
1704042658261511761,1704042662138100693,200,http://172.169.8.253:31112/function/opt-66b-submod-0-latency-25.cdgp
1704042658261587346,1704042661818437047,200,http://172.169.8.253:31112/function/opt-66b-submod-0-latency-25.cdgp
1704042658261654701,1704042662806580308,200,http://172.169.8.253:31112/function/opt-66b-submod-0-latency-25.cdgp
1704042658261775068,1704042661414562685,200,http://172.169.8.253:31112/function/opt-66b-submod-0-latency-25.cdgp
1704042658262071146,1704042661237833928,200,http://172.169.8.253:31112/function/opt-66b-submod-0-latency-25.cdgp
1704042658262176916,1704042667629109261,500,http://172.169.8.253:31112/function/opt-66b-submod-0-latency-25.cdgp
1704042658262255763,1704042667776349627,500,http://172.169.8.253:31112/function/opt-66b-submod-0-latency-25.cdgp
1704042658262332151,1704042662339587918,200,http://172.169.8.253:31112/function/opt-66b-submod-0-latency-25.cdgp
1704042658262396593,1704042667775184048,500,http://172.169.8.253:31112/function/opt-66b-submod-0-latency-25.cdgp
1704042658262488664,1704042667773632144,500,http://172.169.8.253:31112/function/opt-66b-submod-0-latency-25.cdgp
1704042658262562095,1704042667692443734,500,http://172.169.8.253:31112/function/opt-66b-submod-0-latency-25.cdgp
1704042658262658899,1704042667691362750,500,http://172.169.8.253:31112/function/opt-66b-submod-0-latency-25.cdgp
1704042658262741405,1704042667776651017,500,http://172.169.8.253:31112/function/opt-66b-submod-0-latency-25.cdgp
1704042658262839952,1704042661032578752,200,http://172.169.8.253:31112/function/opt-66b-submod-0-latency-25.cdgp
1704042658262902364,1704042661029425700,200,http://172.169.8.253:31112/function/opt-66b-submod-0-latency-25.cdgp
1704042658262966875,1704042667397498196,500,http://172.169.8.253:31112/function/opt-66b-submod-0-latency-25.cdgp
1704042658263055718,1704042660953160716,200,http://172.169.8.253:31112/function/opt-66b-submod-0-latency-25.cdgp
1704042658263136326,1704042667398784406,500,http://172.169.8.253:31112/function/opt-66b-submod-0-latency-25.cdgp
1704042658278931878,1704042667773647613,500,http://172.169.8.253:31112/function/opt-66b-submod-0-latency-25.cdgp
1704042659462563650,1704042663290173069,200,http://172.169.8.253:31112/function/opt-66b-submod-0-latency-25.cdgp
1704042659462655726,1704042668607225803,500,http://172.169.8.253:31112/function/opt-66b-submod-0-latency-25.cdgp
1704042659462736627,1704042662610764254,200,http://172.169.8.253:31112/function/opt-66b-submod-0-latency-25.cdgp
1704042659462803111,1704042662624153367,200,http://172.169.8.253:31112/function/opt-66b-submod-0-latency-25.cdgp
1704042659462864718,1704042662646708367,200,http://172.169.8.253:31112/function/opt-66b-submod-0-latency-25.cdgp
1704042659462914537,1704042663148307752,200,http://172.169.8.253:31112/function/opt-66b-submod-0-latency-25.cdgp
1704042659462989066,1704042662382260453,200,http://172.169.8.253:31112/function/opt-66b-submod-0-latency-25.cdgp
1704042659463040550,1704042660952054547,200,http://172.169.8.253:31112/function/opt-66b-submod-0-latency-25.cdgp
1704042659463109850,1704042662383612505,200,http://172.169.8.253:31112/function/opt-66b-submod-0-latency-25.cdgp
1704042659870598566,1704042662495372813,200,http://172.169.8.253:31112/function/opt-66b-submod-0-latency-25.cdgp
1704042659870678109,1704042669239523281,500,http://172.169.8.253:31112/function/opt-66b-submod-0-latency-25.cdgp
1704042659870824640,1704042669239805532,500,http://172.169.8.253:31112/function/opt-66b-submod-0-latency-25.cdgp
1704042659870892161,1704042661218367524,200,http://172.169.8.253:31112/function/opt-66b-submod-0-latency-25.cdgp
1704042659870933307,1704042669107955262,500,http://172.169.8.253:31112/function/opt-66b-submod-0-latency-25.cdgp
1704042659871020800,1704042662380294806,200,http://172.169.8.253:31112/function/opt-66b-submod-0-latency-25.cdgp
1704042659871062807,1704042669243625206,500,http://172.169.8.253:31112/function/opt-66b-submod-0-latency-25.cdgp
1704042659871141499,1704042662793846020,200,http://172.169.8.253:31112/function/opt-66b-submod-0-latency-25.cdgp
1704042659871195859,1704042669107789992,500,http://172.169.8.253:31112/function/opt-66b-submod-0-latency-25.cdgp
1704042659871256038,1704042669240073613,500,http://172.169.8.253:31112/function/opt-66b-submod-0-latency-25.cdgp
1704042659871284177,1704042669111478328,500,http://172.169.8.253:31112/function/opt-66b-submod-0-latency-25.cdgp
1704042659871384580,1704042669155482965,500,http://172.169.8.253:31112/function/opt-66b-submod-0-latency-25.cdgp
1704042660257909809,1704042662819503869,200,http://172.169.8.253:31112/function/opt-66b-submod-0-latency-25.cdgp
1704042660258041915,1704042669791489266,500,http://172.169.8.253:31112/function/opt-66b-submod-0-latency-25.cdgp
1704042660258171994,1704042669666545434,500,http://172.169.8.253:31112/function/opt-66b-submod-0-latency-25.cdgp
1704042660258241869,1704042669414240574,500,http://172.169.8.253:31112/function/opt-66b-submod-0-latency-25.cdgp
1704042660258340157,1704042669383739394,500,http://172.169.8.253:31112/function/opt-66b-submod-0-latency-25.cdgp
1704042660258418774,1704042670154851481,500,http://172.169.8.253:31112/function/opt-66b-submod-0-latency-25.cdgp
1704042660258492260,1704042669416537447,500,http://172.169.8.253:31112/function/opt-66b-submod-0-latency-25.cdgp
1704042660258539226,1704042669751891286,500,http://172.169.8.253:31112/function/opt-66b-submod-0-latency-25.cdgp
1704042660258624923,1704042669752462802,500,http://172.169.8.253:31112/function/opt-66b-submod-0-latency-25.cdgp
1704042660258713299,1704042669711582286,500,http://172.169.8.253:31112/function/opt-66b-submod-0-latency-25.cdgp
1704042660258799414,1704042669467580360,500,http://172.169.8.253:31112/function/opt-66b-submod-0-latency-25.cdgp
1704042660258828258,1704042669733006385,500,http://172.169.8.253:31112/function/opt-66b-submod-0-latency-25.cdgp
1704042660258897714,1704042662793551808,200,http://172.169.8.253:31112/function/opt-66b-submod-0-latency-25.cdgp
1704042660258968011,1704042663346727449,200,http://172.169.8.253:31112/function/opt-66b-submod-0-latency-25.cdgp
1704042660258997175,1704042663173546056,200,http://172.169.8.253:31112/function/opt-66b-submod-0-latency-25.cdgp
1704042660259085637,1704042670149394285,500,http://172.169.8.253:31112/function/opt-66b-submod-0-latency-25.cdgp
1704042660259110208,1704042661606334357,200,http://172.169.8.253:31112/function/opt-66b-submod-0-latency-25.cdgp
1704042660259192010,1704042662432460552,200,http://172.169.8.253:31112/function/opt-66b-submod-0-latency-25.cdgp
1704042660259252365,1704042670147935557,500,http://172.169.8.253:31112/function/opt-66b-submod-0-latency-25.cdgp
1704042660259304359,1704042669660230845,500,http://172.169.8.253:31112/function/opt-66b-submod-0-latency-25.cdgp
1704042660259428850,1704042669752741316,500,http://172.169.8.253:31112/function/opt-66b-submod-0-latency-25.cdgp
1704042660259502785,1704042670150595781,500,http://172.169.8.253:31112/function/opt-66b-submod-0-latency-25.cdgp
1704042660259581536,1704042669751524425,500,http://172.169.8.253:31112/function/opt-66b-submod-0-latency-25.cdgp
1704042660259662416,1704042669735133110,500,http://172.169.8.253:31112/function/opt-66b-submod-0-latency-25.cdgp
1704042660274109004,1704042669733419410,500,http://172.169.8.253:31112/function/opt-66b-submod-0-latency-25.cdgp
1704042660274186865,1704042662857826749,200,http://172.169.8.253:31112/function/opt-66b-submod-0-latency-25.cdgp
1704042660274230178,1704042662726714071,200,http://172.169.8.253:31112/function/opt-66b-submod-0-latency-25.cdgp
1704042660274293742,1704042663066061722,200,http://172.169.8.253:31112/function/opt-66b-submod-0-latency-25.cdgp
1704042660274384260,1704042662646538978,200,http://172.169.8.253:31112/function/opt-66b-submod-0-latency-25.cdgp
1704042660277111328,1704042669753495646,500,http://172.169.8.253:31112/function/opt-66b-submod-0-latency-25.cdgp
1704042660277199815,1704042662713043935,200,http://172.169.8.253:31112/function/opt-66b-submod-0-latency-25.cdgp
1704042660277266978,1704042670039727728,500,http://172.169.8.253:31112/function/opt-66b-submod-0-latency-25.cdgp
1704042660277381661,1704042669667342090,500,http://172.169.8.253:31112/function/opt-66b-submod-0-latency-25.cdgp
1704042660277438126,1704042662669563376,200,http://172.169.8.253:31112/function/opt-66b-submod-0-latency-25.cdgp
1704042660277517808,1704042670033293348,500,http://172.169.8.253:31112/function/opt-66b-submod-0-latency-25.cdgp
1704042660277616825,1704042662917406509,200,http://172.169.8.253:31112/function/opt-66b-submod-0-latency-25.cdgp
1704042660277694235,1704042669733176198,500,http://172.169.8.253:31112/function/opt-66b-submod-0-latency-25.cdgp
1704042660277774784,1704042662881203392,200,http://172.169.8.253:31112/function/opt-66b-submod-0-latency-25.cdgp
1704042660277864835,1704042662255967006,200,http://172.169.8.253:31112/function/opt-66b-submod-0-latency-25.cdgp
1704042660277935692,1704042662345362456,200,http://172.169.8.253:31112/function/opt-66b-submod-0-latency-25.cdgp
1704042660277986987,1704042670151470247,500,http://172.169.8.253:31112/function/opt-66b-submod-0-latency-25.cdgp
1704042660278067688,1704042670034261375,500,http://172.169.8.253:31112/function/opt-66b-submod-0-latency-25.cdgp
1704042660278103754,1704042663079653535,200,http://172.169.8.253:31112/function/opt-66b-submod-0-latency-25.cdgp
1704042660278151538,1704042670038760295,500,http://172.169.8.253:31112/function/opt-66b-submod-0-latency-25.cdgp
1704042660278210056,1704042663075542685,200,http://172.169.8.253:31112/function/opt-66b-submod-0-latency-25.cdgp
1704042660278253059,1704042663087276809,200,http://172.169.8.253:31112/function/opt-66b-submod-0-latency-25.cdgp
1704042660278304499,1704042670152577310,500,http://172.169.8.253:31112/function/opt-66b-submod-0-latency-25.cdgp
1704042662974690823,1704042672056656816,500,http://172.169.8.253:31112/function/opt-66b-submod-0-latency-25.cdgp
1704042662974795267,1704042664026635999,200,http://172.169.8.253:31112/function/opt-66b-submod-0-latency-25.cdgp
1704042662974864550,1704042672061846895,500,http://172.169.8.253:31112/function/opt-66b-submod-0-latency-25.cdgp
1704042662974946112,1704042672057321615,500,http://172.169.8.253:31112/function/opt-66b-submod-0-latency-25.cdgp
1704042662975039904,1704042672099303382,500,http://172.169.8.253:31112/function/opt-66b-submod-0-latency-25.cdgp
1704042662975093570,1704042663939663237,200,http://172.169.8.253:31112/function/opt-66b-submod-0-latency-25.cdgp
1704042662975161738,1704042664561912492,200,http://172.169.8.253:31112/function/opt-66b-submod-0-latency-25.cdgp
1704042662975201735,1704042664071101292,200,http://172.169.8.253:31112/function/opt-66b-submod-0-latency-25.cdgp
1704042662978287642,1704042664285862976,200,http://172.169.8.253:31112/function/opt-66b-submod-0-latency-25.cdgp
1704042662978364398,1704042672043815082,500,http://172.169.8.253:31112/function/opt-66b-submod-0-latency-25.cdgp
1704042662978499463,1704042672201175949,500,http://172.169.8.253:31112/function/opt-66b-submod-0-latency-25.cdgp
1704042662978566168,1704042672249594571,500,http://172.169.8.253:31112/function/opt-66b-submod-0-latency-25.cdgp
1704042662978598284,1704042663757868192,200,http://172.169.8.253:31112/function/opt-66b-submod-0-latency-25.cdgp
1704042662978689328,1704042672130591231,504,http://172.169.8.253:31112/function/opt-66b-submod-0-latency-25.cdgp
1704042662978748114,1704042664078635441,200,http://172.169.8.253:31112/function/opt-66b-submod-0-latency-25.cdgp
1704042663435003485,1704042672364225914,500,http://172.169.8.253:31112/function/opt-66b-submod-0-latency-25.cdgp
1704042663435098606,1704042672362237782,500,http://172.169.8.253:31112/function/opt-66b-submod-0-latency-25.cdgp
1704042663440613136,1704042664574125913,200,http://172.169.8.253:31112/function/opt-66b-submod-0-latency-25.cdgp
1704042663440696927,1704042664562026388,200,http://172.169.8.253:31112/function/opt-66b-submod-0-latency-25.cdgp
1704042663440987146,1704042672316161706,500,http://172.169.8.253:31112/function/opt-66b-submod-0-latency-25.cdgp
1704042663789649577,1704042665080988841,200,http://172.169.8.253:31112/function/opt-66b-submod-0-latency-25.cdgp
1704042663789744430,1704042672737915028,500,http://172.169.8.253:31112/function/opt-66b-submod-0-latency-25.cdgp
1704042663789857428,1704042672954668992,500,http://172.169.8.253:31112/function/opt-66b-submod-0-latency-25.cdgp
1704042663789937308,1704042672897885248,500,http://172.169.8.253:31112/function/opt-66b-submod-0-latency-25.cdgp
1704042663861354855,1704042665075522893,200,http://172.169.8.253:31112/function/opt-66b-submod-0-latency-25.cdgp
1704042663861442167,1704042673026306330,500,http://172.169.8.253:31112/function/opt-66b-submod-0-latency-25.cdgp
1704042663888132227,1704042665778306943,200,http://172.169.8.253:31112/function/opt-66b-submod-0-latency-25.cdgp
1704042663888234818,1704042673478917711,500,http://172.169.8.253:31112/function/opt-66b-submod-0-latency-25.cdgp
1704042663888310058,1704042673483106161,500,http://172.169.8.253:31112/function/opt-66b-submod-0-latency-25.cdgp
1704042663888374838,1704042673485177680,500,http://172.169.8.253:31112/function/opt-66b-submod-0-latency-25.cdgp
1704042663888414461,1704042673384409409,500,http://172.169.8.253:31112/function/opt-66b-submod-0-latency-25.cdgp
1704042663888491854,1704042665084299036,200,http://172.169.8.253:31112/function/opt-66b-submod-0-latency-25.cdgp
1704042663888515065,1704042665131635776,200,http://172.169.8.253:31112/function/opt-66b-submod-0-latency-25.cdgp
1704042663888608711,1704042673445764830,500,http://172.169.8.253:31112/function/opt-66b-submod-0-latency-25.cdgp
1704042663888664207,1704042673479215348,500,http://172.169.8.253:31112/function/opt-66b-submod-0-latency-25.cdgp
1704042663888681698,1704042665727823472,200,http://172.169.8.253:31112/function/opt-66b-submod-0-latency-25.cdgp
1704042663888747915,1704042665040571976,200,http://172.169.8.253:31112/function/opt-66b-submod-0-latency-25.cdgp
1704042663888836713,1704042665119496494,200,http://172.169.8.253:31112/function/opt-66b-submod-0-latency-25.cdgp
1704042663888860162,1704042673478229536,500,http://172.169.8.253:31112/function/opt-66b-submod-0-latency-25.cdgp
1704042663888927351,1704042673478156847,500,http://172.169.8.253:31112/function/opt-66b-submod-0-latency-25.cdgp
1704042663888946698,1704042673443438504,500,http://172.169.8.253:31112/function/opt-66b-submod-0-latency-25.cdgp
1704042663889018015,1704042665728127803,200,http://172.169.8.253:31112/function/opt-66b-submod-0-latency-25.cdgp
1704042663889029849,1704042665473362119,200,http://172.169.8.253:31112/function/opt-66b-submod-0-latency-25.cdgp
1704042663889105973,1704042665080974426,200,http://172.169.8.253:31112/function/opt-66b-submod-0-latency-25.cdgp
1704042663889176658,1704042673444106941,504,http://172.169.8.253:31112/function/opt-66b-submod-0-latency-25.cdgp
1704042663889223934,1704042673478655370,504,http://172.169.8.253:31112/function/opt-66b-submod-0-latency-25.cdgp
1704042663889324353,1704042673443828031,500,http://172.169.8.253:31112/function/opt-66b-submod-0-latency-25.cdgp
1704042663889405548,1704042673478149592,500,http://172.169.8.253:31112/function/opt-66b-submod-0-latency-25.cdgp
1704042663889470059,1704042665084399732,200,http://172.169.8.253:31112/function/opt-66b-submod-0-latency-25.cdgp
1704042663889496047,1704042665779172574,200,http://172.169.8.253:31112/function/opt-66b-submod-0-latency-25.cdgp
1704042663889580447,1704042673479211905,500,http://172.169.8.253:31112/function/opt-66b-submod-0-latency-25.cdgp
1704042663889652342,1704042673443888210,500,http://172.169.8.253:31112/function/opt-66b-submod-0-latency-25.cdgp
1704042663889726439,1704042673443960620,500,http://172.169.8.253:31112/function/opt-66b-submod-0-latency-25.cdgp
1704042663950664970,1704042665759417999,200,http://172.169.8.253:31112/function/opt-66b-submod-0-latency-25.cdgp
1704042663950708525,1704042673895236210,500,http://172.169.8.253:31112/function/opt-66b-submod-0-latency-25.cdgp
1704042663950799426,1704042666103704979,200,http://172.169.8.253:31112/function/opt-66b-submod-0-latency-25.cdgp
1704042663950855513,1704042673894749203,500,http://172.169.8.253:31112/function/opt-66b-submod-0-latency-25.cdgp
1704042663950918692,1704042673485319261,500,http://172.169.8.253:31112/function/opt-66b-submod-0-latency-25.cdgp
1704042663950989259,1704042665472414130,200,http://172.169.8.253:31112/function/opt-66b-submod-0-latency-25.cdgp
1704042663951055383,1704042666953810330,200,http://172.169.8.253:31112/function/opt-66b-submod-0-latency-25.cdgp
1704042663951094961,1704042673444575522,500,http://172.169.8.253:31112/function/opt-66b-submod-0-latency-25.cdgp
1704042663951175715,1704042666975562233,200,http://172.169.8.253:31112/function/opt-66b-submod-0-latency-25.cdgp
1704042663951231749,1704042666953715696,200,http://172.169.8.253:31112/function/opt-66b-submod-0-latency-25.cdgp
1704042663951298978,1704042666983543488,200,http://172.169.8.253:31112/function/opt-66b-submod-0-latency-25.cdgp
1704042663951369045,1704042665806959577,200,http://172.169.8.253:31112/function/opt-66b-submod-0-latency-25.cdgp
1704042663951467515,1704042673952681879,500,http://172.169.8.253:31112/function/opt-66b-submod-0-latency-25.cdgp
1704042663951529147,1704042665806938425,200,http://172.169.8.253:31112/function/opt-66b-submod-0-latency-25.cdgp
1704042663951553996,1704042665945383140,200,http://172.169.8.253:31112/function/opt-66b-submod-0-latency-25.cdgp
1704042663951634561,1704042665559664405,200,http://172.169.8.253:31112/function/opt-66b-submod-0-latency-25.cdgp
1704042663951699346,1704042673445392350,500,http://172.169.8.253:31112/function/opt-66b-submod-0-latency-25.cdgp
1704042663951766916,1704042665552411817,200,http://172.169.8.253:31112/function/opt-66b-submod-0-latency-25.cdgp
1704042663951788414,1704042665560808559,200,http://172.169.8.253:31112/function/opt-66b-submod-0-latency-25.cdgp
1704042663951864534,1704042673445708139,500,http://172.169.8.253:31112/function/opt-66b-submod-0-latency-25.cdgp
1704042663951943417,1704042673893715808,500,http://172.169.8.253:31112/function/opt-66b-submod-0-latency-25.cdgp
1704042663952009957,1704042666975184586,200,http://172.169.8.253:31112/function/opt-66b-submod-0-latency-25.cdgp
1704042663952096007,1704042666975844145,200,http://172.169.8.253:31112/function/opt-66b-submod-0-latency-25.cdgp
1704042663952168889,1704042673444610099,500,http://172.169.8.253:31112/function/opt-66b-submod-0-latency-25.cdgp
1704042663952205384,1704042673446251821,500,http://172.169.8.253:31112/function/opt-66b-submod-0-latency-25.cdgp
1704042663952321962,1704042665806774218,200,http://172.169.8.253:31112/function/opt-66b-submod-0-latency-25.cdgp
1704042663952397934,1704042673445235533,500,http://172.169.8.253:31112/function/opt-66b-submod-0-latency-25.cdgp
1704042663952467787,1704042665716892925,200,http://172.169.8.253:31112/function/opt-66b-submod-0-latency-25.cdgp
1704042663952503475,1704042673445840479,500,http://172.169.8.253:31112/function/opt-66b-submod-0-latency-25.cdgp
1704042664052746235,1704042674053025167,500,http://172.169.8.253:31112/function/opt-66b-submod-0-latency-25.cdgp
1704042664052824299,1704042666975890251,200,http://172.169.8.253:31112/function/opt-66b-submod-0-latency-25.cdgp
1704042664052921180,1704042674053262555,500,http://172.169.8.253:31112/function/opt-66b-submod-0-latency-25.cdgp
1704042664053006531,1704042674053240309,500,http://172.169.8.253:31112/function/opt-66b-submod-0-latency-25.cdgp
1704042664053087359,1704042665779907899,200,http://172.169.8.253:31112/function/opt-66b-submod-0-latency-25.cdgp
1704042664053163810,1704042673924487602,500,http://172.169.8.253:31112/function/opt-66b-submod-0-latency-25.cdgp
1704042664053273094,1704042673702362990,500,http://172.169.8.253:31112/function/opt-66b-submod-0-latency-25.cdgp
1704042664053318324,1704042668201746606,200,http://172.169.8.253:31112/function/opt-66b-submod-0-latency-25.cdgp
1704042664053407213,1704042674054410242,500,http://172.169.8.253:31112/function/opt-66b-submod-0-latency-25.cdgp
1704042664053488695,1704042667023519793,200,http://172.169.8.253:31112/function/opt-66b-submod-0-latency-25.cdgp
1704042664053577853,1704042673743758632,500,http://172.169.8.253:31112/function/opt-66b-submod-0-latency-25.cdgp
1704042664053631328,1704042674054293800,500,http://172.169.8.253:31112/function/opt-66b-submod-0-latency-25.cdgp
1704042664053725450,1704042673747341990,500,http://172.169.8.253:31112/function/opt-66b-submod-0-latency-25.cdgp
1704042664053790273,1704042666053474286,200,http://172.169.8.253:31112/function/opt-66b-submod-0-latency-25.cdgp
1704042664053858516,1704042673755482413,500,http://172.169.8.253:31112/function/opt-66b-submod-0-latency-25.cdgp
1704042664053911956,1704042666052305452,200,http://172.169.8.253:31112/function/opt-66b-submod-0-latency-25.cdgp
1704042664053970510,1704042674054308415,500,http://172.169.8.253:31112/function/opt-66b-submod-0-latency-25.cdgp
1704042664116511888,1704042674118212580,500,http://172.169.8.253:31112/function/opt-66b-submod-0-latency-25.cdgp
1704042664116595579,1704042674118414562,500,http://172.169.8.253:31112/function/opt-66b-submod-0-latency-25.cdgp
1704042664116695066,1704042666374599682,200,http://172.169.8.253:31112/function/opt-66b-submod-0-latency-25.cdgp
1704042664116741191,1704042674118377426,500,http://172.169.8.253:31112/function/opt-66b-submod-0-latency-25.cdgp
1704042664116838218,1704042674118218774,500,http://172.169.8.253:31112/function/opt-66b-submod-0-latency-25.cdgp
1704042664116902953,1704042674118405481,500,http://172.169.8.253:31112/function/opt-66b-submod-0-latency-25.cdgp
1704042664116922151,1704042666526422217,200,http://172.169.8.253:31112/function/opt-66b-submod-0-latency-25.cdgp
1704042664116981070,1704042667687545491,200,http://172.169.8.253:31112/function/opt-66b-submod-0-latency-25.cdgp
1704042664117041185,1704042674118407670,500,http://172.169.8.253:31112/function/opt-66b-submod-0-latency-25.cdgp
1704042664117095338,1704042667042265336,200,http://172.169.8.253:31112/function/opt-66b-submod-0-latency-25.cdgp
1704042664117165775,1704042667876136298,200,http://172.169.8.253:31112/function/opt-66b-submod-0-latency-25.cdgp
1704042664117217904,1704042674118424133,500,http://172.169.8.253:31112/function/opt-66b-submod-0-latency-25.cdgp
1704042664117290564,1704042674118002239,500,http://172.169.8.253:31112/function/opt-66b-submod-0-latency-25.cdgp
1704042664117322854,1704042674118369824,500,http://172.169.8.253:31112/function/opt-66b-submod-0-latency-25.cdgp
1704042664117409396,1704042666696654105,200,http://172.169.8.253:31112/function/opt-66b-submod-0-latency-25.cdgp
1704042664117464310,1704042674118092181,500,http://172.169.8.253:31112/function/opt-66b-submod-0-latency-25.cdgp
1704042664117526582,1704042674118418367,500,http://172.169.8.253:31112/function/opt-66b-submod-0-latency-25.cdgp
1704042664117596005,1704042674118388995,500,http://172.169.8.253:31112/function/opt-66b-submod-0-latency-25.cdgp
1704042664117682274,1704042674118386289,500,http://172.169.8.253:31112/function/opt-66b-submod-0-latency-25.cdgp
1704042664117786119,1704042674118395718,500,http://172.169.8.253:31112/function/opt-66b-submod-0-latency-25.cdgp
1704042664122551701,1704042674123631847,500,http://172.169.8.253:31112/function/opt-66b-submod-0-latency-25.cdgp
1704042664122655880,1704042666922501702,200,http://172.169.8.253:31112/function/opt-66b-submod-0-latency-25.cdgp
1704042664122742833,1704042668038336345,200,http://172.169.8.253:31112/function/opt-66b-submod-0-latency-25.cdgp
1704042664122839192,1704042674123845014,500,http://172.169.8.253:31112/function/opt-66b-submod-0-latency-25.cdgp
1704042664122920664,1704042666921962482,200,http://172.169.8.253:31112/function/opt-66b-submod-0-latency-25.cdgp
1704042664123016223,1704042674123514936,500,http://172.169.8.253:31112/function/opt-66b-submod-0-latency-25.cdgp
1704042664123073932,1704042674123848705,500,http://172.169.8.253:31112/function/opt-66b-submod-0-latency-25.cdgp
1704042664123169178,1704042674123838358,500,http://172.169.8.253:31112/function/opt-66b-submod-0-latency-25.cdgp
1704042664123235187,1704042674123647585,500,http://172.169.8.253:31112/function/opt-66b-submod-0-latency-25.cdgp
1704042664123283984,1704042674123825501,500,http://172.169.8.253:31112/function/opt-66b-submod-0-latency-25.cdgp
1704042664123353536,1704042674123837191,500,http://172.169.8.253:31112/function/opt-66b-submod-0-latency-25.cdgp
1704042664123406659,1704042674123833777,500,http://172.169.8.253:31112/function/opt-66b-submod-0-latency-25.cdgp
1704042664155232522,1704042674156216343,500,http://172.169.8.253:31112/function/opt-66b-submod-0-latency-25.cdgp
1704042664155369031,1704042666540439097,200,http://172.169.8.253:31112/function/opt-66b-submod-0-latency-25.cdgp
1704042664155480087,1704042674156189266,500,http://172.169.8.253:31112/function/opt-66b-submod-0-latency-25.cdgp
1704042664155598765,1704042674156225227,500,http://172.169.8.253:31112/function/opt-66b-submod-0-latency-25.cdgp
1704042664155625207,1704042666761207505,200,http://172.169.8.253:31112/function/opt-66b-submod-0-latency-25.cdgp
1704042664155725428,1704042674156038370,500,http://172.169.8.253:31112/function/opt-66b-submod-0-latency-25.cdgp
1704042664155767081,1704042674156207287,500,http://172.169.8.253:31112/function/opt-66b-submod-0-latency-25.cdgp
1704042664155852761,1704042674156283979,500,http://172.169.8.253:31112/function/opt-66b-submod-0-latency-25.cdgp
1704042664155920521,1704042666999244610,200,http://172.169.8.253:31112/function/opt-66b-submod-0-latency-25.cdgp
1704042664156016783,1704042674156294980,500,http://172.169.8.253:31112/function/opt-66b-submod-0-latency-25.cdgp
1704042664156068713,1704042667042073704,200,http://172.169.8.253:31112/function/opt-66b-submod-0-latency-25.cdgp
1704042664156140590,1704042674156557943,500,http://172.169.8.253:31112/function/opt-66b-submod-0-latency-25.cdgp
1704042664156214591,1704042674156479974,500,http://172.169.8.253:31112/function/opt-66b-submod-0-latency-25.cdgp
1704042664156233093,1704042666976035763,200,http://172.169.8.253:31112/function/opt-66b-submod-0-latency-25.cdgp
1704042664156299889,1704042674156484896,500,http://172.169.8.253:31112/function/opt-66b-submod-0-latency-25.cdgp
1704042664156364612,1704042674156555737,500,http://172.169.8.253:31112/function/opt-66b-submod-0-latency-25.cdgp
1704042664156396131,1704042667551087390,200,http://172.169.8.253:31112/function/opt-66b-submod-0-latency-25.cdgp
1704042664156485167,1704042668041830025,200,http://172.169.8.253:31112/function/opt-66b-submod-0-latency-25.cdgp
1704042664156516937,1704042674156647121,500,http://172.169.8.253:31112/function/opt-66b-submod-0-latency-25.cdgp
1704042664156589431,1704042666975727984,200,http://172.169.8.253:31112/function/opt-66b-submod-0-latency-25.cdgp
1704042664156636574,1704042666289484591,200,http://172.169.8.253:31112/function/opt-66b-submod-0-latency-25.cdgp
1704042664156686818,1704042666736475947,200,http://172.169.8.253:31112/function/opt-66b-submod-0-latency-25.cdgp
1704042664156732879,1704042667873593632,200,http://172.169.8.253:31112/function/opt-66b-submod-0-latency-25.cdgp
1704042664156790680,1704042666664042972,200,http://172.169.8.253:31112/function/opt-66b-submod-0-latency-25.cdgp
1704042664156856827,1704042674157188492,500,http://172.169.8.253:31112/function/opt-66b-submod-0-latency-25.cdgp
1704042664416248804,1704042674299739532,500,http://172.169.8.253:31112/function/opt-66b-submod-0-latency-25.cdgp
1704042664416381131,1704042669240185026,200,http://172.169.8.253:31112/function/opt-66b-submod-0-latency-25.cdgp
1704042664416494724,1704042667530971681,200,http://172.169.8.253:31112/function/opt-66b-submod-0-latency-25.cdgp
1704042664416553677,1704042674362414864,500,http://172.169.8.253:31112/function/opt-66b-submod-0-latency-25.cdgp
1704042664416596269,1704042674309319205,500,http://172.169.8.253:31112/function/opt-66b-submod-0-latency-25.cdgp
1704042664416668448,1704042674354815661,500,http://172.169.8.253:31112/function/opt-66b-submod-0-latency-25.cdgp
1704042664416740745,1704042668348422010,200,http://172.169.8.253:31112/function/opt-66b-submod-0-latency-25.cdgp
1704042664416830437,1704042674309651072,500,http://172.169.8.253:31112/function/opt-66b-submod-0-latency-25.cdgp
1704042664416978530,1704042674359812134,500,http://172.169.8.253:31112/function/opt-66b-submod-0-latency-25.cdgp
1704042664417073252,1704042674366277192,500,http://172.169.8.253:31112/function/opt-66b-submod-0-latency-25.cdgp
1704042664417177918,1704042674306199991,500,http://172.169.8.253:31112/function/opt-66b-submod-0-latency-25.cdgp
1704042664417263199,1704042671283738661,200,http://172.169.8.253:31112/function/opt-66b-submod-0-latency-25.cdgp
1704042664417346884,1704042674302449032,500,http://172.169.8.253:31112/function/opt-66b-submod-0-latency-25.cdgp
1704042664417416600,1704042667279594977,200,http://172.169.8.253:31112/function/opt-66b-submod-0-latency-25.cdgp
1704042664417445015,1704042669667773392,200,http://172.169.8.253:31112/function/opt-66b-submod-0-latency-25.cdgp
1704042664417515787,1704042668805320926,200,http://172.169.8.253:31112/function/opt-66b-submod-0-latency-25.cdgp
1704042664418225764,1704042670193297763,200,http://172.169.8.253:31112/function/opt-66b-submod-0-latency-25.cdgp
1704042664418305379,1704042669107132752,200,http://172.169.8.253:31112/function/opt-66b-submod-0-latency-25.cdgp
1704042664418414095,1704042674304115228,500,http://172.169.8.253:31112/function/opt-66b-submod-0-latency-25.cdgp
1704042664418491627,1704042670326879876,200,http://172.169.8.253:31112/function/opt-66b-submod-0-latency-25.cdgp
1704042664418572617,1704042674365582338,500,http://172.169.8.253:31112/function/opt-66b-submod-0-latency-25.cdgp
1704042664418629336,1704042669744167668,200,http://172.169.8.253:31112/function/opt-66b-submod-0-latency-25.cdgp
1704042664418690521,1704042669233198844,200,http://172.169.8.253:31112/function/opt-66b-submod-0-latency-25.cdgp
1704042664418750718,1704042674366187782,500,http://172.169.8.253:31112/function/opt-66b-submod-0-latency-25.cdgp
1704042664418826431,1704042674307553755,500,http://172.169.8.253:31112/function/opt-66b-submod-0-latency-25.cdgp
1704042664418915268,1704042668232891708,200,http://172.169.8.253:31112/function/opt-66b-submod-0-latency-25.cdgp
1704042664418967675,1704042674365158724,500,http://172.169.8.253:31112/function/opt-66b-submod-0-latency-25.cdgp
1704042664419050701,1704042674362968666,500,http://172.169.8.253:31112/function/opt-66b-submod-0-latency-25.cdgp
1704042664419147749,1704042669107488512,200,http://172.169.8.253:31112/function/opt-66b-submod-0-latency-25.cdgp
1704042664419198995,1704042669902640313,200,http://172.169.8.253:31112/function/opt-66b-submod-0-latency-25.cdgp
1704042664680848217,1704042674582611925,500,http://172.169.8.253:31112/function/opt-66b-submod-0-latency-25.cdgp
1704042664680940558,1704042667683566016,200,http://172.169.8.253:31112/function/opt-66b-submod-0-latency-25.cdgp
1704042664681038819,1704042669107186950,200,http://172.169.8.253:31112/function/opt-66b-submod-0-latency-25.cdgp
1704042664681080933,1704042671284236192,200,http://172.169.8.253:31112/function/opt-66b-submod-0-latency-25.cdgp
1704042664681178836,1704042667579642919,200,http://172.169.8.253:31112/function/opt-66b-submod-0-latency-25.cdgp
1704042664681238458,1704042674573049555,500,http://172.169.8.253:31112/function/opt-66b-submod-0-latency-25.cdgp
1704042664681262703,1704042667531358869,200,http://172.169.8.253:31112/function/opt-66b-submod-0-latency-25.cdgp
1704042664681321852,1704042669753589932,200,http://172.169.8.253:31112/function/opt-66b-submod-0-latency-25.cdgp
1704042664681391317,1704042674430576542,500,http://172.169.8.253:31112/function/opt-66b-submod-0-latency-25.cdgp
1704042664681479977,1704042674585825865,500,http://172.169.8.253:31112/function/opt-66b-submod-0-latency-25.cdgp
1704042664681501377,1704042674579642255,500,http://172.169.8.253:31112/function/opt-66b-submod-0-latency-25.cdgp
1704042664681592809,1704042674435866144,500,http://172.169.8.253:31112/function/opt-66b-submod-0-latency-25.cdgp
1704042664681655229,1704042674578585146,500,http://172.169.8.253:31112/function/opt-66b-submod-0-latency-25.cdgp
1704042664681694933,1704042669107257473,200,http://172.169.8.253:31112/function/opt-66b-submod-0-latency-25.cdgp
1704042664681772285,1704042674578924876,500,http://172.169.8.253:31112/function/opt-66b-submod-0-latency-25.cdgp
1704042664681826102,1704042674438893676,500,http://172.169.8.253:31112/function/opt-66b-submod-0-latency-25.cdgp
1704042664681885487,1704042674585309479,500,http://172.169.8.253:31112/function/opt-66b-submod-0-latency-25.cdgp
1704042664681969064,1704042674439540060,500,http://172.169.8.253:31112/function/opt-66b-submod-0-latency-25.cdgp
1704042664682042550,1704042674436660853,500,http://172.169.8.253:31112/function/opt-66b-submod-0-latency-25.cdgp
1704042664682105296,1704042674578096571,500,http://172.169.8.253:31112/function/opt-66b-submod-0-latency-25.cdgp
1704042664682196026,1704042667578223040,200,http://172.169.8.253:31112/function/opt-66b-submod-0-latency-25.cdgp
1704042664682255102,1704042667921217203,200,http://172.169.8.253:31112/function/opt-66b-submod-0-latency-25.cdgp
1704042664682347245,1704042669243623050,200,http://172.169.8.253:31112/function/opt-66b-submod-0-latency-25.cdgp
1704042664682428970,1704042668607884677,200,http://172.169.8.253:31112/function/opt-66b-submod-0-latency-25.cdgp
1704042664682458139,1704042674586099494,500,http://172.169.8.253:31112/function/opt-66b-submod-0-latency-25.cdgp
1704042664682572498,1704042669423901813,200,http://172.169.8.253:31112/function/opt-66b-submod-0-latency-25.cdgp
1704042664682631920,1704042667352601790,200,http://172.169.8.253:31112/function/opt-66b-submod-0-latency-25.cdgp
1704042664682686819,1704042674435427066,500,http://172.169.8.253:31112/function/opt-66b-submod-0-latency-25.cdgp
1704042664682713483,1704042674582768967,500,http://172.169.8.253:31112/function/opt-66b-submod-0-latency-25.cdgp
1704042664682769147,1704042668265405804,200,http://172.169.8.253:31112/function/opt-66b-submod-0-latency-25.cdgp
1704042664682830807,1704042674436341325,500,http://172.169.8.253:31112/function/opt-66b-submod-0-latency-25.cdgp
1704042664682923120,1704042674585431215,500,http://172.169.8.253:31112/function/opt-66b-submod-0-latency-25.cdgp
1704042664682970495,1704042667338369331,200,http://172.169.8.253:31112/function/opt-66b-submod-0-latency-25.cdgp
1704042664683062249,1704042674579705919,500,http://172.169.8.253:31112/function/opt-66b-submod-0-latency-25.cdgp
1704042664683125644,1704042674434700705,500,http://172.169.8.253:31112/function/opt-66b-submod-0-latency-25.cdgp
1704042664720426090,1704042667580962921,200,http://172.169.8.253:31112/function/opt-66b-submod-0-latency-25.cdgp
1704042664720478051,1704042666975857377,200,http://172.169.8.253:31112/function/opt-66b-submod-0-latency-25.cdgp
1704042665566076455,1704042669243606960,200,http://172.169.8.253:31112/function/opt-66b-submod-0-latency-25.cdgp
1704042665566229576,1704042675131528604,500,http://172.169.8.253:31112/function/opt-66b-submod-0-latency-25.cdgp
1704042665566355719,1704042675566808536,500,http://172.169.8.253:31112/function/opt-66b-submod-0-latency-25.cdgp
1704042665566456787,1704042667587504648,200,http://172.169.8.253:31112/function/opt-66b-submod-0-latency-25.cdgp
1704042665566579422,1704042675131513168,500,http://172.169.8.253:31112/function/opt-66b-submod-0-latency-25.cdgp
1704042665670583754,1704042675055008658,500,http://172.169.8.253:31112/function/opt-66b-submod-0-latency-25.cdgp
1704042665670665960,1704042671203866232,200,http://172.169.8.253:31112/function/opt-66b-submod-0-latency-25.cdgp
1704042665670791616,1704042675060340125,500,http://172.169.8.253:31112/function/opt-66b-submod-0-latency-25.cdgp
1704042665670860856,1704042669615895056,200,http://172.169.8.253:31112/function/opt-66b-submod-0-latency-25.cdgp
1704042665670898183,1704042668739601053,200,http://172.169.8.253:31112/function/opt-66b-submod-0-latency-25.cdgp
1704042665670978738,1704042667758426432,200,http://172.169.8.253:31112/function/opt-66b-submod-0-latency-25.cdgp
1704042665671044998,1704042667596286901,200,http://172.169.8.253:31112/function/opt-66b-submod-0-latency-25.cdgp
1704042665671129964,1704042669414391209,200,http://172.169.8.253:31112/function/opt-66b-submod-0-latency-25.cdgp
1704042665671228844,1704042675242647147,500,http://172.169.8.253:31112/function/opt-66b-submod-0-latency-25.cdgp
1704042665671335874,1704042671205329511,200,http://172.169.8.253:31112/function/opt-66b-submod-0-latency-25.cdgp
1704042665682629937,1704042667624207189,200,http://172.169.8.253:31112/function/opt-66b-submod-0-latency-25.cdgp
1704042665682725193,1704042671327914153,200,http://172.169.8.253:31112/function/opt-66b-submod-0-latency-25.cdgp
1704042665682868800,1704042675242344155,500,http://172.169.8.253:31112/function/opt-66b-submod-0-latency-25.cdgp
1704042665682934032,1704042667685538639,200,http://172.169.8.253:31112/function/opt-66b-submod-0-latency-25.cdgp
1704042665682973529,1704042675053278708,500,http://172.169.8.253:31112/function/opt-66b-submod-0-latency-25.cdgp
1704042665683055974,1704042675242481497,500,http://172.169.8.253:31112/function/opt-66b-submod-0-latency-25.cdgp
1704042666387721912,1704042675643580780,500,http://172.169.8.253:31112/function/opt-66b-submod-0-latency-25.cdgp
1704042666560659599,1704042669711486539,200,http://172.169.8.253:31112/function/opt-66b-submod-0-latency-25.cdgp
1704042666560768694,1704042668467945777,200,http://172.169.8.253:31112/function/opt-66b-submod-0-latency-25.cdgp
1704042666560870272,1704042669711597215,200,http://172.169.8.253:31112/function/opt-66b-submod-0-latency-25.cdgp
1704042666565511404,1704042671331659876,200,http://172.169.8.253:31112/function/opt-66b-submod-0-latency-25.cdgp
1704042666565642458,1704042675698749128,500,http://172.169.8.253:31112/function/opt-66b-submod-0-latency-25.cdgp
1704042666565745011,1704042671203768281,200,http://172.169.8.253:31112/function/opt-66b-submod-0-latency-25.cdgp
1704042666565855752,1704042676291573228,500,http://172.169.8.253:31112/function/opt-66b-submod-0-latency-25.cdgp
1704042666565961538,1704042675687909904,500,http://172.169.8.253:31112/function/opt-66b-submod-0-latency-25.cdgp
1704042666566049051,1704042676313260545,500,http://172.169.8.253:31112/function/opt-66b-submod-0-latency-25.cdgp
1704042666566134691,1704042676253906476,500,http://172.169.8.253:31112/function/opt-66b-submod-0-latency-25.cdgp
1704042666566200908,1704042668425794509,200,http://172.169.8.253:31112/function/opt-66b-submod-0-latency-25.cdgp
1704042666566272334,1704042668227370609,200,http://172.169.8.253:31112/function/opt-66b-submod-0-latency-25.cdgp
1704042666566284976,1704042668160527954,200,http://172.169.8.253:31112/function/opt-66b-submod-0-latency-25.cdgp
1704042666566363748,1704042675984399176,500,http://172.169.8.253:31112/function/opt-66b-submod-0-latency-25.cdgp
1704042666575195041,1704042668224233589,200,http://172.169.8.253:31112/function/opt-66b-submod-0-latency-25.cdgp
1704042666575257746,1704042668435817520,200,http://172.169.8.253:31112/function/opt-66b-submod-0-latency-25.cdgp
1704042666575337219,1704042676339206761,500,http://172.169.8.253:31112/function/opt-66b-submod-0-latency-25.cdgp
1704042666575564878,1704042671247614959,200,http://172.169.8.253:31112/function/opt-66b-submod-0-latency-25.cdgp
1704042666575647125,1704042676253438477,500,http://172.169.8.253:31112/function/opt-66b-submod-0-latency-25.cdgp
1704042666575683720,1704042675986165851,500,http://172.169.8.253:31112/function/opt-66b-submod-0-latency-25.cdgp
1704042666575757278,1704042668166586821,200,http://172.169.8.253:31112/function/opt-66b-submod-0-latency-25.cdgp
1704042666636720028,1704042668319372582,200,http://172.169.8.253:31112/function/opt-66b-submod-0-latency-25.cdgp
1704042666636760605,1704042669751500833,200,http://172.169.8.253:31112/function/opt-66b-submod-0-latency-25.cdgp
1704042666636844451,1704042671204285002,200,http://172.169.8.253:31112/function/opt-66b-submod-0-latency-25.cdgp
1704042666636912656,1704042671354653763,200,http://172.169.8.253:31112/function/opt-66b-submod-0-latency-25.cdgp
1704042666637017126,1704042676133443304,500,http://172.169.8.253:31112/function/opt-66b-submod-0-latency-25.cdgp
1704042666777425633,1704042668329653948,200,http://172.169.8.253:31112/function/opt-66b-submod-0-latency-25.cdgp
1704042666777510795,1704042670326857538,200,http://172.169.8.253:31112/function/opt-66b-submod-0-latency-25.cdgp
1704042666777605057,1704042676023652859,500,http://172.169.8.253:31112/function/opt-66b-submod-0-latency-25.cdgp
1704042666777664550,1704042676349831901,500,http://172.169.8.253:31112/function/opt-66b-submod-0-latency-25.cdgp
1704042666777733876,1704042676359621780,500,http://172.169.8.253:31112/function/opt-66b-submod-0-latency-25.cdgp
1704042666777774189,1704042676778532100,500,http://172.169.8.253:31112/function/opt-66b-submod-0-latency-25.cdgp
1704042666777868502,1704042676574407137,500,http://172.169.8.253:31112/function/opt-66b-submod-0-latency-25.cdgp
1704042666777932633,1704042669107569571,200,http://172.169.8.253:31112/function/opt-66b-submod-0-latency-25.cdgp
1704042666777996265,1704042676347515955,500,http://172.169.8.253:31112/function/opt-66b-submod-0-latency-25.cdgp
1704042666778010075,1704042671283880244,200,http://172.169.8.253:31112/function/opt-66b-submod-0-latency-25.cdgp
1704042666778098785,1704042676519143481,500,http://172.169.8.253:31112/function/opt-66b-submod-0-latency-25.cdgp
1704042666778186161,1704042669725374490,200,http://172.169.8.253:31112/function/opt-66b-submod-0-latency-25.cdgp
1704042666778261433,1704042676133488408,500,http://172.169.8.253:31112/function/opt-66b-submod-0-latency-25.cdgp
1704042666778357289,1704042676179565104,500,http://172.169.8.253:31112/function/opt-66b-submod-0-latency-25.cdgp
1704042666778421674,1704042669668107070,200,http://172.169.8.253:31112/function/opt-66b-submod-0-latency-25.cdgp
1704042666778437981,1704042671287602928,200,http://172.169.8.253:31112/function/opt-66b-submod-0-latency-25.cdgp
1704042666778549638,1704042676573158543,500,http://172.169.8.253:31112/function/opt-66b-submod-0-latency-25.cdgp
1704042666778612584,1704042669744982919,200,http://172.169.8.253:31112/function/opt-66b-submod-0-latency-25.cdgp
1704042666778725301,1704042670326238796,200,http://172.169.8.253:31112/function/opt-66b-submod-0-latency-25.cdgp
1704042666778818442,1704042669669285033,200,http://172.169.8.253:31112/function/opt-66b-submod-0-latency-25.cdgp
1704042666778876412,1704042671205342881,200,http://172.169.8.253:31112/function/opt-66b-submod-0-latency-25.cdgp
1704042666778970322,1704042676573282911,500,http://172.169.8.253:31112/function/opt-66b-submod-0-latency-25.cdgp
1704042666779047707,1704042669339180913,200,http://172.169.8.253:31112/function/opt-66b-submod-0-latency-25.cdgp
1704042666779121666,1704042670188759596,200,http://172.169.8.253:31112/function/opt-66b-submod-0-latency-25.cdgp
1704042666779207405,1704042670771539390,200,http://172.169.8.253:31112/function/opt-66b-submod-0-latency-25.cdgp
1704042666779288493,1704042676660220635,500,http://172.169.8.253:31112/function/opt-66b-submod-0-latency-25.cdgp
1704042666779361327,1704042676132283122,500,http://172.169.8.253:31112/function/opt-66b-submod-0-latency-25.cdgp
1704042666779443901,1704042676518027645,500,http://172.169.8.253:31112/function/opt-66b-submod-0-latency-25.cdgp
1704042666779504880,1704042676569045833,500,http://172.169.8.253:31112/function/opt-66b-submod-0-latency-25.cdgp
1704042666779583894,1704042676547916715,500,http://172.169.8.253:31112/function/opt-66b-submod-0-latency-25.cdgp
1704042666779625315,1704042676518532131,500,http://172.169.8.253:31112/function/opt-66b-submod-0-latency-25.cdgp
1704042666779680399,1704042676547588440,500,http://172.169.8.253:31112/function/opt-66b-submod-0-latency-25.cdgp
1704042666779742967,1704042676573172487,500,http://172.169.8.253:31112/function/opt-66b-submod-0-latency-25.cdgp
1704042666840233542,1704042676348329945,500,http://172.169.8.253:31112/function/opt-66b-submod-0-latency-25.cdgp
1704042666840317817,1704042669790102271,200,http://172.169.8.253:31112/function/opt-66b-submod-0-latency-25.cdgp
1704042666840337912,1704042669423516093,200,http://172.169.8.253:31112/function/opt-66b-submod-0-latency-25.cdgp
1704042666840412757,1704042676180087296,500,http://172.169.8.253:31112/function/opt-66b-submod-0-latency-25.cdgp
1704042666840498866,1704042670977054721,200,http://172.169.8.253:31112/function/opt-66b-submod-0-latency-25.cdgp
1704042667124528827,1704042676392576538,500,http://172.169.8.253:31112/function/opt-66b-submod-0-latency-25.cdgp
1704042667124691202,1704042669239652684,200,http://172.169.8.253:31112/function/opt-66b-submod-0-latency-25.cdgp
1704042667124780023,1704042671360077307,200,http://172.169.8.253:31112/function/opt-66b-submod-0-latency-25.cdgp
1704042667125008387,1704042669424310888,200,http://172.169.8.253:31112/function/opt-66b-submod-0-latency-25.cdgp
1704042667125105101,1704042670368718887,200,http://172.169.8.253:31112/function/opt-66b-submod-0-latency-25.cdgp
1704042667125190133,1704042670199726949,200,http://172.169.8.253:31112/function/opt-66b-submod-0-latency-25.cdgp
1704042667125282220,1704042671204426144,200,http://172.169.8.253:31112/function/opt-66b-submod-0-latency-25.cdgp
1704042667125328650,1704042671205173987,200,http://172.169.8.253:31112/function/opt-66b-submod-0-latency-25.cdgp
1704042667125422705,1704042676349241024,500,http://172.169.8.253:31112/function/opt-66b-submod-0-latency-25.cdgp
1704042667125504641,1704042676519157411,500,http://172.169.8.253:31112/function/opt-66b-submod-0-latency-25.cdgp
1704042667125587483,1704042670325871982,200,http://172.169.8.253:31112/function/opt-66b-submod-0-latency-25.cdgp
1704042667125662205,1704042671353070156,200,http://172.169.8.253:31112/function/opt-66b-submod-0-latency-25.cdgp
1704042667125743694,1704042669414384580,200,http://172.169.8.253:31112/function/opt-66b-submod-0-latency-25.cdgp
1704042667125794813,1704042676694621738,500,http://172.169.8.253:31112/function/opt-66b-submod-0-latency-25.cdgp
1704042667125878134,1704042676660538972,500,http://172.169.8.253:31112/function/opt-66b-submod-0-latency-25.cdgp
1704042667125934129,1704042676660448581,500,http://172.169.8.253:31112/function/opt-66b-submod-0-latency-25.cdgp
1704042668273080882,1704042677411767223,500,http://172.169.8.253:31112/function/opt-66b-submod-0-latency-25.cdgp
1704042668273165148,1704042670771063901,200,http://172.169.8.253:31112/function/opt-66b-submod-0-latency-25.cdgp
1704042668273310995,1704042677552986598,500,http://172.169.8.253:31112/function/opt-66b-submod-0-latency-25.cdgp
1704042668273377606,1704042671331687141,200,http://172.169.8.253:31112/function/opt-66b-submod-0-latency-25.cdgp
1704042668273430341,1704042677431247695,500,http://172.169.8.253:31112/function/opt-66b-submod-0-latency-25.cdgp
1704042668355950733,1704042677347506798,500,http://172.169.8.253:31112/function/opt-66b-submod-0-latency-25.cdgp
1704042668447494550,1704042677927568979,500,http://172.169.8.253:31112/function/opt-66b-submod-0-latency-25.cdgp
1704042668447586719,1704042677866099233,500,http://172.169.8.253:31112/function/opt-66b-submod-0-latency-25.cdgp
1704042668447676060,1704042677884667856,500,http://172.169.8.253:31112/function/opt-66b-submod-0-latency-25.cdgp
1704042668447761605,1704042678109176247,500,http://172.169.8.253:31112/function/opt-66b-submod-0-latency-25.cdgp
1704042668447812145,1704042669669631263,200,http://172.169.8.253:31112/function/opt-66b-submod-0-latency-25.cdgp
1704042668447910245,1704042677599500756,500,http://172.169.8.253:31112/function/opt-66b-submod-0-latency-25.cdgp
1704042668448016326,1704042671292242296,200,http://172.169.8.253:31112/function/opt-66b-submod-0-latency-25.cdgp
1704042668461262541,1704042671266318954,200,http://172.169.8.253:31112/function/opt-66b-submod-0-latency-25.cdgp
1704042668461375210,1704042677995383129,500,http://172.169.8.253:31112/function/opt-66b-submod-0-latency-25.cdgp
1704042668461450994,1704042677884718735,500,http://172.169.8.253:31112/function/opt-66b-submod-0-latency-25.cdgp
1704042668461538875,1704042677955556511,500,http://172.169.8.253:31112/function/opt-66b-submod-0-latency-25.cdgp
1704042668461642791,1704042671344999930,200,http://172.169.8.253:31112/function/opt-66b-submod-0-latency-25.cdgp
1704042668461689892,1704042671869034906,200,http://172.169.8.253:31112/function/opt-66b-submod-0-latency-25.cdgp
1704042668461773775,1704042677988663588,500,http://172.169.8.253:31112/function/opt-66b-submod-0-latency-25.cdgp
1704042668461806369,1704042670770514073,200,http://172.169.8.253:31112/function/opt-66b-submod-0-latency-25.cdgp
1704042668461887943,1704042677955991662,500,http://172.169.8.253:31112/function/opt-66b-submod-0-latency-25.cdgp
1704042668461901434,1704042677884957623,500,http://172.169.8.253:31112/function/opt-66b-submod-0-latency-25.cdgp
1704042668461965671,1704042671871181299,200,http://172.169.8.253:31112/function/opt-66b-submod-0-latency-25.cdgp
1704042668462035022,1704042677955976506,500,http://172.169.8.253:31112/function/opt-66b-submod-0-latency-25.cdgp
1704042668462097569,1704042677885244677,500,http://172.169.8.253:31112/function/opt-66b-submod-0-latency-25.cdgp
1704042668462162264,1704042678000150319,500,http://172.169.8.253:31112/function/opt-66b-submod-0-latency-25.cdgp
1704042668540494443,1704042671327577009,200,http://172.169.8.253:31112/function/opt-66b-submod-0-latency-25.cdgp
1704042668540585042,1704042671372230592,200,http://172.169.8.253:31112/function/opt-66b-submod-0-latency-25.cdgp
1704042668540721613,1704042671204425676,200,http://172.169.8.253:31112/function/opt-66b-submod-0-latency-25.cdgp
1704042668540786385,1704042671288777081,200,http://172.169.8.253:31112/function/opt-66b-submod-0-latency-25.cdgp
1704042668540831600,1704042677949434243,500,http://172.169.8.253:31112/function/opt-66b-submod-0-latency-25.cdgp
1704042668540906742,1704042677989055668,500,http://172.169.8.253:31112/function/opt-66b-submod-0-latency-25.cdgp
1704042668540959026,1704042678130321608,500,http://172.169.8.253:31112/function/opt-66b-submod-0-latency-25.cdgp
1704042668541036559,1704042678177750488,500,http://172.169.8.253:31112/function/opt-66b-submod-0-latency-25.cdgp
1704042668541114255,1704042677993268207,500,http://172.169.8.253:31112/function/opt-66b-submod-0-latency-25.cdgp
1704042668541179025,1704042677946474178,500,http://172.169.8.253:31112/function/opt-66b-submod-0-latency-25.cdgp
1704042668541203637,1704042672317481538,200,http://172.169.8.253:31112/function/opt-66b-submod-0-latency-25.cdgp
1704042668541275098,1704042678352495381,500,http://172.169.8.253:31112/function/opt-66b-submod-0-latency-25.cdgp
1704042668541359362,1704042671207659112,200,http://172.169.8.253:31112/function/opt-66b-submod-0-latency-25.cdgp
1704042668541446045,1704042670967625281,200,http://172.169.8.253:31112/function/opt-66b-submod-0-latency-25.cdgp
1704042668541512017,1704042678352475750,500,http://172.169.8.253:31112/function/opt-66b-submod-0-latency-25.cdgp
1704042668541587249,1704042678071113959,500,http://172.169.8.253:31112/function/opt-66b-submod-0-latency-25.cdgp
1704042668541651861,1704042677948964685,500,http://172.169.8.253:31112/function/opt-66b-submod-0-latency-25.cdgp
1704042668541669062,1704042672319363981,200,http://172.169.8.253:31112/function/opt-66b-submod-0-latency-25.cdgp
1704042668541722423,1704042678353240920,500,http://172.169.8.253:31112/function/opt-66b-submod-0-latency-25.cdgp
1704042668541760774,1704042678070452957,500,http://172.169.8.253:31112/function/opt-66b-submod-0-latency-25.cdgp
1704042668541855424,1704042671203646464,200,http://172.169.8.253:31112/function/opt-66b-submod-0-latency-25.cdgp
1704042668541930499,1704042671871166657,200,http://172.169.8.253:31112/function/opt-66b-submod-0-latency-25.cdgp
1704042668542003382,1704042671868860950,200,http://172.169.8.253:31112/function/opt-66b-submod-0-latency-25.cdgp
1704042668542084698,1704042678130190650,500,http://172.169.8.253:31112/function/opt-66b-submod-0-latency-25.cdgp
1704042668542114471,1704042670769696687,200,http://172.169.8.253:31112/function/opt-66b-submod-0-latency-25.cdgp
1704042668542194664,1704042671415493256,200,http://172.169.8.253:31112/function/opt-66b-submod-0-latency-25.cdgp
1704042668682720481,1704042678372914772,500,http://172.169.8.253:31112/function/opt-66b-submod-0-latency-25.cdgp
1704042668682807483,1704042677989298627,500,http://172.169.8.253:31112/function/opt-66b-submod-0-latency-25.cdgp
1704042668682889753,1704042678135671344,500,http://172.169.8.253:31112/function/opt-66b-submod-0-latency-25.cdgp
1704042668682961167,1704042670967544895,200,http://172.169.8.253:31112/function/opt-66b-submod-0-latency-25.cdgp
1704042668683075393,1704042678605551478,500,http://172.169.8.253:31112/function/opt-66b-submod-0-latency-25.cdgp
1704042668683132665,1704042672648296841,200,http://172.169.8.253:31112/function/opt-66b-submod-0-latency-25.cdgp
1704042668683176215,1704042678423687257,500,http://172.169.8.253:31112/function/opt-66b-submod-0-latency-25.cdgp
1704042668683247663,1704042672648874482,200,http://172.169.8.253:31112/function/opt-66b-submod-0-latency-25.cdgp
1704042668683303850,1704042670773421224,200,http://172.169.8.253:31112/function/opt-66b-submod-0-latency-25.cdgp
1704042668683347657,1704042671744087951,200,http://172.169.8.253:31112/function/opt-66b-submod-0-latency-25.cdgp
1704042668683433104,1704042678683797551,500,http://172.169.8.253:31112/function/opt-66b-submod-0-latency-25.cdgp
1704042668683510901,1704042672454295445,200,http://172.169.8.253:31112/function/opt-66b-submod-0-latency-25.cdgp
1704042668683558750,1704042678388022723,500,http://172.169.8.253:31112/function/opt-66b-submod-0-latency-25.cdgp
1704042668683642726,1704042678353254391,500,http://172.169.8.253:31112/function/opt-66b-submod-0-latency-25.cdgp
1704042668683674556,1704042671243495692,200,http://172.169.8.253:31112/function/opt-66b-submod-0-latency-25.cdgp
1704042668683740402,1704042671871151645,200,http://172.169.8.253:31112/function/opt-66b-submod-0-latency-25.cdgp
1704042668683825115,1704042678130500533,500,http://172.169.8.253:31112/function/opt-66b-submod-0-latency-25.cdgp
1704042668683918283,1704042672129334132,200,http://172.169.8.253:31112/function/opt-66b-submod-0-latency-25.cdgp
1704042668683977043,1704042677988686402,500,http://172.169.8.253:31112/function/opt-66b-submod-0-latency-25.cdgp
1704042668684047218,1704042671207654897,200,http://172.169.8.253:31112/function/opt-66b-submod-0-latency-25.cdgp
1704042668684119181,1704042672648654005,200,http://172.169.8.253:31112/function/opt-66b-submod-0-latency-25.cdgp
1704042668684147662,1704042670967641902,200,http://172.169.8.253:31112/function/opt-66b-submod-0-latency-25.cdgp
1704042668688263292,1704042678599508937,500,http://172.169.8.253:31112/function/opt-66b-submod-0-latency-25.cdgp
1704042668688347396,1704042671621553901,200,http://172.169.8.253:31112/function/opt-66b-submod-0-latency-25.cdgp
1704042668688436401,1704042678568846048,500,http://172.169.8.253:31112/function/opt-66b-submod-0-latency-25.cdgp
1704042668688520974,1704042672056358504,200,http://172.169.8.253:31112/function/opt-66b-submod-0-latency-25.cdgp
1704042668688586191,1704042678605130039,500,http://172.169.8.253:31112/function/opt-66b-submod-0-latency-25.cdgp
1704042668688640993,1704042678689281335,500,http://172.169.8.253:31112/function/opt-66b-submod-0-latency-25.cdgp
1704042668688730235,1704042678689108963,500,http://172.169.8.253:31112/function/opt-66b-submod-0-latency-25.cdgp
1704042668688826033,1704042678689117532,500,http://172.169.8.253:31112/function/opt-66b-submod-0-latency-25.cdgp
1704042668688934518,1704042678605881714,500,http://172.169.8.253:31112/function/opt-66b-submod-0-latency-25.cdgp
1704042668688996927,1704042678689279579,500,http://172.169.8.253:31112/function/opt-66b-submod-0-latency-25.cdgp
1704042668689079475,1704042678689265353,500,http://172.169.8.253:31112/function/opt-66b-submod-0-latency-25.cdgp
1704042668689179415,1704042672648072510,200,http://172.169.8.253:31112/function/opt-66b-submod-0-latency-25.cdgp
1704042668689250014,1704042671412818344,200,http://172.169.8.253:31112/function/opt-66b-submod-0-latency-25.cdgp
1704042668689342616,1704042678690470712,500,http://172.169.8.253:31112/function/opt-66b-submod-0-latency-25.cdgp
1704042668689411237,1704042678690512585,500,http://172.169.8.253:31112/function/opt-66b-submod-0-latency-25.cdgp
1704042668689456933,1704042672352159690,200,http://172.169.8.253:31112/function/opt-66b-submod-0-latency-25.cdgp
1704042668689482790,1704042671575831604,200,http://172.169.8.253:31112/function/opt-66b-submod-0-latency-25.cdgp
1704042668689555135,1704042672428615646,200,http://172.169.8.253:31112/function/opt-66b-submod-0-latency-25.cdgp
1704042668690045365,1704042678690318335,500,http://172.169.8.253:31112/function/opt-66b-submod-0-latency-25.cdgp
1704042668690130308,1704042678690486081,500,http://172.169.8.253:31112/function/opt-66b-submod-0-latency-25.cdgp
1704042668690207399,1704042673478290001,200,http://172.169.8.253:31112/function/opt-66b-submod-0-latency-25.cdgp
1704042668690237473,1704042672042793345,200,http://172.169.8.253:31112/function/opt-66b-submod-0-latency-25.cdgp
1704042668690291492,1704042678645996662,500,http://172.169.8.253:31112/function/opt-66b-submod-0-latency-25.cdgp
1704042668690337401,1704042671206098271,200,http://172.169.8.253:31112/function/opt-66b-submod-0-latency-25.cdgp
1704042668690383667,1704042678604503984,500,http://172.169.8.253:31112/function/opt-66b-submod-0-latency-25.cdgp
1704042668690455657,1704042672672088235,200,http://172.169.8.253:31112/function/opt-66b-submod-0-latency-25.cdgp
1704042668690483534,1704042671616585161,200,http://172.169.8.253:31112/function/opt-66b-submod-0-latency-25.cdgp
1704042668690551979,1704042672000077561,200,http://172.169.8.253:31112/function/opt-66b-submod-0-latency-25.cdgp
1704042668690605336,1704042673445350041,200,http://172.169.8.253:31112/function/opt-66b-submod-0-latency-25.cdgp
1704042668690648894,1704042678691423517,500,http://172.169.8.253:31112/function/opt-66b-submod-0-latency-25.cdgp
1704042668690726860,1704042671820744383,200,http://172.169.8.253:31112/function/opt-66b-submod-0-latency-25.cdgp
1704042668690754744,1704042672724056901,200,http://172.169.8.253:31112/function/opt-66b-submod-0-latency-25.cdgp
1704042668690846606,1704042678603758068,500,http://172.169.8.253:31112/function/opt-66b-submod-0-latency-25.cdgp
1704042668690891231,1704042671372583879,200,http://172.169.8.253:31112/function/opt-66b-submod-0-latency-25.cdgp
1704042668690971613,1704042672231843549,200,http://172.169.8.253:31112/function/opt-66b-submod-0-latency-25.cdgp
1704042668691025425,1704042678691605197,500,http://172.169.8.253:31112/function/opt-66b-submod-0-latency-25.cdgp
1704042668691109113,1704042671868702417,200,http://172.169.8.253:31112/function/opt-66b-submod-0-latency-25.cdgp
1704042668691168164,1704042671978040791,200,http://172.169.8.253:31112/function/opt-66b-submod-0-latency-25.cdgp
1704042668691226941,1704042672648545042,200,http://172.169.8.253:31112/function/opt-66b-submod-0-latency-25.cdgp
1704042668691277204,1704042678605364849,500,http://172.169.8.253:31112/function/opt-66b-submod-0-latency-25.cdgp
1704042668691383396,1704042678691705954,500,http://172.169.8.253:31112/function/opt-66b-submod-0-latency-25.cdgp
1704042668691408840,1704042678569396213,500,http://172.169.8.253:31112/function/opt-66b-submod-0-latency-25.cdgp
1704042668691478857,1704042678691740292,500,http://172.169.8.253:31112/function/opt-66b-submod-0-latency-25.cdgp
1704042668691552717,1704042671358112874,200,http://172.169.8.253:31112/function/opt-66b-submod-0-latency-25.cdgp
1704042668691628133,1704042678691844136,500,http://172.169.8.253:31112/function/opt-66b-submod-0-latency-25.cdgp
1704042668691653376,1704042671285687272,200,http://172.169.8.253:31112/function/opt-66b-submod-0-latency-25.cdgp
1704042668691699445,1704042671868465900,200,http://172.169.8.253:31112/function/opt-66b-submod-0-latency-25.cdgp
1704042668691760238,1704042672169889922,200,http://172.169.8.253:31112/function/opt-66b-submod-0-latency-25.cdgp
1704042668691823116,1704042672664754874,200,http://172.169.8.253:31112/function/opt-66b-submod-0-latency-25.cdgp
1704042668780782336,1704042672055752235,200,http://172.169.8.253:31112/function/opt-66b-submod-0-latency-25.cdgp
1704042668780872591,1704042678782396443,500,http://172.169.8.253:31112/function/opt-66b-submod-0-latency-25.cdgp
1704042668780960763,1704042673485341168,200,http://172.169.8.253:31112/function/opt-66b-submod-0-latency-25.cdgp
1704042668781031415,1704042672176361230,200,http://172.169.8.253:31112/function/opt-66b-submod-0-latency-25.cdgp
1704042668781225179,1704042678782386891,500,http://172.169.8.253:31112/function/opt-66b-submod-0-latency-25.cdgp
1704042668781315329,1704042673444942198,200,http://172.169.8.253:31112/function/opt-66b-submod-0-latency-25.cdgp
1704042668781447349,1704042678782089684,500,http://172.169.8.253:31112/function/opt-66b-submod-0-latency-25.cdgp
1704042668781555435,1704042672664614770,200,http://172.169.8.253:31112/function/opt-66b-submod-0-latency-25.cdgp
1704042668781618828,1704042678782105770,500,http://172.169.8.253:31112/function/opt-66b-submod-0-latency-25.cdgp
1704042668781647358,1704042673443567754,200,http://172.169.8.253:31112/function/opt-66b-submod-0-latency-25.cdgp
1704042668781752344,1704042678782461953,500,http://172.169.8.253:31112/function/opt-66b-submod-0-latency-25.cdgp
1704042668781804488,1704042673384528641,200,http://172.169.8.253:31112/function/opt-66b-submod-0-latency-25.cdgp
1704042668781889470,1704042678782452042,500,http://172.169.8.253:31112/function/opt-66b-submod-0-latency-25.cdgp
1704042668781962283,1704042678782489142,500,http://172.169.8.253:31112/function/opt-66b-submod-0-latency-25.cdgp
1704042668782028675,1704042672381608649,200,http://172.169.8.253:31112/function/opt-66b-submod-0-latency-25.cdgp
1704042668782059044,1704042678782470125,500,http://172.169.8.253:31112/function/opt-66b-submod-0-latency-25.cdgp
1704042668782148495,1704042675544450892,200,http://172.169.8.253:31112/function/opt-66b-submod-0-latency-25.cdgp
1704042668782231403,1704042674390259329,200,http://172.169.8.253:31112/function/opt-66b-submod-0-latency-25.cdgp
1704042668865790675,1704042678866632433,500,http://172.169.8.253:31112/function/opt-66b-submod-0-latency-25.cdgp
1704042668865859012,1704042673751386625,200,http://172.169.8.253:31112/function/opt-66b-submod-0-latency-25.cdgp
1704042668865902275,1704042678866486619,500,http://172.169.8.253:31112/function/opt-66b-submod-0-latency-25.cdgp
1704042668865985934,1704042678866502195,500,http://172.169.8.253:31112/function/opt-66b-submod-0-latency-25.cdgp
1704042668866051937,1704042672563079334,200,http://172.169.8.253:31112/function/opt-66b-submod-0-latency-25.cdgp
1704042668866155287,1704042672310369529,200,http://172.169.8.253:31112/function/opt-66b-submod-0-latency-25.cdgp
1704042668866387389,1704042678866645519,500,http://172.169.8.253:31112/function/opt-66b-submod-0-latency-25.cdgp
1704042668866458356,1704042672648146142,200,http://172.169.8.253:31112/function/opt-66b-submod-0-latency-25.cdgp
1704042668866522624,1704042672563243133,200,http://172.169.8.253:31112/function/opt-66b-submod-0-latency-25.cdgp
1704042668866611220,1704042678866772435,500,http://172.169.8.253:31112/function/opt-66b-submod-0-latency-25.cdgp
1704042668866697766,1704042675602817309,200,http://172.169.8.253:31112/function/opt-66b-submod-0-latency-25.cdgp
1704042668866748680,1704042672300997400,200,http://172.169.8.253:31112/function/opt-66b-submod-0-latency-25.cdgp
1704042668866773549,1704042672647772212,200,http://172.169.8.253:31112/function/opt-66b-submod-0-latency-25.cdgp
1704042668866845730,1704042673444587619,200,http://172.169.8.253:31112/function/opt-66b-submod-0-latency-25.cdgp
1704042668866921125,1704042673747387322,200,http://172.169.8.253:31112/function/opt-66b-submod-0-latency-25.cdgp
1704042668866997191,1704042672174002080,200,http://172.169.8.253:31112/function/opt-66b-submod-0-latency-25.cdgp
1704042668867037465,1704042678867851423,500,http://172.169.8.253:31112/function/opt-66b-submod-0-latency-25.cdgp
1704042668867087616,1704042678867867376,500,http://172.169.8.253:31112/function/opt-66b-submod-0-latency-25.cdgp
1704042668867138062,1704042672648395556,200,http://172.169.8.253:31112/function/opt-66b-submod-0-latency-25.cdgp
1704042668867186520,1704042674268974887,200,http://172.169.8.253:31112/function/opt-66b-submod-0-latency-25.cdgp
1704042668867234876,1704042678867862922,500,http://172.169.8.253:31112/function/opt-66b-submod-0-latency-25.cdgp
1704042668867316747,1704042678867861256,500,http://172.169.8.253:31112/function/opt-66b-submod-0-latency-25.cdgp
1704042668867356305,1704042674272410785,200,http://172.169.8.253:31112/function/opt-66b-submod-0-latency-25.cdgp
1704042668867443590,1704042673484928113,200,http://172.169.8.253:31112/function/opt-66b-submod-0-latency-25.cdgp
1704042668867500507,1704042678867839941,500,http://172.169.8.253:31112/function/opt-66b-submod-0-latency-25.cdgp
1704042668867529324,1704042675544211951,200,http://172.169.8.253:31112/function/opt-66b-submod-0-latency-25.cdgp
1704042668867591687,1704042673444831652,200,http://172.169.8.253:31112/function/opt-66b-submod-0-latency-25.cdgp
1704042669075286513,1704042679076593661,500,http://172.169.8.253:31112/function/opt-66b-submod-0-latency-25.cdgp
1704042669075424848,1704042678946903879,500,http://172.169.8.253:31112/function/opt-66b-submod-0-latency-25.cdgp
1704042669075534774,1704042673926075902,200,http://172.169.8.253:31112/function/opt-66b-submod-0-latency-25.cdgp
1704042669075617030,1704042679076489643,500,http://172.169.8.253:31112/function/opt-66b-submod-0-latency-25.cdgp
1704042669076055707,1704042675602443237,200,http://172.169.8.253:31112/function/opt-66b-submod-0-latency-25.cdgp
1704042669076148271,1704042679076478239,500,http://172.169.8.253:31112/function/opt-66b-submod-0-latency-25.cdgp
1704042669076236278,1704042673443815543,200,http://172.169.8.253:31112/function/opt-66b-submod-0-latency-25.cdgp
1704042669300684993,1704042679037029114,500,http://172.169.8.253:31112/function/opt-66b-submod-0-latency-25.cdgp
1704042669300779133,1704042673443340630,200,http://172.169.8.253:31112/function/opt-66b-submod-0-latency-25.cdgp
1704042669300865074,1704042672316042098,200,http://172.169.8.253:31112/function/opt-66b-submod-0-latency-25.cdgp
1704042669310963073,1704042679157186792,500,http://172.169.8.253:31112/function/opt-66b-submod-0-latency-25.cdgp
1704042669311046156,1704042674263806764,200,http://172.169.8.253:31112/function/opt-66b-submod-0-latency-25.cdgp
1704042669311121069,1704042679035487848,500,http://172.169.8.253:31112/function/opt-66b-submod-0-latency-25.cdgp
1704042669311188043,1704042679312145618,500,http://172.169.8.253:31112/function/opt-66b-submod-0-latency-25.cdgp
1704042669311267358,1704042679159224741,500,http://172.169.8.253:31112/function/opt-66b-submod-0-latency-25.cdgp
1704042669311376011,1704042679161037821,500,http://172.169.8.253:31112/function/opt-66b-submod-0-latency-25.cdgp
1704042669311441186,1704042673478378224,200,http://172.169.8.253:31112/function/opt-66b-submod-0-latency-25.cdgp
1704042669311477487,1704042679159216141,500,http://172.169.8.253:31112/function/opt-66b-submod-0-latency-25.cdgp
1704042669311567264,1704042674392994170,200,http://172.169.8.253:31112/function/opt-66b-submod-0-latency-25.cdgp
1704042669327805609,1704042679162730628,500,http://172.169.8.253:31112/function/opt-66b-submod-0-latency-25.cdgp
1704042669327848574,1704042672670410438,200,http://172.169.8.253:31112/function/opt-66b-submod-0-latency-25.cdgp
1704042669327949153,1704042679036347581,500,http://172.169.8.253:31112/function/opt-66b-submod-0-latency-25.cdgp
1704042669328012254,1704042673443400145,200,http://172.169.8.253:31112/function/opt-66b-submod-0-latency-25.cdgp
1704042669328081345,1704042675602198978,200,http://172.169.8.253:31112/function/opt-66b-submod-0-latency-25.cdgp
1704042669372375506,1704042679090085134,500,http://172.169.8.253:31112/function/opt-66b-submod-0-latency-25.cdgp
1704042669372471996,1704042673480063966,200,http://172.169.8.253:31112/function/opt-66b-submod-0-latency-25.cdgp
1704042669372583611,1704042675544429627,200,http://172.169.8.253:31112/function/opt-66b-submod-0-latency-25.cdgp
1704042669372627459,1704042679157024528,500,http://172.169.8.253:31112/function/opt-66b-submod-0-latency-25.cdgp
1704042669372709905,1704042679158063248,500,http://172.169.8.253:31112/function/opt-66b-submod-0-latency-25.cdgp
1704042669372761699,1704042679153722637,500,http://172.169.8.253:31112/function/opt-66b-submod-0-latency-25.cdgp
1704042669372827857,1704042673478106790,200,http://172.169.8.253:31112/function/opt-66b-submod-0-latency-25.cdgp
1704042669372870438,1704042673934338945,200,http://172.169.8.253:31112/function/opt-66b-submod-0-latency-25.cdgp
1704042669374004447,1704042673480230039,200,http://172.169.8.253:31112/function/opt-66b-submod-0-latency-25.cdgp
1704042669374095024,1704042673478251567,200,http://172.169.8.253:31112/function/opt-66b-submod-0-latency-25.cdgp
1704042669775051932,1704042674471765932,200,http://172.169.8.253:31112/function/opt-66b-submod-0-latency-25.cdgp
1704042669775168089,1704042673384532396,200,http://172.169.8.253:31112/function/opt-66b-submod-0-latency-25.cdgp
1704042669775260930,1704042679478308877,500,http://172.169.8.253:31112/function/opt-66b-submod-0-latency-25.cdgp
1704042669775343337,1704042672195442461,200,http://172.169.8.253:31112/function/opt-66b-submod-0-latency-25.cdgp
1704042669775430607,1704042679499754965,500,http://172.169.8.253:31112/function/opt-66b-submod-0-latency-25.cdgp
1704042669775455912,1704042674319392812,200,http://172.169.8.253:31112/function/opt-66b-submod-0-latency-25.cdgp
1704042669775522233,1704042679477649639,500,http://172.169.8.253:31112/function/opt-66b-submod-0-latency-25.cdgp
1704042669775619041,1704042675731729303,200,http://172.169.8.253:31112/function/opt-66b-submod-0-latency-25.cdgp
1704042669775673681,1704042679551414873,500,http://172.169.8.253:31112/function/opt-66b-submod-0-latency-25.cdgp
1704042669775741693,1704042679505670725,500,http://172.169.8.253:31112/function/opt-66b-submod-0-latency-25.cdgp
1704042669775785837,1704042679499769586,500,http://172.169.8.253:31112/function/opt-66b-submod-0-latency-25.cdgp
1704042669775872318,1704042675643433213,200,http://172.169.8.253:31112/function/opt-66b-submod-0-latency-25.cdgp
1704042669775896812,1704042679499588041,500,http://172.169.8.253:31112/function/opt-66b-submod-0-latency-25.cdgp
1704042669775956637,1704042675602541247,200,http://172.169.8.253:31112/function/opt-66b-submod-0-latency-25.cdgp
1704042669776040488,1704042675601620094,200,http://172.169.8.253:31112/function/opt-66b-submod-0-latency-25.cdgp
1704042669776137902,1704042673934792203,200,http://172.169.8.253:31112/function/opt-66b-submod-0-latency-25.cdgp
1704042669776187081,1704042673709109457,200,http://172.169.8.253:31112/function/opt-66b-submod-0-latency-25.cdgp
1704042669776244570,1704042673922900942,200,http://172.169.8.253:31112/function/opt-66b-submod-0-latency-25.cdgp
1704042669776320317,1704042679507135825,500,http://172.169.8.253:31112/function/opt-66b-submod-0-latency-25.cdgp
1704042669776375608,1704042673925435947,200,http://172.169.8.253:31112/function/opt-66b-submod-0-latency-25.cdgp
1704042669776456876,1704042673478830202,200,http://172.169.8.253:31112/function/opt-66b-submod-0-latency-25.cdgp
1704042670733963036,1704042680042256046,500,http://172.169.8.253:31112/function/opt-66b-submod-0-latency-25.cdgp
1704042670734075437,1704042680249499330,500,http://172.169.8.253:31112/function/opt-66b-submod-0-latency-25.cdgp
1704042670734389598,1704042674390147545,200,http://172.169.8.253:31112/function/opt-66b-submod-0-latency-25.cdgp
1704042670734459014,1704042680086692477,500,http://172.169.8.253:31112/function/opt-66b-submod-0-latency-25.cdgp
1704042670734590268,1704042674388433380,200,http://172.169.8.253:31112/function/opt-66b-submod-0-latency-25.cdgp
1704042670734658875,1704042673384751515,200,http://172.169.8.253:31112/function/opt-66b-submod-0-latency-25.cdgp
1704042670754749789,1704042676574450655,200,http://172.169.8.253:31112/function/opt-66b-submod-0-latency-25.cdgp
1704042670754838081,1704042680582563395,500,http://172.169.8.253:31112/function/opt-66b-submod-0-latency-25.cdgp
1704042670754909498,1704042680506932821,500,http://172.169.8.253:31112/function/opt-66b-submod-0-latency-25.cdgp
1704042670754952278,1704042680573715223,500,http://172.169.8.253:31112/function/opt-66b-submod-0-latency-25.cdgp
1704042670758436117,1704042680584106884,500,http://172.169.8.253:31112/function/opt-66b-submod-0-latency-25.cdgp
1704042670758589135,1704042680509066513,500,http://172.169.8.253:31112/function/opt-66b-submod-0-latency-25.cdgp
1704042670758683209,1704042680508187833,500,http://172.169.8.253:31112/function/opt-66b-submod-0-latency-25.cdgp
1704042670758794894,1704042680759564742,500,http://172.169.8.253:31112/function/opt-66b-submod-0-latency-25.cdgp
1704042670758909778,1704042680583281885,500,http://172.169.8.253:31112/function/opt-66b-submod-0-latency-25.cdgp
1704042670759003499,1704042675602133223,200,http://172.169.8.253:31112/function/opt-66b-submod-0-latency-25.cdgp
1704042670759083348,1704042676254305060,200,http://172.169.8.253:31112/function/opt-66b-submod-0-latency-25.cdgp
1704042670759190989,1704042680441521659,500,http://172.169.8.253:31112/function/opt-66b-submod-0-latency-25.cdgp
1704042670759254322,1704042680441137847,500,http://172.169.8.253:31112/function/opt-66b-submod-0-latency-25.cdgp
1704042670759427344,1704042680573075360,500,http://172.169.8.253:31112/function/opt-66b-submod-0-latency-25.cdgp
1704042670759476791,1704042680583522101,500,http://172.169.8.253:31112/function/opt-66b-submod-0-latency-25.cdgp
1704042670759552707,1704042680508710499,500,http://172.169.8.253:31112/function/opt-66b-submod-0-latency-25.cdgp
1704042670759596511,1704042680583440755,500,http://172.169.8.253:31112/function/opt-66b-submod-0-latency-25.cdgp
1704042670759654017,1704042673026451733,200,http://172.169.8.253:31112/function/opt-66b-submod-0-latency-25.cdgp
1704042670759743464,1704042680573803937,500,http://172.169.8.253:31112/function/opt-66b-submod-0-latency-25.cdgp
1704042670759786538,1704042675211179265,200,http://172.169.8.253:31112/function/opt-66b-submod-0-latency-25.cdgp
1704042670759862385,1704042680760740175,500,http://172.169.8.253:31112/function/opt-66b-submod-0-latency-25.cdgp
1704042670759944984,1704042675964716346,200,http://172.169.8.253:31112/function/opt-66b-submod-0-latency-25.cdgp
1704042670759997798,1704042680508419191,500,http://172.169.8.253:31112/function/opt-66b-submod-0-latency-25.cdgp
1704042670760055055,1704042674386881502,200,http://172.169.8.253:31112/function/opt-66b-submod-0-latency-25.cdgp
1704042670760134745,1704042680574120633,500,http://172.169.8.253:31112/function/opt-66b-submod-0-latency-25.cdgp
1704042670760200802,1704042676133028025,200,http://172.169.8.253:31112/function/opt-66b-submod-0-latency-25.cdgp
1704042670760294575,1704042674385882718,200,http://172.169.8.253:31112/function/opt-66b-submod-0-latency-25.cdgp
1704042670760370115,1704042680508758713,500,http://172.169.8.253:31112/function/opt-66b-submod-0-latency-25.cdgp
1704042670760435415,1704042673926089078,200,http://172.169.8.253:31112/function/opt-66b-submod-0-latency-25.cdgp
1704042670760505179,1704042676943573657,200,http://172.169.8.253:31112/function/opt-66b-submod-0-latency-25.cdgp
1704042670760586732,1704042680585036980,500,http://172.169.8.253:31112/function/opt-66b-submod-0-latency-25.cdgp
1704042670760723852,1704042673925729357,200,http://172.169.8.253:31112/function/opt-66b-submod-0-latency-25.cdgp
1704042670760802294,1704042680507013509,500,http://172.169.8.253:31112/function/opt-66b-submod-0-latency-25.cdgp
1704042670760923549,1704042680350560232,500,http://172.169.8.253:31112/function/opt-66b-submod-0-latency-25.cdgp
1704042670760996822,1704042680576030517,500,http://172.169.8.253:31112/function/opt-66b-submod-0-latency-25.cdgp
1704042671649226754,1704042676694819203,200,http://172.169.8.253:31112/function/opt-66b-submod-0-latency-25.cdgp
1704042671649307709,1704042676547404372,200,http://172.169.8.253:31112/function/opt-66b-submod-0-latency-25.cdgp
1704042671649443975,1704042681019686263,500,http://172.169.8.253:31112/function/opt-66b-submod-0-latency-25.cdgp
1704042671649518435,1704042680787676025,500,http://172.169.8.253:31112/function/opt-66b-submod-0-latency-25.cdgp
1704042671649586114,1704042673444362917,200,http://172.169.8.253:31112/function/opt-66b-submod-0-latency-25.cdgp
1704042671654660848,1704042675685539412,200,http://172.169.8.253:31112/function/opt-66b-submod-0-latency-25.cdgp
1704042671654722838,1704042681409986506,500,http://172.169.8.253:31112/function/opt-66b-submod-0-latency-25.cdgp
1704042671654774306,1704042676574772789,200,http://172.169.8.253:31112/function/opt-66b-submod-0-latency-25.cdgp
1704042671654827572,1704042674389113554,200,http://172.169.8.253:31112/function/opt-66b-submod-0-latency-25.cdgp
1704042671654891747,1704042681020118416,500,http://172.169.8.253:31112/function/opt-66b-submod-0-latency-25.cdgp
1704042671654909386,1704042676660678310,200,http://172.169.8.253:31112/function/opt-66b-submod-0-latency-25.cdgp
1704042671654963904,1704042680786208177,500,http://172.169.8.253:31112/function/opt-66b-submod-0-latency-25.cdgp
1704042671655045743,1704042675687836528,200,http://172.169.8.253:31112/function/opt-66b-submod-0-latency-25.cdgp
1704042671655132182,1704042681031499697,500,http://172.169.8.253:31112/function/opt-66b-submod-0-latency-25.cdgp
1704042671673607880,1704042681156778001,500,http://172.169.8.253:31112/function/opt-66b-submod-0-latency-25.cdgp
1704042671673694750,1704042677481607503,200,http://172.169.8.253:31112/function/opt-66b-submod-0-latency-25.cdgp
1704042671673763715,1704042677301875361,200,http://172.169.8.253:31112/function/opt-66b-submod-0-latency-25.cdgp
1704042671673835665,1704042681151858466,500,http://172.169.8.253:31112/function/opt-66b-submod-0-latency-25.cdgp
1704042671673950424,1704042681371846635,500,http://172.169.8.253:31112/function/opt-66b-submod-0-latency-25.cdgp
1704042671674015508,1704042680820264733,500,http://172.169.8.253:31112/function/opt-66b-submod-0-latency-25.cdgp
1704042671674050371,1704042681102317504,500,http://172.169.8.253:31112/function/opt-66b-submod-0-latency-25.cdgp
1704042671674131648,1704042680747034687,500,http://172.169.8.253:31112/function/opt-66b-submod-0-latency-25.cdgp
1704042671674228342,1704042673933545599,200,http://172.169.8.253:31112/function/opt-66b-submod-0-latency-25.cdgp
1704042671674297523,1704042673935233927,200,http://172.169.8.253:31112/function/opt-66b-submod-0-latency-25.cdgp
1704042671674366452,1704042675981005282,200,http://172.169.8.253:31112/function/opt-66b-submod-0-latency-25.cdgp
1704042671674411537,1704042673934496001,200,http://172.169.8.253:31112/function/opt-66b-submod-0-latency-25.cdgp
1704042671674496490,1704042676943677254,200,http://172.169.8.253:31112/function/opt-66b-submod-0-latency-25.cdgp
1704042671674571690,1704042680852802547,500,http://172.169.8.253:31112/function/opt-66b-submod-0-latency-25.cdgp
1704042671674598647,1704042674398941073,200,http://172.169.8.253:31112/function/opt-66b-submod-0-latency-25.cdgp
1704042671674663530,1704042674056126863,200,http://172.169.8.253:31112/function/opt-66b-submod-0-latency-25.cdgp
1704042671706472020,1704042676695095183,200,http://172.169.8.253:31112/function/opt-66b-submod-0-latency-25.cdgp
1704042671706520280,1704042680961192714,500,http://172.169.8.253:31112/function/opt-66b-submod-0-latency-25.cdgp
1704042671706610417,1704042675698369151,200,http://172.169.8.253:31112/function/opt-66b-submod-0-latency-25.cdgp
1704042671927737131,1704042677552962580,200,http://172.169.8.253:31112/function/opt-66b-submod-0-latency-25.cdgp
1704042671927800841,1704042681126984056,500,http://172.169.8.253:31112/function/opt-66b-submod-0-latency-25.cdgp
1704042671927850080,1704042681376605797,500,http://172.169.8.253:31112/function/opt-66b-submod-0-latency-25.cdgp
1704042671927916371,1704042676660671710,200,http://172.169.8.253:31112/function/opt-66b-submod-0-latency-25.cdgp
1704042671927957556,1704042681176889020,500,http://172.169.8.253:31112/function/opt-66b-submod-0-latency-25.cdgp
1704042671928040107,1704042681086128245,500,http://172.169.8.253:31112/function/opt-66b-submod-0-latency-25.cdgp
1704042671928089996,1704042681040843305,500,http://172.169.8.253:31112/function/opt-66b-submod-0-latency-25.cdgp
1704042671928154549,1704042681155140126,500,http://172.169.8.253:31112/function/opt-66b-submod-0-latency-25.cdgp
1704042671928201249,1704042681138864067,500,http://172.169.8.253:31112/function/opt-66b-submod-0-latency-25.cdgp
1704042671928274298,1704042674444758353,200,http://172.169.8.253:31112/function/opt-66b-submod-0-latency-25.cdgp
1704042671928329763,1704042681104800251,500,http://172.169.8.253:31112/function/opt-66b-submod-0-latency-25.cdgp
1704042671928347730,1704042674396524286,200,http://172.169.8.253:31112/function/opt-66b-submod-0-latency-25.cdgp
1704042671954112868,1704042676902234148,200,http://172.169.8.253:31112/function/opt-66b-submod-0-latency-25.cdgp
1704042672505005545,1704042681484744246,500,http://172.169.8.253:31112/function/opt-66b-submod-0-latency-25.cdgp
1704042672505097980,1704042675021405933,200,http://172.169.8.253:31112/function/opt-66b-submod-0-latency-25.cdgp
1704042672505191357,1704042673561819543,200,http://172.169.8.253:31112/function/opt-66b-submod-0-latency-25.cdgp
1704042672505262997,1704042676901555657,200,http://172.169.8.253:31112/function/opt-66b-submod-0-latency-25.cdgp
1704042672514954953,1704042681521732297,500,http://172.169.8.253:31112/function/opt-66b-submod-0-latency-25.cdgp
1704042672515033245,1704042674864374802,200,http://172.169.8.253:31112/function/opt-66b-submod-0-latency-25.cdgp
1704042672515112872,1704042681734616529,500,http://172.169.8.253:31112/function/opt-66b-submod-0-latency-25.cdgp
1704042672515196815,1704042681601263410,500,http://172.169.8.253:31112/function/opt-66b-submod-0-latency-25.cdgp
1704042672515294057,1704042681496832575,500,http://172.169.8.253:31112/function/opt-66b-submod-0-latency-25.cdgp
1704042672515364893,1704042674611067192,200,http://172.169.8.253:31112/function/opt-66b-submod-0-latency-25.cdgp
1704042672515432678,1704042674393338186,200,http://172.169.8.253:31112/function/opt-66b-submod-0-latency-25.cdgp
1704042672515470748,1704042681923230340,500,http://172.169.8.253:31112/function/opt-66b-submod-0-latency-25.cdgp
1704042672515555192,1704042681620430373,500,http://172.169.8.253:31112/function/opt-66b-submod-0-latency-25.cdgp
1704042672515619620,1704042681736148720,500,http://172.169.8.253:31112/function/opt-66b-submod-0-latency-25.cdgp
1704042672515652657,1704042674395739649,200,http://172.169.8.253:31112/function/opt-66b-submod-0-latency-25.cdgp
1704042672515726530,1704042677552802244,200,http://172.169.8.253:31112/function/opt-66b-submod-0-latency-25.cdgp
1704042672515795471,1704042681789849997,500,http://172.169.8.253:31112/function/opt-66b-submod-0-latency-25.cdgp
1704042672515859006,1704042681759207910,500,http://172.169.8.253:31112/function/opt-66b-submod-0-latency-25.cdgp
1704042672515913944,1704042679459538643,200,http://172.169.8.253:31112/function/opt-66b-submod-0-latency-25.cdgp
1704042672521309676,1704042682185253223,500,http://172.169.8.253:31112/function/opt-66b-submod-0-latency-25.cdgp
1704042672521480155,1704042678601199693,200,http://172.169.8.253:31112/function/opt-66b-submod-0-latency-25.cdgp
1704042672521553638,1704042674612074432,200,http://172.169.8.253:31112/function/opt-66b-submod-0-latency-25.cdgp
1704042672521623435,1704042675543847906,200,http://172.169.8.253:31112/function/opt-66b-submod-0-latency-25.cdgp
1704042672521703293,1704042682184137651,500,http://172.169.8.253:31112/function/opt-66b-submod-0-latency-25.cdgp
1704042672521779638,1704042679423468920,200,http://172.169.8.253:31112/function/opt-66b-submod-0-latency-25.cdgp
1704042672521845403,1704042677552116799,200,http://172.169.8.253:31112/function/opt-66b-submod-0-latency-25.cdgp
1704042672521927963,1704042681844045320,500,http://172.169.8.253:31112/function/opt-66b-submod-0-latency-25.cdgp
1704042672521989881,1704042682179472863,500,http://172.169.8.253:31112/function/opt-66b-submod-0-latency-25.cdgp
1704042672522042561,1704042681839449898,500,http://172.169.8.253:31112/function/opt-66b-submod-0-latency-25.cdgp
1704042672522128495,1704042682096458937,500,http://172.169.8.253:31112/function/opt-66b-submod-0-latency-25.cdgp
1704042672546047303,1704042675544144060,200,http://172.169.8.253:31112/function/opt-66b-submod-0-latency-25.cdgp
1704042672546129390,1704042681904733044,500,http://172.169.8.253:31112/function/opt-66b-submod-0-latency-25.cdgp
1704042672546244376,1704042677298523092,200,http://172.169.8.253:31112/function/opt-66b-submod-0-latency-25.cdgp
1704042672546310820,1704042674393127978,200,http://172.169.8.253:31112/function/opt-66b-submod-0-latency-25.cdgp
1704042672546337562,1704042680337381080,200,http://172.169.8.253:31112/function/opt-66b-submod-0-latency-25.cdgp
1704042672547201577,1704042681943789874,500,http://172.169.8.253:31112/function/opt-66b-submod-0-latency-25.cdgp
1704042672547233859,1704042681846148430,500,http://172.169.8.253:31112/function/opt-66b-submod-0-latency-25.cdgp
1704042672547342751,1704042675543919175,200,http://172.169.8.253:31112/function/opt-66b-submod-0-latency-25.cdgp
1704042672547370708,1704042681964482211,500,http://172.169.8.253:31112/function/opt-66b-submod-0-latency-25.cdgp
1704042672547462568,1704042677428121421,200,http://172.169.8.253:31112/function/opt-66b-submod-0-latency-25.cdgp
1704042672547499262,1704042674849539780,200,http://172.169.8.253:31112/function/opt-66b-submod-0-latency-25.cdgp
1704042672547565943,1704042681842608977,500,http://172.169.8.253:31112/function/opt-66b-submod-0-latency-25.cdgp
1704042672547652022,1704042681957084299,500,http://172.169.8.253:31112/function/opt-66b-submod-0-latency-25.cdgp
1704042672552355482,1704042682158576684,500,http://172.169.8.253:31112/function/opt-66b-submod-0-latency-25.cdgp
1704042672552423462,1704042681957636320,500,http://172.169.8.253:31112/function/opt-66b-submod-0-latency-25.cdgp
1704042672552516517,1704042682205257883,500,http://172.169.8.253:31112/function/opt-66b-submod-0-latency-25.cdgp
1704042672711260533,1704042682183452802,500,http://172.169.8.253:31112/function/opt-66b-submod-0-latency-25.cdgp
1704042672711372754,1704042674737147659,200,http://172.169.8.253:31112/function/opt-66b-submod-0-latency-25.cdgp
1704042672711451472,1704042674848132583,200,http://172.169.8.253:31112/function/opt-66b-submod-0-latency-25.cdgp
1704042672711517584,1704042682234881889,500,http://172.169.8.253:31112/function/opt-66b-submod-0-latency-25.cdgp
1704042672711579908,1704042676943778112,200,http://172.169.8.253:31112/function/opt-66b-submod-0-latency-25.cdgp
1704042672711614856,1704042682638682928,500,http://172.169.8.253:31112/function/opt-66b-submod-0-latency-25.cdgp
1704042672711775378,1704042678644721545,200,http://172.169.8.253:31112/function/opt-66b-submod-0-latency-25.cdgp
1704042672711832491,1704042682240927117,500,http://172.169.8.253:31112/function/opt-66b-submod-0-latency-25.cdgp
1704042672711860583,1704042678595221054,200,http://172.169.8.253:31112/function/opt-66b-submod-0-latency-25.cdgp
1704042672711940023,1704042682636126054,500,http://172.169.8.253:31112/function/opt-66b-submod-0-latency-25.cdgp
1704042672712047013,1704042682182544482,500,http://172.169.8.253:31112/function/opt-66b-submod-0-latency-25.cdgp
1704042672712093547,1704042677552241575,200,http://172.169.8.253:31112/function/opt-66b-submod-0-latency-25.cdgp
1704042672712159686,1704042678588658795,200,http://172.169.8.253:31112/function/opt-66b-submod-0-latency-25.cdgp
1704042672712240687,1704042678602763794,200,http://172.169.8.253:31112/function/opt-66b-submod-0-latency-25.cdgp
1704042672712332239,1704042682122477766,500,http://172.169.8.253:31112/function/opt-66b-submod-0-latency-25.cdgp
1704042672712438703,1704042682176294754,500,http://172.169.8.253:31112/function/opt-66b-submod-0-latency-25.cdgp
1704042672712515618,1704042675685655159,200,http://172.169.8.253:31112/function/opt-66b-submod-0-latency-25.cdgp
1704042672712562134,1704042675602454160,200,http://172.169.8.253:31112/function/opt-66b-submod-0-latency-25.cdgp
1704042672712659731,1704042682534140826,500,http://172.169.8.253:31112/function/opt-66b-submod-0-latency-25.cdgp
1704042672712731561,1704042678187846823,200,http://172.169.8.253:31112/function/opt-66b-submod-0-latency-25.cdgp
1704042672712803134,1704042676943761388,200,http://172.169.8.253:31112/function/opt-66b-submod-0-latency-25.cdgp
1704042672712903230,1704042679459156388,200,http://172.169.8.253:31112/function/opt-66b-submod-0-latency-25.cdgp
1704042672735164320,1704042682508724381,500,http://172.169.8.253:31112/function/opt-66b-submod-0-latency-25.cdgp
1704042672735245942,1704042682427198443,500,http://172.169.8.253:31112/function/opt-66b-submod-0-latency-25.cdgp
1704042672735319400,1704042675095469334,200,http://172.169.8.253:31112/function/opt-66b-submod-0-latency-25.cdgp
1704042672735388464,1704042682410999078,500,http://172.169.8.253:31112/function/opt-66b-submod-0-latency-25.cdgp
1704042672735429233,1704042675544344374,200,http://172.169.8.253:31112/function/opt-66b-submod-0-latency-25.cdgp
1704042672735504413,1704042674806288301,200,http://172.169.8.253:31112/function/opt-66b-submod-0-latency-25.cdgp
1704042672735577404,1704042674841911286,200,http://172.169.8.253:31112/function/opt-66b-submod-0-latency-25.cdgp
1704042672735642587,1704042679537924794,200,http://172.169.8.253:31112/function/opt-66b-submod-0-latency-25.cdgp
1704042672735667414,1704042682315282912,500,http://172.169.8.253:31112/function/opt-66b-submod-0-latency-25.cdgp
1704042672735733731,1704042682233285745,500,http://172.169.8.253:31112/function/opt-66b-submod-0-latency-25.cdgp
1704042672735822626,1704042675544215147,200,http://172.169.8.253:31112/function/opt-66b-submod-0-latency-25.cdgp
1704042672735932432,1704042676139214467,200,http://172.169.8.253:31112/function/opt-66b-submod-0-latency-25.cdgp
1704042672736038867,1704042677431669035,200,http://172.169.8.253:31112/function/opt-66b-submod-0-latency-25.cdgp
1704042672736116696,1704042682407757031,500,http://172.169.8.253:31112/function/opt-66b-submod-0-latency-25.cdgp
1704042672736194636,1704042682314737135,500,http://172.169.8.253:31112/function/opt-66b-submod-0-latency-25.cdgp
1704042672736288875,1704042676246472387,200,http://172.169.8.253:31112/function/opt-66b-submod-0-latency-25.cdgp
1704042672784465694,1704042682784859865,500,http://172.169.8.253:31112/function/opt-66b-submod-0-latency-25.cdgp
1704042672784566256,1704042682785083828,500,http://172.169.8.253:31112/function/opt-66b-submod-0-latency-25.cdgp
1704042672784708004,1704042682785096150,500,http://172.169.8.253:31112/function/opt-66b-submod-0-latency-25.cdgp
1704042672784775489,1704042682785099792,500,http://172.169.8.253:31112/function/opt-66b-submod-0-latency-25.cdgp
1704042672784810076,1704042682751504733,500,http://172.169.8.253:31112/function/opt-66b-submod-0-latency-25.cdgp
1704042672785207709,1704042680895007925,200,http://172.169.8.253:31112/function/opt-66b-submod-0-latency-25.cdgp
1704042672785268862,1704042682785718280,500,http://172.169.8.253:31112/function/opt-66b-submod-0-latency-25.cdgp
1704042672785426604,1704042679426266398,200,http://172.169.8.253:31112/function/opt-66b-submod-0-latency-25.cdgp
1704042672801809093,1704042682802954974,500,http://172.169.8.253:31112/function/opt-66b-submod-0-latency-25.cdgp
1704042672801872450,1704042678587924407,200,http://172.169.8.253:31112/function/opt-66b-submod-0-latency-25.cdgp
1704042672801933470,1704042681192626924,200,http://172.169.8.253:31112/function/opt-66b-submod-0-latency-25.cdgp
1704042672801974509,1704042678602388102,200,http://172.169.8.253:31112/function/opt-66b-submod-0-latency-25.cdgp
1704042672802045899,1704042682747566274,500,http://172.169.8.253:31112/function/opt-66b-submod-0-latency-25.cdgp
1704042672802101077,1704042682660900327,500,http://172.169.8.253:31112/function/opt-66b-submod-0-latency-25.cdgp
1704042672802138815,1704042682666560153,500,http://172.169.8.253:31112/function/opt-66b-submod-0-latency-25.cdgp
1704042672802229955,1704042676247431825,200,http://172.169.8.253:31112/function/opt-66b-submod-0-latency-25.cdgp
1704042672802260247,1704042681149712099,200,http://172.169.8.253:31112/function/opt-66b-submod-0-latency-25.cdgp
1704042672802352035,1704042675668268980,200,http://172.169.8.253:31112/function/opt-66b-submod-0-latency-25.cdgp
1704042672802381959,1704042677298667647,200,http://172.169.8.253:31112/function/opt-66b-submod-0-latency-25.cdgp
1704042672834875716,1704042682836594627,500,http://172.169.8.253:31112/function/opt-66b-submod-0-latency-25.cdgp
1704042672834956552,1704042676569198218,200,http://172.169.8.253:31112/function/opt-66b-submod-0-latency-25.cdgp
1704042672835022981,1704042682669071115,500,http://172.169.8.253:31112/function/opt-66b-submod-0-latency-25.cdgp
1704042672835070419,1704042680507514871,200,http://172.169.8.253:31112/function/opt-66b-submod-0-latency-25.cdgp
1704042672835146639,1704042680597743664,200,http://172.169.8.253:31112/function/opt-66b-submod-0-latency-25.cdgp
1704042672835201462,1704042677298522596,200,http://172.169.8.253:31112/function/opt-66b-submod-0-latency-25.cdgp
1704042672835257533,1704042679975159938,200,http://172.169.8.253:31112/function/opt-66b-submod-0-latency-25.cdgp
1704042672835304432,1704042675983786699,200,http://172.169.8.253:31112/function/opt-66b-submod-0-latency-25.cdgp
1704042672835328248,1704042682836586585,500,http://172.169.8.253:31112/function/opt-66b-submod-0-latency-25.cdgp
1704042672835398880,1704042679976799058,200,http://172.169.8.253:31112/function/opt-66b-submod-0-latency-25.cdgp
1704042672835449618,1704042682836607596,500,http://172.169.8.253:31112/function/opt-66b-submod-0-latency-25.cdgp
1704042672835518488,1704042682665439840,500,http://172.169.8.253:31112/function/opt-66b-submod-0-latency-25.cdgp
1704042672835586808,1704042682836599656,500,http://172.169.8.253:31112/function/opt-66b-submod-0-latency-25.cdgp
1704042672835613620,1704042682836381631,500,http://172.169.8.253:31112/function/opt-66b-submod-0-latency-25.cdgp
1704042672835690213,1704042677987916044,200,http://172.169.8.253:31112/function/opt-66b-submod-0-latency-25.cdgp
1704042672835753283,1704042682836374918,500,http://172.169.8.253:31112/function/opt-66b-submod-0-latency-25.cdgp
1704042672835829624,1704042682836604721,500,http://172.169.8.253:31112/function/opt-66b-submod-0-latency-25.cdgp
1704042672838275025,1704042677318546859,200,http://172.169.8.253:31112/function/opt-66b-submod-0-latency-25.cdgp
1704042672838363659,1704042678141092982,200,http://172.169.8.253:31112/function/opt-66b-submod-0-latency-25.cdgp
1704042672838440880,1704042682839895305,500,http://172.169.8.253:31112/function/opt-66b-submod-0-latency-25.cdgp
1704042672838539739,1704042682839899018,500,http://172.169.8.253:31112/function/opt-66b-submod-0-latency-25.cdgp
1704042672838632323,1704042682839885751,500,http://172.169.8.253:31112/function/opt-66b-submod-0-latency-25.cdgp
1704042672838703064,1704042676139846699,200,http://172.169.8.253:31112/function/opt-66b-submod-0-latency-25.cdgp
1704042672838781313,1704042676943706037,200,http://172.169.8.253:31112/function/opt-66b-submod-0-latency-25.cdgp
1704042672838863406,1704042679975235072,200,http://172.169.8.253:31112/function/opt-66b-submod-0-latency-25.cdgp
1704042672838953821,1704042675603041336,200,http://172.169.8.253:31112/function/opt-66b-submod-0-latency-25.cdgp
1704042672839019624,1704042677428553529,200,http://172.169.8.253:31112/function/opt-66b-submod-0-latency-25.cdgp
1704042672839107216,1704042677301921513,200,http://172.169.8.253:31112/function/opt-66b-submod-0-latency-25.cdgp
1704042672839181801,1704042682839908176,500,http://172.169.8.253:31112/function/opt-66b-submod-0-latency-25.cdgp
1704042672839265163,1704042682839892494,500,http://172.169.8.253:31112/function/opt-66b-submod-0-latency-25.cdgp
1704042672839344660,1704042682839902326,500,http://172.169.8.253:31112/function/opt-66b-submod-0-latency-25.cdgp
1704042672839401355,1704042682839886587,500,http://172.169.8.253:31112/function/opt-66b-submod-0-latency-25.cdgp
1704042672852010148,1704042682753508173,500,http://172.169.8.253:31112/function/opt-66b-submod-0-latency-25.cdgp
1704042672852101548,1704042678600119595,200,http://172.169.8.253:31112/function/opt-66b-submod-0-latency-25.cdgp
1704042672853414924,1704042682854087547,500,http://172.169.8.253:31112/function/opt-66b-submod-0-latency-25.cdgp
1704042672853507704,1704042682668578052,500,http://172.169.8.253:31112/function/opt-66b-submod-0-latency-25.cdgp
1704042672853577454,1704042682854059673,500,http://172.169.8.253:31112/function/opt-66b-submod-0-latency-25.cdgp
1704042672853649694,1704042682658461636,500,http://172.169.8.253:31112/function/opt-66b-submod-0-latency-25.cdgp
1704042672853735002,1704042679460171857,200,http://172.169.8.253:31112/function/opt-66b-submod-0-latency-25.cdgp
1704042672853811584,1704042682663525271,500,http://172.169.8.253:31112/function/opt-66b-submod-0-latency-25.cdgp
1704042672853903954,1704042678175504343,200,http://172.169.8.253:31112/function/opt-66b-submod-0-latency-25.cdgp
1704042672853996710,1704042676902200764,200,http://172.169.8.253:31112/function/opt-66b-submod-0-latency-25.cdgp
1704042672854065434,1704042680350259648,200,http://172.169.8.253:31112/function/opt-66b-submod-0-latency-25.cdgp
1704042672854158324,1704042680509546967,200,http://172.169.8.253:31112/function/opt-66b-submod-0-latency-25.cdgp
1704042672854263736,1704042678599598690,200,http://172.169.8.253:31112/function/opt-66b-submod-0-latency-25.cdgp
1704042672854309342,1704042679425762509,200,http://172.169.8.253:31112/function/opt-66b-submod-0-latency-25.cdgp
1704042672854399577,1704042676518208543,200,http://172.169.8.253:31112/function/opt-66b-submod-0-latency-25.cdgp
1704042672854467256,1704042675983768902,200,http://172.169.8.253:31112/function/opt-66b-submod-0-latency-25.cdgp
1704042672854545640,1704042675603006491,200,http://172.169.8.253:31112/function/opt-66b-submod-0-latency-25.cdgp
1704042672854612417,1704042678180060920,200,http://172.169.8.253:31112/function/opt-66b-submod-0-latency-25.cdgp
1704042672854654211,1704042676547527676,200,http://172.169.8.253:31112/function/opt-66b-submod-0-latency-25.cdgp
1704042672854719001,1704042682855197538,500,http://172.169.8.253:31112/function/opt-66b-submod-0-latency-25.cdgp
1704042672854763201,1704042676134087252,200,http://172.169.8.253:31112/function/opt-66b-submod-0-latency-25.cdgp
1704042672854838136,1704042676253285442,200,http://172.169.8.253:31112/function/opt-66b-submod-0-latency-25.cdgp
1704042672891555558,1704042678372669583,200,http://172.169.8.253:31112/function/opt-66b-submod-0-latency-25.cdgp
1704042672891605990,1704042676547534108,200,http://172.169.8.253:31112/function/opt-66b-submod-0-latency-25.cdgp
1704042672891708559,1704042682892379694,500,http://172.169.8.253:31112/function/opt-66b-submod-0-latency-25.cdgp
1704042672891774374,1704042675984296500,200,http://172.169.8.253:31112/function/opt-66b-submod-0-latency-25.cdgp
1704042672891784648,1704042680337525809,200,http://172.169.8.253:31112/function/opt-66b-submod-0-latency-25.cdgp
1704042672891835963,1704042682892391768,500,http://172.169.8.253:31112/function/opt-66b-submod-0-latency-25.cdgp
1704042672895105377,1704042682895799648,500,http://172.169.8.253:31112/function/opt-66b-submod-0-latency-25.cdgp
1704042672895188066,1704042677301767156,200,http://172.169.8.253:31112/function/opt-66b-submod-0-latency-25.cdgp
1704042672895266632,1704042682895707826,500,http://172.169.8.253:31112/function/opt-66b-submod-0-latency-25.cdgp
1704042672895335491,1704042682895716456,500,http://172.169.8.253:31112/function/opt-66b-submod-0-latency-25.cdgp
1704042672895416680,1704042680507916785,200,http://172.169.8.253:31112/function/opt-66b-submod-0-latency-25.cdgp
1704042672993033561,1704042677298668680,200,http://172.169.8.253:31112/function/opt-66b-submod-0-latency-25.cdgp
1704042672993110182,1704042682994072909,500,http://172.169.8.253:31112/function/opt-66b-submod-0-latency-25.cdgp
1704042672999694405,1704042676138829177,200,http://172.169.8.253:31112/function/opt-66b-submod-0-latency-25.cdgp
1704042672999784535,1704042681156896861,200,http://172.169.8.253:31112/function/opt-66b-submod-0-latency-25.cdgp
1704042672999849698,1704042681149033222,200,http://172.169.8.253:31112/function/opt-66b-submod-0-latency-25.cdgp
1704042672999889988,1704042683000167309,500,http://172.169.8.253:31112/function/opt-66b-submod-0-latency-25.cdgp
1704042672999971068,1704042683000182700,500,http://172.169.8.253:31112/function/opt-66b-submod-0-latency-25.cdgp
1704042673000022085,1704042679459464768,200,http://172.169.8.253:31112/function/opt-66b-submod-0-latency-25.cdgp
1704042673000092687,1704042676138878534,200,http://172.169.8.253:31112/function/opt-66b-submod-0-latency-25.cdgp
1704042673002937034,1704042678181658894,200,http://172.169.8.253:31112/function/opt-66b-submod-0-latency-25.cdgp
1704042673003099034,1704042683003574774,500,http://172.169.8.253:31112/function/opt-66b-submod-0-latency-25.cdgp
1704042673003175890,1704042676349849686,200,http://172.169.8.253:31112/function/opt-66b-submod-0-latency-25.cdgp
1704042673003241171,1704042683003686542,500,http://172.169.8.253:31112/function/opt-66b-submod-0-latency-25.cdgp
1704042673003335092,1704042681144889580,200,http://172.169.8.253:31112/function/opt-66b-submod-0-latency-25.cdgp
1704042673003407635,1704042680440871780,200,http://172.169.8.253:31112/function/opt-66b-submod-0-latency-25.cdgp
1704042673003492013,1704042683003801535,500,http://172.169.8.253:31112/function/opt-66b-submod-0-latency-25.cdgp
1704042673003581912,1704042683003816881,500,http://172.169.8.253:31112/function/opt-66b-submod-0-latency-25.cdgp
1704042673003682900,1704042683004003844,500,http://172.169.8.253:31112/function/opt-66b-submod-0-latency-25.cdgp
1704042673003763386,1704042683004028303,500,http://172.169.8.253:31112/function/opt-66b-submod-0-latency-25.cdgp
1704042673003845689,1704042683004014868,500,http://172.169.8.253:31112/function/opt-66b-submod-0-latency-25.cdgp
1704042673003936090,1704042678354109527,200,http://172.169.8.253:31112/function/opt-66b-submod-0-latency-25.cdgp
1704042674890944665,1704042677317896954,200,http://172.169.8.253:31112/function/opt-66b-submod-0-latency-25.cdgp
1704042674891036677,1704042680707399234,200,http://172.169.8.253:31112/function/opt-66b-submod-0-latency-25.cdgp
1704042674891144552,1704042683928991002,500,http://172.169.8.253:31112/function/opt-66b-submod-0-latency-25.cdgp
1704042674891257646,1704042679291930121,200,http://172.169.8.253:31112/function/opt-66b-submod-0-latency-25.cdgp
1704042674891338112,1704042683930228669,500,http://172.169.8.253:31112/function/opt-66b-submod-0-latency-25.cdgp
1704042674891404236,1704042683628873549,500,http://172.169.8.253:31112/function/opt-66b-submod-0-latency-25.cdgp
1704042674891445673,1704042678926103288,200,http://172.169.8.253:31112/function/opt-66b-submod-0-latency-25.cdgp
1704042674891520070,1704042678483522699,200,http://172.169.8.253:31112/function/opt-66b-submod-0-latency-25.cdgp
1704042674891576671,1704042684170228926,500,http://172.169.8.253:31112/function/opt-66b-submod-0-latency-25.cdgp
1704042674891681893,1704042681151968326,200,http://172.169.8.253:31112/function/opt-66b-submod-0-latency-25.cdgp
1704042674891743408,1704042684856222893,500,http://172.169.8.253:31112/function/opt-66b-submod-0-latency-25.cdgp
1704042674891797799,1704042677317754224,200,http://172.169.8.253:31112/function/opt-66b-submod-0-latency-25.cdgp
1704042674891826558,1704042676902778379,200,http://172.169.8.253:31112/function/opt-66b-submod-0-latency-25.cdgp
1704042674891897666,1704042683974989826,500,http://172.169.8.253:31112/function/opt-66b-submod-0-latency-25.cdgp
1704042674891920257,1704042677947342469,200,http://172.169.8.253:31112/function/opt-66b-submod-0-latency-25.cdgp
1704042674892017458,1704042684893258045,500,http://172.169.8.253:31112/function/opt-66b-submod-0-latency-25.cdgp
1704042674892094276,1704042684238042815,500,http://172.169.8.253:31112/function/opt-66b-submod-0-latency-25.cdgp
1704042674892168320,1704042683522213878,200,http://172.169.8.253:31112/function/opt-66b-submod-0-latency-25.cdgp
1704042674892217268,1704042677949822092,200,http://172.169.8.253:31112/function/opt-66b-submod-0-latency-25.cdgp
1704042674892300408,1704042684893425113,500,http://172.169.8.253:31112/function/opt-66b-submod-0-latency-25.cdgp
1704042674892365609,1704042679246866500,200,http://172.169.8.253:31112/function/opt-66b-submod-0-latency-25.cdgp
1704042674892389170,1704042684569065456,500,http://172.169.8.253:31112/function/opt-66b-submod-0-latency-25.cdgp
1704042674892463486,1704042684568597716,500,http://172.169.8.253:31112/function/opt-66b-submod-0-latency-25.cdgp
1704042674892557679,1704042684852230237,500,http://172.169.8.253:31112/function/opt-66b-submod-0-latency-25.cdgp
1704042674892637602,1704042684850918189,500,http://172.169.8.253:31112/function/opt-66b-submod-0-latency-25.cdgp
1704042674892724104,1704042681202561851,200,http://172.169.8.253:31112/function/opt-66b-submod-0-latency-25.cdgp
1704042674892784137,1704042684397091282,500,http://172.169.8.253:31112/function/opt-66b-submod-0-latency-25.cdgp
1704042674892860133,1704042683540578936,200,http://172.169.8.253:31112/function/opt-66b-submod-0-latency-25.cdgp
1704042674892949012,1704042678587012831,200,http://172.169.8.253:31112/function/opt-66b-submod-0-latency-25.cdgp
1704042674892992813,1704042677411859394,200,http://172.169.8.253:31112/function/opt-66b-submod-0-latency-25.cdgp
1704042674893070874,1704042677955927718,200,http://172.169.8.253:31112/function/opt-66b-submod-0-latency-25.cdgp
1704042674893146874,1704042684893401608,500,http://172.169.8.253:31112/function/opt-66b-submod-0-latency-25.cdgp
1704042674893214885,1704042684851653189,500,http://172.169.8.253:31112/function/opt-66b-submod-0-latency-25.cdgp
1704042674893244943,1704042680503451834,200,http://172.169.8.253:31112/function/opt-66b-submod-0-latency-25.cdgp
1704042674893320362,1704042683470903937,200,http://172.169.8.253:31112/function/opt-66b-submod-0-latency-25.cdgp
1704042674893428447,1704042684737110915,500,http://172.169.8.253:31112/function/opt-66b-submod-0-latency-25.cdgp
1704042674893487384,1704042683572944995,200,http://172.169.8.253:31112/function/opt-66b-submod-0-latency-25.cdgp
1704042674893573859,1704042684735105573,500,http://172.169.8.253:31112/function/opt-66b-submod-0-latency-25.cdgp
1704042674893629376,1704042677318293709,200,http://172.169.8.253:31112/function/opt-66b-submod-0-latency-25.cdgp
1704042674893680738,1704042680028530376,200,http://172.169.8.253:31112/function/opt-66b-submod-0-latency-25.cdgp
1704042674893741807,1704042680597222270,200,http://172.169.8.253:31112/function/opt-66b-submod-0-latency-25.cdgp
1704042674893818729,1704042681685030067,200,http://172.169.8.253:31112/function/opt-66b-submod-0-latency-25.cdgp
1704042674893898735,1704042677552569255,200,http://172.169.8.253:31112/function/opt-66b-submod-0-latency-25.cdgp
1704042674893969738,1704042684735762337,500,http://172.169.8.253:31112/function/opt-66b-submod-0-latency-25.cdgp
1704042674894071567,1704042683471521830,200,http://172.169.8.253:31112/function/opt-66b-submod-0-latency-25.cdgp
1704042674894147891,1704042684821682053,500,http://172.169.8.253:31112/function/opt-66b-submod-0-latency-25.cdgp
1704042674894197810,1704042684711204960,500,http://172.169.8.253:31112/function/opt-66b-submod-0-latency-25.cdgp
1704042674894296819,1704042679799604472,200,http://172.169.8.253:31112/function/opt-66b-submod-0-latency-25.cdgp
1704042674894370558,1704042684735871658,500,http://172.169.8.253:31112/function/opt-66b-submod-0-latency-25.cdgp
1704042674894446369,1704042681684518240,200,http://172.169.8.253:31112/function/opt-66b-submod-0-latency-25.cdgp
1704042674894492364,1704042684359378123,500,http://172.169.8.253:31112/function/opt-66b-submod-0-latency-25.cdgp
1704042674894515808,1704042679522216850,200,http://172.169.8.253:31112/function/opt-66b-submod-0-latency-25.cdgp
1704042674894596032,1704042684735386834,500,http://172.169.8.253:31112/function/opt-66b-submod-0-latency-25.cdgp
1704042674894668121,1704042684821264409,500,http://172.169.8.253:31112/function/opt-66b-submod-0-latency-25.cdgp
1704042674894697200,1704042684736310073,500,http://172.169.8.253:31112/function/opt-66b-submod-0-latency-25.cdgp
1704042674894773236,1704042684711190030,500,http://172.169.8.253:31112/function/opt-66b-submod-0-latency-25.cdgp
1704042674894854696,1704042684736699539,500,http://172.169.8.253:31112/function/opt-66b-submod-0-latency-25.cdgp
1704042674894930241,1704042684822255512,500,http://172.169.8.253:31112/function/opt-66b-submod-0-latency-25.cdgp
1704042674898018414,1704042679522601301,200,http://172.169.8.253:31112/function/opt-66b-submod-0-latency-25.cdgp
1704042674898117512,1704042680509670923,200,http://172.169.8.253:31112/function/opt-66b-submod-0-latency-25.cdgp
1704042674898277551,1704042684883849864,500,http://172.169.8.253:31112/function/opt-66b-submod-0-latency-25.cdgp
1704042675080162846,1704042685080636205,500,http://172.169.8.253:31112/function/opt-66b-submod-0-latency-25.cdgp
1704042675080256828,1704042685080639473,500,http://172.169.8.253:31112/function/opt-66b-submod-0-latency-25.cdgp
1704042675080351205,1704042685080885629,500,http://172.169.8.253:31112/function/opt-66b-submod-0-latency-25.cdgp
1704042675080448316,1704042685080876443,500,http://172.169.8.253:31112/function/opt-66b-submod-0-latency-25.cdgp
1704042675080513396,1704042685080873736,500,http://172.169.8.253:31112/function/opt-66b-submod-0-latency-25.cdgp
1704042675080566841,1704042678975539564,200,http://172.169.8.253:31112/function/opt-66b-submod-0-latency-25.cdgp
1704042675080608521,1704042677956269371,200,http://172.169.8.253:31112/function/opt-66b-submod-0-latency-25.cdgp
1704042675080683795,1704042685081014863,500,http://172.169.8.253:31112/function/opt-66b-submod-0-latency-25.cdgp
1704042675080743763,1704042678176592975,200,http://172.169.8.253:31112/function/opt-66b-submod-0-latency-25.cdgp
1704042675080763790,1704042683468006411,200,http://172.169.8.253:31112/function/opt-66b-submod-0-latency-25.cdgp
1704042675092513954,1704042685093992655,500,http://172.169.8.253:31112/function/opt-66b-submod-0-latency-25.cdgp
1704042675092625179,1704042684954001070,500,http://172.169.8.253:31112/function/opt-66b-submod-0-latency-25.cdgp
1704042675092726113,1704042679995793699,200,http://172.169.8.253:31112/function/opt-66b-submod-0-latency-25.cdgp
1704042675092853576,1704042685093728540,500,http://172.169.8.253:31112/function/opt-66b-submod-0-latency-25.cdgp
1704042675092928657,1704042685093974628,500,http://172.169.8.253:31112/function/opt-66b-submod-0-latency-25.cdgp
1704042675093037702,1704042685093983988,500,http://172.169.8.253:31112/function/opt-66b-submod-0-latency-25.cdgp
1704042675093104304,1704042680745622488,200,http://172.169.8.253:31112/function/opt-66b-submod-0-latency-25.cdgp
1704042675093223576,1704042685093888386,500,http://172.169.8.253:31112/function/opt-66b-submod-0-latency-25.cdgp
1704042675093283397,1704042680597243145,200,http://172.169.8.253:31112/function/opt-66b-submod-0-latency-25.cdgp
1704042675093354947,1704042684219888239,200,http://172.169.8.253:31112/function/opt-66b-submod-0-latency-25.cdgp
1704042675093406049,1704042685093904426,500,http://172.169.8.253:31112/function/opt-66b-submod-0-latency-25.cdgp
1704042675093457882,1704042685094004523,500,http://172.169.8.253:31112/function/opt-66b-submod-0-latency-25.cdgp
1704042675093495394,1704042685093747879,500,http://172.169.8.253:31112/function/opt-66b-submod-0-latency-25.cdgp
1704042675093560256,1704042683521660320,200,http://172.169.8.253:31112/function/opt-66b-submod-0-latency-25.cdgp
1704042675097807301,1704042685099164315,500,http://172.169.8.253:31112/function/opt-66b-submod-0-latency-25.cdgp
1704042675097889676,1704042685099023515,500,http://172.169.8.253:31112/function/opt-66b-submod-0-latency-25.cdgp
1704042675097953633,1704042685099277977,500,http://172.169.8.253:31112/function/opt-66b-submod-0-latency-25.cdgp
1704042675098031014,1704042685099030541,500,http://172.169.8.253:31112/function/opt-66b-submod-0-latency-25.cdgp
1704042675098052706,1704042677988762884,200,http://172.169.8.253:31112/function/opt-66b-submod-0-latency-25.cdgp
1704042675098163474,1704042683437643130,200,http://172.169.8.253:31112/function/opt-66b-submod-0-latency-25.cdgp
1704042675098234556,1704042680440676512,200,http://172.169.8.253:31112/function/opt-66b-submod-0-latency-25.cdgp
1704042675098266087,1704042684256322580,200,http://172.169.8.253:31112/function/opt-66b-submod-0-latency-25.cdgp
1704042675098380466,1704042677552484898,200,http://172.169.8.253:31112/function/opt-66b-submod-0-latency-25.cdgp
1704042675098459874,1704042683423646820,200,http://172.169.8.253:31112/function/opt-66b-submod-0-latency-25.cdgp
1704042675098530545,1704042685099282065,500,http://172.169.8.253:31112/function/opt-66b-submod-0-latency-25.cdgp
1704042675101065973,1704042685101443519,500,http://172.169.8.253:31112/function/opt-66b-submod-0-latency-25.cdgp
1704042675101159097,1704042684240250243,200,http://172.169.8.253:31112/function/opt-66b-submod-0-latency-25.cdgp
1704042675101225233,1704042685101516306,500,http://172.169.8.253:31112/function/opt-66b-submod-0-latency-25.cdgp
1704042675101266548,1704042684958158410,500,http://172.169.8.253:31112/function/opt-66b-submod-0-latency-25.cdgp
1704042675101338662,1704042685101537699,500,http://172.169.8.253:31112/function/opt-66b-submod-0-latency-25.cdgp
1704042675101425429,1704042680440930146,200,http://172.169.8.253:31112/function/opt-66b-submod-0-latency-25.cdgp
1704042675101493287,1704042685101634300,500,http://172.169.8.253:31112/function/opt-66b-submod-0-latency-25.cdgp
1704042675101519851,1704042684710194703,200,http://172.169.8.253:31112/function/opt-66b-submod-0-latency-25.cdgp
1704042675121972479,1704042685123282064,500,http://172.169.8.253:31112/function/opt-66b-submod-0-latency-25.cdgp
1704042675122050422,1704042685123262242,500,http://172.169.8.253:31112/function/opt-66b-submod-0-latency-25.cdgp
1704042675122090341,1704042685123099029,500,http://172.169.8.253:31112/function/opt-66b-submod-0-latency-25.cdgp
1704042675122175793,1704042682630010600,200,http://172.169.8.253:31112/function/opt-66b-submod-0-latency-25.cdgp
1704042675122237234,1704042684523502212,200,http://172.169.8.253:31112/function/opt-66b-submod-0-latency-25.cdgp
1704042675122268939,1704042684274919501,200,http://172.169.8.253:31112/function/opt-66b-submod-0-latency-25.cdgp
1704042675122369491,1704042685123254790,500,http://172.169.8.253:31112/function/opt-66b-submod-0-latency-25.cdgp
1704042675122433656,1704042683507811984,200,http://172.169.8.253:31112/function/opt-66b-submod-0-latency-25.cdgp
1704042675122505653,1704042684553094110,200,http://172.169.8.253:31112/function/opt-66b-submod-0-latency-25.cdgp
1704042675122540797,1704042678040796715,200,http://172.169.8.253:31112/function/opt-66b-submod-0-latency-25.cdgp
1704042675122608428,1704042684272728530,200,http://172.169.8.253:31112/function/opt-66b-submod-0-latency-25.cdgp
1704042675122639454,1704042685123244583,500,http://172.169.8.253:31112/function/opt-66b-submod-0-latency-25.cdgp
1704042675122705895,1704042685123272214,500,http://172.169.8.253:31112/function/opt-66b-submod-0-latency-25.cdgp
1704042675122775389,1704042681679914112,200,http://172.169.8.253:31112/function/opt-66b-submod-0-latency-25.cdgp
1704042675225995403,1704042681684721844,200,http://172.169.8.253:31112/function/opt-66b-submod-0-latency-25.cdgp
1704042675226073113,1704042683397968928,200,http://172.169.8.253:31112/function/opt-66b-submod-0-latency-25.cdgp
1704042675226151729,1704042679540168457,200,http://172.169.8.253:31112/function/opt-66b-submod-0-latency-25.cdgp
1704042675226224251,1704042680164151057,200,http://172.169.8.253:31112/function/opt-66b-submod-0-latency-25.cdgp
1704042675226329138,1704042684599625900,200,http://172.169.8.253:31112/function/opt-66b-submod-0-latency-25.cdgp
1704042675226389883,1704042685227872769,500,http://172.169.8.253:31112/function/opt-66b-submod-0-latency-25.cdgp
1704042675226422586,1704042684310766871,200,http://172.169.8.253:31112/function/opt-66b-submod-0-latency-25.cdgp
1704042675226502377,1704042679567900952,200,http://172.169.8.253:31112/function/opt-66b-submod-0-latency-25.cdgp
1704042675226571655,1704042685227842652,500,http://172.169.8.253:31112/function/opt-66b-submod-0-latency-25.cdgp
1704042675226612879,1704042679801383847,200,http://172.169.8.253:31112/function/opt-66b-submod-0-latency-25.cdgp
1704042675226690827,1704042679427398942,200,http://172.169.8.253:31112/function/opt-66b-submod-0-latency-25.cdgp
1704042675226714487,1704042685211890432,500,http://172.169.8.253:31112/function/opt-66b-submod-0-latency-25.cdgp
1704042675226806228,1704042683467336557,200,http://172.169.8.253:31112/function/opt-66b-submod-0-latency-25.cdgp
1704042675226962666,1704042681153571092,200,http://172.169.8.253:31112/function/opt-66b-submod-0-latency-25.cdgp
1704042675227011415,1704042685227710518,500,http://172.169.8.253:31112/function/opt-66b-submod-0-latency-25.cdgp
1704042675227061624,1704042680165328998,200,http://172.169.8.253:31112/function/opt-66b-submod-0-latency-25.cdgp
1704042675227119155,1704042678353702906,200,http://172.169.8.253:31112/function/opt-66b-submod-0-latency-25.cdgp
1704042675227166179,1704042685227829330,500,http://172.169.8.253:31112/function/opt-66b-submod-0-latency-25.cdgp
1704042675227240317,1704042685217998319,500,http://172.169.8.253:31112/function/opt-66b-submod-0-latency-25.cdgp
1704042675227325299,1704042678603713770,200,http://172.169.8.253:31112/function/opt-66b-submod-0-latency-25.cdgp
1704042675227351634,1704042685227862538,500,http://172.169.8.253:31112/function/opt-66b-submod-0-latency-25.cdgp
1704042675273932972,1704042685273786458,500,http://172.169.8.253:31112/function/opt-66b-submod-0-latency-25.cdgp
1704042675273980979,1704042681108364713,200,http://172.169.8.253:31112/function/opt-66b-submod-0-latency-25.cdgp
1704042675366219631,1704042683436400876,200,http://172.169.8.253:31112/function/opt-66b-submod-0-latency-25.cdgp
1704042675366317529,1704042684238902536,200,http://172.169.8.253:31112/function/opt-66b-submod-0-latency-25.cdgp
1704042675412933130,1704042679428781585,200,http://172.169.8.253:31112/function/opt-66b-submod-0-latency-25.cdgp
1704042675413013398,1704042685322314548,500,http://172.169.8.253:31112/function/opt-66b-submod-0-latency-25.cdgp
1704042675413111534,1704042685303846448,500,http://172.169.8.253:31112/function/opt-66b-submod-0-latency-25.cdgp
1704042675504905423,1704042679291718835,200,http://172.169.8.253:31112/function/opt-66b-submod-0-latency-25.cdgp
1704042675505025935,1704042678600660483,200,http://172.169.8.253:31112/function/opt-66b-submod-0-latency-25.cdgp
1704042675505174128,1704042680022366635,200,http://172.169.8.253:31112/function/opt-66b-submod-0-latency-25.cdgp
1704042675505240424,1704042685505934082,500,http://172.169.8.253:31112/function/opt-66b-submod-0-latency-25.cdgp
1704042675608751921,1704042685325678778,500,http://172.169.8.253:31112/function/opt-66b-submod-0-latency-25.cdgp
1704042675608841155,1704042685326601748,500,http://172.169.8.253:31112/function/opt-66b-submod-0-latency-25.cdgp
1704042675608917457,1704042683468760282,200,http://172.169.8.253:31112/function/opt-66b-submod-0-latency-25.cdgp
1704042675608983561,1704042678635447213,200,http://172.169.8.253:31112/function/opt-66b-submod-0-latency-25.cdgp
1704042675609053086,1704042681156179942,200,http://172.169.8.253:31112/function/opt-66b-submod-0-latency-25.cdgp
1704042675609114611,1704042685347454918,500,http://172.169.8.253:31112/function/opt-66b-submod-0-latency-25.cdgp
1704042676169252393,1704042685827480157,500,http://172.169.8.253:31112/function/opt-66b-submod-0-latency-25.cdgp
1704042676277945544,1704042685786554886,500,http://172.169.8.253:31112/function/opt-66b-submod-0-latency-25.cdgp
1704042676278072297,1704042684507633031,200,http://172.169.8.253:31112/function/opt-66b-submod-0-latency-25.cdgp
1704042676278217219,1704042685511477532,500,http://172.169.8.253:31112/function/opt-66b-submod-0-latency-25.cdgp
1704042676278283501,1704042685643652183,500,http://172.169.8.253:31112/function/opt-66b-submod-0-latency-25.cdgp
1704042676367407406,1704042685243553453,200,http://172.169.8.253:31112/function/opt-66b-submod-0-latency-25.cdgp
1704042676367511858,1704042686177554475,500,http://172.169.8.253:31112/function/opt-66b-submod-0-latency-25.cdgp
1704042676367633690,1704042680791464775,200,http://172.169.8.253:31112/function/opt-66b-submod-0-latency-25.cdgp
1704042676367698533,1704042686247347354,500,http://172.169.8.253:31112/function/opt-66b-submod-0-latency-25.cdgp
1704042676367760389,1704042683563617980,200,http://172.169.8.253:31112/function/opt-66b-submod-0-latency-25.cdgp
1704042676367859318,1704042678603366620,200,http://172.169.8.253:31112/function/opt-66b-submod-0-latency-25.cdgp
1704042676367971841,1704042685804326539,500,http://172.169.8.253:31112/function/opt-66b-submod-0-latency-25.cdgp
1704042676368055160,1704042686368721265,500,http://172.169.8.253:31112/function/opt-66b-submod-0-latency-25.cdgp
1704042676368151435,1704042679567476627,200,http://172.169.8.253:31112/function/opt-66b-submod-0-latency-25.cdgp
1704042676368177990,1704042685786702013,500,http://172.169.8.253:31112/function/opt-66b-submod-0-latency-25.cdgp
1704042676379660643,1704042686199189167,500,http://172.169.8.253:31112/function/opt-66b-submod-0-latency-25.cdgp
1704042676379739369,1704042686203261594,500,http://172.169.8.253:31112/function/opt-66b-submod-0-latency-25.cdgp
1704042676379833884,1704042682785490625,200,http://172.169.8.253:31112/function/opt-66b-submod-0-latency-25.cdgp
1704042676379926354,1704042685143682643,200,http://172.169.8.253:31112/function/opt-66b-submod-0-latency-25.cdgp
1704042676379991426,1704042683470228674,200,http://172.169.8.253:31112/function/opt-66b-submod-0-latency-25.cdgp
1704042676380088535,1704042679287244951,200,http://172.169.8.253:31112/function/opt-66b-submod-0-latency-25.cdgp
1704042676380174434,1704042686201591277,500,http://172.169.8.253:31112/function/opt-66b-submod-0-latency-25.cdgp
1704042676380262221,1704042683422674901,200,http://172.169.8.253:31112/function/opt-66b-submod-0-latency-25.cdgp
1704042676380352727,1704042681296940445,200,http://172.169.8.253:31112/function/opt-66b-submod-0-latency-25.cdgp
1704042676380426327,1704042686199416627,500,http://172.169.8.253:31112/function/opt-66b-submod-0-latency-25.cdgp
1704042676380494552,1704042679456302335,200,http://172.169.8.253:31112/function/opt-66b-submod-0-latency-25.cdgp
1704042676380588517,1704042686196835653,500,http://172.169.8.253:31112/function/opt-66b-submod-0-latency-25.cdgp
1704042676380663470,1704042681714911081,200,http://172.169.8.253:31112/function/opt-66b-submod-0-latency-25.cdgp
1704042676380732169,1704042679542906186,200,http://172.169.8.253:31112/function/opt-66b-submod-0-latency-25.cdgp
1704042676380787081,1704042686196452719,500,http://172.169.8.253:31112/function/opt-66b-submod-0-latency-25.cdgp
1704042676380875629,1704042679459718549,200,http://172.169.8.253:31112/function/opt-66b-submod-0-latency-25.cdgp
1704042676380923465,1704042679288929601,200,http://172.169.8.253:31112/function/opt-66b-submod-0-latency-25.cdgp
1704042676380989345,1704042686176648866,500,http://172.169.8.253:31112/function/opt-66b-submod-0-latency-25.cdgp
1704042676381031220,1704042680812594754,200,http://172.169.8.253:31112/function/opt-66b-submod-0-latency-25.cdgp
1704042676388393852,1704042686012568741,500,http://172.169.8.253:31112/function/opt-66b-submod-0-latency-25.cdgp
1704042676388508319,1704042686016700187,500,http://172.169.8.253:31112/function/opt-66b-submod-0-latency-25.cdgp
1704042676388604832,1704042685815574715,200,http://172.169.8.253:31112/function/opt-66b-submod-0-latency-25.cdgp
1704042676388725846,1704042684595607845,200,http://172.169.8.253:31112/function/opt-66b-submod-0-latency-25.cdgp
1704042676388828190,1704042686389314557,500,http://172.169.8.253:31112/function/opt-66b-submod-0-latency-25.cdgp
1704042676388928719,1704042679243495582,200,http://172.169.8.253:31112/function/opt-66b-submod-0-latency-25.cdgp
1704042676389004531,1704042686176409381,500,http://172.169.8.253:31112/function/opt-66b-submod-0-latency-25.cdgp
1704042676389102935,1704042686176755855,500,http://172.169.8.253:31112/function/opt-66b-submod-0-latency-25.cdgp
1704042676389168631,1704042685145181356,200,http://172.169.8.253:31112/function/opt-66b-submod-0-latency-25.cdgp
1704042676389264704,1704042686389509064,500,http://172.169.8.253:31112/function/opt-66b-submod-0-latency-25.cdgp
1704042676389337223,1704042680441462301,200,http://172.169.8.253:31112/function/opt-66b-submod-0-latency-25.cdgp
1704042676389418443,1704042681110028240,200,http://172.169.8.253:31112/function/opt-66b-submod-0-latency-25.cdgp
1704042676389491897,1704042685146923803,200,http://172.169.8.253:31112/function/opt-66b-submod-0-latency-25.cdgp
1704042676389667443,1704042686020055993,500,http://172.169.8.253:31112/function/opt-66b-submod-0-latency-25.cdgp
1704042676389720732,1704042686151069222,200,http://172.169.8.253:31112/function/opt-66b-submod-0-latency-25.cdgp
1704042676389791194,1704042686176771174,500,http://172.169.8.253:31112/function/opt-66b-submod-0-latency-25.cdgp
1704042676389881721,1704042679491966675,200,http://172.169.8.253:31112/function/opt-66b-submod-0-latency-25.cdgp
1704042676389948393,1704042682825680076,200,http://172.169.8.253:31112/function/opt-66b-submod-0-latency-25.cdgp
1704042676389997863,1704042686181662436,500,http://172.169.8.253:31112/function/opt-66b-submod-0-latency-25.cdgp
1704042676390070204,1704042685788338825,200,http://172.169.8.253:31112/function/opt-66b-submod-0-latency-25.cdgp
1704042676390140927,1704042684229374591,200,http://172.169.8.253:31112/function/opt-66b-submod-0-latency-25.cdgp
1704042676392124044,1704042686392554064,500,http://172.169.8.253:31112/function/opt-66b-submod-0-latency-25.cdgp
1704042676392541101,1704042686268960227,500,http://172.169.8.253:31112/function/opt-66b-submod-0-latency-25.cdgp
1704042676392664947,1704042686020481295,500,http://172.169.8.253:31112/function/opt-66b-submod-0-latency-25.cdgp
1704042676392744990,1704042686393683939,500,http://172.169.8.253:31112/function/opt-66b-submod-0-latency-25.cdgp
1704042676392791393,1704042686023448432,500,http://172.169.8.253:31112/function/opt-66b-submod-0-latency-25.cdgp
1704042676392866683,1704042680337636757,200,http://172.169.8.253:31112/function/opt-66b-submod-0-latency-25.cdgp
1704042676392931047,1704042681392958547,200,http://172.169.8.253:31112/function/opt-66b-submod-0-latency-25.cdgp
1704042676505632176,1704042686482345300,500,http://172.169.8.253:31112/function/opt-66b-submod-0-latency-25.cdgp
1704042676505753704,1704042680441535983,200,http://172.169.8.253:31112/function/opt-66b-submod-0-latency-25.cdgp
1704042676505846933,1704042686507045813,500,http://172.169.8.253:31112/function/opt-66b-submod-0-latency-25.cdgp
1704042676505914750,1704042686506947011,500,http://172.169.8.253:31112/function/opt-66b-submod-0-latency-25.cdgp
1704042676505981978,1704042686506935994,500,http://172.169.8.253:31112/function/opt-66b-submod-0-latency-25.cdgp
1704042676506021281,1704042681352071062,200,http://172.169.8.253:31112/function/opt-66b-submod-0-latency-25.cdgp
1704042676506098610,1704042686506944094,500,http://172.169.8.253:31112/function/opt-66b-submod-0-latency-25.cdgp
1704042676506154685,1704042686484515044,500,http://172.169.8.253:31112/function/opt-66b-submod-0-latency-25.cdgp
1704042676506211656,1704042685219206716,200,http://172.169.8.253:31112/function/opt-66b-submod-0-latency-25.cdgp
1704042676506252957,1704042686487105221,500,http://172.169.8.253:31112/function/opt-66b-submod-0-latency-25.cdgp
1704042676506325383,1704042686485435261,500,http://172.169.8.253:31112/function/opt-66b-submod-0-latency-25.cdgp
1704042676506381063,1704042680814021074,200,http://172.169.8.253:31112/function/opt-66b-submod-0-latency-25.cdgp
1704042676506432601,1704042686490557028,500,http://172.169.8.253:31112/function/opt-66b-submod-0-latency-25.cdgp
1704042676506485485,1704042681111786829,200,http://172.169.8.253:31112/function/opt-66b-submod-0-latency-25.cdgp
1704042676506680519,1704042681687819003,200,http://172.169.8.253:31112/function/opt-66b-submod-0-latency-25.cdgp
1704042676506723278,1704042681198369993,200,http://172.169.8.253:31112/function/opt-66b-submod-0-latency-25.cdgp
1704042676516819924,1704042686518026318,500,http://172.169.8.253:31112/function/opt-66b-submod-0-latency-25.cdgp
1704042676516983293,1704042686517931321,500,http://172.169.8.253:31112/function/opt-66b-submod-0-latency-25.cdgp
1704042676517086554,1704042683567803888,200,http://172.169.8.253:31112/function/opt-66b-submod-0-latency-25.cdgp
1704042676517158824,1704042683567514798,200,http://172.169.8.253:31112/function/opt-66b-submod-0-latency-25.cdgp
1704042676517195028,1704042686480718262,500,http://172.169.8.253:31112/function/opt-66b-submod-0-latency-25.cdgp
1704042676517271378,1704042684553008181,200,http://172.169.8.253:31112/function/opt-66b-submod-0-latency-25.cdgp
1704042676517350207,1704042686017219240,200,http://172.169.8.253:31112/function/opt-66b-submod-0-latency-25.cdgp
1704042676517413418,1704042685816876181,200,http://172.169.8.253:31112/function/opt-66b-submod-0-latency-25.cdgp
1704042676517444302,1704042684611539321,200,http://172.169.8.253:31112/function/opt-66b-submod-0-latency-25.cdgp
1704042676517521182,1704042686517938753,500,http://172.169.8.253:31112/function/opt-66b-submod-0-latency-25.cdgp
1704042676517611575,1704042682303615146,200,http://172.169.8.253:31112/function/opt-66b-submod-0-latency-25.cdgp
1704042676517676595,1704042686490116337,500,http://172.169.8.253:31112/function/opt-66b-submod-0-latency-25.cdgp
1704042676622058213,1704042680350169272,200,http://172.169.8.253:31112/function/opt-66b-submod-0-latency-25.cdgp
1704042676639197015,1704042686510901926,500,http://172.169.8.253:31112/function/opt-66b-submod-0-latency-25.cdgp
1704042676639290013,1704042685817247773,200,http://172.169.8.253:31112/function/opt-66b-submod-0-latency-25.cdgp
1704042676639341318,1704042679799432273,200,http://172.169.8.253:31112/function/opt-66b-submod-0-latency-25.cdgp
1704042676639440079,1704042686554039981,500,http://172.169.8.253:31112/function/opt-66b-submod-0-latency-25.cdgp
1704042676639524637,1704042679596704724,200,http://172.169.8.253:31112/function/opt-66b-submod-0-latency-25.cdgp
1704042676639602414,1704042686555624955,500,http://172.169.8.253:31112/function/opt-66b-submod-0-latency-25.cdgp
1704042676639683671,1704042686555846689,500,http://172.169.8.253:31112/function/opt-66b-submod-0-latency-25.cdgp
1704042676642521733,1704042683424099312,200,http://172.169.8.253:31112/function/opt-66b-submod-0-latency-25.cdgp
1704042676642604755,1704042681566383665,200,http://172.169.8.253:31112/function/opt-66b-submod-0-latency-25.cdgp
1704042676642683301,1704042681545038026,200,http://172.169.8.253:31112/function/opt-66b-submod-0-latency-25.cdgp
1704042676642766623,1704042686405351686,200,http://172.169.8.253:31112/function/opt-66b-submod-0-latency-25.cdgp
1704042676642837993,1704042686489389817,500,http://172.169.8.253:31112/function/opt-66b-submod-0-latency-25.cdgp
1704042676642934428,1704042686512212631,500,http://172.169.8.253:31112/function/opt-66b-submod-0-latency-25.cdgp
1704042676643052881,1704042686482434445,500,http://172.169.8.253:31112/function/opt-66b-submod-0-latency-25.cdgp
1704042676643151806,1704042686512529122,500,http://172.169.8.253:31112/function/opt-66b-submod-0-latency-25.cdgp
1704042676643232544,1704042682480834975,200,http://172.169.8.253:31112/function/opt-66b-submod-0-latency-25.cdgp
1704042676643357923,1704042686553353907,500,http://172.169.8.253:31112/function/opt-66b-submod-0-latency-25.cdgp
1704042676643391315,1704042686481196195,500,http://172.169.8.253:31112/function/opt-66b-submod-0-latency-25.cdgp
1704042676643456881,1704042686509589472,500,http://172.169.8.253:31112/function/opt-66b-submod-0-latency-25.cdgp
1704042676643563066,1704042686557099952,500,http://172.169.8.253:31112/function/opt-66b-submod-0-latency-25.cdgp
1704042677249163378,1704042686876871561,500,http://172.169.8.253:31112/function/opt-66b-submod-0-latency-25.cdgp
1704042677249336354,1704042686738337835,500,http://172.169.8.253:31112/function/opt-66b-submod-0-latency-25.cdgp
1704042677249415432,1704042686945988775,500,http://172.169.8.253:31112/function/opt-66b-submod-0-latency-25.cdgp
1704042677249494974,1704042682376148023,200,http://172.169.8.253:31112/function/opt-66b-submod-0-latency-25.cdgp
1704042677249599741,1704042686952247046,500,http://172.169.8.253:31112/function/opt-66b-submod-0-latency-25.cdgp
1704042677249660843,1704042686381892645,200,http://172.169.8.253:31112/function/opt-66b-submod-0-latency-25.cdgp
1704042677249734341,1704042683028018453,200,http://172.169.8.253:31112/function/opt-66b-submod-0-latency-25.cdgp
1704042677249750887,1704042684557792719,200,http://172.169.8.253:31112/function/opt-66b-submod-0-latency-25.cdgp
1704042677249821729,1704042684525247713,200,http://172.169.8.253:31112/function/opt-66b-submod-0-latency-25.cdgp
1704042677249876623,1704042686740306416,500,http://172.169.8.253:31112/function/opt-66b-submod-0-latency-25.cdgp
1704042677249959789,1704042686951173669,500,http://172.169.8.253:31112/function/opt-66b-submod-0-latency-25.cdgp
1704042677250039040,1704042687250906662,500,http://172.169.8.253:31112/function/opt-66b-submod-0-latency-25.cdgp
1704042677250066210,1704042686905210394,500,http://172.169.8.253:31112/function/opt-66b-submod-0-latency-25.cdgp
1704042677250121507,1704042679816592891,200,http://172.169.8.253:31112/function/opt-66b-submod-0-latency-25.cdgp
1704042677251219620,1704042686739966816,500,http://172.169.8.253:31112/function/opt-66b-submod-0-latency-25.cdgp
1704042677251266188,1704042683321960397,200,http://172.169.8.253:31112/function/opt-66b-submod-0-latency-25.cdgp
1704042677251341838,1704042686907170943,500,http://172.169.8.253:31112/function/opt-66b-submod-0-latency-25.cdgp
1704042677251388734,1704042680744631983,200,http://172.169.8.253:31112/function/opt-66b-submod-0-latency-25.cdgp
1704042677251474302,1704042681716782213,200,http://172.169.8.253:31112/function/opt-66b-submod-0-latency-25.cdgp
1704042677251578755,1704042681687735743,200,http://172.169.8.253:31112/function/opt-66b-submod-0-latency-25.cdgp
1704042677251657798,1704042687014146730,500,http://172.169.8.253:31112/function/opt-66b-submod-0-latency-25.cdgp
1704042677251701412,1704042685806380052,200,http://172.169.8.253:31112/function/opt-66b-submod-0-latency-25.cdgp
1704042677251781708,1704042686908677399,500,http://172.169.8.253:31112/function/opt-66b-submod-0-latency-25.cdgp
1704042677251857901,1704042682141503477,200,http://172.169.8.253:31112/function/opt-66b-submod-0-latency-25.cdgp
1704042677251933937,1704042686379986830,200,http://172.169.8.253:31112/function/opt-66b-submod-0-latency-25.cdgp
1704042677252013718,1704042686382892333,200,http://172.169.8.253:31112/function/opt-66b-submod-0-latency-25.cdgp
1704042677252111410,1704042686947874997,500,http://172.169.8.253:31112/function/opt-66b-submod-0-latency-25.cdgp
1704042677252191063,1704042686949607768,500,http://172.169.8.253:31112/function/opt-66b-submod-0-latency-25.cdgp
1704042677252277580,1704042684714884071,200,http://172.169.8.253:31112/function/opt-66b-submod-0-latency-25.cdgp
1704042677272338882,1704042683335650550,200,http://172.169.8.253:31112/function/opt-66b-submod-0-latency-25.cdgp
1704042677272421803,1704042687038312063,500,http://172.169.8.253:31112/function/opt-66b-submod-0-latency-25.cdgp
1704042677272515163,1704042686735125898,500,http://172.169.8.253:31112/function/opt-66b-submod-0-latency-25.cdgp
1704042677272587359,1704042686741859153,500,http://172.169.8.253:31112/function/opt-66b-submod-0-latency-25.cdgp
1704042677272640819,1704042686380446579,200,http://172.169.8.253:31112/function/opt-66b-submod-0-latency-25.cdgp
1704042677272721802,1704042686733477368,500,http://172.169.8.253:31112/function/opt-66b-submod-0-latency-25.cdgp
1704042677272783658,1704042685787200212,200,http://172.169.8.253:31112/function/opt-66b-submod-0-latency-25.cdgp
1704042677272864671,1704042683203567393,200,http://172.169.8.253:31112/function/opt-66b-submod-0-latency-25.cdgp
1704042677272902295,1704042687273343412,500,http://172.169.8.253:31112/function/opt-66b-submod-0-latency-25.cdgp
1704042677272955828,1704042687036964043,500,http://172.169.8.253:31112/function/opt-66b-submod-0-latency-25.cdgp
1704042677273038304,1704042687036330700,500,http://172.169.8.253:31112/function/opt-66b-submod-0-latency-25.cdgp
1704042677334580091,1704042680547244655,200,http://172.169.8.253:31112/function/opt-66b-submod-0-latency-25.cdgp
1704042677334701226,1704042681731447167,200,http://172.169.8.253:31112/function/opt-66b-submod-0-latency-25.cdgp
1704042677334787238,1704042680803598191,200,http://172.169.8.253:31112/function/opt-66b-submod-0-latency-25.cdgp
1704042677334907212,1704042685827491278,200,http://172.169.8.253:31112/function/opt-66b-submod-0-latency-25.cdgp
1704042677335040429,1704042681203461024,200,http://172.169.8.253:31112/function/opt-66b-submod-0-latency-25.cdgp
1704042677335104398,1704042686207617494,200,http://172.169.8.253:31112/function/opt-66b-submod-0-latency-25.cdgp
1704042677335155152,1704042686780297461,500,http://172.169.8.253:31112/function/opt-66b-submod-0-latency-25.cdgp
1704042677677835707,1704042683339900190,200,http://172.169.8.253:31112/function/opt-66b-submod-0-latency-25.cdgp
1704042677677923114,1704042680548356245,200,http://172.169.8.253:31112/function/opt-66b-submod-0-latency-25.cdgp
1704042677678038546,1704042687100471088,500,http://172.169.8.253:31112/function/opt-66b-submod-0-latency-25.cdgp
1704042677678102791,1704042686944469492,500,http://172.169.8.253:31112/function/opt-66b-submod-0-latency-25.cdgp
1704042677681104862,1704042686378506154,200,http://172.169.8.253:31112/function/opt-66b-submod-0-latency-25.cdgp
1704042677681263326,1704042686477093143,200,http://172.169.8.253:31112/function/opt-66b-submod-0-latency-25.cdgp
1704042677681353253,1704042687320473994,500,http://172.169.8.253:31112/function/opt-66b-submod-0-latency-25.cdgp
1704042677681470888,1704042687558766821,500,http://172.169.8.253:31112/function/opt-66b-submod-0-latency-25.cdgp
1704042677681584377,1704042687001010257,500,http://172.169.8.253:31112/function/opt-66b-submod-0-latency-25.cdgp
1704042677681689454,1704042687559719512,500,http://172.169.8.253:31112/function/opt-66b-submod-0-latency-25.cdgp
1704042677681764229,1704042681232432171,200,http://172.169.8.253:31112/function/opt-66b-submod-0-latency-25.cdgp
1704042677681879351,1704042687682200358,500,http://172.169.8.253:31112/function/opt-66b-submod-0-latency-25.cdgp
1704042677681973816,1704042687063814193,500,http://172.169.8.253:31112/function/opt-66b-submod-0-latency-25.cdgp
1704042677682030083,1704042687383339178,500,http://172.169.8.253:31112/function/opt-66b-submod-0-latency-25.cdgp
1704042677682112442,1704042687078723154,500,http://172.169.8.253:31112/function/opt-66b-submod-0-latency-25.cdgp
1704042677682173269,1704042687391613519,500,http://172.169.8.253:31112/function/opt-66b-submod-0-latency-25.cdgp
1704042677684026527,1704042683367436023,200,http://172.169.8.253:31112/function/opt-66b-submod-0-latency-25.cdgp
1704042677684123753,1704042681681784187,200,http://172.169.8.253:31112/function/opt-66b-submod-0-latency-25.cdgp
1704042677684273195,1704042685851362734,200,http://172.169.8.253:31112/function/opt-66b-submod-0-latency-25.cdgp
1704042677684362630,1704042682039122595,200,http://172.169.8.253:31112/function/opt-66b-submod-0-latency-25.cdgp
1704042677684491330,1704042687056288905,500,http://172.169.8.253:31112/function/opt-66b-submod-0-latency-25.cdgp
1704042677684564775,1704042681728349393,200,http://172.169.8.253:31112/function/opt-66b-submod-0-latency-25.cdgp
1704042677684739969,1704042687311325475,500,http://172.169.8.253:31112/function/opt-66b-submod-0-latency-25.cdgp
1704042677684817915,1704042685808304823,200,http://172.169.8.253:31112/function/opt-66b-submod-0-latency-25.cdgp
1704042677684889709,1704042687073880082,500,http://172.169.8.253:31112/function/opt-66b-submod-0-latency-25.cdgp
1704042677684980294,1704042683393664491,200,http://172.169.8.253:31112/function/opt-66b-submod-0-latency-25.cdgp
1704042677685070590,1704042685807049002,200,http://172.169.8.253:31112/function/opt-66b-submod-0-latency-25.cdgp
1704042677693061414,1704042680249634555,200,http://172.169.8.253:31112/function/opt-66b-submod-0-latency-25.cdgp
1704042677693156535,1704042687388650551,500,http://172.169.8.253:31112/function/opt-66b-submod-0-latency-25.cdgp
1704042677693254835,1704042687493558305,500,http://172.169.8.253:31112/function/opt-66b-submod-0-latency-25.cdgp
1704042677693334699,1704042683056074904,200,http://172.169.8.253:31112/function/opt-66b-submod-0-latency-25.cdgp
1704042677693420885,1704042681765178256,200,http://172.169.8.253:31112/function/opt-66b-submod-0-latency-25.cdgp
1704042677693696739,1704042687494044404,500,http://172.169.8.253:31112/function/opt-66b-submod-0-latency-25.cdgp
1704042677693795043,1704042685846209323,200,http://172.169.8.253:31112/function/opt-66b-submod-0-latency-25.cdgp
1704042677693886651,1704042686565401568,200,http://172.169.8.253:31112/function/opt-66b-submod-0-latency-25.cdgp
1704042677693985853,1704042687694526344,500,http://172.169.8.253:31112/function/opt-66b-submod-0-latency-25.cdgp
1704042677694084536,1704042687390927913,500,http://172.169.8.253:31112/function/opt-66b-submod-0-latency-25.cdgp
1704042677694140383,1704042686612680541,200,http://172.169.8.253:31112/function/opt-66b-submod-0-latency-25.cdgp
1704042677694198277,1704042687199594825,500,http://172.169.8.253:31112/function/opt-66b-submod-0-latency-25.cdgp
1704042677694274608,1704042686983640172,200,http://172.169.8.253:31112/function/opt-66b-submod-0-latency-25.cdgp
1704042677694359699,1704042687386303432,500,http://172.169.8.253:31112/function/opt-66b-submod-0-latency-25.cdgp
1704042677694405129,1704042685787560003,200,http://172.169.8.253:31112/function/opt-66b-submod-0-latency-25.cdgp
1704042677694467418,1704042687571107624,500,http://172.169.8.253:31112/function/opt-66b-submod-0-latency-25.cdgp
1704042677694521216,1704042687201303154,500,http://172.169.8.253:31112/function/opt-66b-submod-0-latency-25.cdgp
1704042677694612890,1704042687495067807,500,http://172.169.8.253:31112/function/opt-66b-submod-0-latency-25.cdgp
1704042677698846355,1704042687421746799,500,http://172.169.8.253:31112/function/opt-66b-submod-0-latency-25.cdgp
1704042677698927472,1704042687494533271,500,http://172.169.8.253:31112/function/opt-66b-submod-0-latency-25.cdgp
1704042677763445868,1704042687336100201,500,http://172.169.8.253:31112/function/opt-66b-submod-0-latency-25.cdgp
1704042678114763224,1704042687420658189,500,http://172.169.8.253:31112/function/opt-66b-submod-0-latency-25.cdgp
1704042678114874952,1704042683848898742,200,http://172.169.8.253:31112/function/opt-66b-submod-0-latency-25.cdgp
1704042678114943314,1704042687412470972,500,http://172.169.8.253:31112/function/opt-66b-submod-0-latency-25.cdgp
1704042678115015914,1704042681766531200,200,http://172.169.8.253:31112/function/opt-66b-submod-0-latency-25.cdgp
1704042678115125112,1704042687075301570,200,http://172.169.8.253:31112/function/opt-66b-submod-0-latency-25.cdgp
1704042678115209579,1704042687531653256,500,http://172.169.8.253:31112/function/opt-66b-submod-0-latency-25.cdgp
1704042678186307477,1704042686471590943,200,http://172.169.8.253:31112/function/opt-66b-submod-0-latency-25.cdgp
1704042678186385820,1704042686497359920,200,http://172.169.8.253:31112/function/opt-66b-submod-0-latency-25.cdgp
1704042678186538974,1704042683255608929,200,http://172.169.8.253:31112/function/opt-66b-submod-0-latency-25.cdgp
1704042678186603065,1704042686471608494,200,http://172.169.8.253:31112/function/opt-66b-submod-0-latency-25.cdgp
1704042678186622317,1704042687811355394,500,http://172.169.8.253:31112/function/opt-66b-submod-0-latency-25.cdgp
1704042678186697839,1704042682863540813,200,http://172.169.8.253:31112/function/opt-66b-submod-0-latency-25.cdgp
1704042678186828350,1704042680975598267,200,http://172.169.8.253:31112/function/opt-66b-submod-0-latency-25.cdgp
1704042678186929756,1704042687819438170,500,http://172.169.8.253:31112/function/opt-66b-submod-0-latency-25.cdgp
1704042678187076300,1704042687759598682,500,http://172.169.8.253:31112/function/opt-66b-submod-0-latency-25.cdgp
1704042678187140916,1704042686988753955,200,http://172.169.8.253:31112/function/opt-66b-submod-0-latency-25.cdgp
1704042678187198610,1704042685806312187,200,http://172.169.8.253:31112/function/opt-66b-submod-0-latency-25.cdgp
1704042678187273725,1704042687816553562,500,http://172.169.8.253:31112/function/opt-66b-submod-0-latency-25.cdgp
1704042678187337316,1704042686379517544,200,http://172.169.8.253:31112/function/opt-66b-submod-0-latency-25.cdgp
1704042678187383442,1704042683467524672,200,http://172.169.8.253:31112/function/opt-66b-submod-0-latency-25.cdgp
1704042678187437431,1704042687777093866,500,http://172.169.8.253:31112/function/opt-66b-submod-0-latency-25.cdgp
1704042678187495361,1704042686858618763,200,http://172.169.8.253:31112/function/opt-66b-submod-0-latency-25.cdgp
1704042678187568582,1704042680745597267,200,http://172.169.8.253:31112/function/opt-66b-submod-0-latency-25.cdgp
1704042678187635635,1704042687775152472,500,http://172.169.8.253:31112/function/opt-66b-submod-0-latency-25.cdgp
1704042678187702824,1704042685905988206,200,http://172.169.8.253:31112/function/opt-66b-submod-0-latency-25.cdgp
1704042678187758974,1704042687694970796,500,http://172.169.8.253:31112/function/opt-66b-submod-0-latency-25.cdgp
1704042678187844427,1704042683846250929,200,http://172.169.8.253:31112/function/opt-66b-submod-0-latency-25.cdgp
1704042678187932068,1704042683279897939,200,http://172.169.8.253:31112/function/opt-66b-submod-0-latency-25.cdgp
1704042678188011245,1704042680938294102,200,http://172.169.8.253:31112/function/opt-66b-submod-0-latency-25.cdgp
1704042678188095552,1704042687582117324,200,http://172.169.8.253:31112/function/opt-66b-submod-0-latency-25.cdgp
1704042678188165031,1704042687692057151,500,http://172.169.8.253:31112/function/opt-66b-submod-0-latency-25.cdgp
1704042678188725992,1704042680813838918,200,http://172.169.8.253:31112/function/opt-66b-submod-0-latency-25.cdgp
1704042678188836173,1704042687818266526,500,http://172.169.8.253:31112/function/opt-66b-submod-0-latency-25.cdgp
1704042678188924328,1704042682244516830,200,http://172.169.8.253:31112/function/opt-66b-submod-0-latency-25.cdgp
1704042678191283054,1704042686419406820,200,http://172.169.8.253:31112/function/opt-66b-submod-0-latency-25.cdgp
1704042678191353364,1704042686379370756,200,http://172.169.8.253:31112/function/opt-66b-submod-0-latency-25.cdgp
1704042678191435532,1704042687814457816,500,http://172.169.8.253:31112/function/opt-66b-submod-0-latency-25.cdgp
1704042678191517721,1704042687693310941,500,http://172.169.8.253:31112/function/opt-66b-submod-0-latency-25.cdgp
1704042678191592785,1704042687778750659,500,http://172.169.8.253:31112/function/opt-66b-submod-0-latency-25.cdgp
1704042678205860307,1704042685787790922,200,http://172.169.8.253:31112/function/opt-66b-submod-0-latency-25.cdgp
1704042678678456195,1704042686540790224,200,http://172.169.8.253:31112/function/opt-66b-submod-0-latency-25.cdgp
1704042678678539902,1704042687951913286,500,http://172.169.8.253:31112/function/opt-66b-submod-0-latency-25.cdgp
1704042678678663091,1704042687023432675,200,http://172.169.8.253:31112/function/opt-66b-submod-0-latency-25.cdgp
1704042678678733912,1704042687989087229,500,http://172.169.8.253:31112/function/opt-66b-submod-0-latency-25.cdgp
1704042678678792756,1704042687981055938,500,http://172.169.8.253:31112/function/opt-66b-submod-0-latency-25.cdgp
1704042678678828882,1704042687984312266,500,http://172.169.8.253:31112/function/opt-66b-submod-0-latency-25.cdgp
1704042678815956108,1704042683210877650,200,http://172.169.8.253:31112/function/opt-66b-submod-0-latency-25.cdgp
1704042678816041213,1704042688139726401,500,http://172.169.8.253:31112/function/opt-66b-submod-0-latency-25.cdgp
1704042678816111254,1704042688468674222,500,http://172.169.8.253:31112/function/opt-66b-submod-0-latency-25.cdgp
1704042678816190047,1704042688132773802,500,http://172.169.8.253:31112/function/opt-66b-submod-0-latency-25.cdgp
1704042678816305189,1704042681519535451,200,http://172.169.8.253:31112/function/opt-66b-submod-0-latency-25.cdgp
1704042678816415281,1704042682233483768,200,http://172.169.8.253:31112/function/opt-66b-submod-0-latency-25.cdgp
1704042678816489717,1704042681657614908,200,http://172.169.8.253:31112/function/opt-66b-submod-0-latency-25.cdgp
1704042678816550016,1704042683901276032,200,http://172.169.8.253:31112/function/opt-66b-submod-0-latency-25.cdgp
1704042678816614602,1704042687663830147,200,http://172.169.8.253:31112/function/opt-66b-submod-0-latency-25.cdgp
1704042679330261438,1704042689331392290,500,http://172.169.8.253:31112/function/opt-66b-submod-0-latency-25.cdgp
1704042679330367838,1704042686664970707,200,http://172.169.8.253:31112/function/opt-66b-submod-0-latency-25.cdgp
1704042679330461930,1704042685787465377,200,http://172.169.8.253:31112/function/opt-66b-submod-0-latency-25.cdgp
1704042679330531022,1704042683564227031,200,http://172.169.8.253:31112/function/opt-66b-submod-0-latency-25.cdgp
1704042679335287842,1704042686974671097,200,http://172.169.8.253:31112/function/opt-66b-submod-0-latency-25.cdgp
1704042679335376979,1704042689038013048,500,http://172.169.8.253:31112/function/opt-66b-submod-0-latency-25.cdgp
1704042679335487642,1704042686424112266,200,http://172.169.8.253:31112/function/opt-66b-submod-0-latency-25.cdgp
1704042679335555387,1704042688444665231,500,http://172.169.8.253:31112/function/opt-66b-submod-0-latency-25.cdgp
1704042679335598971,1704042681636465026,200,http://172.169.8.253:31112/function/opt-66b-submod-0-latency-25.cdgp
1704042679335675889,1704042689336652590,500,http://172.169.8.253:31112/function/opt-66b-submod-0-latency-25.cdgp
1704042679335700212,1704042688507617010,500,http://172.169.8.253:31112/function/opt-66b-submod-0-latency-25.cdgp
1704042679335766022,1704042688945440682,500,http://172.169.8.253:31112/function/opt-66b-submod-0-latency-25.cdgp
1704042679335845889,1704042688470137584,500,http://172.169.8.253:31112/function/opt-66b-submod-0-latency-25.cdgp
1704042679335920587,1704042688461882626,500,http://172.169.8.253:31112/function/opt-66b-submod-0-latency-25.cdgp
1704042679335943531,1704042689038131053,500,http://172.169.8.253:31112/function/opt-66b-submod-0-latency-25.cdgp
1704042679340465414,1704042688945541094,500,http://172.169.8.253:31112/function/opt-66b-submod-0-latency-25.cdgp
1704042679340545026,1704042686933486243,200,http://172.169.8.253:31112/function/opt-66b-submod-0-latency-25.cdgp
1704042679675357574,1704042687066519966,200,http://172.169.8.253:31112/function/opt-66b-submod-0-latency-25.cdgp
1704042679675451624,1704042686978135142,200,http://172.169.8.253:31112/function/opt-66b-submod-0-latency-25.cdgp
1704042679675531245,1704042688539073226,500,http://172.169.8.253:31112/function/opt-66b-submod-0-latency-25.cdgp
1704042679675610273,1704042686499485696,200,http://172.169.8.253:31112/function/opt-66b-submod-0-latency-25.cdgp
1704042679732055060,1704042689196716009,500,http://172.169.8.253:31112/function/opt-66b-submod-0-latency-25.cdgp
1704042679732136549,1704042689196187196,500,http://172.169.8.253:31112/function/opt-66b-submod-0-latency-25.cdgp
1704042679732172944,1704042685807646674,200,http://172.169.8.253:31112/function/opt-66b-submod-0-latency-25.cdgp
1704042679732270858,1704042689196621426,500,http://172.169.8.253:31112/function/opt-66b-submod-0-latency-25.cdgp
1704042679732336722,1704042688638017912,500,http://172.169.8.253:31112/function/opt-66b-submod-0-latency-25.cdgp
1704042679732378988,1704042689198413186,500,http://172.169.8.253:31112/function/opt-66b-submod-0-latency-25.cdgp
1704042679854466112,1704042687325576794,200,http://172.169.8.253:31112/function/opt-66b-submod-0-latency-25.cdgp
1704042679854545200,1704042688120869356,200,http://172.169.8.253:31112/function/opt-66b-submod-0-latency-25.cdgp
1704042679854874877,1704042685082129027,200,http://172.169.8.253:31112/function/opt-66b-submod-0-latency-25.cdgp
1704042679854933828,1704042689439991014,500,http://172.169.8.253:31112/function/opt-66b-submod-0-latency-25.cdgp
1704042679854967493,1704042689258967601,500,http://172.169.8.253:31112/function/opt-66b-submod-0-latency-25.cdgp
1704042679855042559,1704042689400093710,500,http://172.169.8.253:31112/function/opt-66b-submod-0-latency-25.cdgp
1704042679855197574,1704042689246646454,500,http://172.169.8.253:31112/function/opt-66b-submod-0-latency-25.cdgp
1704042679855293206,1704042689196611308,500,http://172.169.8.253:31112/function/opt-66b-submod-0-latency-25.cdgp
1704042679855378884,1704042689200318894,500,http://172.169.8.253:31112/function/opt-66b-submod-0-latency-25.cdgp
1704042679855444721,1704042684393712234,200,http://172.169.8.253:31112/function/opt-66b-submod-0-latency-25.cdgp
1704042679855542215,1704042688231548682,200,http://172.169.8.253:31112/function/opt-66b-submod-0-latency-25.cdgp
1704042679855618516,1704042689196596719,500,http://172.169.8.253:31112/function/opt-66b-submod-0-latency-25.cdgp
1704042679859699907,1704042688934980952,500,http://172.169.8.253:31112/function/opt-66b-submod-0-latency-25.cdgp
1704042679859790259,1704042688944607147,500,http://172.169.8.253:31112/function/opt-66b-submod-0-latency-25.cdgp
1704042679859860088,1704042688288669225,200,http://172.169.8.253:31112/function/opt-66b-submod-0-latency-25.cdgp
1704042679859971281,1704042686419613914,200,http://172.169.8.253:31112/function/opt-66b-submod-0-latency-25.cdgp
1704042679860051570,1704042689442293327,500,http://172.169.8.253:31112/function/opt-66b-submod-0-latency-25.cdgp
1704042679860147463,1704042684186709309,200,http://172.169.8.253:31112/function/opt-66b-submod-0-latency-25.cdgp
1704042679860257334,1704042689442397597,500,http://172.169.8.253:31112/function/opt-66b-submod-0-latency-25.cdgp
1704042679860324057,1704042689488585061,500,http://172.169.8.253:31112/function/opt-66b-submod-0-latency-25.cdgp
1704042679860388358,1704042688943658790,500,http://172.169.8.253:31112/function/opt-66b-submod-0-latency-25.cdgp
1704042679860443084,1704042686378522921,200,http://172.169.8.253:31112/function/opt-66b-submod-0-latency-25.cdgp
1704042679860486510,1704042689199692406,500,http://172.169.8.253:31112/function/opt-66b-submod-0-latency-25.cdgp
1704042679860565554,1704042687030239834,200,http://172.169.8.253:31112/function/opt-66b-submod-0-latency-25.cdgp
1704042679860669606,1704042689398708328,500,http://172.169.8.253:31112/function/opt-66b-submod-0-latency-25.cdgp
1704042680066286428,1704042689903508613,500,http://172.169.8.253:31112/function/opt-66b-submod-0-latency-25.cdgp
1704042680066409233,1704042690067208149,500,http://172.169.8.253:31112/function/opt-66b-submod-0-latency-25.cdgp
1704042680066472005,1704042687972311063,200,http://172.169.8.253:31112/function/opt-66b-submod-0-latency-25.cdgp
1704042680066554741,1704042689442964417,500,http://172.169.8.253:31112/function/opt-66b-submod-0-latency-25.cdgp
1704042680066670959,1704042687486565747,200,http://172.169.8.253:31112/function/opt-66b-submod-0-latency-25.cdgp
1704042680066767746,1704042684912953157,200,http://172.169.8.253:31112/function/opt-66b-submod-0-latency-25.cdgp
1704042680066862316,1704042684268594489,200,http://172.169.8.253:31112/function/opt-66b-submod-0-latency-25.cdgp
1704042680066963711,1704042689487861393,500,http://172.169.8.253:31112/function/opt-66b-submod-0-latency-25.cdgp
1704042680071616185,1704042684276900554,200,http://172.169.8.253:31112/function/opt-66b-submod-0-latency-25.cdgp
1704042680071697617,1704042687656888260,200,http://172.169.8.253:31112/function/opt-66b-submod-0-latency-25.cdgp
1704042680071789663,1704042689547492061,500,http://172.169.8.253:31112/function/opt-66b-submod-0-latency-25.cdgp
1704042680071904788,1704042689715127567,500,http://172.169.8.253:31112/function/opt-66b-submod-0-latency-25.cdgp
1704042680071996010,1704042689443493365,500,http://172.169.8.253:31112/function/opt-66b-submod-0-latency-25.cdgp
1704042680072076169,1704042689857036581,500,http://172.169.8.253:31112/function/opt-66b-submod-0-latency-25.cdgp
1704042680072176793,1704042684188231795,200,http://172.169.8.253:31112/function/opt-66b-submod-0-latency-25.cdgp
1704042680072236845,1704042684579807622,200,http://172.169.8.253:31112/function/opt-66b-submod-0-latency-25.cdgp
1704042680072349682,1704042689399537362,500,http://172.169.8.253:31112/function/opt-66b-submod-0-latency-25.cdgp
1704042680072436171,1704042682315745514,200,http://172.169.8.253:31112/function/opt-66b-submod-0-latency-25.cdgp
1704042680072541200,1704042682337200815,200,http://172.169.8.253:31112/function/opt-66b-submod-0-latency-25.cdgp
1704042680072627946,1704042682700318200,200,http://172.169.8.253:31112/function/opt-66b-submod-0-latency-25.cdgp
1704042680190951951,1704042689735836075,500,http://172.169.8.253:31112/function/opt-66b-submod-0-latency-25.cdgp
1704042680191036755,1704042689443473613,500,http://172.169.8.253:31112/function/opt-66b-submod-0-latency-25.cdgp
1704042680191186924,1704042689595713696,500,http://172.169.8.253:31112/function/opt-66b-submod-0-latency-25.cdgp
1704042680191257524,1704042686937555855,200,http://172.169.8.253:31112/function/opt-66b-submod-0-latency-25.cdgp
1704042680191327926,1704042686942741651,200,http://172.169.8.253:31112/function/opt-66b-submod-0-latency-25.cdgp
1704042680191421371,1704042684710902219,200,http://172.169.8.253:31112/function/opt-66b-submod-0-latency-25.cdgp
1704042680191486853,1704042689693064053,500,http://172.169.8.253:31112/function/opt-66b-submod-0-latency-25.cdgp
1704042680191523688,1704042684392484792,200,http://172.169.8.253:31112/function/opt-66b-submod-0-latency-25.cdgp
1704042680191642230,1704042687786298779,200,http://172.169.8.253:31112/function/opt-66b-submod-0-latency-25.cdgp
1704042680191667674,1704042688023604462,200,http://172.169.8.253:31112/function/opt-66b-submod-0-latency-25.cdgp
1704042680191780248,1704042689487879473,500,http://172.169.8.253:31112/function/opt-66b-submod-0-latency-25.cdgp
1704042680191855451,1704042682544801797,200,http://172.169.8.253:31112/function/opt-66b-submod-0-latency-25.cdgp
1704042680191915995,1704042690053820544,500,http://172.169.8.253:31112/function/opt-66b-submod-0-latency-25.cdgp
1704042680192005487,1704042689698805211,500,http://172.169.8.253:31112/function/opt-66b-submod-0-latency-25.cdgp
1704042680192092889,1704042689694320032,500,http://172.169.8.253:31112/function/opt-66b-submod-0-latency-25.cdgp
1704042680192189948,1704042684714581380,200,http://172.169.8.253:31112/function/opt-66b-submod-0-latency-25.cdgp
1704042680192278504,1704042681911984182,200,http://172.169.8.253:31112/function/opt-66b-submod-0-latency-25.cdgp
1704042680192350799,1704042683225409611,200,http://172.169.8.253:31112/function/opt-66b-submod-0-latency-25.cdgp
1704042680192474071,1704042687189130417,200,http://172.169.8.253:31112/function/opt-66b-submod-0-latency-25.cdgp
1704042680192543174,1704042690048394455,500,http://172.169.8.253:31112/function/opt-66b-submod-0-latency-25.cdgp
1704042680194658138,1704042689693983871,500,http://172.169.8.253:31112/function/opt-66b-submod-0-latency-25.cdgp
1704042680196270278,1704042682987671752,200,http://172.169.8.253:31112/function/opt-66b-submod-0-latency-25.cdgp
1704042680196407534,1704042689698533476,500,http://172.169.8.253:31112/function/opt-66b-submod-0-latency-25.cdgp
1704042680196501544,1704042684715168380,200,http://172.169.8.253:31112/function/opt-66b-submod-0-latency-25.cdgp
1704042680196602159,1704042689695705285,500,http://172.169.8.253:31112/function/opt-66b-submod-0-latency-25.cdgp
1704042680196677398,1704042683435924212,200,http://172.169.8.253:31112/function/opt-66b-submod-0-latency-25.cdgp
1704042680196741811,1704042689697018036,500,http://172.169.8.253:31112/function/opt-66b-submod-0-latency-25.cdgp
1704042680196833095,1704042689805459081,500,http://172.169.8.253:31112/function/opt-66b-submod-0-latency-25.cdgp
1704042680196924610,1704042689697718386,500,http://172.169.8.253:31112/function/opt-66b-submod-0-latency-25.cdgp
1704042680196988991,1704042690053399545,500,http://172.169.8.253:31112/function/opt-66b-submod-0-latency-25.cdgp
1704042680197038015,1704042682402265015,200,http://172.169.8.253:31112/function/opt-66b-submod-0-latency-25.cdgp
1704042680197126646,1704042688043494887,200,http://172.169.8.253:31112/function/opt-66b-submod-0-latency-25.cdgp
1704042680315679308,1704042689697268840,500,http://172.169.8.253:31112/function/opt-66b-submod-0-latency-25.cdgp
1704042680315767727,1704042688047065269,200,http://172.169.8.253:31112/function/opt-66b-submod-0-latency-25.cdgp
1704042680315864440,1704042689827028201,500,http://172.169.8.253:31112/function/opt-66b-submod-0-latency-25.cdgp
1704042680315926900,1704042684937747213,200,http://172.169.8.253:31112/function/opt-66b-submod-0-latency-25.cdgp
1704042681853268150,1704042687716480217,200,http://172.169.8.253:31112/function/opt-66b-submod-0-latency-25.cdgp
1704042681853347854,1704042691019657445,500,http://172.169.8.253:31112/function/opt-66b-submod-0-latency-25.cdgp
1704042681853486333,1704042688279642697,200,http://172.169.8.253:31112/function/opt-66b-submod-0-latency-25.cdgp
1704042681853550160,1704042691224007475,500,http://172.169.8.253:31112/function/opt-66b-submod-0-latency-25.cdgp
1704042681853604119,1704042687358382435,200,http://172.169.8.253:31112/function/opt-66b-submod-0-latency-25.cdgp
1704042681853680262,1704042683203153124,200,http://172.169.8.253:31112/function/opt-66b-submod-0-latency-25.cdgp
1704042681996670758,1704042691187611637,500,http://172.169.8.253:31112/function/opt-66b-submod-0-latency-25.cdgp
1704042681996753650,1704042691224013608,500,http://172.169.8.253:31112/function/opt-66b-submod-0-latency-25.cdgp
1704042681996862206,1704042688099932992,200,http://172.169.8.253:31112/function/opt-66b-submod-0-latency-25.cdgp
1704042681996901258,1704042684735403191,200,http://172.169.8.253:31112/function/opt-66b-submod-0-latency-25.cdgp
1704042681996995293,1704042683436939898,200,http://172.169.8.253:31112/function/opt-66b-submod-0-latency-25.cdgp
1704042681997018070,1704042688461885133,200,http://172.169.8.253:31112/function/opt-66b-submod-0-latency-25.cdgp
1704042681997107244,1704042685147992944,200,http://172.169.8.253:31112/function/opt-66b-submod-0-latency-25.cdgp
1704042681997173408,1704042691223997818,500,http://172.169.8.253:31112/function/opt-66b-submod-0-latency-25.cdgp
1704042681997219655,1704042691224017275,500,http://172.169.8.253:31112/function/opt-66b-submod-0-latency-25.cdgp
1704042681997291432,1704042691231249803,500,http://172.169.8.253:31112/function/opt-66b-submod-0-latency-25.cdgp
1704042681997332902,1704042691144934695,500,http://172.169.8.253:31112/function/opt-66b-submod-0-latency-25.cdgp
1704042681997402245,1704042691450339037,500,http://172.169.8.253:31112/function/opt-66b-submod-0-latency-25.cdgp
1704042682218970499,1704042691271538305,500,http://172.169.8.253:31112/function/opt-66b-submod-0-latency-25.cdgp
1704042682219054109,1704042691296832970,500,http://172.169.8.253:31112/function/opt-66b-submod-0-latency-25.cdgp
1704042682219130845,1704042691491625129,500,http://172.169.8.253:31112/function/opt-66b-submod-0-latency-25.cdgp
1704042682219194304,1704042683483566054,200,http://172.169.8.253:31112/function/opt-66b-submod-0-latency-25.cdgp
1704042682219219355,1704042691433921944,500,http://172.169.8.253:31112/function/opt-66b-submod-0-latency-25.cdgp
1704042682219314671,1704042691495486681,500,http://172.169.8.253:31112/function/opt-66b-submod-0-latency-25.cdgp
1704042682219377059,1704042691296884610,500,http://172.169.8.253:31112/function/opt-66b-submod-0-latency-25.cdgp
1704042682855065754,1704042685239373039,200,http://172.169.8.253:31112/function/opt-66b-submod-0-latency-25.cdgp
1704042682855646333,1704042687195529120,200,http://172.169.8.253:31112/function/opt-66b-submod-0-latency-25.cdgp
1704042682855750415,1704042691926538220,500,http://172.169.8.253:31112/function/opt-66b-submod-0-latency-25.cdgp
1704042682855837034,1704042692326863285,500,http://172.169.8.253:31112/function/opt-66b-submod-0-latency-25.cdgp
1704042682855930759,1704042692160445743,500,http://172.169.8.253:31112/function/opt-66b-submod-0-latency-25.cdgp
1704042682856005567,1704042691897836529,500,http://172.169.8.253:31112/function/opt-66b-submod-0-latency-25.cdgp
1704042682856071903,1704042687354942812,200,http://172.169.8.253:31112/function/opt-66b-submod-0-latency-25.cdgp
1704042682856137606,1704042692155766447,500,http://172.169.8.253:31112/function/opt-66b-submod-0-latency-25.cdgp
1704042682873105248,1704042687159130783,200,http://172.169.8.253:31112/function/opt-66b-submod-0-latency-25.cdgp
1704042682873194291,1704042692155167744,500,http://172.169.8.253:31112/function/opt-66b-submod-0-latency-25.cdgp
1704042682873351107,1704042692393104381,500,http://172.169.8.253:31112/function/opt-66b-submod-0-latency-25.cdgp
1704042682873419779,1704042685110591120,200,http://172.169.8.253:31112/function/opt-66b-submod-0-latency-25.cdgp
1704042682873698418,1704042692392684835,500,http://172.169.8.253:31112/function/opt-66b-submod-0-latency-25.cdgp
1704042682873862838,1704042692123980138,500,http://172.169.8.253:31112/function/opt-66b-submod-0-latency-25.cdgp
1704042682873937427,1704042684252396043,200,http://172.169.8.253:31112/function/opt-66b-submod-0-latency-25.cdgp
1704042682873944860,1704042692324490636,500,http://172.169.8.253:31112/function/opt-66b-submod-0-latency-25.cdgp
1704042682873978917,1704042691927492307,500,http://172.169.8.253:31112/function/opt-66b-submod-0-latency-25.cdgp
1704042682874026764,1704042687040598299,200,http://172.169.8.253:31112/function/opt-66b-submod-0-latency-25.cdgp
1704042682874103635,1704042684378467937,200,http://172.169.8.253:31112/function/opt-66b-submod-0-latency-25.cdgp
1704042682874165291,1704042692325209584,500,http://172.169.8.253:31112/function/opt-66b-submod-0-latency-25.cdgp
1704042682874223430,1704042684715095807,200,http://172.169.8.253:31112/function/opt-66b-submod-0-latency-25.cdgp
1704042682879253189,1704042685151429077,200,http://172.169.8.253:31112/function/opt-66b-submod-0-latency-25.cdgp
1704042683079792489,1704042688258537415,200,http://172.169.8.253:31112/function/opt-66b-submod-0-latency-25.cdgp
1704042683079951395,1704042692287209084,500,http://172.169.8.253:31112/function/opt-66b-submod-0-latency-25.cdgp
1704042683080016859,1704042692371422624,500,http://172.169.8.253:31112/function/opt-66b-submod-0-latency-25.cdgp
1704042683080086467,1704042692643257611,500,http://172.169.8.253:31112/function/opt-66b-submod-0-latency-25.cdgp
1704042683080109917,1704042684715069873,200,http://172.169.8.253:31112/function/opt-66b-submod-0-latency-25.cdgp
1704042683080208396,1704042688321007988,200,http://172.169.8.253:31112/function/opt-66b-submod-0-latency-25.cdgp
1704042683080288476,1704042687566312700,200,http://172.169.8.253:31112/function/opt-66b-submod-0-latency-25.cdgp
1704042683080387731,1704042684619671874,200,http://172.169.8.253:31112/function/opt-66b-submod-0-latency-25.cdgp
1704042683080432566,1704042692591872023,500,http://172.169.8.253:31112/function/opt-66b-submod-0-latency-25.cdgp
1704042683080504451,1704042685615983669,200,http://172.169.8.253:31112/function/opt-66b-submod-0-latency-25.cdgp
1704042683080546911,1704042684909095031,200,http://172.169.8.253:31112/function/opt-66b-submod-0-latency-25.cdgp
1704042683080655769,1704042685847761377,200,http://172.169.8.253:31112/function/opt-66b-submod-0-latency-25.cdgp
1704042683080753877,1704042687529805862,200,http://172.169.8.253:31112/function/opt-66b-submod-0-latency-25.cdgp
1704042683080787538,1704042692408571671,500,http://172.169.8.253:31112/function/opt-66b-submod-0-latency-25.cdgp
1704042683080870499,1704042692634606528,500,http://172.169.8.253:31112/function/opt-66b-submod-0-latency-25.cdgp
1704042683080938914,1704042692409017512,500,http://172.169.8.253:31112/function/opt-66b-submod-0-latency-25.cdgp
1704042683080977077,1704042685679760787,200,http://172.169.8.253:31112/function/opt-66b-submod-0-latency-25.cdgp
1704042683081052628,1704042692632978166,500,http://172.169.8.253:31112/function/opt-66b-submod-0-latency-25.cdgp
1704042683081148883,1704042692590591314,500,http://172.169.8.253:31112/function/opt-66b-submod-0-latency-25.cdgp
1704042683081221742,1704042692447569871,500,http://172.169.8.253:31112/function/opt-66b-submod-0-latency-25.cdgp
1704042683081244533,1704042692817510108,500,http://172.169.8.253:31112/function/opt-66b-submod-0-latency-25.cdgp
1704042683081313808,1704042686376822321,200,http://172.169.8.253:31112/function/opt-66b-submod-0-latency-25.cdgp
1704042683081458018,1704042692809041688,500,http://172.169.8.253:31112/function/opt-66b-submod-0-latency-25.cdgp
1704042683081532087,1704042692641365424,500,http://172.169.8.253:31112/function/opt-66b-submod-0-latency-25.cdgp
1704042683081604867,1704042692590105318,500,http://172.169.8.253:31112/function/opt-66b-submod-0-latency-25.cdgp
1704042684406466393,1704042686001020117,200,http://172.169.8.253:31112/function/opt-66b-submod-0-latency-25.cdgp
1704042684406549357,1704042693699609279,500,http://172.169.8.253:31112/function/opt-66b-submod-0-latency-25.cdgp
1704042684406646347,1704042693475631232,500,http://172.169.8.253:31112/function/opt-66b-submod-0-latency-25.cdgp
1704042684406703188,1704042687490224998,200,http://172.169.8.253:31112/function/opt-66b-submod-0-latency-25.cdgp
1704042684406773410,1704042693526992753,500,http://172.169.8.253:31112/function/opt-66b-submod-0-latency-25.cdgp
1704042684406824378,1704042693768972062,500,http://172.169.8.253:31112/function/opt-66b-submod-0-latency-25.cdgp
1704042684406897017,1704042687323589210,200,http://172.169.8.253:31112/function/opt-66b-submod-0-latency-25.cdgp
1704042684406946316,1704042693775609215,500,http://172.169.8.253:31112/function/opt-66b-submod-0-latency-25.cdgp
1704042684407015711,1704042687123428305,200,http://172.169.8.253:31112/function/opt-66b-submod-0-latency-25.cdgp
1704042684407071561,1704042687442937661,200,http://172.169.8.253:31112/function/opt-66b-submod-0-latency-25.cdgp
1704042684407133627,1704042693726608931,500,http://172.169.8.253:31112/function/opt-66b-submod-0-latency-25.cdgp
1704042684407162705,1704042693768989560,500,http://172.169.8.253:31112/function/opt-66b-submod-0-latency-25.cdgp
1704042684407261434,1704042687035616705,200,http://172.169.8.253:31112/function/opt-66b-submod-0-latency-25.cdgp
1704042684407305749,1704042693975876506,500,http://172.169.8.253:31112/function/opt-66b-submod-0-latency-25.cdgp
1704042684407389300,1704042686564680750,200,http://172.169.8.253:31112/function/opt-66b-submod-0-latency-25.cdgp
1704042684407485585,1704042693971625076,500,http://172.169.8.253:31112/function/opt-66b-submod-0-latency-25.cdgp
1704042684407548936,1704042693969751605,500,http://172.169.8.253:31112/function/opt-66b-submod-0-latency-25.cdgp
1704042684407621560,1704042686277781718,200,http://172.169.8.253:31112/function/opt-66b-submod-0-latency-25.cdgp
1704042684407686771,1704042687181622880,200,http://172.169.8.253:31112/function/opt-66b-submod-0-latency-25.cdgp
1704042684407719706,1704042686279248978,200,http://172.169.8.253:31112/function/opt-66b-submod-0-latency-25.cdgp
1704042684407801862,1704042687603096619,200,http://172.169.8.253:31112/function/opt-66b-submod-0-latency-25.cdgp
1704042684407852585,1704042693966369657,500,http://172.169.8.253:31112/function/opt-66b-submod-0-latency-25.cdgp
1704042684407949239,1704042687490522654,200,http://172.169.8.253:31112/function/opt-66b-submod-0-latency-25.cdgp
1704042684408010321,1704042693652760067,500,http://172.169.8.253:31112/function/opt-66b-submod-0-latency-25.cdgp
1704042684408050224,1704042693964619303,500,http://172.169.8.253:31112/function/opt-66b-submod-0-latency-25.cdgp
1704042684408121918,1704042687663869020,200,http://172.169.8.253:31112/function/opt-66b-submod-0-latency-25.cdgp
1704042684408212792,1704042688273761928,200,http://172.169.8.253:31112/function/opt-66b-submod-0-latency-25.cdgp
1704042684408236466,1704042693654955300,500,http://172.169.8.253:31112/function/opt-66b-submod-0-latency-25.cdgp
1704042684408976788,1704042686892659825,200,http://172.169.8.253:31112/function/opt-66b-submod-0-latency-25.cdgp
1704042684409052207,1704042693912662775,500,http://172.169.8.253:31112/function/opt-66b-submod-0-latency-25.cdgp
1704042684409111643,1704042693920567143,500,http://172.169.8.253:31112/function/opt-66b-submod-0-latency-25.cdgp
1704042684409323372,1704042693958979498,500,http://172.169.8.253:31112/function/opt-66b-submod-0-latency-25.cdgp
1704042684409355313,1704042693918634993,500,http://172.169.8.253:31112/function/opt-66b-submod-0-latency-25.cdgp
1704042684409456309,1704042688429492767,200,http://172.169.8.253:31112/function/opt-66b-submod-0-latency-25.cdgp
1704042684409545753,1704042688407440243,200,http://172.169.8.253:31112/function/opt-66b-submod-0-latency-25.cdgp
1704042684409620747,1704042693715398504,500,http://172.169.8.253:31112/function/opt-66b-submod-0-latency-25.cdgp
1704042684409694096,1704042693967914127,500,http://172.169.8.253:31112/function/opt-66b-submod-0-latency-25.cdgp
1704042684409781993,1704042686177828493,200,http://172.169.8.253:31112/function/opt-66b-submod-0-latency-25.cdgp
1704042684409875172,1704042693916733372,500,http://172.169.8.253:31112/function/opt-66b-submod-0-latency-25.cdgp
1704042685338571511,1704042694451391977,500,http://172.169.8.253:31112/function/opt-66b-submod-0-latency-25.cdgp
1704042685338657077,1704042688443558387,200,http://172.169.8.253:31112/function/opt-66b-submod-0-latency-25.cdgp
1704042685338768060,1704042687398965865,200,http://172.169.8.253:31112/function/opt-66b-submod-0-latency-25.cdgp
1704042685338831893,1704042686935498986,200,http://172.169.8.253:31112/function/opt-66b-submod-0-latency-25.cdgp
1704042685338865943,1704042694523087440,500,http://172.169.8.253:31112/function/opt-66b-submod-0-latency-25.cdgp
1704042685338950587,1704042694422386341,500,http://172.169.8.253:31112/function/opt-66b-submod-0-latency-25.cdgp
1704042685339004497,1704042686939416694,200,http://172.169.8.253:31112/function/opt-66b-submod-0-latency-25.cdgp
1704042685339070045,1704042694561827524,500,http://172.169.8.253:31112/function/opt-66b-submod-0-latency-25.cdgp
1704042685339119695,1704042694498250741,500,http://172.169.8.253:31112/function/opt-66b-submod-0-latency-25.cdgp
1704042685339191859,1704042694923230942,500,http://172.169.8.253:31112/function/opt-66b-submod-0-latency-25.cdgp
1704042685339261203,1704042694807110629,500,http://172.169.8.253:31112/function/opt-66b-submod-0-latency-25.cdgp
1704042685339299297,1704042694858727677,500,http://172.169.8.253:31112/function/opt-66b-submod-0-latency-25.cdgp
1704042685339401995,1704042694562675354,500,http://172.169.8.253:31112/function/opt-66b-submod-0-latency-25.cdgp
1704042685339431043,1704042694710490199,500,http://172.169.8.253:31112/function/opt-66b-submod-0-latency-25.cdgp
1704042685339571019,1704042688684785382,200,http://172.169.8.253:31112/function/opt-66b-submod-0-latency-25.cdgp
1704042685339654367,1704042694513958788,500,http://172.169.8.253:31112/function/opt-66b-submod-0-latency-25.cdgp
1704042685339680989,1704042694878880097,500,http://172.169.8.253:31112/function/opt-66b-submod-0-latency-25.cdgp
1704042685339733633,1704042688122205756,200,http://172.169.8.253:31112/function/opt-66b-submod-0-latency-25.cdgp
1704042685339800453,1704042687478832136,200,http://172.169.8.253:31112/function/opt-66b-submod-0-latency-25.cdgp
1704042685339898266,1704042694889138121,500,http://172.169.8.253:31112/function/opt-66b-submod-0-latency-25.cdgp
1704042685339977286,1704042694891174107,500,http://172.169.8.253:31112/function/opt-66b-submod-0-latency-25.cdgp
1704042685340060530,1704042694666921692,500,http://172.169.8.253:31112/function/opt-66b-submod-0-latency-25.cdgp
1704042685340129375,1704042687805074021,200,http://172.169.8.253:31112/function/opt-66b-submod-0-latency-25.cdgp
1704042685340196390,1704042688515859180,200,http://172.169.8.253:31112/function/opt-66b-submod-0-latency-25.cdgp
1704042685340286656,1704042688635427101,200,http://172.169.8.253:31112/function/opt-66b-submod-0-latency-25.cdgp
1704042685340369344,1704042694876573056,500,http://172.169.8.253:31112/function/opt-66b-submod-0-latency-25.cdgp
1704042685340428582,1704042694802929754,500,http://172.169.8.253:31112/function/opt-66b-submod-0-latency-25.cdgp
1704042685340535788,1704042688486625058,200,http://172.169.8.253:31112/function/opt-66b-submod-0-latency-25.cdgp
1704042685340617393,1704042687660154375,200,http://172.169.8.253:31112/function/opt-66b-submod-0-latency-25.cdgp
1704042685340717836,1704042687479998678,200,http://172.169.8.253:31112/function/opt-66b-submod-0-latency-25.cdgp
1704042685340754866,1704042694881657874,500,http://172.169.8.253:31112/function/opt-66b-submod-0-latency-25.cdgp
1704042685340813059,1704042694924400083,500,http://172.169.8.253:31112/function/opt-66b-submod-0-latency-25.cdgp
1704042685340889290,1704042688548355150,200,http://172.169.8.253:31112/function/opt-66b-submod-0-latency-25.cdgp
1704042685351577255,1704042694888154662,500,http://172.169.8.253:31112/function/opt-66b-submod-0-latency-25.cdgp
1704042685406627807,1704042688404823703,200,http://172.169.8.253:31112/function/opt-66b-submod-0-latency-25.cdgp
1704042685406736260,1704042694879990560,500,http://172.169.8.253:31112/function/opt-66b-submod-0-latency-25.cdgp
1704042685406811026,1704042687353763529,200,http://172.169.8.253:31112/function/opt-66b-submod-0-latency-25.cdgp
1704042685406895365,1704042688382731663,200,http://172.169.8.253:31112/function/opt-66b-submod-0-latency-25.cdgp
1704042686008005038,1704042695307600112,500,http://172.169.8.253:31112/function/opt-66b-submod-0-latency-25.cdgp
1704042686008123324,1704042688945999369,200,http://172.169.8.253:31112/function/opt-66b-submod-0-latency-25.cdgp
1704042686008202995,1704042695643438983,500,http://172.169.8.253:31112/function/opt-66b-submod-0-latency-25.cdgp
1704042686008274832,1704042695671522060,500,http://172.169.8.253:31112/function/opt-66b-submod-0-latency-25.cdgp
1704042686008370878,1704042688634902748,200,http://172.169.8.253:31112/function/opt-66b-submod-0-latency-25.cdgp
1704042686008436463,1704042688836468874,200,http://172.169.8.253:31112/function/opt-66b-submod-0-latency-25.cdgp
1704042686008461369,1704042695277889044,500,http://172.169.8.253:31112/function/opt-66b-submod-0-latency-25.cdgp
1704042686008517030,1704042695091579571,500,http://172.169.8.253:31112/function/opt-66b-submod-0-latency-25.cdgp
1704042686008603644,1704042695683842041,500,http://172.169.8.253:31112/function/opt-66b-submod-0-latency-25.cdgp
1704042686008678691,1704042695433335463,500,http://172.169.8.253:31112/function/opt-66b-submod-0-latency-25.cdgp
1704042686008712211,1704042688812810040,200,http://172.169.8.253:31112/function/opt-66b-submod-0-latency-25.cdgp
1704042686008804177,1704042688049118753,200,http://172.169.8.253:31112/function/opt-66b-submod-0-latency-25.cdgp
1704042686008829083,1704042695277692109,504,http://172.169.8.253:31112/function/opt-66b-submod-0-latency-25.cdgp
1704042686008912758,1704042688159121334,200,http://172.169.8.253:31112/function/opt-66b-submod-0-latency-25.cdgp
1704042686008990130,1704042695467192321,500,http://172.169.8.253:31112/function/opt-66b-submod-0-latency-25.cdgp
1704042686009024134,1704042688945553264,200,http://172.169.8.253:31112/function/opt-66b-submod-0-latency-25.cdgp
1704042686009126825,1704042688257285874,200,http://172.169.8.253:31112/function/opt-66b-submod-0-latency-25.cdgp
1704042686009175102,1704042695467519025,500,http://172.169.8.253:31112/function/opt-66b-submod-0-latency-25.cdgp
1704042686009293291,1704042695386559574,504,http://172.169.8.253:31112/function/opt-66b-submod-0-latency-25.cdgp
1704042686009366683,1704042695467073455,500,http://172.169.8.253:31112/function/opt-66b-submod-0-latency-25.cdgp
1704042686009463865,1704042688814231873,200,http://172.169.8.253:31112/function/opt-66b-submod-0-latency-25.cdgp
1704042686009530242,1704042695460451096,500,http://172.169.8.253:31112/function/opt-66b-submod-0-latency-25.cdgp
1704042686009592179,1704042695459542243,500,http://172.169.8.253:31112/function/opt-66b-submod-0-latency-25.cdgp
1704042686009665863,1704042687468299952,200,http://172.169.8.253:31112/function/opt-66b-submod-0-latency-25.cdgp
1704042686009707170,1704042695460442804,500,http://172.169.8.253:31112/function/opt-66b-submod-0-latency-25.cdgp
1704042686009768506,1704042687821102258,200,http://172.169.8.253:31112/function/opt-66b-submod-0-latency-25.cdgp
1704042686009823263,1704042695387221137,500,http://172.169.8.253:31112/function/opt-66b-submod-0-latency-25.cdgp
1704042686009909934,1704042695388600394,500,http://172.169.8.253:31112/function/opt-66b-submod-0-latency-25.cdgp
1704042686009939866,1704042688946609753,200,http://172.169.8.253:31112/function/opt-66b-submod-0-latency-25.cdgp
1704042686010011473,1704042688622630932,200,http://172.169.8.253:31112/function/opt-66b-submod-0-latency-25.cdgp
1704042686089776586,1704042688427655730,200,http://172.169.8.253:31112/function/opt-66b-submod-0-latency-25.cdgp
1704042686089873610,1704042688045174584,200,http://172.169.8.253:31112/function/opt-66b-submod-0-latency-25.cdgp
1704042686090005398,1704042688944788917,200,http://172.169.8.253:31112/function/opt-66b-submod-0-latency-25.cdgp
1704042686090073622,1704042695642253066,500,http://172.169.8.253:31112/function/opt-66b-submod-0-latency-25.cdgp
1704042686090119465,1704042687641873642,200,http://172.169.8.253:31112/function/opt-66b-submod-0-latency-25.cdgp
1704042686090213467,1704042695458952905,500,http://172.169.8.253:31112/function/opt-66b-submod-0-latency-25.cdgp
1704042686090273216,1704042695642699595,500,http://172.169.8.253:31112/function/opt-66b-submod-0-latency-25.cdgp
1704042686090329534,1704042688815030143,200,http://172.169.8.253:31112/function/opt-66b-submod-0-latency-25.cdgp
1704042688329115665,1704042697471829398,500,http://172.169.8.253:31112/function/opt-66b-submod-0-latency-25.cdgp
1704042688329197916,1704042689399080650,200,http://172.169.8.253:31112/function/opt-66b-submod-0-latency-25.cdgp
1704042688329349998,1704042697427541485,500,http://172.169.8.253:31112/function/opt-66b-submod-0-latency-25.cdgp
1704042688679878374,1704042689888092058,200,http://172.169.8.253:31112/function/opt-66b-submod-0-latency-25.cdgp
1704042688679994561,1704042698027678359,500,http://172.169.8.253:31112/function/opt-66b-submod-0-latency-25.cdgp
1704042688680093548,1704042689697741287,200,http://172.169.8.253:31112/function/opt-66b-submod-0-latency-25.cdgp
1704042688680163983,1704042698357912562,500,http://172.169.8.253:31112/function/opt-66b-submod-0-latency-25.cdgp
1704042688680244058,1704042690629730116,200,http://172.169.8.253:31112/function/opt-66b-submod-0-latency-25.cdgp
1704042688680280661,1704042690136148112,200,http://172.169.8.253:31112/function/opt-66b-submod-0-latency-25.cdgp
1704042688680361021,1704042698359817533,500,http://172.169.8.253:31112/function/opt-66b-submod-0-latency-25.cdgp
1704042688680437539,1704042690903648299,200,http://172.169.8.253:31112/function/opt-66b-submod-0-latency-25.cdgp
1704042688680493209,1704042691224292301,200,http://172.169.8.253:31112/function/opt-66b-submod-0-latency-25.cdgp
1704042688680564992,1704042698318589287,500,http://172.169.8.253:31112/function/opt-66b-submod-0-latency-25.cdgp
1704042688680634532,1704042698036097630,500,http://172.169.8.253:31112/function/opt-66b-submod-0-latency-25.cdgp
1704042688680683573,1704042689856737834,200,http://172.169.8.253:31112/function/opt-66b-submod-0-latency-25.cdgp
1704042688680747531,1704042698356702720,500,http://172.169.8.253:31112/function/opt-66b-submod-0-latency-25.cdgp
1704042688680811866,1704042689921068405,200,http://172.169.8.253:31112/function/opt-66b-submod-0-latency-25.cdgp
1704042688680886027,1704042689768343880,200,http://172.169.8.253:31112/function/opt-66b-submod-0-latency-25.cdgp
1704042688680949381,1704042689794171618,200,http://172.169.8.253:31112/function/opt-66b-submod-0-latency-25.cdgp
1704042688680979995,1704042698244644310,500,http://172.169.8.253:31112/function/opt-66b-submod-0-latency-25.cdgp
1704042688681060812,1704042698358656889,500,http://172.169.8.253:31112/function/opt-66b-submod-0-latency-25.cdgp
1704042688681141727,1704042689768762104,200,http://172.169.8.253:31112/function/opt-66b-submod-0-latency-25.cdgp
1704042688681239038,1704042698357197603,500,http://172.169.8.253:31112/function/opt-66b-submod-0-latency-25.cdgp
1704042688681322342,1704042690515927048,200,http://172.169.8.253:31112/function/opt-66b-submod-0-latency-25.cdgp
1704042688681347994,1704042689919541493,200,http://172.169.8.253:31112/function/opt-66b-submod-0-latency-25.cdgp
1704042688681411369,1704042689795768561,200,http://172.169.8.253:31112/function/opt-66b-submod-0-latency-25.cdgp
1704042688681491435,1704042690130928055,200,http://172.169.8.253:31112/function/opt-66b-submod-0-latency-25.cdgp
1704042688681569754,1704042698318078560,500,http://172.169.8.253:31112/function/opt-66b-submod-0-latency-25.cdgp
1704042688943336992,1704042690559480523,200,http://172.169.8.253:31112/function/opt-66b-submod-0-latency-25.cdgp
1704042688943421495,1704042690755518701,200,http://172.169.8.253:31112/function/opt-66b-submod-0-latency-25.cdgp
1704042688943536930,1704042698395648821,500,http://172.169.8.253:31112/function/opt-66b-submod-0-latency-25.cdgp
1704042688943608494,1704042690355375849,200,http://172.169.8.253:31112/function/opt-66b-submod-0-latency-25.cdgp
1704042688943672078,1704042690559637563,200,http://172.169.8.253:31112/function/opt-66b-submod-0-latency-25.cdgp
1704042688948790575,1704042698359436780,500,http://172.169.8.253:31112/function/opt-66b-submod-0-latency-25.cdgp
1704042688958576686,1704042690978971373,200,http://172.169.8.253:31112/function/opt-66b-submod-0-latency-25.cdgp
1704042688958656935,1704042690979936212,200,http://172.169.8.253:31112/function/opt-66b-submod-0-latency-25.cdgp
1704042688958742517,1704042697993975027,500,http://172.169.8.253:31112/function/opt-66b-submod-0-latency-25.cdgp
1704042689021452430,1704042698317741019,500,http://172.169.8.253:31112/function/opt-66b-submod-0-latency-25.cdgp
1704042689021552972,1704042691454498093,200,http://172.169.8.253:31112/function/opt-66b-submod-0-latency-25.cdgp
1704042689021637006,1704042698853441836,504,http://172.169.8.253:31112/function/opt-66b-submod-0-latency-25.cdgp
1704042689021687443,1704042691223909333,200,http://172.169.8.253:31112/function/opt-66b-submod-0-latency-25.cdgp
1704042689021764741,1704042690163486631,200,http://172.169.8.253:31112/function/opt-66b-submod-0-latency-25.cdgp
1704042689021819020,1704042698358272091,500,http://172.169.8.253:31112/function/opt-66b-submod-0-latency-25.cdgp
1704042689021888287,1704042698866310610,500,http://172.169.8.253:31112/function/opt-66b-submod-0-latency-25.cdgp
1704042689021925077,1704042691192836968,200,http://172.169.8.253:31112/function/opt-66b-submod-0-latency-25.cdgp
1704042689022011341,1704042690396544981,200,http://172.169.8.253:31112/function/opt-66b-submod-0-latency-25.cdgp
1704042689022042271,1704042698376617743,500,http://172.169.8.253:31112/function/opt-66b-submod-0-latency-25.cdgp
1704042689022128560,1704042691142167723,200,http://172.169.8.253:31112/function/opt-66b-submod-0-latency-25.cdgp
1704042689022190418,1704042698856750521,500,http://172.169.8.253:31112/function/opt-66b-submod-0-latency-25.cdgp
1704042689022252263,1704042698286485754,500,http://172.169.8.253:31112/function/opt-66b-submod-0-latency-25.cdgp
1704042689022302280,1704042699023393188,500,http://172.169.8.253:31112/function/opt-66b-submod-0-latency-25.cdgp
1704042689022380069,1704042690513905141,200,http://172.169.8.253:31112/function/opt-66b-submod-0-latency-25.cdgp
1704042689022452971,1704042691436422360,200,http://172.169.8.253:31112/function/opt-66b-submod-0-latency-25.cdgp
1704042689022548164,1704042690627107902,200,http://172.169.8.253:31112/function/opt-66b-submod-0-latency-25.cdgp
1704042689022623900,1704042691296477626,200,http://172.169.8.253:31112/function/opt-66b-submod-0-latency-25.cdgp
1704042689022678308,1704042691453792223,200,http://172.169.8.253:31112/function/opt-66b-submod-0-latency-25.cdgp
1704042689022717214,1704042698674429465,500,http://172.169.8.253:31112/function/opt-66b-submod-0-latency-25.cdgp
1704042689022859041,1704042691451545667,200,http://172.169.8.253:31112/function/opt-66b-submod-0-latency-25.cdgp
1704042689022887280,1704042690515828449,200,http://172.169.8.253:31112/function/opt-66b-submod-0-latency-25.cdgp
1704042689022982298,1704042698332784929,500,http://172.169.8.253:31112/function/opt-66b-submod-0-latency-25.cdgp
1704042689023010352,1704042691223914055,200,http://172.169.8.253:31112/function/opt-66b-submod-0-latency-25.cdgp
1704042689023071765,1704042698856393918,500,http://172.169.8.253:31112/function/opt-66b-submod-0-latency-25.cdgp
1704042689023156379,1704042698867018039,500,http://172.169.8.253:31112/function/opt-66b-submod-0-latency-25.cdgp
1704042689023222987,1704042691919394154,200,http://172.169.8.253:31112/function/opt-66b-submod-0-latency-25.cdgp
1704042689023242691,1704042698901726351,500,http://172.169.8.253:31112/function/opt-66b-submod-0-latency-25.cdgp
1704042689023277098,1704042690906521976,200,http://172.169.8.253:31112/function/opt-66b-submod-0-latency-25.cdgp
1704042689023356522,1704042698675145605,500,http://172.169.8.253:31112/function/opt-66b-submod-0-latency-25.cdgp
1704042689023430854,1704042690957115147,200,http://172.169.8.253:31112/function/opt-66b-submod-0-latency-25.cdgp
1704042689023502674,1704042698331116728,500,http://172.169.8.253:31112/function/opt-66b-submod-0-latency-25.cdgp
1704042689023535369,1704042698858536140,500,http://172.169.8.253:31112/function/opt-66b-submod-0-latency-25.cdgp
1704042689023631975,1704042698907703611,500,http://172.169.8.253:31112/function/opt-66b-submod-0-latency-25.cdgp
1704042689023657096,1704042698857364582,500,http://172.169.8.253:31112/function/opt-66b-submod-0-latency-25.cdgp
1704042689023730690,1704042691453069705,200,http://172.169.8.253:31112/function/opt-66b-submod-0-latency-25.cdgp
1704042689023812867,1704042690979918141,200,http://172.169.8.253:31112/function/opt-66b-submod-0-latency-25.cdgp
1704042689023875668,1704042698280843017,500,http://172.169.8.253:31112/function/opt-66b-submod-0-latency-25.cdgp
1704042689046236708,1704042691491472288,200,http://172.169.8.253:31112/function/opt-66b-submod-0-latency-25.cdgp
1704042689046319642,1704042691788687810,200,http://172.169.8.253:31112/function/opt-66b-submod-0-latency-25.cdgp
1704042689046398419,1704042690713567119,200,http://172.169.8.253:31112/function/opt-66b-submod-0-latency-25.cdgp
1704042689046457417,1704042691913346176,200,http://172.169.8.253:31112/function/opt-66b-submod-0-latency-25.cdgp
1704042689046522195,1704042690979799872,200,http://172.169.8.253:31112/function/opt-66b-submod-0-latency-25.cdgp
1704042689059932216,1704042691437060164,200,http://172.169.8.253:31112/function/opt-66b-submod-0-latency-25.cdgp
1704042689059976085,1704042698674428916,500,http://172.169.8.253:31112/function/opt-66b-submod-0-latency-25.cdgp
1704042689060059167,1704042698674910282,500,http://172.169.8.253:31112/function/opt-66b-submod-0-latency-25.cdgp
1704042689060119615,1704042698729937065,500,http://172.169.8.253:31112/function/opt-66b-submod-0-latency-25.cdgp
1704042689060191818,1704042691450889869,200,http://172.169.8.253:31112/function/opt-66b-submod-0-latency-25.cdgp
1704042689060232648,1704042698717912568,500,http://172.169.8.253:31112/function/opt-66b-submod-0-latency-25.cdgp
1704042689060313275,1704042698728977710,500,http://172.169.8.253:31112/function/opt-66b-submod-0-latency-25.cdgp
1704042689060434245,1704042691922387751,200,http://172.169.8.253:31112/function/opt-66b-submod-0-latency-25.cdgp
1704042689060527703,1704042690694616217,200,http://172.169.8.253:31112/function/opt-66b-submod-0-latency-25.cdgp
1704042689060644449,1704042691921824524,200,http://172.169.8.253:31112/function/opt-66b-submod-0-latency-25.cdgp
1704042689076188746,1704042692392063240,200,http://172.169.8.253:31112/function/opt-66b-submod-0-latency-25.cdgp
1704042689920295497,1704042699219573361,500,http://172.169.8.253:31112/function/opt-66b-submod-0-latency-25.cdgp
1704042689920403189,1704042691924209741,200,http://172.169.8.253:31112/function/opt-66b-submod-0-latency-25.cdgp
1704042689920501966,1704042692225836208,200,http://172.169.8.253:31112/function/opt-66b-submod-0-latency-25.cdgp
1704042689920549589,1704042698923507646,500,http://172.169.8.253:31112/function/opt-66b-submod-0-latency-25.cdgp
1704042689920633093,1704042699209677951,500,http://172.169.8.253:31112/function/opt-66b-submod-0-latency-25.cdgp
1704042689920685582,1704042699229777144,500,http://172.169.8.253:31112/function/opt-66b-submod-0-latency-25.cdgp
1704042689920762348,1704042692195476877,200,http://172.169.8.253:31112/function/opt-66b-submod-0-latency-25.cdgp
1704042689920809959,1704042699255582112,500,http://172.169.8.253:31112/function/opt-66b-submod-0-latency-25.cdgp
1704042689920880478,1704042691019558412,200,http://172.169.8.253:31112/function/opt-66b-submod-0-latency-25.cdgp
1704042689920940945,1704042692391689608,200,http://172.169.8.253:31112/function/opt-66b-submod-0-latency-25.cdgp
1704042690238747083,1704042699358511818,500,http://172.169.8.253:31112/function/opt-66b-submod-0-latency-25.cdgp
1704042690238826412,1704042699359394320,500,http://172.169.8.253:31112/function/opt-66b-submod-0-latency-25.cdgp
1704042690238927691,1704042699208744631,500,http://172.169.8.253:31112/function/opt-66b-submod-0-latency-25.cdgp
1704042690239016779,1704042692394792830,200,http://172.169.8.253:31112/function/opt-66b-submod-0-latency-25.cdgp
1704042690239077112,1704042699249656970,500,http://172.169.8.253:31112/function/opt-66b-submod-0-latency-25.cdgp
1704042690239149753,1704042699359582098,500,http://172.169.8.253:31112/function/opt-66b-submod-0-latency-25.cdgp
1704042690239211884,1704042699354723905,500,http://172.169.8.253:31112/function/opt-66b-submod-0-latency-25.cdgp
1704042690239278050,1704042692013503937,200,http://172.169.8.253:31112/function/opt-66b-submod-0-latency-25.cdgp
1704042690239342640,1704042692390013405,200,http://172.169.8.253:31112/function/opt-66b-submod-0-latency-25.cdgp
1704042690268951440,1704042699584218783,500,http://172.169.8.253:31112/function/opt-66b-submod-0-latency-25.cdgp
1704042690269041243,1704042699491625815,500,http://172.169.8.253:31112/function/opt-66b-submod-0-latency-25.cdgp
1704042690269191475,1704042699471581581,500,http://172.169.8.253:31112/function/opt-66b-submod-0-latency-25.cdgp
1704042690269258330,1704042699360033695,500,http://172.169.8.253:31112/function/opt-66b-submod-0-latency-25.cdgp
1704042690269283726,1704042692451606465,200,http://172.169.8.253:31112/function/opt-66b-submod-0-latency-25.cdgp
1704042690269385551,1704042699358937921,500,http://172.169.8.253:31112/function/opt-66b-submod-0-latency-25.cdgp
1704042690269432547,1704042692839961464,200,http://172.169.8.253:31112/function/opt-66b-submod-0-latency-25.cdgp
1704042690269539626,1704042692325508982,200,http://172.169.8.253:31112/function/opt-66b-submod-0-latency-25.cdgp
1704042690269617027,1704042699448434212,500,http://172.169.8.253:31112/function/opt-66b-submod-0-latency-25.cdgp
1704042690269743343,1704042699445278739,500,http://172.169.8.253:31112/function/opt-66b-submod-0-latency-25.cdgp
1704042690269928788,1704042699446236539,500,http://172.169.8.253:31112/function/opt-66b-submod-0-latency-25.cdgp
1704042690270013190,1704042699637616177,500,http://172.169.8.253:31112/function/opt-66b-submod-0-latency-25.cdgp
1704042690270095848,1704042699739026983,500,http://172.169.8.253:31112/function/opt-66b-submod-0-latency-25.cdgp
1704042690270194063,1704042691922572031,200,http://172.169.8.253:31112/function/opt-66b-submod-0-latency-25.cdgp
1704042690283601912,1704042692394039997,200,http://172.169.8.253:31112/function/opt-66b-submod-0-latency-25.cdgp
1704042690287968905,1704042692676511209,200,http://172.169.8.253:31112/function/opt-66b-submod-0-latency-25.cdgp
1704042690314967385,1704042692408412519,200,http://172.169.8.253:31112/function/opt-66b-submod-0-latency-25.cdgp
1704042690315051102,1704042699581111441,500,http://172.169.8.253:31112/function/opt-66b-submod-0-latency-25.cdgp
1704042690315130991,1704042699740981476,500,http://172.169.8.253:31112/function/opt-66b-submod-0-latency-25.cdgp
1704042690315194204,1704042699782245327,500,http://172.169.8.253:31112/function/opt-66b-submod-0-latency-25.cdgp
1704042690315262987,1704042699635350273,500,http://172.169.8.253:31112/function/opt-66b-submod-0-latency-25.cdgp
1704042690315350590,1704042699744034615,500,http://172.169.8.253:31112/function/opt-66b-submod-0-latency-25.cdgp
1704042690315431287,1704042693010405655,200,http://172.169.8.253:31112/function/opt-66b-submod-0-latency-25.cdgp
1704042690315524289,1704042692667649379,200,http://172.169.8.253:31112/function/opt-66b-submod-0-latency-25.cdgp
1704042690315551770,1704042699592575470,500,http://172.169.8.253:31112/function/opt-66b-submod-0-latency-25.cdgp
1704042690315720483,1704042699636563433,500,http://172.169.8.253:31112/function/opt-66b-submod-0-latency-25.cdgp
1704042690315808140,1704042699550279763,500,http://172.169.8.253:31112/function/opt-66b-submod-0-latency-25.cdgp
1704042690315893854,1704042692888542583,200,http://172.169.8.253:31112/function/opt-66b-submod-0-latency-25.cdgp
1704042690315962326,1704042699549013649,500,http://172.169.8.253:31112/function/opt-66b-submod-0-latency-25.cdgp
1704042690320431407,1704042692805083957,200,http://172.169.8.253:31112/function/opt-66b-submod-0-latency-25.cdgp
1704042690320531891,1704042692838599485,200,http://172.169.8.253:31112/function/opt-66b-submod-0-latency-25.cdgp
1704042690320668521,1704042699636949397,500,http://172.169.8.253:31112/function/opt-66b-submod-0-latency-25.cdgp
1704042690320754933,1704042692836287590,200,http://172.169.8.253:31112/function/opt-66b-submod-0-latency-25.cdgp
1704042690320846916,1704042699472385983,500,http://172.169.8.253:31112/function/opt-66b-submod-0-latency-25.cdgp
1704042690320926908,1704042699551576018,500,http://172.169.8.253:31112/function/opt-66b-submod-0-latency-25.cdgp
1704042690321011759,1704042699582888970,500,http://172.169.8.253:31112/function/opt-66b-submod-0-latency-25.cdgp
1704042690696675760,1704042692415484942,200,http://172.169.8.253:31112/function/opt-66b-submod-0-latency-25.cdgp
1704042690696760159,1704042700067044704,500,http://172.169.8.253:31112/function/opt-66b-submod-0-latency-25.cdgp
1704042690696851104,1704042700649016586,500,http://172.169.8.253:31112/function/opt-66b-submod-0-latency-25.cdgp
1704042690696959733,1704042692964832409,200,http://172.169.8.253:31112/function/opt-66b-submod-0-latency-25.cdgp
1704042690697036936,1704042692967347129,200,http://172.169.8.253:31112/function/opt-66b-submod-0-latency-25.cdgp
1704042690697133348,1704042699741988545,500,http://172.169.8.253:31112/function/opt-66b-submod-0-latency-25.cdgp
1704042690697210188,1704042693649406564,200,http://172.169.8.253:31112/function/opt-66b-submod-0-latency-25.cdgp
1704042690697256740,1704042693310212900,200,http://172.169.8.253:31112/function/opt-66b-submod-0-latency-25.cdgp
1704042690697347455,1704042692410421471,200,http://172.169.8.253:31112/function/opt-66b-submod-0-latency-25.cdgp
1704042690697398858,1704042700649065992,500,http://172.169.8.253:31112/function/opt-66b-submod-0-latency-25.cdgp
1704042690697473199,1704042693791024046,200,http://172.169.8.253:31112/function/opt-66b-submod-0-latency-25.cdgp
1704042690697503689,1704042700649879474,500,http://172.169.8.253:31112/function/opt-66b-submod-0-latency-25.cdgp
1704042690697590035,1704042700171556310,500,http://172.169.8.253:31112/function/opt-66b-submod-0-latency-25.cdgp
1704042690697668444,1704042693781314755,200,http://172.169.8.253:31112/function/opt-66b-submod-0-latency-25.cdgp
1704042690704174395,1704042693220188087,200,http://172.169.8.253:31112/function/opt-66b-submod-0-latency-25.cdgp
1704042690704303429,1704042700649060355,500,http://172.169.8.253:31112/function/opt-66b-submod-0-latency-25.cdgp
1704042690704435302,1704042699816761902,500,http://172.169.8.253:31112/function/opt-66b-submod-0-latency-25.cdgp
1704042690705479595,1704042700012849774,500,http://172.169.8.253:31112/function/opt-66b-submod-0-latency-25.cdgp
1704042690705566642,1704042692369532760,200,http://172.169.8.253:31112/function/opt-66b-submod-0-latency-25.cdgp
1704042690705653277,1704042700289553381,500,http://172.169.8.253:31112/function/opt-66b-submod-0-latency-25.cdgp
1704042690705731608,1704042692847126327,200,http://172.169.8.253:31112/function/opt-66b-submod-0-latency-25.cdgp
1704042690705814801,1704042692607367156,200,http://172.169.8.253:31112/function/opt-66b-submod-0-latency-25.cdgp
1704042690705899689,1704042692367620471,200,http://172.169.8.253:31112/function/opt-66b-submod-0-latency-25.cdgp
1704042690705961619,1704042693651453769,200,http://172.169.8.253:31112/function/opt-66b-submod-0-latency-25.cdgp
1704042690706048539,1704042693786613356,200,http://172.169.8.253:31112/function/opt-66b-submod-0-latency-25.cdgp
1704042690706128207,1704042692970908535,200,http://172.169.8.253:31112/function/opt-66b-submod-0-latency-25.cdgp
1704042690706247863,1704042700093698565,500,http://172.169.8.253:31112/function/opt-66b-submod-0-latency-25.cdgp
1704042690706312202,1704042700076233180,500,http://172.169.8.253:31112/function/opt-66b-submod-0-latency-25.cdgp
1704042690706368663,1704042693529383676,200,http://172.169.8.253:31112/function/opt-66b-submod-0-latency-25.cdgp
1704042690706461025,1704042692962449324,200,http://172.169.8.253:31112/function/opt-66b-submod-0-latency-25.cdgp
1704042690706552755,1704042700649345313,500,http://172.169.8.253:31112/function/opt-66b-submod-0-latency-25.cdgp
1704042690706638415,1704042700377054430,500,http://172.169.8.253:31112/function/opt-66b-submod-0-latency-25.cdgp
1704042690706730174,1704042700649431002,500,http://172.169.8.253:31112/function/opt-66b-submod-0-latency-25.cdgp
1704042690706820784,1704042700093315014,500,http://172.169.8.253:31112/function/opt-66b-submod-0-latency-25.cdgp
1704042690706924616,1704042692410953153,200,http://172.169.8.253:31112/function/opt-66b-submod-0-latency-25.cdgp
1704042690707002129,1704042699969497461,500,http://172.169.8.253:31112/function/opt-66b-submod-0-latency-25.cdgp
1704042690707058753,1704042699864473454,500,http://172.169.8.253:31112/function/opt-66b-submod-0-latency-25.cdgp
1704042690707127026,1704042700649864263,500,http://172.169.8.253:31112/function/opt-66b-submod-0-latency-25.cdgp
1704042690707196393,1704042692836824511,200,http://172.169.8.253:31112/function/opt-66b-submod-0-latency-25.cdgp
1704042690707291687,1704042700093691068,500,http://172.169.8.253:31112/function/opt-66b-submod-0-latency-25.cdgp
1704042690707386370,1704042693531784390,200,http://172.169.8.253:31112/function/opt-66b-submod-0-latency-25.cdgp
1704042690707483208,1704042693533665161,200,http://172.169.8.253:31112/function/opt-66b-submod-0-latency-25.cdgp
1704042690707556371,1704042700285472097,500,http://172.169.8.253:31112/function/opt-66b-submod-0-latency-25.cdgp
1704042690707629047,1704042700433694939,500,http://172.169.8.253:31112/function/opt-66b-submod-0-latency-25.cdgp
1704042690707745717,1704042692635703197,200,http://172.169.8.253:31112/function/opt-66b-submod-0-latency-25.cdgp
1704042690707823943,1704042692965762764,200,http://172.169.8.253:31112/function/opt-66b-submod-0-latency-25.cdgp
1704042690707901008,1704042693006568938,200,http://172.169.8.253:31112/function/opt-66b-submod-0-latency-25.cdgp
1704042690707944921,1704042693342560484,200,http://172.169.8.253:31112/function/opt-66b-submod-0-latency-25.cdgp
1704042690741424723,1704042700635541911,500,http://172.169.8.253:31112/function/opt-66b-submod-0-latency-25.cdgp
1704042690741514005,1704042700591607630,500,http://172.169.8.253:31112/function/opt-66b-submod-0-latency-25.cdgp
1704042690741627332,1704042692805661311,200,http://172.169.8.253:31112/function/opt-66b-submod-0-latency-25.cdgp
1704042690741735244,1704042700649766601,500,http://172.169.8.253:31112/function/opt-66b-submod-0-latency-25.cdgp
1704042690741810818,1704042700591879815,500,http://172.169.8.253:31112/function/opt-66b-submod-0-latency-25.cdgp
1704042690741900270,1704042700376621726,500,http://172.169.8.253:31112/function/opt-66b-submod-0-latency-25.cdgp
1704042690999025141,1704042693495568627,200,http://172.169.8.253:31112/function/opt-66b-submod-0-latency-25.cdgp
1704042690999106762,1704042700639890380,500,http://172.169.8.253:31112/function/opt-66b-submod-0-latency-25.cdgp
1704042690999206772,1704042693969015688,200,http://172.169.8.253:31112/function/opt-66b-submod-0-latency-25.cdgp
1704042690999276774,1704042693802430857,200,http://172.169.8.253:31112/function/opt-66b-submod-0-latency-25.cdgp
1704042690999335792,1704042693733961301,200,http://172.169.8.253:31112/function/opt-66b-submod-0-latency-25.cdgp
1704042690999402644,1704042700475602872,500,http://172.169.8.253:31112/function/opt-66b-submod-0-latency-25.cdgp
1704042690999438285,1704042700711988970,500,http://172.169.8.253:31112/function/opt-66b-submod-0-latency-25.cdgp
1704042690999529945,1704042693691437672,200,http://172.169.8.253:31112/function/opt-66b-submod-0-latency-25.cdgp
1704042690999584784,1704042693611088871,200,http://172.169.8.253:31112/function/opt-66b-submod-0-latency-25.cdgp
1704042690999665929,1704042700691539157,500,http://172.169.8.253:31112/function/opt-66b-submod-0-latency-25.cdgp
1704042690999715489,1704042693862884801,200,http://172.169.8.253:31112/function/opt-66b-submod-0-latency-25.cdgp
1704042690999786733,1704042700834301710,500,http://172.169.8.253:31112/function/opt-66b-submod-0-latency-25.cdgp
1704042690999836700,1704042700833970600,500,http://172.169.8.253:31112/function/opt-66b-submod-0-latency-25.cdgp
1704042690999920368,1704042700788554907,500,http://172.169.8.253:31112/function/opt-66b-submod-0-latency-25.cdgp
1704042690999986896,1704042701001181091,500,http://172.169.8.253:31112/function/opt-66b-submod-0-latency-25.cdgp
1704042691000047025,1704042694293886625,200,http://172.169.8.253:31112/function/opt-66b-submod-0-latency-25.cdgp
1704042691000059654,1704042700833160879,500,http://172.169.8.253:31112/function/opt-66b-submod-0-latency-25.cdgp
1704042691000139076,1704042700842346107,500,http://172.169.8.253:31112/function/opt-66b-submod-0-latency-25.cdgp
1704042691000178558,1704042693011544419,200,http://172.169.8.253:31112/function/opt-66b-submod-0-latency-25.cdgp
1704042691000284940,1704042693017871640,200,http://172.169.8.253:31112/function/opt-66b-submod-0-latency-25.cdgp
1704042691000349964,1704042693900482785,200,http://172.169.8.253:31112/function/opt-66b-submod-0-latency-25.cdgp
1704042691000415202,1704042700788537052,500,http://172.169.8.253:31112/function/opt-66b-submod-0-latency-25.cdgp
1704042691000437810,1704042693673698180,200,http://172.169.8.253:31112/function/opt-66b-submod-0-latency-25.cdgp
1704042691000519120,1704042693783484371,200,http://172.169.8.253:31112/function/opt-66b-submod-0-latency-25.cdgp
1704042691000595478,1704042694294691765,200,http://172.169.8.253:31112/function/opt-66b-submod-0-latency-25.cdgp
1704042691000663637,1704042694172936940,200,http://172.169.8.253:31112/function/opt-66b-submod-0-latency-25.cdgp
1704042691000689981,1704042700709046707,500,http://172.169.8.253:31112/function/opt-66b-submod-0-latency-25.cdgp
1704042691000748648,1704042700789244789,500,http://172.169.8.253:31112/function/opt-66b-submod-0-latency-25.cdgp
1704042691000831225,1704042693014639034,200,http://172.169.8.253:31112/function/opt-66b-submod-0-latency-25.cdgp
1704042691000910305,1704042693796884038,200,http://172.169.8.253:31112/function/opt-66b-submod-0-latency-25.cdgp
1704042691000943625,1704042700700109715,500,http://172.169.8.253:31112/function/opt-66b-submod-0-latency-25.cdgp
1704042691001023765,1704042700833698541,500,http://172.169.8.253:31112/function/opt-66b-submod-0-latency-25.cdgp
1704042691001074786,1704042700417451936,500,http://172.169.8.253:31112/function/opt-66b-submod-0-latency-25.cdgp
1704042691001163149,1704042700379592628,500,http://172.169.8.253:31112/function/opt-66b-submod-0-latency-25.cdgp
1704042691001221755,1704042700787713487,500,http://172.169.8.253:31112/function/opt-66b-submod-0-latency-25.cdgp
1704042691001326476,1704042694776436125,200,http://172.169.8.253:31112/function/opt-66b-submod-0-latency-25.cdgp
1704042691001373292,1704042700655619631,500,http://172.169.8.253:31112/function/opt-66b-submod-0-latency-25.cdgp
1704042691001456136,1704042694000893560,200,http://172.169.8.253:31112/function/opt-66b-submod-0-latency-25.cdgp
1704042691001502234,1704042700708872801,500,http://172.169.8.253:31112/function/opt-66b-submod-0-latency-25.cdgp
1704042691001579650,1704042694519764710,200,http://172.169.8.253:31112/function/opt-66b-submod-0-latency-25.cdgp
1704042691191873927,1704042693971493514,200,http://172.169.8.253:31112/function/opt-66b-submod-0-latency-25.cdgp
1704042691191988303,1704042700902794293,500,http://172.169.8.253:31112/function/opt-66b-submod-0-latency-25.cdgp
1704042691192140665,1704042700962845984,500,http://172.169.8.253:31112/function/opt-66b-submod-0-latency-25.cdgp
1704042691192207569,1704042700755492905,500,http://172.169.8.253:31112/function/opt-66b-submod-0-latency-25.cdgp
1704042691192239952,1704042700861165544,500,http://172.169.8.253:31112/function/opt-66b-submod-0-latency-25.cdgp
1704042691192311665,1704042694515998175,200,http://172.169.8.253:31112/function/opt-66b-submod-0-latency-25.cdgp
1704042691197504087,1704042700904461475,500,http://172.169.8.253:31112/function/opt-66b-submod-0-latency-25.cdgp
1704042691197567935,1704042700905305980,500,http://172.169.8.253:31112/function/opt-66b-submod-0-latency-25.cdgp
1704042691197594897,1704042700901930158,500,http://172.169.8.253:31112/function/opt-66b-submod-0-latency-25.cdgp
1704042691197687257,1704042700960898239,500,http://172.169.8.253:31112/function/opt-66b-submod-0-latency-25.cdgp
1704042691197717304,1704042692975222665,200,http://172.169.8.253:31112/function/opt-66b-submod-0-latency-25.cdgp
1704042691198149108,1704042694312095800,200,http://172.169.8.253:31112/function/opt-66b-submod-0-latency-25.cdgp
1704042691198236796,1704042694352509466,200,http://172.169.8.253:31112/function/opt-66b-submod-0-latency-25.cdgp
1704042691198329340,1704042700968621929,500,http://172.169.8.253:31112/function/opt-66b-submod-0-latency-25.cdgp
1704042691198408090,1704042700961428125,500,http://172.169.8.253:31112/function/opt-66b-submod-0-latency-25.cdgp
1704042691198543085,1704042694167446926,200,http://172.169.8.253:31112/function/opt-66b-submod-0-latency-25.cdgp
1704042691198624511,1704042700967910402,500,http://172.169.8.253:31112/function/opt-66b-submod-0-latency-25.cdgp
1704042691198705706,1704042700752029422,500,http://172.169.8.253:31112/function/opt-66b-submod-0-latency-25.cdgp
1704042691198782513,1704042700964759645,500,http://172.169.8.253:31112/function/opt-66b-submod-0-latency-25.cdgp
1704042691198842824,1704042700968055541,500,http://172.169.8.253:31112/function/opt-66b-submod-0-latency-25.cdgp
1704042691198904154,1704042695061044374,200,http://172.169.8.253:31112/function/opt-66b-submod-0-latency-25.cdgp
1704042691199007616,1704042700969750468,500,http://172.169.8.253:31112/function/opt-66b-submod-0-latency-25.cdgp
1704042691199082273,1704042700904474361,500,http://172.169.8.253:31112/function/opt-66b-submod-0-latency-25.cdgp
1704042691556427798,1704042694671089207,200,http://172.169.8.253:31112/function/opt-66b-submod-0-latency-25.cdgp
1704042691558105505,1704042701190358990,500,http://172.169.8.253:31112/function/opt-66b-submod-0-latency-25.cdgp
1704042691558259408,1704042694570983593,200,http://172.169.8.253:31112/function/opt-66b-submod-0-latency-25.cdgp
1704042691558350157,1704042694892631899,200,http://172.169.8.253:31112/function/opt-66b-submod-0-latency-25.cdgp
1704042691558474424,1704042695356959703,200,http://172.169.8.253:31112/function/opt-66b-submod-0-latency-25.cdgp
1704042691558595116,1704042695162912937,200,http://172.169.8.253:31112/function/opt-66b-submod-0-latency-25.cdgp
1704042691558667316,1704042694066511152,200,http://172.169.8.253:31112/function/opt-66b-submod-0-latency-25.cdgp
1704042691558721747,1704042701306477685,500,http://172.169.8.253:31112/function/opt-66b-submod-0-latency-25.cdgp
1704042691558827824,1704042701311729509,500,http://172.169.8.253:31112/function/opt-66b-submod-0-latency-25.cdgp
1704042691558881642,1704042701350817520,504,http://172.169.8.253:31112/function/opt-66b-submod-0-latency-25.cdgp
1704042691558978461,1704042701397179474,500,http://172.169.8.253:31112/function/opt-66b-submod-0-latency-25.cdgp
1704042691559028592,1704042694944222693,200,http://172.169.8.253:31112/function/opt-66b-submod-0-latency-25.cdgp
1704042691559084586,1704042694630258392,200,http://172.169.8.253:31112/function/opt-66b-submod-0-latency-25.cdgp
1704042691559184690,1704042695356932988,200,http://172.169.8.253:31112/function/opt-66b-submod-0-latency-25.cdgp
1704042691559217086,1704042701298215178,500,http://172.169.8.253:31112/function/opt-66b-submod-0-latency-25.cdgp
1704042691559302903,1704042701300427758,500,http://172.169.8.253:31112/function/opt-66b-submod-0-latency-25.cdgp
1704042691559377401,1704042701302538482,500,http://172.169.8.253:31112/function/opt-66b-submod-0-latency-25.cdgp
1704042691559412322,1704042701299072630,500,http://172.169.8.253:31112/function/opt-66b-submod-0-latency-25.cdgp
1704042691559468017,1704042694582757572,200,http://172.169.8.253:31112/function/opt-66b-submod-0-latency-25.cdgp
1704042691559584812,1704042701351572428,500,http://172.169.8.253:31112/function/opt-66b-submod-0-latency-25.cdgp
1704042691559648369,1704042701437378581,500,http://172.169.8.253:31112/function/opt-66b-submod-0-latency-25.cdgp
1704042691559664309,1704042694378029099,200,http://172.169.8.253:31112/function/opt-66b-submod-0-latency-25.cdgp
1704042691559738185,1704042694130182421,200,http://172.169.8.253:31112/function/opt-66b-submod-0-latency-25.cdgp
1704042691559815316,1704042694201415572,200,http://172.169.8.253:31112/function/opt-66b-submod-0-latency-25.cdgp
1704042691559892384,1704042701399403340,500,http://172.169.8.253:31112/function/opt-66b-submod-0-latency-25.cdgp
1704042691559956853,1704042694187208746,200,http://172.169.8.253:31112/function/opt-66b-submod-0-latency-25.cdgp
1704042691560035419,1704042695140849263,200,http://172.169.8.253:31112/function/opt-66b-submod-0-latency-25.cdgp
1704042691560137472,1704042695060905077,200,http://172.169.8.253:31112/function/opt-66b-submod-0-latency-25.cdgp
1704042691560189134,1704042701313587396,500,http://172.169.8.253:31112/function/opt-66b-submod-0-latency-25.cdgp
1704042691560241343,1704042693999419032,200,http://172.169.8.253:31112/function/opt-66b-submod-0-latency-25.cdgp
1704042691560324609,1704042694713343557,200,http://172.169.8.253:31112/function/opt-66b-submod-0-latency-25.cdgp
1704042691560376509,1704042693471440606,200,http://172.169.8.253:31112/function/opt-66b-submod-0-latency-25.cdgp
1704042691560439014,1704042694450616236,200,http://172.169.8.253:31112/function/opt-66b-submod-0-latency-25.cdgp
1704042691560540337,1704042701311825565,500,http://172.169.8.253:31112/function/opt-66b-submod-0-latency-25.cdgp
1704042691560618226,1704042701417793183,500,http://172.169.8.253:31112/function/opt-66b-submod-0-latency-25.cdgp
1704042691560684904,1704042694931249108,200,http://172.169.8.253:31112/function/opt-66b-submod-0-latency-25.cdgp
1704042691560756160,1704042701438499914,500,http://172.169.8.253:31112/function/opt-66b-submod-0-latency-25.cdgp
1704042691560840454,1704042701309522866,500,http://172.169.8.253:31112/function/opt-66b-submod-0-latency-25.cdgp
1704042691560932088,1704042701399810550,500,http://172.169.8.253:31112/function/opt-66b-submod-0-latency-25.cdgp
1704042691560984223,1704042694636200669,200,http://172.169.8.253:31112/function/opt-66b-submod-0-latency-25.cdgp
1704042691572056930,1704042694804214202,200,http://172.169.8.253:31112/function/opt-66b-submod-0-latency-25.cdgp
1704042691572169786,1704042701444267864,500,http://172.169.8.253:31112/function/opt-66b-submod-0-latency-25.cdgp
1704042691572337443,1704042694398082745,200,http://172.169.8.253:31112/function/opt-66b-submod-0-latency-25.cdgp
1704042691572414190,1704042694490700693,200,http://172.169.8.253:31112/function/opt-66b-submod-0-latency-25.cdgp
1704042691572496539,1704042695048907327,200,http://172.169.8.253:31112/function/opt-66b-submod-0-latency-25.cdgp
1704042691647341086,1704042701648233080,500,http://172.169.8.253:31112/function/opt-66b-submod-0-latency-25.cdgp
1704042691647393977,1704042701441333289,500,http://172.169.8.253:31112/function/opt-66b-submod-0-latency-25.cdgp
1704042691647486223,1704042693889188494,200,http://172.169.8.253:31112/function/opt-66b-submod-0-latency-25.cdgp
1704042691648583532,1704042695275562823,200,http://172.169.8.253:31112/function/opt-66b-submod-0-latency-25.cdgp
1704042691648646132,1704042701613542771,500,http://172.169.8.253:31112/function/opt-66b-submod-0-latency-25.cdgp
1704042691648672276,1704042701613810238,500,http://172.169.8.253:31112/function/opt-66b-submod-0-latency-25.cdgp
1704042691648748953,1704042693927633557,200,http://172.169.8.253:31112/function/opt-66b-submod-0-latency-25.cdgp
1704042691648819081,1704042693785336856,200,http://172.169.8.253:31112/function/opt-66b-submod-0-latency-25.cdgp
1704042691648857261,1704042701649307777,500,http://172.169.8.253:31112/function/opt-66b-submod-0-latency-25.cdgp
1704042691648940779,1704042701371053765,500,http://172.169.8.253:31112/function/opt-66b-submod-0-latency-25.cdgp
1704042691649002340,1704042694395914898,200,http://172.169.8.253:31112/function/opt-66b-submod-0-latency-25.cdgp
1704042691649066290,1704042701649317971,500,http://172.169.8.253:31112/function/opt-66b-submod-0-latency-25.cdgp
1704042691649147985,1704042701443931151,500,http://172.169.8.253:31112/function/opt-66b-submod-0-latency-25.cdgp
1704042691649215262,1704042701649469749,500,http://172.169.8.253:31112/function/opt-66b-submod-0-latency-25.cdgp
1704042691649264657,1704042701444864562,500,http://172.169.8.253:31112/function/opt-66b-submod-0-latency-25.cdgp
1704042691649327997,1704042701443219625,500,http://172.169.8.253:31112/function/opt-66b-submod-0-latency-25.cdgp
1704042691649352466,1704042694764240349,200,http://172.169.8.253:31112/function/opt-66b-submod-0-latency-25.cdgp
1704042691947834357,1704042701491574209,500,http://172.169.8.253:31112/function/opt-66b-submod-0-latency-25.cdgp
1704042691947919547,1704042694240538454,200,http://172.169.8.253:31112/function/opt-66b-submod-0-latency-25.cdgp
1704042691948011278,1704042701487527354,500,http://172.169.8.253:31112/function/opt-66b-submod-0-latency-25.cdgp
1704042691948085001,1704042701949106024,500,http://172.169.8.253:31112/function/opt-66b-submod-0-latency-25.cdgp
1704042691948135484,1704042701717211533,500,http://172.169.8.253:31112/function/opt-66b-submod-0-latency-25.cdgp
1704042691948217528,1704042701736306848,500,http://172.169.8.253:31112/function/opt-66b-submod-0-latency-25.cdgp
1704042691948266702,1704042701717565944,500,http://172.169.8.253:31112/function/opt-66b-submod-0-latency-25.cdgp
1704042691948346901,1704042701491557734,500,http://172.169.8.253:31112/function/opt-66b-submod-0-latency-25.cdgp
1704042691948375865,1704042701699528634,500,http://172.169.8.253:31112/function/opt-66b-submod-0-latency-25.cdgp
1704042691948453206,1704042694150060393,200,http://172.169.8.253:31112/function/opt-66b-submod-0-latency-25.cdgp
1704042691948535553,1704042701588941926,500,http://172.169.8.253:31112/function/opt-66b-submod-0-latency-25.cdgp
1704042691948618144,1704042701657862729,500,http://172.169.8.253:31112/function/opt-66b-submod-0-latency-25.cdgp
1704042691948682750,1704042694400466867,200,http://172.169.8.253:31112/function/opt-66b-submod-0-latency-25.cdgp
1704042691948778207,1704042701717778209,500,http://172.169.8.253:31112/function/opt-66b-submod-0-latency-25.cdgp
1704042691948845567,1704042701655490826,500,http://172.169.8.253:31112/function/opt-66b-submod-0-latency-25.cdgp
1704042691948913589,1704042694976865876,200,http://172.169.8.253:31112/function/opt-66b-submod-0-latency-25.cdgp
1704042691948985930,1704042701588778959,500,http://172.169.8.253:31112/function/opt-66b-submod-0-latency-25.cdgp
1704042691949063291,1704042701718688645,500,http://172.169.8.253:31112/function/opt-66b-submod-0-latency-25.cdgp
1704042691949139710,1704042701657500990,500,http://172.169.8.253:31112/function/opt-66b-submod-0-latency-25.cdgp
1704042691949201651,1704042701588480149,500,http://172.169.8.253:31112/function/opt-66b-submod-0-latency-25.cdgp
1704042691949306858,1704042694977825660,200,http://172.169.8.253:31112/function/opt-66b-submod-0-latency-25.cdgp
1704042691949408752,1704042701588408522,500,http://172.169.8.253:31112/function/opt-66b-submod-0-latency-25.cdgp
1704042691949488702,1704042701718692607,500,http://172.169.8.253:31112/function/opt-66b-submod-0-latency-25.cdgp
1704042691949568003,1704042701445367169,500,http://172.169.8.253:31112/function/opt-66b-submod-0-latency-25.cdgp
1704042691949651696,1704042701658554709,500,http://172.169.8.253:31112/function/opt-66b-submod-0-latency-25.cdgp
1704042691949725140,1704042695166896326,200,http://172.169.8.253:31112/function/opt-66b-submod-0-latency-25.cdgp
1704042694198270487,1704042695707461676,200,http://172.169.8.253:31112/function/opt-66b-submod-0-latency-25.cdgp
1704042694198351696,1704042695679731514,200,http://172.169.8.253:31112/function/opt-66b-submod-0-latency-25.cdgp
1704042694198442967,1704042695683578843,200,http://172.169.8.253:31112/function/opt-66b-submod-0-latency-25.cdgp
1704042694198498596,1704042695637607121,200,http://172.169.8.253:31112/function/opt-66b-submod-0-latency-25.cdgp
1704042694198568099,1704042695479529521,200,http://172.169.8.253:31112/function/opt-66b-submod-0-latency-25.cdgp
1704042694198614549,1704042703452821266,500,http://172.169.8.253:31112/function/opt-66b-submod-0-latency-25.cdgp
1704042694198688874,1704042703452833034,500,http://172.169.8.253:31112/function/opt-66b-submod-0-latency-25.cdgp
1704042694954943307,1704042696107627967,200,http://172.169.8.253:31112/function/opt-66b-submod-0-latency-25.cdgp
1704042694955133793,1704042696149187009,200,http://172.169.8.253:31112/function/opt-66b-submod-0-latency-25.cdgp
1704042694957418748,1704042696132865569,200,http://172.169.8.253:31112/function/opt-66b-submod-0-latency-25.cdgp
1704042694957542790,1704042704101751475,500,http://172.169.8.253:31112/function/opt-66b-submod-0-latency-25.cdgp
1704042694957660808,1704042704666457964,500,http://172.169.8.253:31112/function/opt-66b-submod-0-latency-25.cdgp
1704042694957794242,1704042696801096272,200,http://172.169.8.253:31112/function/opt-66b-submod-0-latency-25.cdgp
1704042694957838169,1704042704603553669,500,http://172.169.8.253:31112/function/opt-66b-submod-0-latency-25.cdgp
1704042694957908987,1704042696232024048,200,http://172.169.8.253:31112/function/opt-66b-submod-0-latency-25.cdgp
1704042694957969201,1704042704058129186,500,http://172.169.8.253:31112/function/opt-66b-submod-0-latency-25.cdgp
1704042694958040308,1704042696267852651,200,http://172.169.8.253:31112/function/opt-66b-submod-0-latency-25.cdgp
1704042694958110549,1704042696240971411,200,http://172.169.8.253:31112/function/opt-66b-submod-0-latency-25.cdgp
1704042694959909763,1704042697072709861,200,http://172.169.8.253:31112/function/opt-66b-submod-0-latency-25.cdgp
1704042694960010286,1704042697075442355,200,http://172.169.8.253:31112/function/opt-66b-submod-0-latency-25.cdgp
1704042694960105110,1704042696031353101,200,http://172.169.8.253:31112/function/opt-66b-submod-0-latency-25.cdgp
1704042694960191068,1704042696509908191,200,http://172.169.8.253:31112/function/opt-66b-submod-0-latency-25.cdgp
1704042694982780796,1704042696623377441,200,http://172.169.8.253:31112/function/opt-66b-submod-0-latency-25.cdgp
1704042694982858695,1704042704282684573,500,http://172.169.8.253:31112/function/opt-66b-submod-0-latency-25.cdgp
1704042694982956987,1704042696388405010,200,http://172.169.8.253:31112/function/opt-66b-submod-0-latency-25.cdgp
1704042694983013222,1704042704622960304,500,http://172.169.8.253:31112/function/opt-66b-submod-0-latency-25.cdgp
1704042694983095206,1704042696703477821,200,http://172.169.8.253:31112/function/opt-66b-submod-0-latency-25.cdgp
1704042694983154673,1704042704623261525,500,http://172.169.8.253:31112/function/opt-66b-submod-0-latency-25.cdgp
1704042694983225072,1704042697111585466,200,http://172.169.8.253:31112/function/opt-66b-submod-0-latency-25.cdgp
1704042694983257505,1704042696527329642,200,http://172.169.8.253:31112/function/opt-66b-submod-0-latency-25.cdgp
1704042694983327921,1704042697054421149,200,http://172.169.8.253:31112/function/opt-66b-submod-0-latency-25.cdgp
1704042694983416014,1704042697069262600,200,http://172.169.8.253:31112/function/opt-66b-submod-0-latency-25.cdgp
1704042694983485493,1704042704563482331,500,http://172.169.8.253:31112/function/opt-66b-submod-0-latency-25.cdgp
1704042694983533697,1704042704292231724,500,http://172.169.8.253:31112/function/opt-66b-submod-0-latency-25.cdgp
1704042694983603475,1704042696542149024,200,http://172.169.8.253:31112/function/opt-66b-submod-0-latency-25.cdgp
1704042694983644373,1704042697080097928,200,http://172.169.8.253:31112/function/opt-66b-submod-0-latency-25.cdgp
1704042694983691980,1704042696713064488,200,http://172.169.8.253:31112/function/opt-66b-submod-0-latency-25.cdgp
1704042694983733785,1704042696354104335,200,http://172.169.8.253:31112/function/opt-66b-submod-0-latency-25.cdgp
1704042694983786116,1704042704408817964,500,http://172.169.8.253:31112/function/opt-66b-submod-0-latency-25.cdgp
1704042694983816853,1704042704563602893,500,http://172.169.8.253:31112/function/opt-66b-submod-0-latency-25.cdgp
1704042694983880613,1704042704622812019,500,http://172.169.8.253:31112/function/opt-66b-submod-0-latency-25.cdgp
1704042695170872924,1704042704903833736,500,http://172.169.8.253:31112/function/opt-66b-submod-0-latency-25.cdgp
1704042695170950764,1704042704659572954,500,http://172.169.8.253:31112/function/opt-66b-submod-0-latency-25.cdgp
1704042695171046058,1704042705171750510,500,http://172.169.8.253:31112/function/opt-66b-submod-0-latency-25.cdgp
1704042695171106341,1704042704618071394,500,http://172.169.8.253:31112/function/opt-66b-submod-0-latency-25.cdgp
1704042695171169206,1704042697287656056,200,http://172.169.8.253:31112/function/opt-66b-submod-0-latency-25.cdgp
1704042695171210231,1704042696711539012,200,http://172.169.8.253:31112/function/opt-66b-submod-0-latency-25.cdgp
1704042695171286449,1704042704362662103,500,http://172.169.8.253:31112/function/opt-66b-submod-0-latency-25.cdgp
1704042695171356795,1704042704618067621,500,http://172.169.8.253:31112/function/opt-66b-submod-0-latency-25.cdgp
1704042695171429371,1704042696542006349,200,http://172.169.8.253:31112/function/opt-66b-submod-0-latency-25.cdgp
1704042695171464678,1704042704618164089,500,http://172.169.8.253:31112/function/opt-66b-submod-0-latency-25.cdgp
1704042695171548759,1704042697990403954,200,http://172.169.8.253:31112/function/opt-66b-submod-0-latency-25.cdgp
1704042695171601173,1704042704821521518,500,http://172.169.8.253:31112/function/opt-66b-submod-0-latency-25.cdgp
1704042695171665799,1704042704618176234,500,http://172.169.8.253:31112/function/opt-66b-submod-0-latency-25.cdgp
1704042695171693611,1704042704867564707,500,http://172.169.8.253:31112/function/opt-66b-submod-0-latency-25.cdgp
1704042695171787001,1704042704364436520,500,http://172.169.8.253:31112/function/opt-66b-submod-0-latency-25.cdgp
1704042695171829609,1704042704561063921,500,http://172.169.8.253:31112/function/opt-66b-submod-0-latency-25.cdgp
1704042695171970638,1704042697069325719,200,http://172.169.8.253:31112/function/opt-66b-submod-0-latency-25.cdgp
1704042695172053852,1704042704656667664,500,http://172.169.8.253:31112/function/opt-66b-submod-0-latency-25.cdgp
1704042695172170151,1704042704821444965,500,http://172.169.8.253:31112/function/opt-66b-submod-0-latency-25.cdgp
1704042695172260598,1704042697454230138,200,http://172.169.8.253:31112/function/opt-66b-submod-0-latency-25.cdgp
1704042695172339828,1704042704618341083,500,http://172.169.8.253:31112/function/opt-66b-submod-0-latency-25.cdgp
1704042695172377939,1704042704623361637,500,http://172.169.8.253:31112/function/opt-66b-submod-0-latency-25.cdgp
1704042695172474029,1704042704902974316,500,http://172.169.8.253:31112/function/opt-66b-submod-0-latency-25.cdgp
1704042695197914608,1704042697380071096,200,http://172.169.8.253:31112/function/opt-66b-submod-0-latency-25.cdgp
1704042695197996443,1704042704903072837,500,http://172.169.8.253:31112/function/opt-66b-submod-0-latency-25.cdgp
1704042695198150825,1704042697632683029,200,http://172.169.8.253:31112/function/opt-66b-submod-0-latency-25.cdgp
1704042695198219278,1704042704821220030,500,http://172.169.8.253:31112/function/opt-66b-submod-0-latency-25.cdgp
1704042695198268164,1704042704617359190,500,http://172.169.8.253:31112/function/opt-66b-submod-0-latency-25.cdgp
1704042695198344552,1704042697075369215,200,http://172.169.8.253:31112/function/opt-66b-submod-0-latency-25.cdgp
1704042695198397775,1704042697380074654,200,http://172.169.8.253:31112/function/opt-66b-submod-0-latency-25.cdgp
1704042695198467624,1704042697983612392,200,http://172.169.8.253:31112/function/opt-66b-submod-0-latency-25.cdgp
1704042695199333690,1704042697380162109,200,http://172.169.8.253:31112/function/opt-66b-submod-0-latency-25.cdgp
1704042695199439412,1704042697380773905,200,http://172.169.8.253:31112/function/opt-66b-submod-0-latency-25.cdgp
1704042695199517315,1704042704617301702,500,http://172.169.8.253:31112/function/opt-66b-submod-0-latency-25.cdgp
1704042695862512726,1704042697683276123,200,http://172.169.8.253:31112/function/opt-66b-submod-0-latency-25.cdgp
1704042695862613921,1704042697380987517,200,http://172.169.8.253:31112/function/opt-66b-submod-0-latency-25.cdgp
1704042695862696805,1704042697058751374,200,http://172.169.8.253:31112/function/opt-66b-submod-0-latency-25.cdgp
1704042695862775346,1704042697471612913,200,http://172.169.8.253:31112/function/opt-66b-submod-0-latency-25.cdgp
1704042696299087961,1704042705262987719,500,http://172.169.8.253:31112/function/opt-66b-submod-0-latency-25.cdgp
1704042696299165195,1704042705361654735,500,http://172.169.8.253:31112/function/opt-66b-submod-0-latency-25.cdgp
1704042696299306050,1704042705373968015,500,http://172.169.8.253:31112/function/opt-66b-submod-0-latency-25.cdgp
1704042696299373127,1704042705314123258,500,http://172.169.8.253:31112/function/opt-66b-submod-0-latency-25.cdgp
1704042696299457938,1704042705441805771,500,http://172.169.8.253:31112/function/opt-66b-submod-0-latency-25.cdgp
1704042696300020991,1704042698359392845,200,http://172.169.8.253:31112/function/opt-66b-submod-0-latency-25.cdgp
1704042696300102554,1704042705375541897,500,http://172.169.8.253:31112/function/opt-66b-submod-0-latency-25.cdgp
1704042696300190450,1704042705481572289,500,http://172.169.8.253:31112/function/opt-66b-submod-0-latency-25.cdgp
1704042696300229038,1704042705370157566,500,http://172.169.8.253:31112/function/opt-66b-submod-0-latency-25.cdgp
1704042696300305182,1704042697684406864,200,http://172.169.8.253:31112/function/opt-66b-submod-0-latency-25.cdgp
1704042696300363203,1704042705280954184,500,http://172.169.8.253:31112/function/opt-66b-submod-0-latency-25.cdgp
1704042696300453353,1704042697685321382,200,http://172.169.8.253:31112/function/opt-66b-submod-0-latency-25.cdgp
1704042696300544189,1704042697684869184,200,http://172.169.8.253:31112/function/opt-66b-submod-0-latency-25.cdgp
1704042696300631319,1704042697684775531,200,http://172.169.8.253:31112/function/opt-66b-submod-0-latency-25.cdgp
1704042696605722969,1704042705539029453,500,http://172.169.8.253:31112/function/opt-66b-submod-0-latency-25.cdgp
1704042696605815631,1704042697986646849,200,http://172.169.8.253:31112/function/opt-66b-submod-0-latency-25.cdgp
1704042696733767517,1704042698031704754,200,http://172.169.8.253:31112/function/opt-66b-submod-0-latency-25.cdgp
1704042696733856531,1704042705751577812,500,http://172.169.8.253:31112/function/opt-66b-submod-0-latency-25.cdgp
1704042696733962276,1704042705771081258,500,http://172.169.8.253:31112/function/opt-66b-submod-0-latency-25.cdgp
1704042696734031612,1704042698315947824,200,http://172.169.8.253:31112/function/opt-66b-submod-0-latency-25.cdgp
1704042696734093202,1704042698244370094,200,http://172.169.8.253:31112/function/opt-66b-submod-0-latency-25.cdgp
1704042696734152937,1704042705772393870,500,http://172.169.8.253:31112/function/opt-66b-submod-0-latency-25.cdgp
1704042696734240056,1704042705847430896,500,http://172.169.8.253:31112/function/opt-66b-submod-0-latency-25.cdgp
1704042696734314494,1704042698076976743,200,http://172.169.8.253:31112/function/opt-66b-submod-0-latency-25.cdgp
1704042696734417449,1704042698246001754,200,http://172.169.8.253:31112/function/opt-66b-submod-0-latency-25.cdgp
1704042696734474954,1704042698318080636,200,http://172.169.8.253:31112/function/opt-66b-submod-0-latency-25.cdgp
1704042696734563437,1704042698494769814,200,http://172.169.8.253:31112/function/opt-66b-submod-0-latency-25.cdgp
1704042696734721438,1704042706092759789,500,http://172.169.8.253:31112/function/opt-66b-submod-0-latency-25.cdgp
1704042696736345594,1704042706273661149,500,http://172.169.8.253:31112/function/opt-66b-submod-0-latency-25.cdgp
1704042696736439025,1704042706274488935,500,http://172.169.8.253:31112/function/opt-66b-submod-0-latency-25.cdgp
1704042696736526942,1704042706542495720,500,http://172.169.8.253:31112/function/opt-66b-submod-0-latency-25.cdgp
1704042696736622985,1704042706202975936,500,http://172.169.8.253:31112/function/opt-66b-submod-0-latency-25.cdgp
1704042696736707219,1704042698992874163,200,http://172.169.8.253:31112/function/opt-66b-submod-0-latency-25.cdgp
1704042696753237529,1704042706312334556,500,http://172.169.8.253:31112/function/opt-66b-submod-0-latency-25.cdgp
1704042696753313048,1704042706652754127,500,http://172.169.8.253:31112/function/opt-66b-submod-0-latency-25.cdgp
1704042696753425992,1704042706342873399,500,http://172.169.8.253:31112/function/opt-66b-submod-0-latency-25.cdgp
1704042696753496390,1704042698729428820,200,http://172.169.8.253:31112/function/opt-66b-submod-0-latency-25.cdgp
1704042696753525964,1704042706200985582,500,http://172.169.8.253:31112/function/opt-66b-submod-0-latency-25.cdgp
1704042696753646451,1704042706535376611,500,http://172.169.8.253:31112/function/opt-66b-submod-0-latency-25.cdgp
1704042696753736118,1704042699201416367,200,http://172.169.8.253:31112/function/opt-66b-submod-0-latency-25.cdgp
1704042696753799440,1704042698494059430,200,http://172.169.8.253:31112/function/opt-66b-submod-0-latency-25.cdgp
1704042696753825718,1704042703058372568,200,http://172.169.8.253:31112/function/opt-66b-submod-0-latency-25.cdgp
1704042696753867222,1704042706304514083,500,http://172.169.8.253:31112/function/opt-66b-submod-0-latency-25.cdgp
1704042696753942346,1704042706644789162,500,http://172.169.8.253:31112/function/opt-66b-submod-0-latency-25.cdgp
1704042696754013179,1704042706096400781,500,http://172.169.8.253:31112/function/opt-66b-submod-0-latency-25.cdgp
1704042696754091677,1704042698729054404,200,http://172.169.8.253:31112/function/opt-66b-submod-0-latency-25.cdgp
1704042696756962378,1704042706647995267,500,http://172.169.8.253:31112/function/opt-66b-submod-0-latency-25.cdgp
1704042696757051027,1704042706345641618,500,http://172.169.8.253:31112/function/opt-66b-submod-0-latency-25.cdgp
1704042696757147335,1704042706650110190,500,http://172.169.8.253:31112/function/opt-66b-submod-0-latency-25.cdgp
1704042696757228906,1704042706284852243,500,http://172.169.8.253:31112/function/opt-66b-submod-0-latency-25.cdgp
1704042696757302602,1704042700654761070,200,http://172.169.8.253:31112/function/opt-66b-submod-0-latency-25.cdgp
1704042696757398655,1704042706646761630,500,http://172.169.8.253:31112/function/opt-66b-submod-0-latency-25.cdgp
1704042696757508675,1704042699448991950,200,http://172.169.8.253:31112/function/opt-66b-submod-0-latency-25.cdgp
1704042696757583414,1704042700464527602,200,http://172.169.8.253:31112/function/opt-66b-submod-0-latency-25.cdgp
1704042696757662743,1704042699213615060,200,http://172.169.8.253:31112/function/opt-66b-submod-0-latency-25.cdgp
1704042696757760511,1704042698724138756,200,http://172.169.8.253:31112/function/opt-66b-submod-0-latency-25.cdgp
1704042696757836094,1704042699632947816,200,http://172.169.8.253:31112/function/opt-66b-submod-0-latency-25.cdgp
1704042696757919794,1704042699968437604,200,http://172.169.8.253:31112/function/opt-66b-submod-0-latency-25.cdgp
1704042696757983246,1704042698718573650,200,http://172.169.8.253:31112/function/opt-66b-submod-0-latency-25.cdgp
1704042696758032721,1704042706306254845,500,http://172.169.8.253:31112/function/opt-66b-submod-0-latency-25.cdgp
1704042696758124644,1704042706542070800,500,http://172.169.8.253:31112/function/opt-66b-submod-0-latency-25.cdgp
1704042696758207939,1704042706340904739,500,http://172.169.8.253:31112/function/opt-66b-submod-0-latency-25.cdgp
1704042696758273267,1704042699914146819,200,http://172.169.8.253:31112/function/opt-66b-submod-0-latency-25.cdgp
1704042696758334581,1704042706228836913,500,http://172.169.8.253:31112/function/opt-66b-submod-0-latency-25.cdgp
1704042696758402265,1704042706302836520,500,http://172.169.8.253:31112/function/opt-66b-submod-0-latency-25.cdgp
1704042696758466396,1704042698378029839,200,http://172.169.8.253:31112/function/opt-66b-submod-0-latency-25.cdgp
1704042696758502783,1704042698319649168,200,http://172.169.8.253:31112/function/opt-66b-submod-0-latency-25.cdgp
1704042696758560660,1704042706651682681,500,http://172.169.8.253:31112/function/opt-66b-submod-0-latency-25.cdgp
1704042696758631943,1704042698345741492,200,http://172.169.8.253:31112/function/opt-66b-submod-0-latency-25.cdgp
1704042696758671575,1704042706539155680,500,http://172.169.8.253:31112/function/opt-66b-submod-0-latency-25.cdgp
1704042696759911109,1704042699355204312,200,http://172.169.8.253:31112/function/opt-66b-submod-0-latency-25.cdgp
1704042696760004279,1704042706224255186,500,http://172.169.8.253:31112/function/opt-66b-submod-0-latency-25.cdgp
1704042696760080456,1704042706543600476,500,http://172.169.8.253:31112/function/opt-66b-submod-0-latency-25.cdgp
1704042696760148334,1704042698452835587,200,http://172.169.8.253:31112/function/opt-66b-submod-0-latency-25.cdgp
1704042696760236963,1704042699208370903,200,http://172.169.8.253:31112/function/opt-66b-submod-0-latency-25.cdgp
1704042696760318415,1704042700067080378,200,http://172.169.8.253:31112/function/opt-66b-submod-0-latency-25.cdgp
1704042696823646850,1704042706824455703,500,http://172.169.8.253:31112/function/opt-66b-submod-0-latency-25.cdgp
1704042696823722245,1704042706740982959,500,http://172.169.8.253:31112/function/opt-66b-submod-0-latency-25.cdgp
1704042696823829357,1704042706743259918,500,http://172.169.8.253:31112/function/opt-66b-submod-0-latency-25.cdgp
1704042696828128523,1704042706828761188,500,http://172.169.8.253:31112/function/opt-66b-submod-0-latency-25.cdgp
1704042696828168152,1704042698724031451,200,http://172.169.8.253:31112/function/opt-66b-submod-0-latency-25.cdgp
1704042696828247641,1704042701301095768,200,http://172.169.8.253:31112/function/opt-66b-submod-0-latency-25.cdgp
1704042696828301619,1704042700434560417,200,http://172.169.8.253:31112/function/opt-66b-submod-0-latency-25.cdgp
1704042696828342006,1704042702288516844,200,http://172.169.8.253:31112/function/opt-66b-submod-0-latency-25.cdgp
1704042696828417488,1704042700767527331,200,http://172.169.8.253:31112/function/opt-66b-submod-0-latency-25.cdgp
1704042696828480814,1704042706828740809,500,http://172.169.8.253:31112/function/opt-66b-submod-0-latency-25.cdgp
1704042696828508688,1704042699863441140,200,http://172.169.8.253:31112/function/opt-66b-submod-0-latency-25.cdgp
1704042696828593584,1704042698904581013,200,http://172.169.8.253:31112/function/opt-66b-submod-0-latency-25.cdgp
1704042696830026124,1704042706744826535,500,http://172.169.8.253:31112/function/opt-66b-submod-0-latency-25.cdgp
1704042696830119074,1704042698903714667,200,http://172.169.8.253:31112/function/opt-66b-submod-0-latency-25.cdgp
1704042696830216439,1704042701101535864,200,http://172.169.8.253:31112/function/opt-66b-submod-0-latency-25.cdgp
1704042696830291798,1704042703058069049,200,http://172.169.8.253:31112/function/opt-66b-submod-0-latency-25.cdgp
1704042696830403102,1704042700767366011,200,http://172.169.8.253:31112/function/opt-66b-submod-0-latency-25.cdgp
1704042696830475972,1704042701365791747,200,http://172.169.8.253:31112/function/opt-66b-submod-0-latency-25.cdgp
1704042696830553223,1704042701965120213,200,http://172.169.8.253:31112/function/opt-66b-submod-0-latency-25.cdgp
1704042696830633149,1704042706831023537,500,http://172.169.8.253:31112/function/opt-66b-submod-0-latency-25.cdgp
1704042696830721176,1704042706830997981,500,http://172.169.8.253:31112/function/opt-66b-submod-0-latency-25.cdgp
1704042696830824422,1704042706831109892,500,http://172.169.8.253:31112/function/opt-66b-submod-0-latency-25.cdgp
1704042696837504204,1704042706739053767,500,http://172.169.8.253:31112/function/opt-66b-submod-0-latency-25.cdgp
1704042696837618281,1704042700379611660,200,http://172.169.8.253:31112/function/opt-66b-submod-0-latency-25.cdgp
1704042696837731759,1704042700436629709,200,http://172.169.8.253:31112/function/opt-66b-submod-0-latency-25.cdgp
1704042696837843552,1704042706838519643,500,http://172.169.8.253:31112/function/opt-66b-submod-0-latency-25.cdgp
1704042696837920131,1704042706545978465,500,http://172.169.8.253:31112/function/opt-66b-submod-0-latency-25.cdgp
1704042696838008244,1704042706838539908,500,http://172.169.8.253:31112/function/opt-66b-submod-0-latency-25.cdgp
1704042696838095164,1704042706743047951,500,http://172.169.8.253:31112/function/opt-66b-submod-0-latency-25.cdgp
1704042696838172699,1704042706838549776,500,http://172.169.8.253:31112/function/opt-66b-submod-0-latency-25.cdgp
1704042696838242949,1704042706838528314,500,http://172.169.8.253:31112/function/opt-66b-submod-0-latency-25.cdgp
1704042696838330284,1704042706734902818,500,http://172.169.8.253:31112/function/opt-66b-submod-0-latency-25.cdgp
1704042696838409193,1704042706549148305,500,http://172.169.8.253:31112/function/opt-66b-submod-0-latency-25.cdgp
1704042696838489773,1704042699746210721,200,http://172.169.8.253:31112/function/opt-66b-submod-0-latency-25.cdgp
1704042696838555180,1704042701106068101,200,http://172.169.8.253:31112/function/opt-66b-submod-0-latency-25.cdgp
1704042696838615722,1704042698721660172,200,http://172.169.8.253:31112/function/opt-66b-submod-0-latency-25.cdgp
1704042696838717202,1704042706839817482,500,http://172.169.8.253:31112/function/opt-66b-submod-0-latency-25.cdgp
1704042696838799217,1704042706550891266,500,http://172.169.8.253:31112/function/opt-66b-submod-0-latency-25.cdgp
1704042696838870176,1704042706839802850,500,http://172.169.8.253:31112/function/opt-66b-submod-0-latency-25.cdgp
1704042696838960768,1704042706839716607,500,http://172.169.8.253:31112/function/opt-66b-submod-0-latency-25.cdgp
1704042696839021519,1704042706839716020,500,http://172.169.8.253:31112/function/opt-66b-submod-0-latency-25.cdgp
1704042696839067392,1704042701270053501,200,http://172.169.8.253:31112/function/opt-66b-submod-0-latency-25.cdgp
1704042696839127344,1704042706839821862,500,http://172.169.8.253:31112/function/opt-66b-submod-0-latency-25.cdgp
1704042696839183814,1704042701100125241,200,http://172.169.8.253:31112/function/opt-66b-submod-0-latency-25.cdgp
1704042696848997396,1704042706849831690,500,http://172.169.8.253:31112/function/opt-66b-submod-0-latency-25.cdgp
1704042696849155133,1704042701977734529,200,http://172.169.8.253:31112/function/opt-66b-submod-0-latency-25.cdgp
1704042696849260393,1704042699262541518,200,http://172.169.8.253:31112/function/opt-66b-submod-0-latency-25.cdgp
1704042696849355022,1704042699256202274,200,http://172.169.8.253:31112/function/opt-66b-submod-0-latency-25.cdgp
1704042696849437576,1704042700094238688,200,http://172.169.8.253:31112/function/opt-66b-submod-0-latency-25.cdgp
1704042696853434489,1704042706854279643,500,http://172.169.8.253:31112/function/opt-66b-submod-0-latency-25.cdgp
1704042696853513860,1704042706854298045,500,http://172.169.8.253:31112/function/opt-66b-submod-0-latency-25.cdgp
1704042696853607241,1704042706854286245,500,http://172.169.8.253:31112/function/opt-66b-submod-0-latency-25.cdgp
1704042696853728739,1704042706854368037,500,http://172.169.8.253:31112/function/opt-66b-submod-0-latency-25.cdgp
1704042696853806626,1704042706854282666,500,http://172.169.8.253:31112/function/opt-66b-submod-0-latency-25.cdgp
1704042696853889098,1704042698902416926,200,http://172.169.8.253:31112/function/opt-66b-submod-0-latency-25.cdgp
1704042696853969589,1704042699466853251,200,http://172.169.8.253:31112/function/opt-66b-submod-0-latency-25.cdgp
1704042696854082486,1704042701267899396,200,http://172.169.8.253:31112/function/opt-66b-submod-0-latency-25.cdgp
1704042696854141112,1704042699940275295,200,http://172.169.8.253:31112/function/opt-66b-submod-0-latency-25.cdgp
1704042696854229828,1704042699359491291,200,http://172.169.8.253:31112/function/opt-66b-submod-0-latency-25.cdgp
1704042696861049505,1704042700708314747,200,http://172.169.8.253:31112/function/opt-66b-submod-0-latency-25.cdgp
1704042696884852248,1704042706737298890,500,http://172.169.8.253:31112/function/opt-66b-submod-0-latency-25.cdgp
1704042696884938132,1704042702471175625,200,http://172.169.8.253:31112/function/opt-66b-submod-0-latency-25.cdgp
1704042697165490574,1704042707078117217,500,http://172.169.8.253:31112/function/opt-66b-submod-0-latency-25.cdgp
1704042697165581792,1704042701982654631,200,http://172.169.8.253:31112/function/opt-66b-submod-0-latency-25.cdgp
1704042697165682131,1704042707077427568,500,http://172.169.8.253:31112/function/opt-66b-submod-0-latency-25.cdgp
1704042697165733700,1704042707166865457,500,http://172.169.8.253:31112/function/opt-66b-submod-0-latency-25.cdgp
1704042697244551552,1704042707237840945,500,http://172.169.8.253:31112/function/opt-66b-submod-0-latency-25.cdgp
1704042697244635402,1704042700645666189,200,http://172.169.8.253:31112/function/opt-66b-submod-0-latency-25.cdgp
1704042697245935405,1704042701978682647,200,http://172.169.8.253:31112/function/opt-66b-submod-0-latency-25.cdgp
1704042697246012612,1704042703061766402,200,http://172.169.8.253:31112/function/opt-66b-submod-0-latency-25.cdgp
1704042697246108581,1704042701106657376,200,http://172.169.8.253:31112/function/opt-66b-submod-0-latency-25.cdgp
1704042697246170196,1704042700655905680,200,http://172.169.8.253:31112/function/opt-66b-submod-0-latency-25.cdgp
1704042697246195918,1704042701325096276,200,http://172.169.8.253:31112/function/opt-66b-submod-0-latency-25.cdgp
1704042697246289320,1704042707081977787,500,http://172.169.8.253:31112/function/opt-66b-submod-0-latency-25.cdgp
1704042697246321107,1704042701246475551,200,http://172.169.8.253:31112/function/opt-66b-submod-0-latency-25.cdgp
1704042697246391220,1704042700539012164,200,http://172.169.8.253:31112/function/opt-66b-submod-0-latency-25.cdgp
1704042697252405896,1704042701985315194,200,http://172.169.8.253:31112/function/opt-66b-submod-0-latency-25.cdgp
1704042697254858639,1704042701247599910,200,http://172.169.8.253:31112/function/opt-66b-submod-0-latency-25.cdgp
1704042697255011660,1704042707142611719,500,http://172.169.8.253:31112/function/opt-66b-submod-0-latency-25.cdgp
1704042697255103630,1704042700765951033,200,http://172.169.8.253:31112/function/opt-66b-submod-0-latency-25.cdgp
1704042697255230322,1704042707145928813,500,http://172.169.8.253:31112/function/opt-66b-submod-0-latency-25.cdgp
1704042697255344930,1704042701991067086,200,http://172.169.8.253:31112/function/opt-66b-submod-0-latency-25.cdgp
1704042697255432786,1704042700434130937,200,http://172.169.8.253:31112/function/opt-66b-submod-0-latency-25.cdgp
1704042697255508904,1704042699913728418,200,http://172.169.8.253:31112/function/opt-66b-submod-0-latency-25.cdgp
1704042697255649738,1704042707142323429,500,http://172.169.8.253:31112/function/opt-66b-submod-0-latency-25.cdgp
1704042697255719602,1704042701258178103,200,http://172.169.8.253:31112/function/opt-66b-submod-0-latency-25.cdgp
1704042697255756224,1704042707256108425,500,http://172.169.8.253:31112/function/opt-66b-submod-0-latency-25.cdgp
1704042697255796456,1704042707256096917,500,http://172.169.8.253:31112/function/opt-66b-submod-0-latency-25.cdgp
1704042697255857445,1704042707148952276,500,http://172.169.8.253:31112/function/opt-66b-submod-0-latency-25.cdgp
1704042697255939372,1704042700654402648,200,http://172.169.8.253:31112/function/opt-66b-submod-0-latency-25.cdgp
1704042697256018536,1704042700019608007,200,http://172.169.8.253:31112/function/opt-66b-submod-0-latency-25.cdgp
1704042697456882179,1704042700436497589,200,http://172.169.8.253:31112/function/opt-66b-submod-0-latency-25.cdgp
1704042697456958438,1704042701965473307,200,http://172.169.8.253:31112/function/opt-66b-submod-0-latency-25.cdgp
1704042697457034941,1704042707204389327,500,http://172.169.8.253:31112/function/opt-66b-submod-0-latency-25.cdgp
1704042697457123849,1704042707204806130,500,http://172.169.8.253:31112/function/opt-66b-submod-0-latency-25.cdgp
1704042697457208167,1704042707155482914,500,http://172.169.8.253:31112/function/opt-66b-submod-0-latency-25.cdgp
1704042697457295036,1704042707274346015,500,http://172.169.8.253:31112/function/opt-66b-submod-0-latency-25.cdgp
1704042697457360783,1704042701915676307,200,http://172.169.8.253:31112/function/opt-66b-submod-0-latency-25.cdgp
1704042697457442437,1704042701244348173,200,http://172.169.8.253:31112/function/opt-66b-submod-0-latency-25.cdgp
1704042697457518353,1704042700436489073,200,http://172.169.8.253:31112/function/opt-66b-submod-0-latency-25.cdgp
1704042697457602754,1704042707205927681,500,http://172.169.8.253:31112/function/opt-66b-submod-0-latency-25.cdgp
1704042697574349529,1704042707265457236,500,http://172.169.8.253:31112/function/opt-66b-submod-0-latency-25.cdgp
1704042697574418645,1704042701104953847,200,http://172.169.8.253:31112/function/opt-66b-submod-0-latency-25.cdgp
1704042698515084694,1704042707716420015,500,http://172.169.8.253:31112/function/opt-66b-submod-0-latency-25.cdgp
1704042698515167320,1704042702023527098,200,http://172.169.8.253:31112/function/opt-66b-submod-0-latency-25.cdgp
1704042698515341472,1704042707940357260,500,http://172.169.8.253:31112/function/opt-66b-submod-0-latency-25.cdgp
1704042698515607546,1704042700011732388,200,http://172.169.8.253:31112/function/opt-66b-submod-0-latency-25.cdgp
1704042698517981096,1704042707702109891,500,http://172.169.8.253:31112/function/opt-66b-submod-0-latency-25.cdgp
1704042698518034616,1704042707932118026,500,http://172.169.8.253:31112/function/opt-66b-submod-0-latency-25.cdgp
1704042698518092828,1704042701654348469,200,http://172.169.8.253:31112/function/opt-66b-submod-0-latency-25.cdgp
1704042698518140272,1704042707934722112,500,http://172.169.8.253:31112/function/opt-66b-submod-0-latency-25.cdgp
1704042698518204018,1704042702147457967,200,http://172.169.8.253:31112/function/opt-66b-submod-0-latency-25.cdgp
1704042698518218854,1704042701977181309,200,http://172.169.8.253:31112/function/opt-66b-submod-0-latency-25.cdgp
1704042698526616094,1704042703181729279,200,http://172.169.8.253:31112/function/opt-66b-submod-0-latency-25.cdgp
1704042698526692817,1704042707692885356,500,http://172.169.8.253:31112/function/opt-66b-submod-0-latency-25.cdgp
1704042698526848655,1704042701312128188,200,http://172.169.8.253:31112/function/opt-66b-submod-0-latency-25.cdgp
1704042698530644320,1704042707934276956,500,http://172.169.8.253:31112/function/opt-66b-submod-0-latency-25.cdgp
1704042699027049405,1704042708015600175,500,http://172.169.8.253:31112/function/opt-66b-submod-0-latency-25.cdgp
1704042699027166893,1704042708180460982,500,http://172.169.8.253:31112/function/opt-66b-submod-0-latency-25.cdgp
1704042699027287638,1704042708001257420,500,http://172.169.8.253:31112/function/opt-66b-submod-0-latency-25.cdgp
1704042699027416239,1704042708504117950,500,http://172.169.8.253:31112/function/opt-66b-submod-0-latency-25.cdgp
1704042699027509884,1704042708180548762,500,http://172.169.8.253:31112/function/opt-66b-submod-0-latency-25.cdgp
1704042699027592429,1704042708180971198,500,http://172.169.8.253:31112/function/opt-66b-submod-0-latency-25.cdgp
1704042699047687324,1704042703061785229,200,http://172.169.8.253:31112/function/opt-66b-submod-0-latency-25.cdgp
1704042699047814269,1704042708504177718,500,http://172.169.8.253:31112/function/opt-66b-submod-0-latency-25.cdgp
1704042699047895282,1704042700655269705,200,http://172.169.8.253:31112/function/opt-66b-submod-0-latency-25.cdgp
1704042699047993128,1704042701970166924,200,http://172.169.8.253:31112/function/opt-66b-submod-0-latency-25.cdgp
1704042699048141351,1704042708616956370,500,http://172.169.8.253:31112/function/opt-66b-submod-0-latency-25.cdgp
1704042699048224605,1704042701838672469,200,http://172.169.8.253:31112/function/opt-66b-submod-0-latency-25.cdgp
1704042699048286604,1704042702024416186,200,http://172.169.8.253:31112/function/opt-66b-submod-0-latency-25.cdgp
1704042699048328826,1704042708503507998,500,http://172.169.8.253:31112/function/opt-66b-submod-0-latency-25.cdgp
1704042699048393081,1704042708530520736,500,http://172.169.8.253:31112/function/opt-66b-submod-0-latency-25.cdgp
1704042699048466667,1704042708504498403,500,http://172.169.8.253:31112/function/opt-66b-submod-0-latency-25.cdgp
1704042699048507370,1704042708484170392,500,http://172.169.8.253:31112/function/opt-66b-submod-0-latency-25.cdgp
1704042699048587939,1704042703247479181,200,http://172.169.8.253:31112/function/opt-66b-submod-0-latency-25.cdgp
1704042699048651772,1704042708195425405,500,http://172.169.8.253:31112/function/opt-66b-submod-0-latency-25.cdgp
1704042699048687312,1704042700649035770,200,http://172.169.8.253:31112/function/opt-66b-submod-0-latency-25.cdgp
1704042699048783227,1704042701348567169,200,http://172.169.8.253:31112/function/opt-66b-submod-0-latency-25.cdgp
1704042699048811560,1704042703073275141,200,http://172.169.8.253:31112/function/opt-66b-submod-0-latency-25.cdgp
1704042699048895223,1704042708192548491,500,http://172.169.8.253:31112/function/opt-66b-submod-0-latency-25.cdgp
1704042699049012402,1704042701970695352,200,http://172.169.8.253:31112/function/opt-66b-submod-0-latency-25.cdgp
1704042699054391384,1704042708483126149,500,http://172.169.8.253:31112/function/opt-66b-submod-0-latency-25.cdgp
1704042699054487413,1704042708503707189,500,http://172.169.8.253:31112/function/opt-66b-submod-0-latency-25.cdgp
1704042699105833788,1704042708497250986,500,http://172.169.8.253:31112/function/opt-66b-submod-0-latency-25.cdgp
1704042699105913081,1704042708504164135,500,http://172.169.8.253:31112/function/opt-66b-submod-0-latency-25.cdgp
1704042699105977657,1704042708504130775,500,http://172.169.8.253:31112/function/opt-66b-submod-0-latency-25.cdgp
1704042699106039812,1704042702021911425,200,http://172.169.8.253:31112/function/opt-66b-submod-0-latency-25.cdgp
1704042699106076293,1704042703452547040,200,http://172.169.8.253:31112/function/opt-66b-submod-0-latency-25.cdgp
1704042699137952996,1704042703251847858,200,http://172.169.8.253:31112/function/opt-66b-submod-0-latency-25.cdgp
1704042699138011443,1704042700946458213,200,http://172.169.8.253:31112/function/opt-66b-submod-0-latency-25.cdgp
1704042699868201025,1704042701351886950,200,http://172.169.8.253:31112/function/opt-66b-submod-0-latency-25.cdgp
1704042699868311002,1704042702639941529,200,http://172.169.8.253:31112/function/opt-66b-submod-0-latency-25.cdgp
1704042699868391698,1704042701350911259,200,http://172.169.8.253:31112/function/opt-66b-submod-0-latency-25.cdgp
1704042699868468730,1704042709177784636,500,http://172.169.8.253:31112/function/opt-66b-submod-0-latency-25.cdgp
1704042699976910316,1704042709977981503,500,http://172.169.8.253:31112/function/opt-66b-submod-0-latency-25.cdgp
1704042699976987662,1704042702479394551,200,http://172.169.8.253:31112/function/opt-66b-submod-0-latency-25.cdgp
1704042699977085709,1704042704667470660,200,http://172.169.8.253:31112/function/opt-66b-submod-0-latency-25.cdgp
1704042699977151767,1704042702162609459,200,http://172.169.8.253:31112/function/opt-66b-submod-0-latency-25.cdgp
1704042700025471143,1704042710026634436,500,http://172.169.8.253:31112/function/opt-66b-submod-0-latency-25.cdgp
1704042700025552464,1704042702600952131,200,http://172.169.8.253:31112/function/opt-66b-submod-0-latency-25.cdgp
1704042700025673581,1704042705839562001,200,http://172.169.8.253:31112/function/opt-66b-submod-0-latency-25.cdgp
1704042700025718880,1704042702470944908,200,http://172.169.8.253:31112/function/opt-66b-submod-0-latency-25.cdgp
1704042700025803231,1704042702643522802,200,http://172.169.8.253:31112/function/opt-66b-submod-0-latency-25.cdgp
1704042700025832023,1704042701351433526,200,http://172.169.8.253:31112/function/opt-66b-submod-0-latency-25.cdgp
1704042700025930602,1704042710021027168,500,http://172.169.8.253:31112/function/opt-66b-submod-0-latency-25.cdgp
1704042700026033162,1704042702568140009,200,http://172.169.8.253:31112/function/opt-66b-submod-0-latency-25.cdgp
1704042700026105346,1704042710026621709,500,http://172.169.8.253:31112/function/opt-66b-submod-0-latency-25.cdgp
1704042700026172872,1704042709939636259,500,http://172.169.8.253:31112/function/opt-66b-submod-0-latency-25.cdgp
1704042700026237586,1704042704617290801,200,http://172.169.8.253:31112/function/opt-66b-submod-0-latency-25.cdgp
1704042700026291734,1704042702023500412,200,http://172.169.8.253:31112/function/opt-66b-submod-0-latency-25.cdgp
1704042700026352938,1704042703644381043,200,http://172.169.8.253:31112/function/opt-66b-submod-0-latency-25.cdgp
1704042700026419865,1704042709228658272,500,http://172.169.8.253:31112/function/opt-66b-submod-0-latency-25.cdgp
1704042700026457010,1704042710026633249,500,http://172.169.8.253:31112/function/opt-66b-submod-0-latency-25.cdgp
1704042700026543179,1704042709298556029,500,http://172.169.8.253:31112/function/opt-66b-submod-0-latency-25.cdgp
1704042700026617966,1704042703185776143,200,http://172.169.8.253:31112/function/opt-66b-submod-0-latency-25.cdgp
1704042700026689406,1704042704388956915,200,http://172.169.8.253:31112/function/opt-66b-submod-0-latency-25.cdgp
1704042700026754195,1704042709376407791,500,http://172.169.8.253:31112/function/opt-66b-submod-0-latency-25.cdgp
1704042700026781015,1704042709974743775,500,http://172.169.8.253:31112/function/opt-66b-submod-0-latency-25.cdgp
1704042700026879548,1704042710027392459,500,http://172.169.8.253:31112/function/opt-66b-submod-0-latency-25.cdgp
1704042700032786151,1704042704340620029,200,http://172.169.8.253:31112/function/opt-66b-submod-0-latency-25.cdgp
1704042700032871781,1704042704350435844,200,http://172.169.8.253:31112/function/opt-66b-submod-0-latency-25.cdgp
1704042700032939591,1704042702219504185,200,http://172.169.8.253:31112/function/opt-66b-submod-0-latency-25.cdgp
1704042700032994044,1704042702598338905,200,http://172.169.8.253:31112/function/opt-66b-submod-0-latency-25.cdgp
1704042700033055731,1704042702962797139,200,http://172.169.8.253:31112/function/opt-66b-submod-0-latency-25.cdgp
1704042700033090817,1704042704622221223,200,http://172.169.8.253:31112/function/opt-66b-submod-0-latency-25.cdgp
1704042700033197065,1704042709918347493,500,http://172.169.8.253:31112/function/opt-66b-submod-0-latency-25.cdgp
1704042700033235922,1704042709922134048,500,http://172.169.8.253:31112/function/opt-66b-submod-0-latency-25.cdgp
1704042700033321362,1704042709696905303,500,http://172.169.8.253:31112/function/opt-66b-submod-0-latency-25.cdgp
1704042700033415796,1704042710034998603,500,http://172.169.8.253:31112/function/opt-66b-submod-0-latency-25.cdgp
1704042700033483348,1704042709659918915,500,http://172.169.8.253:31112/function/opt-66b-submod-0-latency-25.cdgp
1704042700033514307,1704042710034758476,500,http://172.169.8.253:31112/function/opt-66b-submod-0-latency-25.cdgp
1704042700033627380,1704042702598464445,200,http://172.169.8.253:31112/function/opt-66b-submod-0-latency-25.cdgp
1704042700033748711,1704042702471508071,200,http://172.169.8.253:31112/function/opt-66b-submod-0-latency-25.cdgp
1704042700033823436,1704042701957981215,200,http://172.169.8.253:31112/function/opt-66b-submod-0-latency-25.cdgp
1704042700033882912,1704042710035013666,500,http://172.169.8.253:31112/function/opt-66b-submod-0-latency-25.cdgp
1704042700033951940,1704042710034977049,500,http://172.169.8.253:31112/function/opt-66b-submod-0-latency-25.cdgp
1704042700034028302,1704042710034768125,500,http://172.169.8.253:31112/function/opt-66b-submod-0-latency-25.cdgp
1704042700034126360,1704042703183604220,200,http://172.169.8.253:31112/function/opt-66b-submod-0-latency-25.cdgp
1704042700034161811,1704042703873867003,200,http://172.169.8.253:31112/function/opt-66b-submod-0-latency-25.cdgp
1704042700034242182,1704042709976735229,500,http://172.169.8.253:31112/function/opt-66b-submod-0-latency-25.cdgp
1704042700034315822,1704042709925347056,500,http://172.169.8.253:31112/function/opt-66b-submod-0-latency-25.cdgp
1704042700034403040,1704042709980727104,500,http://172.169.8.253:31112/function/opt-66b-submod-0-latency-25.cdgp
1704042700034475020,1704042709922999097,500,http://172.169.8.253:31112/function/opt-66b-submod-0-latency-25.cdgp
1704042700034537192,1704042704323068248,200,http://172.169.8.253:31112/function/opt-66b-submod-0-latency-25.cdgp
1704042700035693658,1704042709915204756,500,http://172.169.8.253:31112/function/opt-66b-submod-0-latency-25.cdgp
1704042700035838429,1704042702961283629,200,http://172.169.8.253:31112/function/opt-66b-submod-0-latency-25.cdgp
1704042700036008478,1704042704351704999,200,http://172.169.8.253:31112/function/opt-66b-submod-0-latency-25.cdgp
1704042700036312711,1704042704285760188,200,http://172.169.8.253:31112/function/opt-66b-submod-0-latency-25.cdgp
1704042700036506729,1704042703931991880,200,http://172.169.8.253:31112/function/opt-66b-submod-0-latency-25.cdgp
1704042700036630655,1704042704055393647,200,http://172.169.8.253:31112/function/opt-66b-submod-0-latency-25.cdgp
1704042700036686375,1704042709947177891,500,http://172.169.8.253:31112/function/opt-66b-submod-0-latency-25.cdgp
1704042700036870471,1704042704056767179,200,http://172.169.8.253:31112/function/opt-66b-submod-0-latency-25.cdgp
1704042700036982944,1704042709978333934,500,http://172.169.8.253:31112/function/opt-66b-submod-0-latency-25.cdgp
1704042700037078378,1704042710038141312,500,http://172.169.8.253:31112/function/opt-66b-submod-0-latency-25.cdgp
1704042700037204230,1704042709920152792,500,http://172.169.8.253:31112/function/opt-66b-submod-0-latency-25.cdgp
1704042700037314717,1704042710038269236,500,http://172.169.8.253:31112/function/opt-66b-submod-0-latency-25.cdgp
1704042700037421922,1704042705836030221,200,http://172.169.8.253:31112/function/opt-66b-submod-0-latency-25.cdgp
1704042700037534202,1704042709926032326,500,http://172.169.8.253:31112/function/opt-66b-submod-0-latency-25.cdgp
1704042700037677604,1704042704618076486,200,http://172.169.8.253:31112/function/opt-66b-submod-0-latency-25.cdgp
1704042700037824841,1704042703073119835,200,http://172.169.8.253:31112/function/opt-66b-submod-0-latency-25.cdgp
1704042700037937846,1704042703517179336,200,http://172.169.8.253:31112/function/opt-66b-submod-0-latency-25.cdgp
1704042700038028987,1704042703188045499,200,http://172.169.8.253:31112/function/opt-66b-submod-0-latency-25.cdgp
1704042700038232823,1704042709981025486,500,http://172.169.8.253:31112/function/opt-66b-submod-0-latency-25.cdgp
1704042700038420505,1704042709978249399,500,http://172.169.8.253:31112/function/opt-66b-submod-0-latency-25.cdgp
1704042700066123629,1704042702597448815,200,http://172.169.8.253:31112/function/opt-66b-submod-0-latency-25.cdgp
1704042700066219206,1704042704419793457,200,http://172.169.8.253:31112/function/opt-66b-submod-0-latency-25.cdgp
1704042700066326175,1704042709938943373,500,http://172.169.8.253:31112/function/opt-66b-submod-0-latency-25.cdgp
1704042700066393365,1704042702597662118,200,http://172.169.8.253:31112/function/opt-66b-submod-0-latency-25.cdgp
1704042700315916165,1704042703919796838,200,http://172.169.8.253:31112/function/opt-66b-submod-0-latency-25.cdgp
1704042700316003518,1704042710187572528,500,http://172.169.8.253:31112/function/opt-66b-submod-0-latency-25.cdgp
1704042700316113069,1704042710049943577,500,http://172.169.8.253:31112/function/opt-66b-submod-0-latency-25.cdgp
1704042700316179337,1704042705839597736,200,http://172.169.8.253:31112/function/opt-66b-submod-0-latency-25.cdgp
1704042700325424610,1704042710253890856,500,http://172.169.8.253:31112/function/opt-66b-submod-0-latency-25.cdgp
1704042700325504547,1704042705367180122,200,http://172.169.8.253:31112/function/opt-66b-submod-0-latency-25.cdgp
1704042700325606522,1704042710185594149,500,http://172.169.8.253:31112/function/opt-66b-submod-0-latency-25.cdgp
1704042700325758470,1704042710140454530,500,http://172.169.8.253:31112/function/opt-66b-submod-0-latency-25.cdgp
1704042700325832021,1704042710051445521,500,http://172.169.8.253:31112/function/opt-66b-submod-0-latency-25.cdgp
1704042700325897374,1704042703972157043,200,http://172.169.8.253:31112/function/opt-66b-submod-0-latency-25.cdgp
1704042700325982739,1704042705764107422,200,http://172.169.8.253:31112/function/opt-66b-submod-0-latency-25.cdgp
1704042700326067128,1704042703057854215,200,http://172.169.8.253:31112/function/opt-66b-submod-0-latency-25.cdgp
1704042700326145215,1704042705439093454,200,http://172.169.8.253:31112/function/opt-66b-submod-0-latency-25.cdgp
1704042700326207341,1704042710149184293,500,http://172.169.8.253:31112/function/opt-66b-submod-0-latency-25.cdgp
1704042700326247117,1704042705836563942,200,http://172.169.8.253:31112/function/opt-66b-submod-0-latency-25.cdgp
1704042700326309849,1704042704062487186,200,http://172.169.8.253:31112/function/opt-66b-submod-0-latency-25.cdgp
1704042700326401974,1704042710147293734,500,http://172.169.8.253:31112/function/opt-66b-submod-0-latency-25.cdgp
1704042700326435460,1704042710141386942,500,http://172.169.8.253:31112/function/opt-66b-submod-0-latency-25.cdgp
1704042700326487720,1704042705839574187,200,http://172.169.8.253:31112/function/opt-66b-submod-0-latency-25.cdgp
1704042700326561335,1704042710260638484,500,http://172.169.8.253:31112/function/opt-66b-submod-0-latency-25.cdgp
1704042700326591500,1704042704617564309,200,http://172.169.8.253:31112/function/opt-66b-submod-0-latency-25.cdgp
1704042700350604814,1704042710050378123,500,http://172.169.8.253:31112/function/opt-66b-submod-0-latency-25.cdgp
1704042700350667766,1704042710190870457,500,http://172.169.8.253:31112/function/opt-66b-submod-0-latency-25.cdgp
1704042700350704072,1704042704327831397,200,http://172.169.8.253:31112/function/opt-66b-submod-0-latency-25.cdgp
1704042700350789462,1704042705839560111,200,http://172.169.8.253:31112/function/opt-66b-submod-0-latency-25.cdgp
1704042700350849906,1704042710260090764,500,http://172.169.8.253:31112/function/opt-66b-submod-0-latency-25.cdgp
1704042700350908165,1704042705370579338,200,http://172.169.8.253:31112/function/opt-66b-submod-0-latency-25.cdgp
1704042700350942753,1704042704935133056,200,http://172.169.8.253:31112/function/opt-66b-submod-0-latency-25.cdgp
1704042700410884381,1704042704923161177,200,http://172.169.8.253:31112/function/opt-66b-submod-0-latency-25.cdgp
1704042700410972322,1704042702771366273,200,http://172.169.8.253:31112/function/opt-66b-submod-0-latency-25.cdgp
1704042700411074477,1704042710263578559,500,http://172.169.8.253:31112/function/opt-66b-submod-0-latency-25.cdgp
1704042700411123981,1704042710264540547,500,http://172.169.8.253:31112/function/opt-66b-submod-0-latency-25.cdgp
1704042700411202943,1704042703931369665,200,http://172.169.8.253:31112/function/opt-66b-submod-0-latency-25.cdgp
1704042700411258295,1704042703480036579,200,http://172.169.8.253:31112/function/opt-66b-submod-0-latency-25.cdgp
1704042700411329825,1704042710264145657,500,http://172.169.8.253:31112/function/opt-66b-submod-0-latency-25.cdgp
1704042700411384933,1704042710095512067,500,http://172.169.8.253:31112/function/opt-66b-submod-0-latency-25.cdgp
1704042700411456170,1704042710266008586,500,http://172.169.8.253:31112/function/opt-66b-submod-0-latency-25.cdgp
1704042700411497446,1704042710239345169,500,http://172.169.8.253:31112/function/opt-66b-submod-0-latency-25.cdgp
1704042700411591533,1704042710235564223,500,http://172.169.8.253:31112/function/opt-66b-submod-0-latency-25.cdgp
1704042700411623485,1704042705765155195,200,http://172.169.8.253:31112/function/opt-66b-submod-0-latency-25.cdgp
1704042700411718503,1704042710200858130,500,http://172.169.8.253:31112/function/opt-66b-submod-0-latency-25.cdgp
1704042700411788843,1704042710257457253,500,http://172.169.8.253:31112/function/opt-66b-submod-0-latency-25.cdgp
1704042701486527100,1704042711015463674,500,http://172.169.8.253:31112/function/opt-66b-submod-0-latency-25.cdgp
1704042701486639326,1704042704055342284,200,http://172.169.8.253:31112/function/opt-66b-submod-0-latency-25.cdgp
1704042701486723741,1704042710866070497,500,http://172.169.8.253:31112/function/opt-66b-submod-0-latency-25.cdgp
1704042701486790495,1704042710863053821,500,http://172.169.8.253:31112/function/opt-66b-submod-0-latency-25.cdgp
1704042701486892840,1704042704094964031,200,http://172.169.8.253:31112/function/opt-66b-submod-0-latency-25.cdgp
1704042701486976673,1704042710864232216,500,http://172.169.8.253:31112/function/opt-66b-submod-0-latency-25.cdgp
1704042701487013994,1704042704101908793,200,http://172.169.8.253:31112/function/opt-66b-submod-0-latency-25.cdgp
1704042701487107529,1704042705427831884,200,http://172.169.8.253:31112/function/opt-66b-submod-0-latency-25.cdgp
1704042701493637211,1704042711050696874,500,http://172.169.8.253:31112/function/opt-66b-submod-0-latency-25.cdgp
1704042701493723792,1704042711131505099,500,http://172.169.8.253:31112/function/opt-66b-submod-0-latency-25.cdgp
1704042701493814552,1704042703930621762,200,http://172.169.8.253:31112/function/opt-66b-submod-0-latency-25.cdgp
1704042701493938349,1704042703452718127,200,http://172.169.8.253:31112/function/opt-66b-submod-0-latency-25.cdgp
1704042701494032331,1704042711023492195,500,http://172.169.8.253:31112/function/opt-66b-submod-0-latency-25.cdgp
1704042701494126585,1704042710535126159,500,http://172.169.8.253:31112/function/opt-66b-submod-0-latency-25.cdgp
1704042701494211944,1704042705752035024,200,http://172.169.8.253:31112/function/opt-66b-submod-0-latency-25.cdgp
1704042701494272425,1704042710870423370,500,http://172.169.8.253:31112/function/opt-66b-submod-0-latency-25.cdgp
1704042701494359859,1704042705252269878,200,http://172.169.8.253:31112/function/opt-66b-submod-0-latency-25.cdgp
1704042701494449494,1704042704100761176,200,http://172.169.8.253:31112/function/opt-66b-submod-0-latency-25.cdgp
1704042701508218636,1704042705871933343,200,http://172.169.8.253:31112/function/opt-66b-submod-0-latency-25.cdgp
1704042701508289167,1704042705364676235,200,http://172.169.8.253:31112/function/opt-66b-submod-0-latency-25.cdgp
1704042701508357389,1704042705776604989,200,http://172.169.8.253:31112/function/opt-66b-submod-0-latency-25.cdgp
1704042701508419017,1704042705839514218,200,http://172.169.8.253:31112/function/opt-66b-submod-0-latency-25.cdgp
1704042701508450932,1704042705806398637,200,http://172.169.8.253:31112/function/opt-66b-submod-0-latency-25.cdgp
1704042701508526191,1704042710690145341,500,http://172.169.8.253:31112/function/opt-66b-submod-0-latency-25.cdgp
1704042701508605248,1704042710734099800,500,http://172.169.8.253:31112/function/opt-66b-submod-0-latency-25.cdgp
1704042701508669348,1704042705871583856,200,http://172.169.8.253:31112/function/opt-66b-submod-0-latency-25.cdgp
1704042701508691147,1704042703183586219,200,http://172.169.8.253:31112/function/opt-66b-submod-0-latency-25.cdgp
1704042702302926376,1704042711387635435,500,http://172.169.8.253:31112/function/opt-66b-submod-0-latency-25.cdgp
1704042702303095950,1704042711349077577,500,http://172.169.8.253:31112/function/opt-66b-submod-0-latency-25.cdgp
1704042702303193675,1704042711599526582,500,http://172.169.8.253:31112/function/opt-66b-submod-0-latency-25.cdgp
1704042702303237339,1704042711853455387,500,http://172.169.8.253:31112/function/opt-66b-submod-0-latency-25.cdgp
1704042702303326295,1704042705015611940,200,http://172.169.8.253:31112/function/opt-66b-submod-0-latency-25.cdgp
1704042702303391448,1704042705933323531,200,http://172.169.8.253:31112/function/opt-66b-submod-0-latency-25.cdgp
1704042702303434641,1704042705914207857,200,http://172.169.8.253:31112/function/opt-66b-submod-0-latency-25.cdgp
1704042702303506157,1704042711294898062,500,http://172.169.8.253:31112/function/opt-66b-submod-0-latency-25.cdgp
1704042702303565630,1704042705873341007,200,http://172.169.8.253:31112/function/opt-66b-submod-0-latency-25.cdgp
1704042702303595972,1704042705883986271,200,http://172.169.8.253:31112/function/opt-66b-submod-0-latency-25.cdgp
1704042702303668227,1704042705857782513,200,http://172.169.8.253:31112/function/opt-66b-submod-0-latency-25.cdgp
1704042702303742825,1704042706968549760,200,http://172.169.8.253:31112/function/opt-66b-submod-0-latency-25.cdgp
1704042702303795904,1704042711597233930,500,http://172.169.8.253:31112/function/opt-66b-submod-0-latency-25.cdgp
1704042702303844432,1704042711649363164,500,http://172.169.8.253:31112/function/opt-66b-submod-0-latency-25.cdgp
1704042702303910076,1704042706004997494,200,http://172.169.8.253:31112/function/opt-66b-submod-0-latency-25.cdgp
1704042702303981647,1704042711690564731,500,http://172.169.8.253:31112/function/opt-66b-submod-0-latency-25.cdgp
1704042702304010233,1704042704871539487,200,http://172.169.8.253:31112/function/opt-66b-submod-0-latency-25.cdgp
1704042702304134763,1704042711593262784,500,http://172.169.8.253:31112/function/opt-66b-submod-0-latency-25.cdgp
1704042702304231748,1704042703973196614,200,http://172.169.8.253:31112/function/opt-66b-submod-0-latency-25.cdgp
1704042702304313907,1704042704103622603,200,http://172.169.8.253:31112/function/opt-66b-submod-0-latency-25.cdgp
1704042702304494011,1704042705017071584,200,http://172.169.8.253:31112/function/opt-66b-submod-0-latency-25.cdgp
1704042702304579045,1704042704823728485,200,http://172.169.8.253:31112/function/opt-66b-submod-0-latency-25.cdgp
1704042702304677666,1704042706915212609,200,http://172.169.8.253:31112/function/opt-66b-submod-0-latency-25.cdgp
1704042702304753037,1704042705878079010,200,http://172.169.8.253:31112/function/opt-66b-submod-0-latency-25.cdgp
1704042702304840696,1704042711573091338,500,http://172.169.8.253:31112/function/opt-66b-submod-0-latency-25.cdgp
1704042702304889138,1704042711856901774,500,http://172.169.8.253:31112/function/opt-66b-submod-0-latency-25.cdgp
1704042702304967770,1704042704870942663,200,http://172.169.8.253:31112/function/opt-66b-submod-0-latency-25.cdgp
1704042702305045917,1704042711594232590,500,http://172.169.8.253:31112/function/opt-66b-submod-0-latency-25.cdgp
1704042702305134475,1704042705839537235,200,http://172.169.8.253:31112/function/opt-66b-submod-0-latency-25.cdgp
1704042702305200892,1704042711853448238,500,http://172.169.8.253:31112/function/opt-66b-submod-0-latency-25.cdgp
1704042702309232367,1704042705914967383,200,http://172.169.8.253:31112/function/opt-66b-submod-0-latency-25.cdgp
1704042702309321876,1704042704645701003,200,http://172.169.8.253:31112/function/opt-66b-submod-0-latency-25.cdgp
1704042702309391371,1704042711651159387,500,http://172.169.8.253:31112/function/opt-66b-submod-0-latency-25.cdgp
1704042702587665270,1704042704335681735,200,http://172.169.8.253:31112/function/opt-66b-submod-0-latency-25.cdgp
1704042702753805756,1704042711832801594,500,http://172.169.8.253:31112/function/opt-66b-submod-0-latency-25.cdgp
1704042702753949693,1704042704613881683,200,http://172.169.8.253:31112/function/opt-66b-submod-0-latency-25.cdgp
1704042702754042211,1704042707078477078,200,http://172.169.8.253:31112/function/opt-66b-submod-0-latency-25.cdgp
1704042702754068248,1704042712171727234,500,http://172.169.8.253:31112/function/opt-66b-submod-0-latency-25.cdgp
1704042702754146022,1704042704617206820,200,http://172.169.8.253:31112/function/opt-66b-submod-0-latency-25.cdgp
1704042702754224847,1704042704103625627,200,http://172.169.8.253:31112/function/opt-66b-submod-0-latency-25.cdgp
1704042702754273028,1704042711856768322,500,http://172.169.8.253:31112/function/opt-66b-submod-0-latency-25.cdgp
1704042702764188591,1704042707121768287,200,http://172.169.8.253:31112/function/opt-66b-submod-0-latency-25.cdgp
1704042702764276707,1704042712454157012,500,http://172.169.8.253:31112/function/opt-66b-submod-0-latency-25.cdgp
1704042702764299498,1704042712406249175,500,http://172.169.8.253:31112/function/opt-66b-submod-0-latency-25.cdgp
1704042702764406406,1704042712666494610,500,http://172.169.8.253:31112/function/opt-66b-submod-0-latency-25.cdgp
1704042702764475982,1704042707100228972,200,http://172.169.8.253:31112/function/opt-66b-submod-0-latency-25.cdgp
1704042702764492902,1704042704939272558,200,http://172.169.8.253:31112/function/opt-66b-submod-0-latency-25.cdgp
1704042702764566413,1704042712329127361,500,http://172.169.8.253:31112/function/opt-66b-submod-0-latency-25.cdgp
1704042702764598722,1704042712453394639,500,http://172.169.8.253:31112/function/opt-66b-submod-0-latency-25.cdgp
1704042702764690271,1704042707121625822,200,http://172.169.8.253:31112/function/opt-66b-submod-0-latency-25.cdgp
1704042702764755601,1704042712328888564,500,http://172.169.8.253:31112/function/opt-66b-submod-0-latency-25.cdgp
1704042702764842661,1704042712328967002,500,http://172.169.8.253:31112/function/opt-66b-submod-0-latency-25.cdgp
1704042702764899914,1704042712765286526,500,http://172.169.8.253:31112/function/opt-66b-submod-0-latency-25.cdgp
1704042702764980182,1704042705176316486,200,http://172.169.8.253:31112/function/opt-66b-submod-0-latency-25.cdgp
1704042702765115093,1704042712406626764,500,http://172.169.8.253:31112/function/opt-66b-submod-0-latency-25.cdgp
1704042702765194468,1704042712453563886,500,http://172.169.8.253:31112/function/opt-66b-submod-0-latency-25.cdgp
1704042702765267630,1704042706889477446,200,http://172.169.8.253:31112/function/opt-66b-submod-0-latency-25.cdgp
1704042702765303537,1704042706930404726,200,http://172.169.8.253:31112/function/opt-66b-submod-0-latency-25.cdgp
1704042702765401775,1704042712667856971,500,http://172.169.8.253:31112/function/opt-66b-submod-0-latency-25.cdgp
1704042702765483985,1704042711995881910,500,http://172.169.8.253:31112/function/opt-66b-submod-0-latency-25.cdgp
1704042702765565509,1704042712166014253,500,http://172.169.8.253:31112/function/opt-66b-submod-0-latency-25.cdgp
1704042702765645798,1704042707195158190,200,http://172.169.8.253:31112/function/opt-66b-submod-0-latency-25.cdgp
1704042702765755696,1704042712452697487,500,http://172.169.8.253:31112/function/opt-66b-submod-0-latency-25.cdgp
1704042702765806235,1704042712666644196,500,http://172.169.8.253:31112/function/opt-66b-submod-0-latency-25.cdgp
1704042702765870911,1704042712406245888,500,http://172.169.8.253:31112/function/opt-66b-submod-0-latency-25.cdgp
1704042702765967917,1704042712328789011,500,http://172.169.8.253:31112/function/opt-66b-submod-0-latency-25.cdgp
1704042702766045213,1704042712406164846,500,http://172.169.8.253:31112/function/opt-66b-submod-0-latency-25.cdgp
1704042702766112213,1704042712170506524,500,http://172.169.8.253:31112/function/opt-66b-submod-0-latency-25.cdgp
1704042702766177777,1704042707192116127,200,http://172.169.8.253:31112/function/opt-66b-submod-0-latency-25.cdgp
1704042702766246537,1704042707109480456,200,http://172.169.8.253:31112/function/opt-66b-submod-0-latency-25.cdgp
1704042702766310337,1704042707121883953,200,http://172.169.8.253:31112/function/opt-66b-submod-0-latency-25.cdgp
1704042702766327866,1704042707122986107,200,http://172.169.8.253:31112/function/opt-66b-submod-0-latency-25.cdgp
1704042702766429590,1704042712328882450,500,http://172.169.8.253:31112/function/opt-66b-submod-0-latency-25.cdgp
1704042702771315973,1704042712667419404,500,http://172.169.8.253:31112/function/opt-66b-submod-0-latency-25.cdgp
1704042702771383262,1704042712207476648,500,http://172.169.8.253:31112/function/opt-66b-submod-0-latency-25.cdgp
1704042702771896462,1704042707025819739,200,http://172.169.8.253:31112/function/opt-66b-submod-0-latency-25.cdgp
1704042702771990490,1704042712667436134,500,http://172.169.8.253:31112/function/opt-66b-submod-0-latency-25.cdgp
1704042702772071777,1704042712166289350,500,http://172.169.8.253:31112/function/opt-66b-submod-0-latency-25.cdgp
1704042702772123680,1704042707354155957,200,http://172.169.8.253:31112/function/opt-66b-submod-0-latency-25.cdgp
1704042702772204263,1704042712328875168,500,http://172.169.8.253:31112/function/opt-66b-submod-0-latency-25.cdgp
1704042702772299512,1704042707121312025,200,http://172.169.8.253:31112/function/opt-66b-submod-0-latency-25.cdgp
1704042702772366752,1704042712667551792,500,http://172.169.8.253:31112/function/opt-66b-submod-0-latency-25.cdgp
1704042702772423787,1704042712453403457,500,http://172.169.8.253:31112/function/opt-66b-submod-0-latency-25.cdgp
1704042702795489828,1704042712726429024,500,http://172.169.8.253:31112/function/opt-66b-submod-0-latency-25.cdgp
1704042702795599117,1704042712786018836,500,http://172.169.8.253:31112/function/opt-66b-submod-0-latency-25.cdgp
1704042702795680323,1704042707185664439,200,http://172.169.8.253:31112/function/opt-66b-submod-0-latency-25.cdgp
1704042702795724489,1704042707495875546,200,http://172.169.8.253:31112/function/opt-66b-submod-0-latency-25.cdgp
1704042702815232107,1704042705321459990,200,http://172.169.8.253:31112/function/opt-66b-submod-0-latency-25.cdgp
1704042702815345684,1704042712726028849,500,http://172.169.8.253:31112/function/opt-66b-submod-0-latency-25.cdgp
1704042702815421302,1704042712816201761,500,http://172.169.8.253:31112/function/opt-66b-submod-0-latency-25.cdgp
1704042702815504106,1704042712726705952,500,http://172.169.8.253:31112/function/opt-66b-submod-0-latency-25.cdgp
1704042702815549685,1704042705048387868,200,http://172.169.8.253:31112/function/opt-66b-submod-0-latency-25.cdgp
1704042702815632882,1704042708686826245,200,http://172.169.8.253:31112/function/opt-66b-submod-0-latency-25.cdgp
1704042702815717477,1704042712816189953,500,http://172.169.8.253:31112/function/opt-66b-submod-0-latency-25.cdgp
1704042702815792652,1704042707258937057,200,http://172.169.8.253:31112/function/opt-66b-submod-0-latency-25.cdgp
1704042702815836425,1704042712816202611,500,http://172.169.8.253:31112/function/opt-66b-submod-0-latency-25.cdgp
1704042702815895038,1704042707393801641,200,http://172.169.8.253:31112/function/opt-66b-submod-0-latency-25.cdgp
1704042702815963313,1704042705510702232,200,http://172.169.8.253:31112/function/opt-66b-submod-0-latency-25.cdgp
1704042702816050967,1704042705558336831,200,http://172.169.8.253:31112/function/opt-66b-submod-0-latency-25.cdgp
1704042702901851992,1704042712709962657,500,http://172.169.8.253:31112/function/opt-66b-submod-0-latency-25.cdgp
1704042702901900128,1704042712726722736,500,http://172.169.8.253:31112/function/opt-66b-submod-0-latency-25.cdgp
1704042702902001283,1704042707106942062,200,http://172.169.8.253:31112/function/opt-66b-submod-0-latency-25.cdgp
1704042702902034704,1704042705252818032,200,http://172.169.8.253:31112/function/opt-66b-submod-0-latency-25.cdgp
1704042702902119932,1704042707387945057,200,http://172.169.8.253:31112/function/opt-66b-submod-0-latency-25.cdgp
1704042702902160759,1704042707126646287,200,http://172.169.8.253:31112/function/opt-66b-submod-0-latency-25.cdgp
1704042702902236795,1704042705807289465,200,http://172.169.8.253:31112/function/opt-66b-submod-0-latency-25.cdgp
1704042702902265618,1704042712726063980,500,http://172.169.8.253:31112/function/opt-66b-submod-0-latency-25.cdgp
1704042702902314674,1704042712725771586,500,http://172.169.8.253:31112/function/opt-66b-submod-0-latency-25.cdgp
1704042702902398313,1704042707254771066,200,http://172.169.8.253:31112/function/opt-66b-submod-0-latency-25.cdgp
1704042702902458823,1704042712709986763,500,http://172.169.8.253:31112/function/opt-66b-submod-0-latency-25.cdgp
1704042702902528464,1704042707200051918,200,http://172.169.8.253:31112/function/opt-66b-submod-0-latency-25.cdgp
1704042702902564480,1704042712725289679,500,http://172.169.8.253:31112/function/opt-66b-submod-0-latency-25.cdgp
1704042702902639586,1704042712726927168,500,http://172.169.8.253:31112/function/opt-66b-submod-0-latency-25.cdgp
1704042702902732488,1704042712886095253,500,http://172.169.8.253:31112/function/opt-66b-submod-0-latency-25.cdgp
1704042702902798807,1704042704970635354,200,http://172.169.8.253:31112/function/opt-66b-submod-0-latency-25.cdgp
1704042702902862338,1704042707299786895,200,http://172.169.8.253:31112/function/opt-66b-submod-0-latency-25.cdgp
1704042702902876662,1704042704973749552,200,http://172.169.8.253:31112/function/opt-66b-submod-0-latency-25.cdgp
1704042702902969906,1704042707815972011,200,http://172.169.8.253:31112/function/opt-66b-submod-0-latency-25.cdgp
1704042702903033843,1704042712725861598,500,http://172.169.8.253:31112/function/opt-66b-submod-0-latency-25.cdgp
1704042702973803151,1704042712928027488,500,http://172.169.8.253:31112/function/opt-66b-submod-0-latency-25.cdgp
1704042702973894229,1704042705746146644,200,http://172.169.8.253:31112/function/opt-66b-submod-0-latency-25.cdgp
1704042702973958842,1704042707422005855,200,http://172.169.8.253:31112/function/opt-66b-submod-0-latency-25.cdgp
1704042702974048413,1704042712974487131,500,http://172.169.8.253:31112/function/opt-66b-submod-0-latency-25.cdgp
1704042702974114633,1704042707808371764,200,http://172.169.8.253:31112/function/opt-66b-submod-0-latency-25.cdgp
1704042702974179439,1704042712974474498,500,http://172.169.8.253:31112/function/opt-66b-submod-0-latency-25.cdgp
1704042702974221488,1704042712974549039,500,http://172.169.8.253:31112/function/opt-66b-submod-0-latency-25.cdgp
1704042702974302995,1704042708333554573,200,http://172.169.8.253:31112/function/opt-66b-submod-0-latency-25.cdgp
1704042702974417773,1704042712863696046,500,http://172.169.8.253:31112/function/opt-66b-submod-0-latency-25.cdgp
1704042702974533750,1704042712974802374,500,http://172.169.8.253:31112/function/opt-66b-submod-0-latency-25.cdgp
1704042702974574787,1704042712974815336,500,http://172.169.8.253:31112/function/opt-66b-submod-0-latency-25.cdgp
1704042702974648383,1704042707991811140,200,http://172.169.8.253:31112/function/opt-66b-submod-0-latency-25.cdgp
1704042702974712056,1704042712974806313,500,http://172.169.8.253:31112/function/opt-66b-submod-0-latency-25.cdgp
1704042702974802103,1704042707568945888,200,http://172.169.8.253:31112/function/opt-66b-submod-0-latency-25.cdgp
1704042702974836459,1704042705958315098,200,http://172.169.8.253:31112/function/opt-66b-submod-0-latency-25.cdgp
1704042702974899349,1704042705535384662,200,http://172.169.8.253:31112/function/opt-66b-submod-0-latency-25.cdgp
1704042703081019761,1704042706007889742,200,http://172.169.8.253:31112/function/opt-66b-submod-0-latency-25.cdgp
1704042703081101884,1704042713058777548,500,http://172.169.8.253:31112/function/opt-66b-submod-0-latency-25.cdgp
1704042703081228910,1704042705475605341,200,http://172.169.8.253:31112/function/opt-66b-submod-0-latency-25.cdgp
1704042703081270375,1704042708239465927,200,http://172.169.8.253:31112/function/opt-66b-submod-0-latency-25.cdgp
1704042703081348808,1704042713035520537,500,http://172.169.8.253:31112/function/opt-66b-submod-0-latency-25.cdgp
1704042703081429361,1704042713063012120,500,http://172.169.8.253:31112/function/opt-66b-submod-0-latency-25.cdgp
1704042703085320711,1704042709174909060,200,http://172.169.8.253:31112/function/opt-66b-submod-0-latency-25.cdgp
1704042703085401116,1704042708788980628,200,http://172.169.8.253:31112/function/opt-66b-submod-0-latency-25.cdgp
1704042703094061606,1704042713059428170,500,http://172.169.8.253:31112/function/opt-66b-submod-0-latency-25.cdgp
1704042703094216531,1704042706008452275,200,http://172.169.8.253:31112/function/opt-66b-submod-0-latency-25.cdgp
1704042703094303966,1704042707819062940,200,http://172.169.8.253:31112/function/opt-66b-submod-0-latency-25.cdgp
1704042703094425913,1704042713064311744,500,http://172.169.8.253:31112/function/opt-66b-submod-0-latency-25.cdgp
1704042703094513215,1704042707714686116,200,http://172.169.8.253:31112/function/opt-66b-submod-0-latency-25.cdgp
1704042703094598525,1704042708789027190,200,http://172.169.8.253:31112/function/opt-66b-submod-0-latency-25.cdgp
1704042703094663559,1704042712986221127,500,http://172.169.8.253:31112/function/opt-66b-submod-0-latency-25.cdgp
1704042703094739497,1704042708291215983,200,http://172.169.8.253:31112/function/opt-66b-submod-0-latency-25.cdgp
1704042703094820172,1704042705941858020,200,http://172.169.8.253:31112/function/opt-66b-submod-0-latency-25.cdgp
1704042703094885102,1704042713067598423,500,http://172.169.8.253:31112/function/opt-66b-submod-0-latency-25.cdgp
1704042703155487697,1704042713060952167,500,http://172.169.8.253:31112/function/opt-66b-submod-0-latency-25.cdgp
1704042703155565206,1704042707344504303,200,http://172.169.8.253:31112/function/opt-66b-submod-0-latency-25.cdgp
1704042703155645367,1704042705818613318,200,http://172.169.8.253:31112/function/opt-66b-submod-0-latency-25.cdgp
1704042703162328079,1704042712991912747,500,http://172.169.8.253:31112/function/opt-66b-submod-0-latency-25.cdgp
1704042703162482463,1704042712987276145,500,http://172.169.8.253:31112/function/opt-66b-submod-0-latency-25.cdgp
1704042703162576800,1704042708031111459,200,http://172.169.8.253:31112/function/opt-66b-submod-0-latency-25.cdgp
1704042703162709463,1704042713059792726,500,http://172.169.8.253:31112/function/opt-66b-submod-0-latency-25.cdgp
1704042703162821170,1704042713163477367,500,http://172.169.8.253:31112/function/opt-66b-submod-0-latency-25.cdgp
1704042703162896912,1704042707296040836,200,http://172.169.8.253:31112/function/opt-66b-submod-0-latency-25.cdgp
1704042703163021699,1704042707474851329,200,http://172.169.8.253:31112/function/opt-66b-submod-0-latency-25.cdgp
1704042703163097859,1704042712987203802,500,http://172.169.8.253:31112/function/opt-66b-submod-0-latency-25.cdgp
1704042704405303991,1704042713463382460,500,http://172.169.8.253:31112/function/opt-66b-submod-0-latency-25.cdgp
1704042704405417592,1704042713769217389,500,http://172.169.8.253:31112/function/opt-66b-submod-0-latency-25.cdgp
1704042704405542944,1704042706083603620,200,http://172.169.8.253:31112/function/opt-66b-submod-0-latency-25.cdgp
1704042704419348300,1704042706359428317,200,http://172.169.8.253:31112/function/opt-66b-submod-0-latency-25.cdgp
1704042704419408512,1704042714234605860,500,http://172.169.8.253:31112/function/opt-66b-submod-0-latency-25.cdgp
1704042704419478508,1704042709178160047,200,http://172.169.8.253:31112/function/opt-66b-submod-0-latency-25.cdgp
1704042704419496933,1704042708504763006,200,http://172.169.8.253:31112/function/opt-66b-submod-0-latency-25.cdgp
1704042704419552876,1704042706260294606,200,http://172.169.8.253:31112/function/opt-66b-submod-0-latency-25.cdgp
1704042704419578790,1704042713769306878,500,http://172.169.8.253:31112/function/opt-66b-submod-0-latency-25.cdgp
1704042704419649780,1704042714235107216,500,http://172.169.8.253:31112/function/opt-66b-submod-0-latency-25.cdgp
1704042704419696706,1704042714232750009,500,http://172.169.8.253:31112/function/opt-66b-submod-0-latency-25.cdgp
1704042704419779520,1704042714420765413,500,http://172.169.8.253:31112/function/opt-66b-submod-0-latency-25.cdgp
1704042704419811112,1704042706297211912,200,http://172.169.8.253:31112/function/opt-66b-submod-0-latency-25.cdgp
1704042704419906795,1704042705964115789,200,http://172.169.8.253:31112/function/opt-66b-submod-0-latency-25.cdgp
1704042704419940319,1704042705708670122,200,http://172.169.8.253:31112/function/opt-66b-submod-0-latency-25.cdgp
1704042704420025295,1704042708333050793,200,http://172.169.8.253:31112/function/opt-66b-submod-0-latency-25.cdgp
1704042704420070440,1704042714244178970,500,http://172.169.8.253:31112/function/opt-66b-submod-0-latency-25.cdgp
1704042704420159290,1704042706388869961,200,http://172.169.8.253:31112/function/opt-66b-submod-0-latency-25.cdgp
1704042704420240034,1704042714166318158,500,http://172.169.8.253:31112/function/opt-66b-submod-0-latency-25.cdgp
1704042704420301333,1704042713888021390,500,http://172.169.8.253:31112/function/opt-66b-submod-0-latency-25.cdgp
1704042704420364076,1704042714420747560,500,http://172.169.8.253:31112/function/opt-66b-submod-0-latency-25.cdgp
1704042704420396218,1704042708197744840,200,http://172.169.8.253:31112/function/opt-66b-submod-0-latency-25.cdgp
1704042704420482114,1704042713770056016,500,http://172.169.8.253:31112/function/opt-66b-submod-0-latency-25.cdgp
1704042704420551462,1704042708806265898,200,http://172.169.8.253:31112/function/opt-66b-submod-0-latency-25.cdgp
1704042704420619016,1704042714166190918,500,http://172.169.8.253:31112/function/opt-66b-submod-0-latency-25.cdgp
1704042704420695357,1704042714209112226,500,http://172.169.8.253:31112/function/opt-66b-submod-0-latency-25.cdgp
1704042704420717007,1704042708686978467,200,http://172.169.8.253:31112/function/opt-66b-submod-0-latency-25.cdgp
1704042704420788715,1704042708784118255,200,http://172.169.8.253:31112/function/opt-66b-submod-0-latency-25.cdgp
1704042704420865228,1704042714234703290,500,http://172.169.8.253:31112/function/opt-66b-submod-0-latency-25.cdgp
1704042704420935202,1704042714244324214,500,http://172.169.8.253:31112/function/opt-66b-submod-0-latency-25.cdgp
1704042704420997104,1704042706643433173,200,http://172.169.8.253:31112/function/opt-66b-submod-0-latency-25.cdgp
1704042704421026160,1704042714166608307,500,http://172.169.8.253:31112/function/opt-66b-submod-0-latency-25.cdgp
1704042704421109059,1704042708497270608,200,http://172.169.8.253:31112/function/opt-66b-submod-0-latency-25.cdgp
1704042704421184059,1704042708760677371,200,http://172.169.8.253:31112/function/opt-66b-submod-0-latency-25.cdgp
1704042704421826797,1704042714240975927,500,http://172.169.8.253:31112/function/opt-66b-submod-0-latency-25.cdgp
1704042704421897581,1704042706267553905,200,http://172.169.8.253:31112/function/opt-66b-submod-0-latency-25.cdgp
1704042704448192909,1704042714238413331,500,http://172.169.8.253:31112/function/opt-66b-submod-0-latency-25.cdgp
1704042704448369399,1704042714166436501,500,http://172.169.8.253:31112/function/opt-66b-submod-0-latency-25.cdgp
1704042704448474348,1704042714241150148,500,http://172.169.8.253:31112/function/opt-66b-submod-0-latency-25.cdgp
1704042704453108322,1704042714240846725,500,http://172.169.8.253:31112/function/opt-66b-submod-0-latency-25.cdgp
1704042704453190109,1704042708333835762,200,http://172.169.8.253:31112/function/opt-66b-submod-0-latency-25.cdgp
1704042704528259867,1704042714240710759,500,http://172.169.8.253:31112/function/opt-66b-submod-0-latency-25.cdgp
1704042704528351793,1704042714205975148,500,http://172.169.8.253:31112/function/opt-66b-submod-0-latency-25.cdgp
1704042704528425454,1704042714241190171,500,http://172.169.8.253:31112/function/opt-66b-submod-0-latency-25.cdgp
1704042704941011902,1704042714423822097,500,http://172.169.8.253:31112/function/opt-66b-submod-0-latency-25.cdgp
1704042704941177370,1704042708504172083,200,http://172.169.8.253:31112/function/opt-66b-submod-0-latency-25.cdgp
1704042704941319972,1704042714941641416,500,http://172.169.8.253:31112/function/opt-66b-submod-0-latency-25.cdgp
1704042704941388584,1704042714287478778,500,http://172.169.8.253:31112/function/opt-66b-submod-0-latency-25.cdgp
1704042704941436639,1704042706533150762,200,http://172.169.8.253:31112/function/opt-66b-submod-0-latency-25.cdgp
1704042704941516511,1704042714363634395,500,http://172.169.8.253:31112/function/opt-66b-submod-0-latency-25.cdgp
1704042704941598306,1704042706484721274,200,http://172.169.8.253:31112/function/opt-66b-submod-0-latency-25.cdgp
1704042705183928430,1704042707974567055,200,http://172.169.8.253:31112/function/opt-66b-submod-0-latency-25.cdgp
1704042705184011303,1704042708504408894,200,http://172.169.8.253:31112/function/opt-66b-submod-0-latency-25.cdgp
1704042705184102861,1704042706523758588,200,http://172.169.8.253:31112/function/opt-66b-submod-0-latency-25.cdgp
1704042705184213806,1704042706787000940,200,http://172.169.8.253:31112/function/opt-66b-submod-0-latency-25.cdgp
1704042705184266973,1704042706403028310,200,http://172.169.8.253:31112/function/opt-66b-submod-0-latency-25.cdgp
1704042705184338804,1704042714692762131,500,http://172.169.8.253:31112/function/opt-66b-submod-0-latency-25.cdgp
1704042705184361537,1704042714561089756,500,http://172.169.8.253:31112/function/opt-66b-submod-0-latency-25.cdgp
1704042705184433375,1704042714823094853,500,http://172.169.8.253:31112/function/opt-66b-submod-0-latency-25.cdgp
1704042705184513894,1704042708739253599,200,http://172.169.8.253:31112/function/opt-66b-submod-0-latency-25.cdgp
1704042705184577143,1704042714382356820,500,http://172.169.8.253:31112/function/opt-66b-submod-0-latency-25.cdgp
1704042705588426081,1704042714828527279,500,http://172.169.8.253:31112/function/opt-66b-submod-0-latency-25.cdgp
1704042705617568087,1704042715297885571,500,http://172.169.8.253:31112/function/opt-66b-submod-0-latency-25.cdgp
1704042705617652675,1704042706955216344,200,http://172.169.8.253:31112/function/opt-66b-submod-0-latency-25.cdgp
1704042705617773619,1704042708739402121,200,http://172.169.8.253:31112/function/opt-66b-submod-0-latency-25.cdgp
1704042705617841244,1704042707218199179,200,http://172.169.8.253:31112/function/opt-66b-submod-0-latency-25.cdgp
1704042705617862154,1704042715316113237,500,http://172.169.8.253:31112/function/opt-66b-submod-0-latency-25.cdgp
1704042705617959812,1704042714828909488,500,http://172.169.8.253:31112/function/opt-66b-submod-0-latency-25.cdgp
1704042705618013387,1704042715314208032,500,http://172.169.8.253:31112/function/opt-66b-submod-0-latency-25.cdgp
1704042705618030371,1704042715296253570,500,http://172.169.8.253:31112/function/opt-66b-submod-0-latency-25.cdgp
1704042705618115007,1704042715042206514,500,http://172.169.8.253:31112/function/opt-66b-submod-0-latency-25.cdgp
1704042705618185203,1704042714830882056,500,http://172.169.8.253:31112/function/opt-66b-submod-0-latency-25.cdgp
1704042705618212987,1704042714825080008,500,http://172.169.8.253:31112/function/opt-66b-submod-0-latency-25.cdgp
1704042705618280197,1704042714989820968,500,http://172.169.8.253:31112/function/opt-66b-submod-0-latency-25.cdgp
1704042706611216933,1704042715576911728,500,http://172.169.8.253:31112/function/opt-66b-submod-0-latency-25.cdgp
1704042706611408578,1704042715542930702,500,http://172.169.8.253:31112/function/opt-66b-submod-0-latency-25.cdgp
1704042706611456319,1704042715769087282,500,http://172.169.8.253:31112/function/opt-66b-submod-0-latency-25.cdgp
1704042707030001928,1704042708497730400,200,http://172.169.8.253:31112/function/opt-66b-submod-0-latency-25.cdgp
1704042707030610293,1704042716683508268,500,http://172.169.8.253:31112/function/opt-66b-submod-0-latency-25.cdgp
1704042707030686750,1704042709383583098,200,http://172.169.8.253:31112/function/opt-66b-submod-0-latency-25.cdgp
1704042707030754272,1704042716100626695,500,http://172.169.8.253:31112/function/opt-66b-submod-0-latency-25.cdgp
1704042707030843090,1704042716480198856,500,http://172.169.8.253:31112/function/opt-66b-submod-0-latency-25.cdgp
1704042707030946461,1704042708807450278,200,http://172.169.8.253:31112/function/opt-66b-submod-0-latency-25.cdgp
1704042707031035259,1704042708823495307,200,http://172.169.8.253:31112/function/opt-66b-submod-0-latency-25.cdgp
1704042707031107410,1704042716155460696,500,http://172.169.8.253:31112/function/opt-66b-submod-0-latency-25.cdgp
1704042707031201016,1704042709332474309,200,http://172.169.8.253:31112/function/opt-66b-submod-0-latency-25.cdgp
1704042707031284309,1704042708827725873,200,http://172.169.8.253:31112/function/opt-66b-submod-0-latency-25.cdgp
1704042707031358057,1704042717032403956,500,http://172.169.8.253:31112/function/opt-66b-submod-0-latency-25.cdgp
1704042707031399701,1704042716064568101,500,http://172.169.8.253:31112/function/opt-66b-submod-0-latency-25.cdgp
1704042707109777925,1704042716523905572,500,http://172.169.8.253:31112/function/opt-66b-submod-0-latency-25.cdgp
1704042707109878890,1704042709247600230,200,http://172.169.8.253:31112/function/opt-66b-submod-0-latency-25.cdgp
1704042707109963683,1704042708831509849,200,http://172.169.8.253:31112/function/opt-66b-submod-0-latency-25.cdgp
1704042707492317159,1704042708783283143,200,http://172.169.8.253:31112/function/opt-66b-submod-0-latency-25.cdgp
1704042707492401363,1704042716543868049,500,http://172.169.8.253:31112/function/opt-66b-submod-0-latency-25.cdgp
1704042707492522556,1704042716483547888,500,http://172.169.8.253:31112/function/opt-66b-submod-0-latency-25.cdgp
1704042707493063683,1704042716610859857,500,http://172.169.8.253:31112/function/opt-66b-submod-0-latency-25.cdgp
1704042707493183403,1704042716703151512,500,http://172.169.8.253:31112/function/opt-66b-submod-0-latency-25.cdgp
1704042707493283575,1704042716479482221,500,http://172.169.8.253:31112/function/opt-66b-submod-0-latency-25.cdgp
1704042707493361183,1704042710015661369,200,http://172.169.8.253:31112/function/opt-66b-submod-0-latency-25.cdgp
1704042707493434369,1704042716701962386,500,http://172.169.8.253:31112/function/opt-66b-submod-0-latency-25.cdgp
1704042707493519400,1704042709177925543,200,http://172.169.8.253:31112/function/opt-66b-submod-0-latency-25.cdgp
1704042707493632394,1704042717062908236,500,http://172.169.8.253:31112/function/opt-66b-submod-0-latency-25.cdgp
1704042707502419649,1704042709210041394,200,http://172.169.8.253:31112/function/opt-66b-submod-0-latency-25.cdgp
1704042707507038774,1704042709255048521,200,http://172.169.8.253:31112/function/opt-66b-submod-0-latency-25.cdgp
1704042707507200807,1704042709971732590,200,http://172.169.8.253:31112/function/opt-66b-submod-0-latency-25.cdgp
1704042707507270022,1704042709612159900,200,http://172.169.8.253:31112/function/opt-66b-submod-0-latency-25.cdgp
1704042707507349636,1704042709185458203,200,http://172.169.8.253:31112/function/opt-66b-submod-0-latency-25.cdgp
1704042707507438989,1704042709254744564,200,http://172.169.8.253:31112/function/opt-66b-submod-0-latency-25.cdgp
1704042707507545499,1704042716593792570,500,http://172.169.8.253:31112/function/opt-66b-submod-0-latency-25.cdgp
1704042707645903983,1704042709936948551,200,http://172.169.8.253:31112/function/opt-66b-submod-0-latency-25.cdgp
1704042707645977843,1704042709611868390,200,http://172.169.8.253:31112/function/opt-66b-submod-0-latency-25.cdgp
1704042707646049151,1704042716719973154,500,http://172.169.8.253:31112/function/opt-66b-submod-0-latency-25.cdgp
1704042707646079891,1704042709655172871,200,http://172.169.8.253:31112/function/opt-66b-submod-0-latency-25.cdgp
1704042707646167894,1704042716679052335,500,http://172.169.8.253:31112/function/opt-66b-submod-0-latency-25.cdgp
1704042707646250874,1704042716721903030,500,http://172.169.8.253:31112/function/opt-66b-submod-0-latency-25.cdgp
1704042707646315740,1704042716724285275,500,http://172.169.8.253:31112/function/opt-66b-submod-0-latency-25.cdgp
1704042707647032553,1704042709255885930,200,http://172.169.8.253:31112/function/opt-66b-submod-0-latency-25.cdgp
1704042707647120303,1704042716639232338,500,http://172.169.8.253:31112/function/opt-66b-submod-0-latency-25.cdgp
1704042707877325179,1704042717116710763,500,http://172.169.8.253:31112/function/opt-66b-submod-0-latency-25.cdgp
1704042707877425432,1704042709972833963,200,http://172.169.8.253:31112/function/opt-66b-submod-0-latency-25.cdgp
1704042707877531801,1704042709657072963,200,http://172.169.8.253:31112/function/opt-66b-submod-0-latency-25.cdgp
1704042707877582047,1704042709659726570,200,http://172.169.8.253:31112/function/opt-66b-submod-0-latency-25.cdgp
1704042707877662103,1704042717204669759,500,http://172.169.8.253:31112/function/opt-66b-submod-0-latency-25.cdgp
1704042707877730497,1704042717039471398,500,http://172.169.8.253:31112/function/opt-66b-submod-0-latency-25.cdgp
1704042708105837415,1704042717246221697,500,http://172.169.8.253:31112/function/opt-66b-submod-0-latency-25.cdgp
1704042708105925870,1704042710014951965,200,http://172.169.8.253:31112/function/opt-66b-submod-0-latency-25.cdgp
1704042708106024690,1704042710012798796,200,http://172.169.8.253:31112/function/opt-66b-submod-0-latency-25.cdgp
1704042708106083490,1704042717241935959,500,http://172.169.8.253:31112/function/opt-66b-submod-0-latency-25.cdgp
1704042708106160598,1704042710372550451,200,http://172.169.8.253:31112/function/opt-66b-submod-0-latency-25.cdgp
1704042708106185737,1704042717246732029,500,http://172.169.8.253:31112/function/opt-66b-submod-0-latency-25.cdgp
1704042708106314013,1704042709974687405,200,http://172.169.8.253:31112/function/opt-66b-submod-0-latency-25.cdgp
1704042708106377742,1704042709839639204,200,http://172.169.8.253:31112/function/opt-66b-submod-0-latency-25.cdgp
1704042708106444495,1704042710056377889,200,http://172.169.8.253:31112/function/opt-66b-submod-0-latency-25.cdgp
1704042708106532944,1704042710039853375,200,http://172.169.8.253:31112/function/opt-66b-submod-0-latency-25.cdgp
1704042708106616067,1704042710027326636,200,http://172.169.8.253:31112/function/opt-66b-submod-0-latency-25.cdgp
1704042708106664454,1704042717295479928,500,http://172.169.8.253:31112/function/opt-66b-submod-0-latency-25.cdgp
1704042708106779347,1704042717840469504,500,http://172.169.8.253:31112/function/opt-66b-submod-0-latency-25.cdgp
1704042708106857636,1704042709300066607,200,http://172.169.8.253:31112/function/opt-66b-submod-0-latency-25.cdgp
1704042708106901597,1704042717840504818,500,http://172.169.8.253:31112/function/opt-66b-submod-0-latency-25.cdgp
1704042708106992692,1704042718107200460,500,http://172.169.8.253:31112/function/opt-66b-submod-0-latency-25.cdgp
1704042708107056574,1704042709978933621,200,http://172.169.8.253:31112/function/opt-66b-submod-0-latency-25.cdgp
1704042708107140808,1704042717814914130,500,http://172.169.8.253:31112/function/opt-66b-submod-0-latency-25.cdgp
1704042708107206758,1704042717840481201,500,http://172.169.8.253:31112/function/opt-66b-submod-0-latency-25.cdgp
1704042708107299652,1704042710238061746,200,http://172.169.8.253:31112/function/opt-66b-submod-0-latency-25.cdgp
1704042708107339396,1704042710018220547,200,http://172.169.8.253:31112/function/opt-66b-submod-0-latency-25.cdgp
1704042708107394867,1704042717844955196,500,http://172.169.8.253:31112/function/opt-66b-submod-0-latency-25.cdgp
1704042708107480204,1704042709837912137,200,http://172.169.8.253:31112/function/opt-66b-submod-0-latency-25.cdgp
1704042708107541754,1704042710244582684,200,http://172.169.8.253:31112/function/opt-66b-submod-0-latency-25.cdgp
1704042708107580887,1704042710406369322,200,http://172.169.8.253:31112/function/opt-66b-submod-0-latency-25.cdgp
1704042708107639230,1704042718107862464,500,http://172.169.8.253:31112/function/opt-66b-submod-0-latency-25.cdgp
1704042708107710556,1704042717513425879,500,http://172.169.8.253:31112/function/opt-66b-submod-0-latency-25.cdgp
1704042708107784076,1704042717517000255,500,http://172.169.8.253:31112/function/opt-66b-submod-0-latency-25.cdgp
1704042708107870609,1704042709979906888,200,http://172.169.8.253:31112/function/opt-66b-submod-0-latency-25.cdgp
1704042708107968236,1704042710017013189,200,http://172.169.8.253:31112/function/opt-66b-submod-0-latency-25.cdgp
1704042708114114250,1704042709958900876,200,http://172.169.8.253:31112/function/opt-66b-submod-0-latency-25.cdgp
1704042708114191635,1704042710330472705,200,http://172.169.8.253:31112/function/opt-66b-submod-0-latency-25.cdgp
1704042708114329501,1704042710403368869,200,http://172.169.8.253:31112/function/opt-66b-submod-0-latency-25.cdgp
1704042708114425181,1704042718087952057,500,http://172.169.8.253:31112/function/opt-66b-submod-0-latency-25.cdgp
1704042708115786541,1704042710552430797,200,http://172.169.8.253:31112/function/opt-66b-submod-0-latency-25.cdgp
1704042708115888236,1704042718087989139,500,http://172.169.8.253:31112/function/opt-66b-submod-0-latency-25.cdgp
1704042708115961436,1704042710510311865,200,http://172.169.8.253:31112/function/opt-66b-submod-0-latency-25.cdgp
1704042708116048264,1704042718047017442,500,http://172.169.8.253:31112/function/opt-66b-submod-0-latency-25.cdgp
1704042708150571142,1704042718017855571,500,http://172.169.8.253:31112/function/opt-66b-submod-0-latency-25.cdgp
1704042708150690634,1704042718151847505,500,http://172.169.8.253:31112/function/opt-66b-submod-0-latency-25.cdgp
1704042708150752714,1704042718017836467,500,http://172.169.8.253:31112/function/opt-66b-submod-0-latency-25.cdgp
1704042708150831401,1704042718151675177,500,http://172.169.8.253:31112/function/opt-66b-submod-0-latency-25.cdgp
1704042708150936664,1704042718151651314,500,http://172.169.8.253:31112/function/opt-66b-submod-0-latency-25.cdgp
1704042708151066035,1704042710088344316,200,http://172.169.8.253:31112/function/opt-66b-submod-0-latency-25.cdgp
1704042708151165193,1704042718018119850,500,http://172.169.8.253:31112/function/opt-66b-submod-0-latency-25.cdgp
1704042708151249119,1704042710950169553,200,http://172.169.8.253:31112/function/opt-66b-submod-0-latency-25.cdgp
1704042708151313013,1704042711632198016,200,http://172.169.8.253:31112/function/opt-66b-submod-0-latency-25.cdgp
1704042708151353419,1704042710246259200,200,http://172.169.8.253:31112/function/opt-66b-submod-0-latency-25.cdgp
1704042708151430358,1704042710359078008,200,http://172.169.8.253:31112/function/opt-66b-submod-0-latency-25.cdgp
1704042708151524614,1704042718151855503,500,http://172.169.8.253:31112/function/opt-66b-submod-0-latency-25.cdgp
1704042708151590173,1704042709994811048,200,http://172.169.8.253:31112/function/opt-66b-submod-0-latency-25.cdgp
1704042708151643238,1704042718151848329,500,http://172.169.8.253:31112/function/opt-66b-submod-0-latency-25.cdgp
1704042708151731014,1704042717814988282,500,http://172.169.8.253:31112/function/opt-66b-submod-0-latency-25.cdgp
1704042708151797225,1704042718017601269,500,http://172.169.8.253:31112/function/opt-66b-submod-0-latency-25.cdgp
1704042708151847379,1704042718152926300,500,http://172.169.8.253:31112/function/opt-66b-submod-0-latency-25.cdgp
1704042708151954080,1704042711159614897,200,http://172.169.8.253:31112/function/opt-66b-submod-0-latency-25.cdgp
1704042708152015967,1704042718152905541,500,http://172.169.8.253:31112/function/opt-66b-submod-0-latency-25.cdgp
1704042708152032594,1704042718152914018,500,http://172.169.8.253:31112/function/opt-66b-submod-0-latency-25.cdgp
1704042708152107924,1704042710400387843,200,http://172.169.8.253:31112/function/opt-66b-submod-0-latency-25.cdgp
1704042708152162846,1704042711176826012,200,http://172.169.8.253:31112/function/opt-66b-submod-0-latency-25.cdgp
1704042708152257715,1704042710723786533,200,http://172.169.8.253:31112/function/opt-66b-submod-0-latency-25.cdgp
1704042708152343851,1704042718091627923,500,http://172.169.8.253:31112/function/opt-66b-submod-0-latency-25.cdgp
1704042708157717716,1704042710370484768,200,http://172.169.8.253:31112/function/opt-66b-submod-0-latency-25.cdgp
1704042708157781770,1704042709928084174,200,http://172.169.8.253:31112/function/opt-66b-submod-0-latency-25.cdgp
1704042708157816131,1704042718158003541,500,http://172.169.8.253:31112/function/opt-66b-submod-0-latency-25.cdgp
1704042708157896165,1704042711404313837,200,http://172.169.8.253:31112/function/opt-66b-submod-0-latency-25.cdgp
1704042708245852344,1704042718246559778,500,http://172.169.8.253:31112/function/opt-66b-submod-0-latency-25.cdgp
1704042708246594566,1704042711451713031,200,http://172.169.8.253:31112/function/opt-66b-submod-0-latency-25.cdgp
1704042708262833658,1704042718263925220,500,http://172.169.8.253:31112/function/opt-66b-submod-0-latency-25.cdgp
1704042708262914183,1704042711127576721,200,http://172.169.8.253:31112/function/opt-66b-submod-0-latency-25.cdgp
1704042708262986203,1704042711386717244,200,http://172.169.8.253:31112/function/opt-66b-submod-0-latency-25.cdgp
1704042708263095502,1704042718263923240,500,http://172.169.8.253:31112/function/opt-66b-submod-0-latency-25.cdgp
1704042708263158916,1704042711128966012,200,http://172.169.8.253:31112/function/opt-66b-submod-0-latency-25.cdgp
1704042708263237870,1704042710842791739,200,http://172.169.8.253:31112/function/opt-66b-submod-0-latency-25.cdgp
1704042708263317758,1704042711638400164,200,http://172.169.8.253:31112/function/opt-66b-submod-0-latency-25.cdgp
1704042708263390642,1704042711288351155,200,http://172.169.8.253:31112/function/opt-66b-submod-0-latency-25.cdgp
1704042708263466979,1704042711364024494,200,http://172.169.8.253:31112/function/opt-66b-submod-0-latency-25.cdgp
1704042708263533605,1704042710632401217,200,http://172.169.8.253:31112/function/opt-66b-submod-0-latency-25.cdgp
1704042708263573497,1704042718264262894,500,http://172.169.8.253:31112/function/opt-66b-submod-0-latency-25.cdgp
1704042708263661610,1704042718264185856,500,http://172.169.8.253:31112/function/opt-66b-submod-0-latency-25.cdgp
1704042708263730091,1704042718254980189,500,http://172.169.8.253:31112/function/opt-66b-submod-0-latency-25.cdgp
1704042708263789612,1704042718254964283,500,http://172.169.8.253:31112/function/opt-66b-submod-0-latency-25.cdgp
1704042708263854491,1704042711197738541,200,http://172.169.8.253:31112/function/opt-66b-submod-0-latency-25.cdgp
1704042708263939171,1704042718264271918,500,http://172.169.8.253:31112/function/opt-66b-submod-0-latency-25.cdgp
1704042708263983544,1704042718264187748,500,http://172.169.8.253:31112/function/opt-66b-submod-0-latency-25.cdgp
1704042708264055530,1704042718255459983,500,http://172.169.8.253:31112/function/opt-66b-submod-0-latency-25.cdgp
1704042708264123620,1704042711132709959,200,http://172.169.8.253:31112/function/opt-66b-submod-0-latency-25.cdgp
1704042708264151014,1704042718264460728,500,http://172.169.8.253:31112/function/opt-66b-submod-0-latency-25.cdgp
1704042708264216051,1704042718264429379,500,http://172.169.8.253:31112/function/opt-66b-submod-0-latency-25.cdgp
1704042708271781550,1704042711250980911,200,http://172.169.8.253:31112/function/opt-66b-submod-0-latency-25.cdgp
1704042708271880183,1704042718255228489,500,http://172.169.8.253:31112/function/opt-66b-submod-0-latency-25.cdgp
1704042708271963716,1704042711445472403,200,http://172.169.8.253:31112/function/opt-66b-submod-0-latency-25.cdgp
1704042708272067353,1704042711746210239,200,http://172.169.8.253:31112/function/opt-66b-submod-0-latency-25.cdgp
1704042708272140914,1704042710721901767,200,http://172.169.8.253:31112/function/opt-66b-submod-0-latency-25.cdgp
1704042708272246737,1704042718273339374,500,http://172.169.8.253:31112/function/opt-66b-submod-0-latency-25.cdgp
1704042708272291308,1704042711493884011,200,http://172.169.8.253:31112/function/opt-66b-submod-0-latency-25.cdgp
1704042708272343305,1704042711485299840,200,http://172.169.8.253:31112/function/opt-66b-submod-0-latency-25.cdgp
1704042708272418589,1704042710618983459,200,http://172.169.8.253:31112/function/opt-66b-submod-0-latency-25.cdgp
1704042708272476846,1704042710617083938,200,http://172.169.8.253:31112/function/opt-66b-submod-0-latency-25.cdgp
1704042708272509939,1704042718273313887,500,http://172.169.8.253:31112/function/opt-66b-submod-0-latency-25.cdgp
1704042708495975893,1704042718383853066,500,http://172.169.8.253:31112/function/opt-66b-submod-0-latency-25.cdgp
1704042708496092223,1704042710867436110,200,http://172.169.8.253:31112/function/opt-66b-submod-0-latency-25.cdgp
1704042708500909138,1704042711531849828,200,http://172.169.8.253:31112/function/opt-66b-submod-0-latency-25.cdgp
1704042708501055885,1704042710823671810,200,http://172.169.8.253:31112/function/opt-66b-submod-0-latency-25.cdgp
1704042708501150600,1704042718387684882,500,http://172.169.8.253:31112/function/opt-66b-submod-0-latency-25.cdgp
1704042708501266668,1704042711179567996,200,http://172.169.8.253:31112/function/opt-66b-submod-0-latency-25.cdgp
1704042708522861936,1704042711250882584,200,http://172.169.8.253:31112/function/opt-66b-submod-0-latency-25.cdgp
1704042708522951796,1704042718300047964,500,http://172.169.8.253:31112/function/opt-66b-submod-0-latency-25.cdgp
1704042708773998816,1704042710887604196,200,http://172.169.8.253:31112/function/opt-66b-submod-0-latency-25.cdgp
1704042711093588783,1704042720056810092,504,http://172.169.8.253:31112/function/opt-66b-submod-0-latency-25.cdgp
1704042711093680540,1704042720058696729,504,http://172.169.8.253:31112/function/opt-66b-submod-0-latency-25.cdgp
1704042711093815841,1704042720136731919,500,http://172.169.8.253:31112/function/opt-66b-submod-0-latency-25.cdgp
1704042711093893675,1704042711995777379,200,http://172.169.8.253:31112/function/opt-66b-submod-0-latency-25.cdgp
1704042711093982949,1704042720144966572,500,http://172.169.8.253:31112/function/opt-66b-submod-0-latency-25.cdgp
1704042711094070290,1704042712184442862,200,http://172.169.8.253:31112/function/opt-66b-submod-0-latency-25.cdgp
1704042711692200826,1704042712767591475,200,http://172.169.8.253:31112/function/opt-66b-submod-0-latency-25.cdgp
1704042711692310346,1704042720688903297,500,http://172.169.8.253:31112/function/opt-66b-submod-0-latency-25.cdgp
1704042711692399803,1704042714166139265,200,http://172.169.8.253:31112/function/opt-66b-submod-0-latency-25.cdgp
1704042711692493064,1704042712709915074,200,http://172.169.8.253:31112/function/opt-66b-submod-0-latency-25.cdgp
1704042711692555756,1704042713515251956,200,http://172.169.8.253:31112/function/opt-66b-submod-0-latency-25.cdgp
1704042711692594876,1704042713516893436,200,http://172.169.8.253:31112/function/opt-66b-submod-0-latency-25.cdgp
1704042711692683692,1704042721121705411,500,http://172.169.8.253:31112/function/opt-66b-submod-0-latency-25.cdgp
1704042711692722789,1704042721038919384,500,http://172.169.8.253:31112/function/opt-66b-submod-0-latency-25.cdgp
1704042711692800724,1704042720702263073,500,http://172.169.8.253:31112/function/opt-66b-submod-0-latency-25.cdgp
1704042711692869352,1704042721331040432,500,http://172.169.8.253:31112/function/opt-66b-submod-0-latency-25.cdgp
1704042711692932308,1704042721282082895,500,http://172.169.8.253:31112/function/opt-66b-submod-0-latency-25.cdgp
1704042711692974613,1704042714993568123,200,http://172.169.8.253:31112/function/opt-66b-submod-0-latency-25.cdgp
1704042711693051012,1704042720697879947,500,http://172.169.8.253:31112/function/opt-66b-submod-0-latency-25.cdgp
1704042711693078539,1704042713517165427,200,http://172.169.8.253:31112/function/opt-66b-submod-0-latency-25.cdgp
1704042711693150746,1704042721123884512,500,http://172.169.8.253:31112/function/opt-66b-submod-0-latency-25.cdgp
1704042711693235952,1704042713764170292,200,http://172.169.8.253:31112/function/opt-66b-submod-0-latency-25.cdgp
1704042711693311936,1704042720948628240,500,http://172.169.8.253:31112/function/opt-66b-submod-0-latency-25.cdgp
1704042711693398115,1704042721332827754,500,http://172.169.8.253:31112/function/opt-66b-submod-0-latency-25.cdgp
1704042711693459263,1704042720973922935,500,http://172.169.8.253:31112/function/opt-66b-submod-0-latency-25.cdgp
1704042711693521119,1704042720975355144,500,http://172.169.8.253:31112/function/opt-66b-submod-0-latency-25.cdgp
1704042711693580449,1704042714550876935,200,http://172.169.8.253:31112/function/opt-66b-submod-0-latency-25.cdgp
1704042711693640843,1704042713186790015,200,http://172.169.8.253:31112/function/opt-66b-submod-0-latency-25.cdgp
1704042711693720162,1704042721328896785,500,http://172.169.8.253:31112/function/opt-66b-submod-0-latency-25.cdgp
1704042711693767212,1704042720770806364,500,http://172.169.8.253:31112/function/opt-66b-submod-0-latency-25.cdgp
1704042711693851583,1704042720970504717,500,http://172.169.8.253:31112/function/opt-66b-submod-0-latency-25.cdgp
1704042711693922585,1704042714694609254,200,http://172.169.8.253:31112/function/opt-66b-submod-0-latency-25.cdgp
1704042711693970499,1704042721324904536,500,http://172.169.8.253:31112/function/opt-66b-submod-0-latency-25.cdgp
1704042711694024310,1704042713888497028,200,http://172.169.8.253:31112/function/opt-66b-submod-0-latency-25.cdgp
1704042711694099276,1704042712875792536,200,http://172.169.8.253:31112/function/opt-66b-submod-0-latency-25.cdgp
1704042711694200458,1704042714830559555,200,http://172.169.8.253:31112/function/opt-66b-submod-0-latency-25.cdgp
1704042711694271854,1704042712816041455,200,http://172.169.8.253:31112/function/opt-66b-submod-0-latency-25.cdgp
1704042711694349297,1704042713886985701,200,http://172.169.8.253:31112/function/opt-66b-submod-0-latency-25.cdgp
1704042711694421087,1704042721283942728,500,http://172.169.8.253:31112/function/opt-66b-submod-0-latency-25.cdgp
1704042711694458000,1704042721074514116,500,http://172.169.8.253:31112/function/opt-66b-submod-0-latency-25.cdgp
1704042711694530306,1704042715002691937,200,http://172.169.8.253:31112/function/opt-66b-submod-0-latency-25.cdgp
1704042711694693656,1704042721349337766,500,http://172.169.8.253:31112/function/opt-66b-submod-0-latency-25.cdgp
1704042711698305059,1704042720967545303,500,http://172.169.8.253:31112/function/opt-66b-submod-0-latency-25.cdgp
1704042711698387305,1704042713442954763,200,http://172.169.8.253:31112/function/opt-66b-submod-0-latency-25.cdgp
1704042711698474350,1704042713888297160,200,http://172.169.8.253:31112/function/opt-66b-submod-0-latency-25.cdgp
1704042711698551291,1704042721014258387,500,http://172.169.8.253:31112/function/opt-66b-submod-0-latency-25.cdgp
1704042711698623054,1704042713441734173,200,http://172.169.8.253:31112/function/opt-66b-submod-0-latency-25.cdgp
1704042711698806634,1704042714698215929,200,http://172.169.8.253:31112/function/opt-66b-submod-0-latency-25.cdgp
1704042711698900233,1704042721115124303,500,http://172.169.8.253:31112/function/opt-66b-submod-0-latency-25.cdgp
1704042711698989736,1704042712726893975,200,http://172.169.8.253:31112/function/opt-66b-submod-0-latency-25.cdgp
1704042711699091061,1704042721119887956,500,http://172.169.8.253:31112/function/opt-66b-submod-0-latency-25.cdgp
1704042711804297951,1704042721366641014,500,http://172.169.8.253:31112/function/opt-66b-submod-0-latency-25.cdgp
1704042711804391341,1704042721777704603,500,http://172.169.8.253:31112/function/opt-66b-submod-0-latency-25.cdgp
1704042711804488099,1704042721187260964,500,http://172.169.8.253:31112/function/opt-66b-submod-0-latency-25.cdgp
1704042711804563421,1704042721199865514,500,http://172.169.8.253:31112/function/opt-66b-submod-0-latency-25.cdgp
1704042711804633975,1704042721576310025,500,http://172.169.8.253:31112/function/opt-66b-submod-0-latency-25.cdgp
1704042711804686024,1704042715473578701,200,http://172.169.8.253:31112/function/opt-66b-submod-0-latency-25.cdgp
1704042711804763445,1704042715477140182,200,http://172.169.8.253:31112/function/opt-66b-submod-0-latency-25.cdgp
1704042711804833426,1704042715480504509,200,http://172.169.8.253:31112/function/opt-66b-submod-0-latency-25.cdgp
1704042711804894698,1704042715040391434,200,http://172.169.8.253:31112/function/opt-66b-submod-0-latency-25.cdgp
1704042711804921835,1704042714818255479,200,http://172.169.8.253:31112/function/opt-66b-submod-0-latency-25.cdgp
1704042711804985626,1704042713647302576,200,http://172.169.8.253:31112/function/opt-66b-submod-0-latency-25.cdgp
1704042711805042072,1704042714826417180,200,http://172.169.8.253:31112/function/opt-66b-submod-0-latency-25.cdgp
1704042711805078117,1704042721777376245,500,http://172.169.8.253:31112/function/opt-66b-submod-0-latency-25.cdgp
1704042711805140930,1704042721235023712,500,http://172.169.8.253:31112/function/opt-66b-submod-0-latency-25.cdgp
1704042711805228787,1704042721708993477,500,http://172.169.8.253:31112/function/opt-66b-submod-0-latency-25.cdgp
1704042711806228876,1704042721669200599,500,http://172.169.8.253:31112/function/opt-66b-submod-0-latency-25.cdgp
1704042711806324159,1704042714698064227,200,http://172.169.8.253:31112/function/opt-66b-submod-0-latency-25.cdgp
1704042711871106123,1704042713769345951,200,http://172.169.8.253:31112/function/opt-66b-submod-0-latency-25.cdgp
1704042711871191859,1704042714735600225,200,http://172.169.8.253:31112/function/opt-66b-submod-0-latency-25.cdgp
1704042711871263346,1704042721518751280,500,http://172.169.8.253:31112/function/opt-66b-submod-0-latency-25.cdgp
1704042711871347910,1704042716697321153,200,http://172.169.8.253:31112/function/opt-66b-submod-0-latency-25.cdgp
1704042711871447772,1704042713769360508,200,http://172.169.8.253:31112/function/opt-66b-submod-0-latency-25.cdgp
1704042711871549575,1704042721815539561,500,http://172.169.8.253:31112/function/opt-66b-submod-0-latency-25.cdgp
1704042711871615432,1704042721819571584,500,http://172.169.8.253:31112/function/opt-66b-submod-0-latency-25.cdgp
1704042711871673821,1704042714234724104,200,http://172.169.8.253:31112/function/opt-66b-submod-0-latency-25.cdgp
1704042711871738064,1704042721709787701,500,http://172.169.8.253:31112/function/opt-66b-submod-0-latency-25.cdgp
1704042711871787095,1704042721872559564,500,http://172.169.8.253:31112/function/opt-66b-submod-0-latency-25.cdgp
1704042711871862656,1704042721709130861,500,http://172.169.8.253:31112/function/opt-66b-submod-0-latency-25.cdgp
1704042711871897512,1704042721819589479,500,http://172.169.8.253:31112/function/opt-66b-submod-0-latency-25.cdgp
1704042711872017729,1704042721135814219,500,http://172.169.8.253:31112/function/opt-66b-submod-0-latency-25.cdgp
1704042711872080087,1704042721368679301,500,http://172.169.8.253:31112/function/opt-66b-submod-0-latency-25.cdgp
1704042711872102299,1704042721710307133,500,http://172.169.8.253:31112/function/opt-66b-submod-0-latency-25.cdgp
1704042711872808931,1704042721798392128,500,http://172.169.8.253:31112/function/opt-66b-submod-0-latency-25.cdgp
1704042711878254113,1704042714234849263,200,http://172.169.8.253:31112/function/opt-66b-submod-0-latency-25.cdgp
1704042711878330101,1704042721709610498,500,http://172.169.8.253:31112/function/opt-66b-submod-0-latency-25.cdgp
1704042711878399572,1704042714699220692,200,http://172.169.8.253:31112/function/opt-66b-submod-0-latency-25.cdgp
1704042711922448171,1704042714827516188,200,http://172.169.8.253:31112/function/opt-66b-submod-0-latency-25.cdgp
1704042711922526393,1704042714825714527,200,http://172.169.8.253:31112/function/opt-66b-submod-0-latency-25.cdgp
1704042711922615295,1704042721795040112,500,http://172.169.8.253:31112/function/opt-66b-submod-0-latency-25.cdgp
1704042712043235874,1704042714231673178,200,http://172.169.8.253:31112/function/opt-66b-submod-0-latency-25.cdgp
1704042712043361736,1704042722044555953,500,http://172.169.8.253:31112/function/opt-66b-submod-0-latency-25.cdgp
1704042712043593271,1704042721791423984,500,http://172.169.8.253:31112/function/opt-66b-submod-0-latency-25.cdgp
1704042712043657459,1704042714872428303,200,http://172.169.8.253:31112/function/opt-66b-submod-0-latency-25.cdgp
1704042712044241118,1704042715002958255,200,http://172.169.8.253:31112/function/opt-66b-submod-0-latency-25.cdgp
1704042712044321416,1704042721852514136,500,http://172.169.8.253:31112/function/opt-66b-submod-0-latency-25.cdgp
1704042712044372454,1704042721936323638,500,http://172.169.8.253:31112/function/opt-66b-submod-0-latency-25.cdgp
1704042712044464724,1704042717121556269,200,http://172.169.8.253:31112/function/opt-66b-submod-0-latency-25.cdgp
1704042712065078921,1704042714560636888,200,http://172.169.8.253:31112/function/opt-66b-submod-0-latency-25.cdgp
1704042712065182872,1704042721518350894,500,http://172.169.8.253:31112/function/opt-66b-submod-0-latency-25.cdgp
1704042712065264916,1704042714166426040,200,http://172.169.8.253:31112/function/opt-66b-submod-0-latency-25.cdgp
1704042712065327050,1704042721789136358,500,http://172.169.8.253:31112/function/opt-66b-submod-0-latency-25.cdgp
1704042712065396628,1704042716743530107,200,http://172.169.8.253:31112/function/opt-66b-submod-0-latency-25.cdgp
1704042712065466739,1704042721855134267,500,http://172.169.8.253:31112/function/opt-66b-submod-0-latency-25.cdgp
1704042712065526430,1704042721694458416,500,http://172.169.8.253:31112/function/opt-66b-submod-0-latency-25.cdgp
1704042712065588791,1704042716700521090,200,http://172.169.8.253:31112/function/opt-66b-submod-0-latency-25.cdgp
1704042712070837934,1704042721789866125,500,http://172.169.8.253:31112/function/opt-66b-submod-0-latency-25.cdgp
1704042712070930310,1704042714995412625,200,http://172.169.8.253:31112/function/opt-66b-submod-0-latency-25.cdgp
1704042712070998920,1704042722072006181,500,http://172.169.8.253:31112/function/opt-66b-submod-0-latency-25.cdgp
1704042712071075387,1704042722071854890,500,http://172.169.8.253:31112/function/opt-66b-submod-0-latency-25.cdgp
1704042712071125050,1704042721937768365,500,http://172.169.8.253:31112/function/opt-66b-submod-0-latency-25.cdgp
1704042712071167755,1704042714999160958,200,http://172.169.8.253:31112/function/opt-66b-submod-0-latency-25.cdgp
1704042712198404389,1704042716695519593,200,http://172.169.8.253:31112/function/opt-66b-submod-0-latency-25.cdgp
1704042712198481802,1704042715523648032,200,http://172.169.8.253:31112/function/opt-66b-submod-0-latency-25.cdgp
1704042712198581036,1704042715472262846,200,http://172.169.8.253:31112/function/opt-66b-submod-0-latency-25.cdgp
1704042712198627993,1704042714279593812,200,http://172.169.8.253:31112/function/opt-66b-submod-0-latency-25.cdgp
1704042712198719981,1704042722139545471,500,http://172.169.8.253:31112/function/opt-66b-submod-0-latency-25.cdgp
1704042712198746063,1704042721948107159,500,http://172.169.8.253:31112/function/opt-66b-submod-0-latency-25.cdgp
1704042712198835698,1704042716112554761,200,http://172.169.8.253:31112/function/opt-66b-submod-0-latency-25.cdgp
1704042712198868757,1704042721669209236,500,http://172.169.8.253:31112/function/opt-66b-submod-0-latency-25.cdgp
1704042712198936130,1704042714994588980,200,http://172.169.8.253:31112/function/opt-66b-submod-0-latency-25.cdgp
1704042712199011347,1704042721951485187,500,http://172.169.8.253:31112/function/opt-66b-submod-0-latency-25.cdgp
1704042712199034915,1704042714867397392,200,http://172.169.8.253:31112/function/opt-66b-submod-0-latency-25.cdgp
1704042712199093469,1704042715523504936,200,http://172.169.8.253:31112/function/opt-66b-submod-0-latency-25.cdgp
1704042712199145422,1704042717058691235,200,http://172.169.8.253:31112/function/opt-66b-submod-0-latency-25.cdgp
1704042712199192116,1704042721851226410,500,http://172.169.8.253:31112/function/opt-66b-submod-0-latency-25.cdgp
1704042712199257491,1704042715274497291,200,http://172.169.8.253:31112/function/opt-66b-submod-0-latency-25.cdgp
1704042712199347375,1704042715428624745,200,http://172.169.8.253:31112/function/opt-66b-submod-0-latency-25.cdgp
1704042712202862061,1704042722095941585,500,http://172.169.8.253:31112/function/opt-66b-submod-0-latency-25.cdgp
1704042712202946205,1704042721950163347,504,http://172.169.8.253:31112/function/opt-66b-submod-0-latency-25.cdgp
1704042712203093923,1704042714818406138,200,http://172.169.8.253:31112/function/opt-66b-submod-0-latency-25.cdgp
1704042712203160283,1704042722016789949,500,http://172.169.8.253:31112/function/opt-66b-submod-0-latency-25.cdgp
1704042712203184556,1704042722139522645,500,http://172.169.8.253:31112/function/opt-66b-submod-0-latency-25.cdgp
1704042712203246806,1704042716112988496,200,http://172.169.8.253:31112/function/opt-66b-submod-0-latency-25.cdgp
1704042712223260754,1704042722002201731,500,http://172.169.8.253:31112/function/opt-66b-submod-0-latency-25.cdgp
1704042712223334047,1704042715726151867,200,http://172.169.8.253:31112/function/opt-66b-submod-0-latency-25.cdgp
1704042712223402544,1704042716116021929,200,http://172.169.8.253:31112/function/opt-66b-submod-0-latency-25.cdgp
1704042712223434257,1704042722035640853,500,http://172.169.8.253:31112/function/opt-66b-submod-0-latency-25.cdgp
1704042712223512510,1704042722034176862,500,http://172.169.8.253:31112/function/opt-66b-submod-0-latency-25.cdgp
1704042712223569231,1704042714826447676,200,http://172.169.8.253:31112/function/opt-66b-submod-0-latency-25.cdgp
1704042712223604034,1704042721851894247,500,http://172.169.8.253:31112/function/opt-66b-submod-0-latency-25.cdgp
1704042712223689010,1704042721852556250,500,http://172.169.8.253:31112/function/opt-66b-submod-0-latency-25.cdgp
1704042712223744684,1704042722017347754,500,http://172.169.8.253:31112/function/opt-66b-submod-0-latency-25.cdgp
1704042712223851227,1704042722032679744,500,http://172.169.8.253:31112/function/opt-66b-submod-0-latency-25.cdgp
1704042712223911333,1704042716697663932,200,http://172.169.8.253:31112/function/opt-66b-submod-0-latency-25.cdgp
1704042712224021078,1704042722097124741,500,http://172.169.8.253:31112/function/opt-66b-submod-0-latency-25.cdgp
1704042712224144697,1704042717245624837,200,http://172.169.8.253:31112/function/opt-66b-submod-0-latency-25.cdgp
1704042712303980366,1704042721989824134,500,http://172.169.8.253:31112/function/opt-66b-submod-0-latency-25.cdgp
1704042712799291911,1704042716698682274,200,http://172.169.8.253:31112/function/opt-66b-submod-0-latency-25.cdgp
1704042712799469553,1704042716110067024,200,http://172.169.8.253:31112/function/opt-66b-submod-0-latency-25.cdgp
1704042712799566205,1704042722444808486,500,http://172.169.8.253:31112/function/opt-66b-submod-0-latency-25.cdgp
1704042712799636382,1704042722445777116,504,http://172.169.8.253:31112/function/opt-66b-submod-0-latency-25.cdgp
1704042712799724367,1704042714821857024,200,http://172.169.8.253:31112/function/opt-66b-submod-0-latency-25.cdgp
1704042712799813310,1704042722443802798,500,http://172.169.8.253:31112/function/opt-66b-submod-0-latency-25.cdgp
1704042712811909601,1704042716701730367,200,http://172.169.8.253:31112/function/opt-66b-submod-0-latency-25.cdgp
1704042712812018936,1704042722234408339,500,http://172.169.8.253:31112/function/opt-66b-submod-0-latency-25.cdgp
1704042712812131249,1704042715035909567,200,http://172.169.8.253:31112/function/opt-66b-submod-0-latency-25.cdgp
1704042712812201541,1704042716701060744,200,http://172.169.8.253:31112/function/opt-66b-submod-0-latency-25.cdgp
1704042712812284963,1704042722270696318,500,http://172.169.8.253:31112/function/opt-66b-submod-0-latency-25.cdgp
1704042712812352514,1704042722232500139,500,http://172.169.8.253:31112/function/opt-66b-submod-0-latency-25.cdgp
1704042712812393213,1704042722458891111,500,http://172.169.8.253:31112/function/opt-66b-submod-0-latency-25.cdgp
1704042712812512462,1704042722408714749,500,http://172.169.8.253:31112/function/opt-66b-submod-0-latency-25.cdgp
1704042712812576887,1704042717115777479,200,http://172.169.8.253:31112/function/opt-66b-submod-0-latency-25.cdgp
1704042712812622185,1704042715481715848,200,http://172.169.8.253:31112/function/opt-66b-submod-0-latency-25.cdgp
1704042712814187494,1704042715716361605,200,http://172.169.8.253:31112/function/opt-66b-submod-0-latency-25.cdgp
1704042712814262447,1704042715727767590,200,http://172.169.8.253:31112/function/opt-66b-submod-0-latency-25.cdgp
1704042712814279353,1704042722410465357,500,http://172.169.8.253:31112/function/opt-66b-submod-0-latency-25.cdgp
1704042712814359970,1704042716271484521,200,http://172.169.8.253:31112/function/opt-66b-submod-0-latency-25.cdgp
1704042713269961313,1704042722405876564,500,http://172.169.8.253:31112/function/opt-66b-submod-0-latency-25.cdgp
1704042713270054340,1704042715480901848,200,http://172.169.8.253:31112/function/opt-66b-submod-0-latency-25.cdgp
1704042713325949363,1704042715291535968,200,http://172.169.8.253:31112/function/opt-66b-submod-0-latency-25.cdgp
1704042713326037248,1704042723231207587,500,http://172.169.8.253:31112/function/opt-66b-submod-0-latency-25.cdgp
1704042713326186881,1704042722664877601,500,http://172.169.8.253:31112/function/opt-66b-submod-0-latency-25.cdgp
1704042713326253247,1704042722778352196,500,http://172.169.8.253:31112/function/opt-66b-submod-0-latency-25.cdgp
1704042713326312639,1704042715253793763,200,http://172.169.8.253:31112/function/opt-66b-submod-0-latency-25.cdgp
1704042713326416306,1704042722569961518,500,http://172.169.8.253:31112/function/opt-66b-submod-0-latency-25.cdgp
1704042713326479678,1704042719360522560,200,http://172.169.8.253:31112/function/opt-66b-submod-0-latency-25.cdgp
1704042713326525996,1704042723327430305,500,http://172.169.8.253:31112/function/opt-66b-submod-0-latency-25.cdgp
1704042713326597514,1704042722573649196,500,http://172.169.8.253:31112/function/opt-66b-submod-0-latency-25.cdgp
1704042713331299519,1704042717448714304,200,http://172.169.8.253:31112/function/opt-66b-submod-0-latency-25.cdgp
1704042713331391863,1704042723232493780,500,http://172.169.8.253:31112/function/opt-66b-submod-0-latency-25.cdgp
1704042713331472618,1704042718017397483,200,http://172.169.8.253:31112/function/opt-66b-submod-0-latency-25.cdgp
1704042713331543066,1704042716115984917,200,http://172.169.8.253:31112/function/opt-66b-submod-0-latency-25.cdgp
1704042713331628526,1704042716744456000,200,http://172.169.8.253:31112/function/opt-66b-submod-0-latency-25.cdgp
1704042713331729157,1704042723232479776,500,http://172.169.8.253:31112/function/opt-66b-submod-0-latency-25.cdgp
1704042713331802300,1704042722926660094,500,http://172.169.8.253:31112/function/opt-66b-submod-0-latency-25.cdgp
1704042713331871314,1704042715000693767,200,http://172.169.8.253:31112/function/opt-66b-submod-0-latency-25.cdgp
1704042713331961302,1704042722580452668,500,http://172.169.8.253:31112/function/opt-66b-submod-0-latency-25.cdgp
1704042713332041911,1704042715249371234,200,http://172.169.8.253:31112/function/opt-66b-submod-0-latency-25.cdgp
1704042713332131043,1704042723232496091,500,http://172.169.8.253:31112/function/opt-66b-submod-0-latency-25.cdgp
1704042713332190074,1704042723235746384,500,http://172.169.8.253:31112/function/opt-66b-submod-0-latency-25.cdgp
1704042713332270045,1704042716606214286,200,http://172.169.8.253:31112/function/opt-66b-submod-0-latency-25.cdgp
1704042713332362063,1704042716238716593,200,http://172.169.8.253:31112/function/opt-66b-submod-0-latency-25.cdgp
1704042713364595690,1704042722664585702,500,http://172.169.8.253:31112/function/opt-66b-submod-0-latency-25.cdgp
1704042713364692139,1704042722575410819,500,http://172.169.8.253:31112/function/opt-66b-submod-0-latency-25.cdgp
1704042713364976788,1704042716310273546,200,http://172.169.8.253:31112/function/opt-66b-submod-0-latency-25.cdgp
1704042713366375746,1704042722874490970,500,http://172.169.8.253:31112/function/opt-66b-submod-0-latency-25.cdgp
1704042713366517943,1704042723304004489,500,http://172.169.8.253:31112/function/opt-66b-submod-0-latency-25.cdgp
1704042713366609897,1704042722576422315,500,http://172.169.8.253:31112/function/opt-66b-submod-0-latency-25.cdgp
1704042713366683999,1704042717240610543,200,http://172.169.8.253:31112/function/opt-66b-submod-0-latency-25.cdgp
1704042713366755269,1704042723233279900,500,http://172.169.8.253:31112/function/opt-66b-submod-0-latency-25.cdgp
1704042713366817532,1704042723231593893,500,http://172.169.8.253:31112/function/opt-66b-submod-0-latency-25.cdgp
1704042713366887615,1704042717811434555,200,http://172.169.8.253:31112/function/opt-66b-submod-0-latency-25.cdgp
1704042713386101192,1704042723231624471,500,http://172.169.8.253:31112/function/opt-66b-submod-0-latency-25.cdgp
1704042713386202953,1704042717076911243,200,http://172.169.8.253:31112/function/opt-66b-submod-0-latency-25.cdgp
1704042713386289767,1704042723231557966,500,http://172.169.8.253:31112/function/opt-66b-submod-0-latency-25.cdgp
1704042713386409020,1704042722901225069,500,http://172.169.8.253:31112/function/opt-66b-submod-0-latency-25.cdgp
1704042713386492414,1704042716695101219,200,http://172.169.8.253:31112/function/opt-66b-submod-0-latency-25.cdgp
1704042713386553668,1704042722901311947,500,http://172.169.8.253:31112/function/opt-66b-submod-0-latency-25.cdgp
1704042713386584942,1704042716643485605,200,http://172.169.8.253:31112/function/opt-66b-submod-0-latency-25.cdgp
1704042713386684620,1704042716742833918,200,http://172.169.8.253:31112/function/opt-66b-submod-0-latency-25.cdgp
1704042713386744370,1704042723232454245,500,http://172.169.8.253:31112/function/opt-66b-submod-0-latency-25.cdgp
1704042713386808183,1704042723388039761,500,http://172.169.8.253:31112/function/opt-66b-submod-0-latency-25.cdgp
1704042713386889764,1704042718091710827,200,http://172.169.8.253:31112/function/opt-66b-submod-0-latency-25.cdgp
1704042713386969983,1704042722901325037,500,http://172.169.8.253:31112/function/opt-66b-submod-0-latency-25.cdgp
1704042713387058856,1704042723303294498,500,http://172.169.8.253:31112/function/opt-66b-submod-0-latency-25.cdgp
1704042713387157138,1704042717241825529,200,http://172.169.8.253:31112/function/opt-66b-submod-0-latency-25.cdgp
1704042713387253582,1704042717240376502,200,http://172.169.8.253:31112/function/opt-66b-submod-0-latency-25.cdgp
1704042713445582114,1704042723123513663,500,http://172.169.8.253:31112/function/opt-66b-submod-0-latency-25.cdgp
1704042713445657633,1704042723446319949,500,http://172.169.8.253:31112/function/opt-66b-submod-0-latency-25.cdgp
1704042713445773976,1704042722899644527,500,http://172.169.8.253:31112/function/opt-66b-submod-0-latency-25.cdgp
1704042713445872682,1704042719880814874,200,http://172.169.8.253:31112/function/opt-66b-submod-0-latency-25.cdgp
1704042713445983986,1704042715255595876,200,http://172.169.8.253:31112/function/opt-66b-submod-0-latency-25.cdgp
1704042713446083745,1704042717086817821,200,http://172.169.8.253:31112/function/opt-66b-submod-0-latency-25.cdgp
1704042713446201638,1704042723123938747,500,http://172.169.8.253:31112/function/opt-66b-submod-0-latency-25.cdgp
1704042713446254394,1704042722899297130,500,http://172.169.8.253:31112/function/opt-66b-submod-0-latency-25.cdgp
1704042713446325962,1704042718591454887,200,http://172.169.8.253:31112/function/opt-66b-submod-0-latency-25.cdgp
1704042713446404931,1704042717115678216,200,http://172.169.8.253:31112/function/opt-66b-submod-0-latency-25.cdgp
1704042713446496771,1704042718672110109,200,http://172.169.8.253:31112/function/opt-66b-submod-0-latency-25.cdgp
1704042713446574223,1704042722778207405,500,http://172.169.8.253:31112/function/opt-66b-submod-0-latency-25.cdgp
1704042713446673307,1704042715289676624,200,http://172.169.8.253:31112/function/opt-66b-submod-0-latency-25.cdgp
1704042713446745152,1704042723447693238,500,http://172.169.8.253:31112/function/opt-66b-submod-0-latency-25.cdgp
1704042713446822665,1704042723447711366,500,http://172.169.8.253:31112/function/opt-66b-submod-0-latency-25.cdgp
1704042713446900459,1704042723123951987,500,http://172.169.8.253:31112/function/opt-66b-submod-0-latency-25.cdgp
1704042713446967685,1704042716698463763,200,http://172.169.8.253:31112/function/opt-66b-submod-0-latency-25.cdgp
1704042713447048026,1704042723447658218,500,http://172.169.8.253:31112/function/opt-66b-submod-0-latency-25.cdgp
1704042713447109141,1704042720126748616,200,http://172.169.8.253:31112/function/opt-66b-submod-0-latency-25.cdgp
1704042713447155635,1704042718712058434,200,http://172.169.8.253:31112/function/opt-66b-submod-0-latency-25.cdgp
1704042713447244629,1704042718620309479,200,http://172.169.8.253:31112/function/opt-66b-submod-0-latency-25.cdgp
1704042713447329773,1704042719318966902,200,http://172.169.8.253:31112/function/opt-66b-submod-0-latency-25.cdgp
1704042713447385524,1704042716503893997,200,http://172.169.8.253:31112/function/opt-66b-submod-0-latency-25.cdgp
1704042713447475311,1704042718961851175,200,http://172.169.8.253:31112/function/opt-66b-submod-0-latency-25.cdgp
1704042713447547983,1704042723123845258,500,http://172.169.8.253:31112/function/opt-66b-submod-0-latency-25.cdgp
1704042713447619183,1704042717513263939,200,http://172.169.8.253:31112/function/opt-66b-submod-0-latency-25.cdgp
1704042713447679141,1704042716267956085,200,http://172.169.8.253:31112/function/opt-66b-submod-0-latency-25.cdgp
1704042713489097974,1704042723489832772,500,http://172.169.8.253:31112/function/opt-66b-submod-0-latency-25.cdgp
1704042713489188042,1704042723330005657,500,http://172.169.8.253:31112/function/opt-66b-submod-0-latency-25.cdgp
1704042713489336844,1704042723489819616,500,http://172.169.8.253:31112/function/opt-66b-submod-0-latency-25.cdgp
1704042713489440975,1704042717245618160,200,http://172.169.8.253:31112/function/opt-66b-submod-0-latency-25.cdgp
1704042713489513144,1704042723489852426,500,http://172.169.8.253:31112/function/opt-66b-submod-0-latency-25.cdgp
1704042713489575671,1704042723303750490,500,http://172.169.8.253:31112/function/opt-66b-submod-0-latency-25.cdgp
1704042713489640712,1704042723489829762,500,http://172.169.8.253:31112/function/opt-66b-submod-0-latency-25.cdgp
1704042713489823208,1704042723446404983,500,http://172.169.8.253:31112/function/opt-66b-submod-0-latency-25.cdgp
1704042713489905622,1704042716699188258,200,http://172.169.8.253:31112/function/opt-66b-submod-0-latency-25.cdgp
1704042713508834249,1704042723509192172,500,http://172.169.8.253:31112/function/opt-66b-submod-0-latency-25.cdgp
1704042713513521402,1704042723514484022,500,http://172.169.8.253:31112/function/opt-66b-submod-0-latency-25.cdgp
1704042713517486728,1704042721127279033,200,http://172.169.8.253:31112/function/opt-66b-submod-0-latency-25.cdgp
1704042713517574976,1704042717287645822,200,http://172.169.8.253:31112/function/opt-66b-submod-0-latency-25.cdgp
1704042713517671269,1704042723518947222,500,http://172.169.8.253:31112/function/opt-66b-submod-0-latency-25.cdgp
1704042713517735366,1704042718669596570,200,http://172.169.8.253:31112/function/opt-66b-submod-0-latency-25.cdgp
1704042713517794091,1704042723518841671,500,http://172.169.8.253:31112/function/opt-66b-submod-0-latency-25.cdgp
1704042713517847929,1704042723518955530,500,http://172.169.8.253:31112/function/opt-66b-submod-0-latency-25.cdgp
1704042713517908653,1704042719815094565,200,http://172.169.8.253:31112/function/opt-66b-submod-0-latency-25.cdgp
1704042713518003668,1704042723518827888,500,http://172.169.8.253:31112/function/opt-66b-submod-0-latency-25.cdgp
1704042713518072587,1704042723371574346,500,http://172.169.8.253:31112/function/opt-66b-submod-0-latency-25.cdgp
1704042713518144523,1704042718168090250,200,http://172.169.8.253:31112/function/opt-66b-submod-0-latency-25.cdgp
1704042713518226858,1704042718977810001,200,http://172.169.8.253:31112/function/opt-66b-submod-0-latency-25.cdgp
1704042713518309928,1704042719335634109,200,http://172.169.8.253:31112/function/opt-66b-submod-0-latency-25.cdgp
1704042713518383219,1704042723518961098,500,http://172.169.8.253:31112/function/opt-66b-submod-0-latency-25.cdgp
1704042713518505298,1704042716687207573,200,http://172.169.8.253:31112/function/opt-66b-submod-0-latency-25.cdgp
1704042713518566161,1704042716346902084,200,http://172.169.8.253:31112/function/opt-66b-submod-0-latency-25.cdgp
1704042713518592504,1704042717876520320,200,http://172.169.8.253:31112/function/opt-66b-submod-0-latency-25.cdgp
1704042713519336760,1704042723448505850,500,http://172.169.8.253:31112/function/opt-66b-submod-0-latency-25.cdgp
1704042713519464552,1704042716238488441,200,http://172.169.8.253:31112/function/opt-66b-submod-0-latency-25.cdgp
1704042713519497109,1704042717843354417,200,http://172.169.8.253:31112/function/opt-66b-submod-0-latency-25.cdgp
1704042713591643808,1704042723592176490,500,http://172.169.8.253:31112/function/opt-66b-submod-0-latency-25.cdgp
1704042713591729467,1704042723496900468,500,http://172.169.8.253:31112/function/opt-66b-submod-0-latency-25.cdgp
1704042713591823774,1704042719213968495,200,http://172.169.8.253:31112/function/opt-66b-submod-0-latency-25.cdgp
1704042713591904781,1704042723447529889,500,http://172.169.8.253:31112/function/opt-66b-submod-0-latency-25.cdgp
1704042713591975151,1704042718960628688,200,http://172.169.8.253:31112/function/opt-66b-submod-0-latency-25.cdgp
1704042713592012323,1704042723461251861,500,http://172.169.8.253:31112/function/opt-66b-submod-0-latency-25.cdgp
1704042713592094968,1704042723449452370,500,http://172.169.8.253:31112/function/opt-66b-submod-0-latency-25.cdgp
1704042713592133832,1704042723592337236,500,http://172.169.8.253:31112/function/opt-66b-submod-0-latency-25.cdgp
1704042713592224752,1704042723592416604,500,http://172.169.8.253:31112/function/opt-66b-submod-0-latency-25.cdgp
1704042713592290956,1704042723303366480,500,http://172.169.8.253:31112/function/opt-66b-submod-0-latency-25.cdgp
1704042713592350358,1704042718530866487,200,http://172.169.8.253:31112/function/opt-66b-submod-0-latency-25.cdgp
1704042713592414620,1704042723593328855,500,http://172.169.8.253:31112/function/opt-66b-submod-0-latency-25.cdgp
1704042713592488631,1704042723329112646,500,http://172.169.8.253:31112/function/opt-66b-submod-0-latency-25.cdgp
1704042713592531849,1704042723496288043,500,http://172.169.8.253:31112/function/opt-66b-submod-0-latency-25.cdgp
1704042713592640639,1704042723593326930,500,http://172.169.8.253:31112/function/opt-66b-submod-0-latency-25.cdgp
1704042713592724258,1704042723448365132,500,http://172.169.8.253:31112/function/opt-66b-submod-0-latency-25.cdgp
1704042713598800978,1704042718087352100,200,http://172.169.8.253:31112/function/opt-66b-submod-0-latency-25.cdgp
1704042713598891420,1704042717239211893,200,http://172.169.8.253:31112/function/opt-66b-submod-0-latency-25.cdgp
1704042713598975544,1704042723599632207,500,http://172.169.8.253:31112/function/opt-66b-submod-0-latency-25.cdgp
1704042713599066993,1704042717471406960,200,http://172.169.8.253:31112/function/opt-66b-submod-0-latency-25.cdgp
1704042713599155543,1704042723599605300,500,http://172.169.8.253:31112/function/opt-66b-submod-0-latency-25.cdgp
1704042713599221557,1704042717389583785,200,http://172.169.8.253:31112/function/opt-66b-submod-0-latency-25.cdgp
1704042713599343472,1704042723329939574,500,http://172.169.8.253:31112/function/opt-66b-submod-0-latency-25.cdgp
1704042713599475789,1704042721011462428,200,http://172.169.8.253:31112/function/opt-66b-submod-0-latency-25.cdgp
1704042713599558163,1704042715993827057,200,http://172.169.8.253:31112/function/opt-66b-submod-0-latency-25.cdgp
1704042713599642797,1704042723600723657,500,http://172.169.8.253:31112/function/opt-66b-submod-0-latency-25.cdgp
1704042713599737989,1704042719333032755,200,http://172.169.8.253:31112/function/opt-66b-submod-0-latency-25.cdgp
1704042713818536542,1704042723585761955,500,http://172.169.8.253:31112/function/opt-66b-submod-0-latency-25.cdgp
1704042713818621138,1704042723819894211,500,http://172.169.8.253:31112/function/opt-66b-submod-0-latency-25.cdgp
1704042713818707556,1704042717448220296,200,http://172.169.8.253:31112/function/opt-66b-submod-0-latency-25.cdgp
1704042713818779375,1704042723819903155,500,http://172.169.8.253:31112/function/opt-66b-submod-0-latency-25.cdgp
1704042713818843877,1704042723819927556,500,http://172.169.8.253:31112/function/opt-66b-submod-0-latency-25.cdgp
1704042713818869580,1704042723819921566,500,http://172.169.8.253:31112/function/opt-66b-submod-0-latency-25.cdgp
1704042713818987416,1704042719330751129,200,http://172.169.8.253:31112/function/opt-66b-submod-0-latency-25.cdgp
1704042713819053725,1704042723819911385,500,http://172.169.8.253:31112/function/opt-66b-submod-0-latency-25.cdgp
1704042713819102254,1704042721013120146,200,http://172.169.8.253:31112/function/opt-66b-submod-0-latency-25.cdgp
1704042713819181751,1704042723819803351,500,http://172.169.8.253:31112/function/opt-66b-submod-0-latency-25.cdgp
1704042713819266982,1704042723460530760,500,http://172.169.8.253:31112/function/opt-66b-submod-0-latency-25.cdgp
1704042713819353252,1704042715831441457,200,http://172.169.8.253:31112/function/opt-66b-submod-0-latency-25.cdgp
1704042713819444008,1704042717840373632,200,http://172.169.8.253:31112/function/opt-66b-submod-0-latency-25.cdgp
1704042713819525990,1704042723565064484,500,http://172.169.8.253:31112/function/opt-66b-submod-0-latency-25.cdgp
1704042713819576041,1704042723801649414,500,http://172.169.8.253:31112/function/opt-66b-submod-0-latency-25.cdgp
1704042713819638908,1704042718373303196,200,http://172.169.8.253:31112/function/opt-66b-submod-0-latency-25.cdgp
1704042713819690154,1704042723819816504,500,http://172.169.8.253:31112/function/opt-66b-submod-0-latency-25.cdgp
1704042713819747090,1704042723601063564,500,http://172.169.8.253:31112/function/opt-66b-submod-0-latency-25.cdgp
1704042713819811837,1704042718088280393,200,http://172.169.8.253:31112/function/opt-66b-submod-0-latency-25.cdgp
1704042713819867167,1704042718050591241,200,http://172.169.8.253:31112/function/opt-66b-submod-0-latency-25.cdgp
1704042713819972799,1704042716426559861,200,http://172.169.8.253:31112/function/opt-66b-submod-0-latency-25.cdgp
1704042713820005736,1704042717246287662,200,http://172.169.8.253:31112/function/opt-66b-submod-0-latency-25.cdgp
1704042713820120366,1704042723820908776,500,http://172.169.8.253:31112/function/opt-66b-submod-0-latency-25.cdgp
1704042713820202813,1704042723820930676,500,http://172.169.8.253:31112/function/opt-66b-submod-0-latency-25.cdgp
1704042713820272728,1704042723601963406,500,http://172.169.8.253:31112/function/opt-66b-submod-0-latency-25.cdgp
1704042713820348293,1704042721005929883,200,http://172.169.8.253:31112/function/opt-66b-submod-0-latency-25.cdgp
1704042713820365824,1704042723565638526,500,http://172.169.8.253:31112/function/opt-66b-submod-0-latency-25.cdgp
1704042713820446911,1704042723820906704,500,http://172.169.8.253:31112/function/opt-66b-submod-0-latency-25.cdgp
1704042713820512914,1704042718017593443,200,http://172.169.8.253:31112/function/opt-66b-submod-0-latency-25.cdgp
1704042713820575476,1704042719319348450,200,http://172.169.8.253:31112/function/opt-66b-submod-0-latency-25.cdgp
1704042713850359972,1704042717472504883,200,http://172.169.8.253:31112/function/opt-66b-submod-0-latency-25.cdgp
1704042713850445055,1704042723851240629,500,http://172.169.8.253:31112/function/opt-66b-submod-0-latency-25.cdgp
1704042713850590437,1704042718017665600,200,http://172.169.8.253:31112/function/opt-66b-submod-0-latency-25.cdgp
1704042713850656672,1704042723851226988,500,http://172.169.8.253:31112/function/opt-66b-submod-0-latency-25.cdgp
1704042713850699840,1704042719322859744,200,http://172.169.8.253:31112/function/opt-66b-submod-0-latency-25.cdgp
1704042713850818553,1704042723602519518,500,http://172.169.8.253:31112/function/opt-66b-submod-0-latency-25.cdgp
1704042713850879966,1704042723851007631,500,http://172.169.8.253:31112/function/opt-66b-submod-0-latency-25.cdgp
1704042713850939960,1704042715675412147,200,http://172.169.8.253:31112/function/opt-66b-submod-0-latency-25.cdgp
1704042713851008744,1704042723851238258,500,http://172.169.8.253:31112/function/opt-66b-submod-0-latency-25.cdgp
1704042713851072968,1704042718373494008,200,http://172.169.8.253:31112/function/opt-66b-submod-0-latency-25.cdgp
1704042713851106564,1704042719832677474,200,http://172.169.8.253:31112/function/opt-66b-submod-0-latency-25.cdgp
1704042713851159405,1704042717240626862,200,http://172.169.8.253:31112/function/opt-66b-submod-0-latency-25.cdgp
1704042713851255442,1704042723852360922,500,http://172.169.8.253:31112/function/opt-66b-submod-0-latency-25.cdgp
1704042713851343404,1704042723852345212,500,http://172.169.8.253:31112/function/opt-66b-submod-0-latency-25.cdgp
1704042713851408552,1704042719333879913,200,http://172.169.8.253:31112/function/opt-66b-submod-0-latency-25.cdgp
1704042713851483212,1704042718621113552,200,http://172.169.8.253:31112/function/opt-66b-submod-0-latency-25.cdgp
1704042713851561894,1704042721003418609,200,http://172.169.8.253:31112/function/opt-66b-submod-0-latency-25.cdgp
1704042713851649883,1704042717244613417,200,http://172.169.8.253:31112/function/opt-66b-submod-0-latency-25.cdgp
1704042713851735956,1704042723629851201,500,http://172.169.8.253:31112/function/opt-66b-submod-0-latency-25.cdgp
1704042713851805825,1704042718621208815,200,http://172.169.8.253:31112/function/opt-66b-submod-0-latency-25.cdgp
1704042713851879084,1704042719218405672,200,http://172.169.8.253:31112/function/opt-66b-submod-0-latency-25.cdgp
1704042713851934352,1704042719321525940,200,http://172.169.8.253:31112/function/opt-66b-submod-0-latency-25.cdgp
1704042713851979055,1704042723852478188,500,http://172.169.8.253:31112/function/opt-66b-submod-0-latency-25.cdgp
1704042713852035475,1704042723852351227,500,http://172.169.8.253:31112/function/opt-66b-submod-0-latency-25.cdgp
1704042713852089253,1704042723621074790,500,http://172.169.8.253:31112/function/opt-66b-submod-0-latency-25.cdgp
1704042713852148213,1704042717471953398,200,http://172.169.8.253:31112/function/opt-66b-submod-0-latency-25.cdgp
1704042713852198837,1704042718531561899,200,http://172.169.8.253:31112/function/opt-66b-submod-0-latency-25.cdgp
1704042713855504047,1704042723630639787,500,http://172.169.8.253:31112/function/opt-66b-submod-0-latency-25.cdgp
1704042713855595910,1704042723631687955,500,http://172.169.8.253:31112/function/opt-66b-submod-0-latency-25.cdgp
1704042714143700888,1704042724144144366,500,http://172.169.8.253:31112/function/opt-66b-submod-0-latency-25.cdgp
1704042714143793226,1704042723754823487,500,http://172.169.8.253:31112/function/opt-66b-submod-0-latency-25.cdgp
1704042714143893689,1704042723805073231,500,http://172.169.8.253:31112/function/opt-66b-submod-0-latency-25.cdgp
1704042714158707013,1704042718711847061,200,http://172.169.8.253:31112/function/opt-66b-submod-0-latency-25.cdgp
1704042714906298214,1704042718551028909,200,http://172.169.8.253:31112/function/opt-66b-submod-0-latency-25.cdgp
1704042714906389505,1704042724603749175,500,http://172.169.8.253:31112/function/opt-66b-submod-0-latency-25.cdgp
1704042716309279570,1704042725348525060,500,http://172.169.8.253:31112/function/opt-66b-submod-0-latency-25.cdgp
1704042716309391080,1704042725911508332,500,http://172.169.8.253:31112/function/opt-66b-submod-0-latency-25.cdgp
1704042716325915159,1704042721238956294,200,http://172.169.8.253:31112/function/opt-66b-submod-0-latency-25.cdgp
1704042716325995802,1704042725777384138,500,http://172.169.8.253:31112/function/opt-66b-submod-0-latency-25.cdgp
1704042716326142856,1704042719328130227,200,http://172.169.8.253:31112/function/opt-66b-submod-0-latency-25.cdgp
1704042716326207502,1704042725794660254,500,http://172.169.8.253:31112/function/opt-66b-submod-0-latency-25.cdgp
1704042716326241542,1704042720991220589,200,http://172.169.8.253:31112/function/opt-66b-submod-0-latency-25.cdgp
1704042716326327894,1704042718812719148,200,http://172.169.8.253:31112/function/opt-66b-submod-0-latency-25.cdgp
1704042716326384951,1704042719330393796,200,http://172.169.8.253:31112/function/opt-66b-submod-0-latency-25.cdgp
1704042716326469953,1704042725829746975,500,http://172.169.8.253:31112/function/opt-66b-submod-0-latency-25.cdgp
1704042716326535818,1704042725644337971,500,http://172.169.8.253:31112/function/opt-66b-submod-0-latency-25.cdgp
1704042716326617921,1704042720980969552,200,http://172.169.8.253:31112/function/opt-66b-submod-0-latency-25.cdgp
1704042716326724636,1704042725776732264,500,http://172.169.8.253:31112/function/opt-66b-submod-0-latency-25.cdgp
1704042716326768674,1704042725777123980,500,http://172.169.8.253:31112/function/opt-66b-submod-0-latency-25.cdgp
1704042716326846324,1704042719215021225,200,http://172.169.8.253:31112/function/opt-66b-submod-0-latency-25.cdgp
1704042716326904844,1704042725446212161,500,http://172.169.8.253:31112/function/opt-66b-submod-0-latency-25.cdgp
1704042716813779473,1704042726092216611,500,http://172.169.8.253:31112/function/opt-66b-submod-0-latency-25.cdgp
1704042716814828168,1704042726225357989,500,http://172.169.8.253:31112/function/opt-66b-submod-0-latency-25.cdgp
1704042716814925087,1704042725930819204,500,http://172.169.8.253:31112/function/opt-66b-submod-0-latency-25.cdgp
1704042716815006680,1704042720292763964,200,http://172.169.8.253:31112/function/opt-66b-submod-0-latency-25.cdgp
1704042716815112980,1704042718672541284,200,http://172.169.8.253:31112/function/opt-66b-submod-0-latency-25.cdgp
1704042716815197342,1704042726183350433,500,http://172.169.8.253:31112/function/opt-66b-submod-0-latency-25.cdgp
1704042716815255173,1704042719816911793,200,http://172.169.8.253:31112/function/opt-66b-submod-0-latency-25.cdgp
1704042716815366527,1704042721308571011,200,http://172.169.8.253:31112/function/opt-66b-submod-0-latency-25.cdgp
1704042716815461665,1704042726351550453,500,http://172.169.8.253:31112/function/opt-66b-submod-0-latency-25.cdgp
1704042716815525247,1704042721518448152,200,http://172.169.8.253:31112/function/opt-66b-submod-0-latency-25.cdgp
1704042716815583442,1704042721807048439,200,http://172.169.8.253:31112/function/opt-66b-submod-0-latency-25.cdgp
1704042716815622615,1704042726224845682,500,http://172.169.8.253:31112/function/opt-66b-submod-0-latency-25.cdgp
1704042716815703870,1704042726708652679,500,http://172.169.8.253:31112/function/opt-66b-submod-0-latency-25.cdgp
1704042716815755897,1704042719650793743,200,http://172.169.8.253:31112/function/opt-66b-submod-0-latency-25.cdgp
1704042716815855711,1704042726816059299,500,http://172.169.8.253:31112/function/opt-66b-submod-0-latency-25.cdgp
1704042716815885402,1704042720772854342,200,http://172.169.8.253:31112/function/opt-66b-submod-0-latency-25.cdgp
1704042716815990637,1704042726438218702,500,http://172.169.8.253:31112/function/opt-66b-submod-0-latency-25.cdgp
1704042716819773224,1704042719208721631,200,http://172.169.8.253:31112/function/opt-66b-submod-0-latency-25.cdgp
1704042716819836537,1704042720995598623,200,http://172.169.8.253:31112/function/opt-66b-submod-0-latency-25.cdgp
1704042716819868543,1704042726436275310,500,http://172.169.8.253:31112/function/opt-66b-submod-0-latency-25.cdgp
1704042716819949837,1704042718962998397,200,http://172.169.8.253:31112/function/opt-66b-submod-0-latency-25.cdgp
1704042716820013667,1704042726437506146,500,http://172.169.8.253:31112/function/opt-66b-submod-0-latency-25.cdgp
1704042716820073115,1704042726712448857,500,http://172.169.8.253:31112/function/opt-66b-submod-0-latency-25.cdgp
1704042716820135191,1704042726820493122,500,http://172.169.8.253:31112/function/opt-66b-submod-0-latency-25.cdgp
1704042716826324151,1704042721806112365,200,http://172.169.8.253:31112/function/opt-66b-submod-0-latency-25.cdgp
1704042716826410709,1704042719280530325,200,http://172.169.8.253:31112/function/opt-66b-submod-0-latency-25.cdgp
1704042716826495045,1704042726709288495,500,http://172.169.8.253:31112/function/opt-66b-submod-0-latency-25.cdgp
1704042716826558828,1704042721851994323,200,http://172.169.8.253:31112/function/opt-66b-submod-0-latency-25.cdgp
1704042716826664609,1704042719331876458,200,http://172.169.8.253:31112/function/opt-66b-submod-0-latency-25.cdgp
1704042716826761104,1704042721333629495,200,http://172.169.8.253:31112/function/opt-66b-submod-0-latency-25.cdgp
1704042716826839934,1704042721669188435,200,http://172.169.8.253:31112/function/opt-66b-submod-0-latency-25.cdgp
1704042716839026866,1704042726708665210,500,http://172.169.8.253:31112/function/opt-66b-submod-0-latency-25.cdgp
1704042716839112987,1704042719210742057,200,http://172.169.8.253:31112/function/opt-66b-submod-0-latency-25.cdgp
1704042716839197343,1704042726725612151,500,http://172.169.8.253:31112/function/opt-66b-submod-0-latency-25.cdgp
1704042716839269254,1704042726839649766,500,http://172.169.8.253:31112/function/opt-66b-submod-0-latency-25.cdgp
1704042716839963979,1704042718975955224,200,http://172.169.8.253:31112/function/opt-66b-submod-0-latency-25.cdgp
1704042716840028707,1704042719325619300,200,http://172.169.8.253:31112/function/opt-66b-submod-0-latency-25.cdgp
1704042716840069902,1704042726320906790,500,http://172.169.8.253:31112/function/opt-66b-submod-0-latency-25.cdgp
1704042716840160508,1704042726659046141,500,http://172.169.8.253:31112/function/opt-66b-submod-0-latency-25.cdgp
1704042716840235647,1704042726840843325,500,http://172.169.8.253:31112/function/opt-66b-submod-0-latency-25.cdgp
1704042716840279119,1704042726659029565,500,http://172.169.8.253:31112/function/opt-66b-submod-0-latency-25.cdgp
1704042716840350805,1704042721668771722,200,http://172.169.8.253:31112/function/opt-66b-submod-0-latency-25.cdgp
1704042716840388637,1704042720169176842,200,http://172.169.8.253:31112/function/opt-66b-submod-0-latency-25.cdgp
1704042716840441466,1704042719369006590,200,http://172.169.8.253:31112/function/opt-66b-submod-0-latency-25.cdgp
1704042716840474442,1704042726367723923,500,http://172.169.8.253:31112/function/opt-66b-submod-0-latency-25.cdgp
1704042716840594696,1704042726708230828,500,http://172.169.8.253:31112/function/opt-66b-submod-0-latency-25.cdgp
1704042716840688248,1704042720018691654,200,http://172.169.8.253:31112/function/opt-66b-submod-0-latency-25.cdgp
1704042716840753320,1704042726484464656,500,http://172.169.8.253:31112/function/opt-66b-submod-0-latency-25.cdgp
1704042716840786247,1704042720977136710,200,http://172.169.8.253:31112/function/opt-66b-submod-0-latency-25.cdgp
1704042716840898624,1704042720897636724,200,http://172.169.8.253:31112/function/opt-66b-submod-0-latency-25.cdgp
1704042716840963530,1704042719427925925,200,http://172.169.8.253:31112/function/opt-66b-submod-0-latency-25.cdgp
1704042716928109220,1704042720323662405,200,http://172.169.8.253:31112/function/opt-66b-submod-0-latency-25.cdgp
1704042716928296252,1704042721576369734,200,http://172.169.8.253:31112/function/opt-66b-submod-0-latency-25.cdgp
1704042717302633841,1704042722199619358,200,http://172.169.8.253:31112/function/opt-66b-submod-0-latency-25.cdgp
1704042717302835303,1704042726983610702,500,http://172.169.8.253:31112/function/opt-66b-submod-0-latency-25.cdgp
1704042717318468716,1704042726900210896,500,http://172.169.8.253:31112/function/opt-66b-submod-0-latency-25.cdgp
1704042717421774109,1704042721935343184,200,http://172.169.8.253:31112/function/opt-66b-submod-0-latency-25.cdgp
1704042717421867894,1704042720943425947,200,http://172.169.8.253:31112/function/opt-66b-submod-0-latency-25.cdgp
1704042717422011808,1704042720409455986,200,http://172.169.8.253:31112/function/opt-66b-submod-0-latency-25.cdgp
1704042717422083818,1704042726937201775,500,http://172.169.8.253:31112/function/opt-66b-submod-0-latency-25.cdgp
1704042717422158126,1704042719213973092,200,http://172.169.8.253:31112/function/opt-66b-submod-0-latency-25.cdgp
1704042717422227141,1704042720411808067,200,http://172.169.8.253:31112/function/opt-66b-submod-0-latency-25.cdgp
1704042717422275616,1704042726939635907,500,http://172.169.8.253:31112/function/opt-66b-submod-0-latency-25.cdgp
1704042717422358344,1704042726900161168,500,http://172.169.8.253:31112/function/opt-66b-submod-0-latency-25.cdgp
1704042717422422877,1704042720361873281,200,http://172.169.8.253:31112/function/opt-66b-submod-0-latency-25.cdgp
1704042717485845053,1704042720456036052,200,http://172.169.8.253:31112/function/opt-66b-submod-0-latency-25.cdgp
1704042717485974896,1704042721994335823,200,http://172.169.8.253:31112/function/opt-66b-submod-0-latency-25.cdgp
1704042717486117527,1704042719218311914,200,http://172.169.8.253:31112/function/opt-66b-submod-0-latency-25.cdgp
1704042717486183432,1704042727191523788,500,http://172.169.8.253:31112/function/opt-66b-submod-0-latency-25.cdgp
1704042717486232030,1704042727418703246,500,http://172.169.8.253:31112/function/opt-66b-submod-0-latency-25.cdgp
1704042717486337115,1704042719510564767,200,http://172.169.8.253:31112/function/opt-66b-submod-0-latency-25.cdgp
1704042717486396755,1704042722241486035,200,http://172.169.8.253:31112/function/opt-66b-submod-0-latency-25.cdgp
1704042717486432850,1704042727487533000,500,http://172.169.8.253:31112/function/opt-66b-submod-0-latency-25.cdgp
1704042717486520002,1704042720920474069,200,http://172.169.8.253:31112/function/opt-66b-submod-0-latency-25.cdgp
1704042717486574490,1704042721150305894,200,http://172.169.8.253:31112/function/opt-66b-submod-0-latency-25.cdgp
1704042717486608636,1704042721695172953,200,http://172.169.8.253:31112/function/opt-66b-submod-0-latency-25.cdgp
1704042717486667294,1704042727422202011,500,http://172.169.8.253:31112/function/opt-66b-submod-0-latency-25.cdgp
1704042717486760951,1704042720989557546,200,http://172.169.8.253:31112/function/opt-66b-submod-0-latency-25.cdgp
1704042717486871742,1704042720832750577,200,http://172.169.8.253:31112/function/opt-66b-submod-0-latency-25.cdgp
1704042717486941206,1704042727450009616,500,http://172.169.8.253:31112/function/opt-66b-submod-0-latency-25.cdgp
1704042717486970919,1704042727459881068,500,http://172.169.8.253:31112/function/opt-66b-submod-0-latency-25.cdgp
1704042717487069647,1704042727354885996,500,http://172.169.8.253:31112/function/opt-66b-submod-0-latency-25.cdgp
1704042717487097412,1704042721853348063,200,http://172.169.8.253:31112/function/opt-66b-submod-0-latency-25.cdgp
1704042717487153263,1704042721037588781,200,http://172.169.8.253:31112/function/opt-66b-submod-0-latency-25.cdgp
1704042717487225406,1704042727371304721,500,http://172.169.8.253:31112/function/opt-66b-submod-0-latency-25.cdgp
1704042717487323854,1704042727453264015,500,http://172.169.8.253:31112/function/opt-66b-submod-0-latency-25.cdgp
1704042717487379773,1704042727452975978,500,http://172.169.8.253:31112/function/opt-66b-submod-0-latency-25.cdgp
1704042717487396727,1704042721079266079,200,http://172.169.8.253:31112/function/opt-66b-submod-0-latency-25.cdgp
1704042717487479419,1704042727452058943,500,http://172.169.8.253:31112/function/opt-66b-submod-0-latency-25.cdgp
1704042717487549764,1704042720078363127,200,http://172.169.8.253:31112/function/opt-66b-submod-0-latency-25.cdgp
1704042717487587649,1704042727458357799,500,http://172.169.8.253:31112/function/opt-66b-submod-0-latency-25.cdgp
1704042717487664192,1704042721030906457,200,http://172.169.8.253:31112/function/opt-66b-submod-0-latency-25.cdgp
1704042717487719700,1704042721162383417,200,http://172.169.8.253:31112/function/opt-66b-submod-0-latency-25.cdgp
1704042717487787584,1704042720191438158,200,http://172.169.8.253:31112/function/opt-66b-submod-0-latency-25.cdgp
1704042717487863534,1704042727459863291,500,http://172.169.8.253:31112/function/opt-66b-submod-0-latency-25.cdgp
1704042717487913849,1704042727458340964,500,http://172.169.8.253:31112/function/opt-66b-submod-0-latency-25.cdgp
1704042717487991050,1704042727458899421,500,http://172.169.8.253:31112/function/opt-66b-submod-0-latency-25.cdgp
1704042717488065350,1704042727370003843,500,http://172.169.8.253:31112/function/opt-66b-submod-0-latency-25.cdgp
1704042717488123850,1704042722393067068,200,http://172.169.8.253:31112/function/opt-66b-submod-0-latency-25.cdgp
1704042717488142285,1704042721065733424,200,http://172.169.8.253:31112/function/opt-66b-submod-0-latency-25.cdgp
1704042717488203536,1704042727460766900,500,http://172.169.8.253:31112/function/opt-66b-submod-0-latency-25.cdgp
1704042717488225919,1704042721029685125,200,http://172.169.8.253:31112/function/opt-66b-submod-0-latency-25.cdgp
1704042717488303119,1704042720513808275,200,http://172.169.8.253:31112/function/opt-66b-submod-0-latency-25.cdgp
1704042717488388666,1704042727354557837,500,http://172.169.8.253:31112/function/opt-66b-submod-0-latency-25.cdgp
1704042717488445325,1704042720042824290,200,http://172.169.8.253:31112/function/opt-66b-submod-0-latency-25.cdgp
1704042717488471941,1704042721188835257,200,http://172.169.8.253:31112/function/opt-66b-submod-0-latency-25.cdgp
1704042717488549778,1704042722037107653,200,http://172.169.8.253:31112/function/opt-66b-submod-0-latency-25.cdgp
1704042717488618472,1704042727058970739,500,http://172.169.8.253:31112/function/opt-66b-submod-0-latency-25.cdgp
1704042717488652514,1704042727370844094,500,http://172.169.8.253:31112/function/opt-66b-submod-0-latency-25.cdgp
1704042717488714634,1704042719653618312,200,http://172.169.8.253:31112/function/opt-66b-submod-0-latency-25.cdgp
1704042717488797470,1704042721574037788,200,http://172.169.8.253:31112/function/opt-66b-submod-0-latency-25.cdgp
1704042717488880446,1704042727371904045,500,http://172.169.8.253:31112/function/opt-66b-submod-0-latency-25.cdgp
1704042717488935478,1704042721285755673,200,http://172.169.8.253:31112/function/opt-66b-submod-0-latency-25.cdgp
1704042717489037318,1704042720972217534,200,http://172.169.8.253:31112/function/opt-66b-submod-0-latency-25.cdgp
1704042717489123389,1704042727460046223,500,http://172.169.8.253:31112/function/opt-66b-submod-0-latency-25.cdgp
1704042717489201352,1704042727457562995,500,http://172.169.8.253:31112/function/opt-66b-submod-0-latency-25.cdgp
1704042717489284332,1704042719683379368,200,http://172.169.8.253:31112/function/opt-66b-submod-0-latency-25.cdgp
1704042717489359447,1704042721070088551,200,http://172.169.8.253:31112/function/opt-66b-submod-0-latency-25.cdgp
1704042717489422886,1704042719282299628,200,http://172.169.8.253:31112/function/opt-66b-submod-0-latency-25.cdgp
1704042717489478194,1704042727459868404,500,http://172.169.8.253:31112/function/opt-66b-submod-0-latency-25.cdgp
1704042717489551971,1704042721084030134,200,http://172.169.8.253:31112/function/opt-66b-submod-0-latency-25.cdgp
1704042717489618344,1704042721033465375,200,http://172.169.8.253:31112/function/opt-66b-submod-0-latency-25.cdgp
1704042717489671729,1704042727370853227,500,http://172.169.8.253:31112/function/opt-66b-submod-0-latency-25.cdgp
1704042717489719376,1704042727370859817,500,http://172.169.8.253:31112/function/opt-66b-submod-0-latency-25.cdgp
1704042717489802137,1704042720855138158,200,http://172.169.8.253:31112/function/opt-66b-submod-0-latency-25.cdgp
1704042717489886050,1704042727460059045,500,http://172.169.8.253:31112/function/opt-66b-submod-0-latency-25.cdgp
1704042717489952557,1704042727422655927,500,http://172.169.8.253:31112/function/opt-66b-submod-0-latency-25.cdgp
1704042717496543361,1704042727458678005,500,http://172.169.8.253:31112/function/opt-66b-submod-0-latency-25.cdgp
1704042717496636821,1704042721378030118,200,http://172.169.8.253:31112/function/opt-66b-submod-0-latency-25.cdgp
1704042717496713723,1704042727421862750,500,http://172.169.8.253:31112/function/opt-66b-submod-0-latency-25.cdgp
1704042717711696880,1704042722249347569,200,http://172.169.8.253:31112/function/opt-66b-submod-0-latency-25.cdgp
1704042717711794860,1704042721082408318,200,http://172.169.8.253:31112/function/opt-66b-submod-0-latency-25.cdgp
1704042717711876170,1704042727482081167,500,http://172.169.8.253:31112/function/opt-66b-submod-0-latency-25.cdgp
1704042717711943302,1704042727512547830,500,http://172.169.8.253:31112/function/opt-66b-submod-0-latency-25.cdgp
1704042717712009192,1704042721884181506,200,http://172.169.8.253:31112/function/opt-66b-submod-0-latency-25.cdgp
1704042717712072394,1704042719547179305,200,http://172.169.8.253:31112/function/opt-66b-submod-0-latency-25.cdgp
1704042717712116477,1704042722236625062,200,http://172.169.8.253:31112/function/opt-66b-submod-0-latency-25.cdgp
1704042717712191258,1704042727511925467,500,http://172.169.8.253:31112/function/opt-66b-submod-0-latency-25.cdgp
1704042717712215423,1704042722231767938,200,http://172.169.8.253:31112/function/opt-66b-submod-0-latency-25.cdgp
1704042717712965925,1704042727481651291,500,http://172.169.8.253:31112/function/opt-66b-submod-0-latency-25.cdgp
1704042717713098403,1704042722134704386,200,http://172.169.8.253:31112/function/opt-66b-submod-0-latency-25.cdgp
1704042717713136029,1704042727513301269,500,http://172.169.8.253:31112/function/opt-66b-submod-0-latency-25.cdgp
1704042717982109894,1704042727650472111,500,http://172.169.8.253:31112/function/opt-66b-submod-0-latency-25.cdgp
1704042717982243506,1704042719542130313,200,http://172.169.8.253:31112/function/opt-66b-submod-0-latency-25.cdgp
1704042717982326096,1704042727982562237,500,http://172.169.8.253:31112/function/opt-66b-submod-0-latency-25.cdgp
1704042717982440020,1704042727982718865,500,http://172.169.8.253:31112/function/opt-66b-submod-0-latency-25.cdgp
1704042717982493239,1704042722394958666,200,http://172.169.8.253:31112/function/opt-66b-submod-0-latency-25.cdgp
1704042717982577225,1704042727595611162,500,http://172.169.8.253:31112/function/opt-66b-submod-0-latency-25.cdgp
1704042717982620646,1704042727661518387,500,http://172.169.8.253:31112/function/opt-66b-submod-0-latency-25.cdgp
1704042717982698434,1704042727622777590,500,http://172.169.8.253:31112/function/opt-66b-submod-0-latency-25.cdgp
1704042717982761569,1704042721159420395,200,http://172.169.8.253:31112/function/opt-66b-submod-0-latency-25.cdgp
1704042717982796848,1704042727983643049,500,http://172.169.8.253:31112/function/opt-66b-submod-0-latency-25.cdgp
1704042718072537920,1704042722032439064,200,http://172.169.8.253:31112/function/opt-66b-submod-0-latency-25.cdgp
1704042718072620531,1704042721067532100,200,http://172.169.8.253:31112/function/opt-66b-submod-0-latency-25.cdgp
1704042718072723987,1704042728073805620,500,http://172.169.8.253:31112/function/opt-66b-submod-0-latency-25.cdgp
1704042718072776874,1704042727815588781,500,http://172.169.8.253:31112/function/opt-66b-submod-0-latency-25.cdgp
1704042718072882015,1704042720515475494,200,http://172.169.8.253:31112/function/opt-66b-submod-0-latency-25.cdgp
1704042718072926509,1704042727816822646,500,http://172.169.8.253:31112/function/opt-66b-submod-0-latency-25.cdgp
1704042718073006057,1704042727775436228,500,http://172.169.8.253:31112/function/opt-66b-submod-0-latency-25.cdgp
1704042718073045617,1704042721806400310,200,http://172.169.8.253:31112/function/opt-66b-submod-0-latency-25.cdgp
1704042718073128478,1704042727743122668,500,http://172.169.8.253:31112/function/opt-66b-submod-0-latency-25.cdgp
1704042718073169244,1704042722543520897,200,http://172.169.8.253:31112/function/opt-66b-submod-0-latency-25.cdgp
1704042718073247820,1704042727822077276,500,http://172.169.8.253:31112/function/opt-66b-submod-0-latency-25.cdgp
1704042718073319368,1704042721694894594,200,http://172.169.8.253:31112/function/opt-66b-submod-0-latency-25.cdgp
1704042718073419289,1704042727777729854,500,http://172.169.8.253:31112/function/opt-66b-submod-0-latency-25.cdgp
1704042718073482579,1704042722391433071,200,http://172.169.8.253:31112/function/opt-66b-submod-0-latency-25.cdgp
1704042718073543191,1704042727599463220,500,http://172.169.8.253:31112/function/opt-66b-submod-0-latency-25.cdgp
1704042718073572760,1704042722116915645,200,http://172.169.8.253:31112/function/opt-66b-submod-0-latency-25.cdgp
1704042718073623767,1704042727817390259,500,http://172.169.8.253:31112/function/opt-66b-submod-0-latency-25.cdgp
1704042718073703597,1704042722294522658,200,http://172.169.8.253:31112/function/opt-66b-submod-0-latency-25.cdgp
1704042718073744978,1704042722275409558,200,http://172.169.8.253:31112/function/opt-66b-submod-0-latency-25.cdgp
1704042718073801188,1704042727777368001,500,http://172.169.8.253:31112/function/opt-66b-submod-0-latency-25.cdgp
1704042718073900738,1704042727845528153,500,http://172.169.8.253:31112/function/opt-66b-submod-0-latency-25.cdgp
1704042718074965069,1704042727740892137,500,http://172.169.8.253:31112/function/opt-66b-submod-0-latency-25.cdgp
1704042718106993563,1704042727891660051,500,http://172.169.8.253:31112/function/opt-66b-submod-0-latency-25.cdgp
1704042718107046713,1704042719859640078,200,http://172.169.8.253:31112/function/opt-66b-submod-0-latency-25.cdgp
1704042718107133999,1704042727955601620,500,http://172.169.8.253:31112/function/opt-66b-submod-0-latency-25.cdgp
1704042718107188931,1704042727959497200,500,http://172.169.8.253:31112/function/opt-66b-submod-0-latency-25.cdgp
1704042718112151060,1704042727891675218,500,http://172.169.8.253:31112/function/opt-66b-submod-0-latency-25.cdgp
1704042718112216353,1704042722234089749,200,http://172.169.8.253:31112/function/opt-66b-submod-0-latency-25.cdgp
1704042718112245745,1704042722233817931,200,http://172.169.8.253:31112/function/opt-66b-submod-0-latency-25.cdgp
1704042718112327032,1704042727825784789,500,http://172.169.8.253:31112/function/opt-66b-submod-0-latency-25.cdgp
1704042718112392794,1704042720510929183,200,http://172.169.8.253:31112/function/opt-66b-submod-0-latency-25.cdgp
1704042718112445332,1704042722242994133,200,http://172.169.8.253:31112/function/opt-66b-submod-0-latency-25.cdgp
1704042718157734936,1704042727745317049,500,http://172.169.8.253:31112/function/opt-66b-submod-0-latency-25.cdgp
1704042718157813959,1704042727864782300,500,http://172.169.8.253:31112/function/opt-66b-submod-0-latency-25.cdgp
1704042718157876981,1704042727743568793,500,http://172.169.8.253:31112/function/opt-66b-submod-0-latency-25.cdgp
1704042718157961313,1704042720551544959,200,http://172.169.8.253:31112/function/opt-66b-submod-0-latency-25.cdgp
1704042718158043751,1704042727742996105,500,http://172.169.8.253:31112/function/opt-66b-submod-0-latency-25.cdgp
1704042718158131281,1704042722233155597,200,http://172.169.8.253:31112/function/opt-66b-submod-0-latency-25.cdgp
1704042718158175956,1704042722435688185,200,http://172.169.8.253:31112/function/opt-66b-submod-0-latency-25.cdgp
1704042718158262638,1704042727919907384,500,http://172.169.8.253:31112/function/opt-66b-submod-0-latency-25.cdgp
1704042721434428216,1704042731278682009,500,http://172.169.8.253:31112/function/opt-66b-submod-0-latency-25.cdgp
1704042721434521117,1704042731018440628,500,http://172.169.8.253:31112/function/opt-66b-submod-0-latency-25.cdgp
1704042721434594025,1704042722800871221,200,http://172.169.8.253:31112/function/opt-66b-submod-0-latency-25.cdgp
1704042721434644094,1704042723123843052,200,http://172.169.8.253:31112/function/opt-66b-submod-0-latency-25.cdgp
1704042721434744151,1704042723231521952,200,http://172.169.8.253:31112/function/opt-66b-submod-0-latency-25.cdgp
1704042721434810463,1704042722649952916,200,http://172.169.8.253:31112/function/opt-66b-submod-0-latency-25.cdgp
1704042721434882200,1704042723565035921,200,http://172.169.8.253:31112/function/opt-66b-submod-0-latency-25.cdgp
1704042721434958827,1704042723123969339,200,http://172.169.8.253:31112/function/opt-66b-submod-0-latency-25.cdgp
1704042721435069962,1704042723231189503,200,http://172.169.8.253:31112/function/opt-66b-submod-0-latency-25.cdgp
1704042721435135498,1704042723123395378,200,http://172.169.8.253:31112/function/opt-66b-submod-0-latency-25.cdgp
1704042721436980000,1704042731174327836,500,http://172.169.8.253:31112/function/opt-66b-submod-0-latency-25.cdgp
1704042721437043620,1704042723938203294,200,http://172.169.8.253:31112/function/opt-66b-submod-0-latency-25.cdgp
1704042721437078650,1704042723940717257,200,http://172.169.8.253:31112/function/opt-66b-submod-0-latency-25.cdgp
1704042721437168439,1704042723125988218,200,http://172.169.8.253:31112/function/opt-66b-submod-0-latency-25.cdgp
1704042721437235558,1704042722874637016,200,http://172.169.8.253:31112/function/opt-66b-submod-0-latency-25.cdgp
1704042721437268065,1704042723329991420,200,http://172.169.8.253:31112/function/opt-66b-submod-0-latency-25.cdgp
1704042721437331599,1704042731174708748,500,http://172.169.8.253:31112/function/opt-66b-submod-0-latency-25.cdgp
1704042721437410704,1704042723491830872,200,http://172.169.8.253:31112/function/opt-66b-submod-0-latency-25.cdgp
1704042721437461774,1704042730940217970,500,http://172.169.8.253:31112/function/opt-66b-submod-0-latency-25.cdgp
1704042721437489440,1704042722877737029,200,http://172.169.8.253:31112/function/opt-66b-submod-0-latency-25.cdgp
1704042721437582443,1704042731019171990,500,http://172.169.8.253:31112/function/opt-66b-submod-0-latency-25.cdgp
1704042721437618063,1704042722877720217,200,http://172.169.8.253:31112/function/opt-66b-submod-0-latency-25.cdgp
1704042721437693953,1704042731173932448,500,http://172.169.8.253:31112/function/opt-66b-submod-0-latency-25.cdgp
1704042721437742098,1704042723330079444,200,http://172.169.8.253:31112/function/opt-66b-submod-0-latency-25.cdgp
1704042721437836474,1704042723328367530,200,http://172.169.8.253:31112/function/opt-66b-submod-0-latency-25.cdgp
1704042721437990653,1704042723563804932,200,http://172.169.8.253:31112/function/opt-66b-submod-0-latency-25.cdgp
1704042721438063326,1704042723330063070,200,http://172.169.8.253:31112/function/opt-66b-submod-0-latency-25.cdgp
1704042721438139029,1704042723224953734,200,http://172.169.8.253:31112/function/opt-66b-submod-0-latency-25.cdgp
1704042721438189182,1704042723624127354,200,http://172.169.8.253:31112/function/opt-66b-submod-0-latency-25.cdgp
1704042721438249258,1704042731135272951,500,http://172.169.8.253:31112/function/opt-66b-submod-0-latency-25.cdgp
1704042721438317744,1704042731019535747,500,http://172.169.8.253:31112/function/opt-66b-submod-0-latency-25.cdgp
1704042721438416280,1704042723231824689,200,http://172.169.8.253:31112/function/opt-66b-submod-0-latency-25.cdgp
1704042721438498389,1704042731275374960,500,http://172.169.8.253:31112/function/opt-66b-submod-0-latency-25.cdgp
1704042721674889919,1704042731175387097,500,http://172.169.8.253:31112/function/opt-66b-submod-0-latency-25.cdgp
1704042721979122195,1704042731555889103,500,http://172.169.8.253:31112/function/opt-66b-submod-0-latency-25.cdgp
1704042721979261740,1704042723651956767,200,http://172.169.8.253:31112/function/opt-66b-submod-0-latency-25.cdgp
1704042722044735473,1704042724011520983,200,http://172.169.8.253:31112/function/opt-66b-submod-0-latency-25.cdgp
1704042722044828073,1704042724011682433,200,http://172.169.8.253:31112/function/opt-66b-submod-0-latency-25.cdgp
1704042722044911231,1704042731555654878,500,http://172.169.8.253:31112/function/opt-66b-submod-0-latency-25.cdgp
1704042722044989299,1704042732046082937,500,http://172.169.8.253:31112/function/opt-66b-submod-0-latency-25.cdgp
1704042722045054212,1704042731603583418,500,http://172.169.8.253:31112/function/opt-66b-submod-0-latency-25.cdgp
1704042722045119946,1704042732046047222,500,http://172.169.8.253:31112/function/opt-66b-submod-0-latency-25.cdgp
1704042722045169405,1704042731599786867,500,http://172.169.8.253:31112/function/opt-66b-submod-0-latency-25.cdgp
1704042722045238067,1704042723564869859,200,http://172.169.8.253:31112/function/opt-66b-submod-0-latency-25.cdgp
1704042722045284943,1704042732046122871,500,http://172.169.8.253:31112/function/opt-66b-submod-0-latency-25.cdgp
1704042722045355908,1704042723327930110,200,http://172.169.8.253:31112/function/opt-66b-submod-0-latency-25.cdgp
1704042722045416598,1704042723936168622,200,http://172.169.8.253:31112/function/opt-66b-submod-0-latency-25.cdgp
1704042722570425094,1704042724227662527,200,http://172.169.8.253:31112/function/opt-66b-submod-0-latency-25.cdgp
1704042722570500486,1704042724011693443,200,http://172.169.8.253:31112/function/opt-66b-submod-0-latency-25.cdgp
1704042722570526276,1704042723941834809,200,http://172.169.8.253:31112/function/opt-66b-submod-0-latency-25.cdgp
1704042722570603834,1704042732018834465,500,http://172.169.8.253:31112/function/opt-66b-submod-0-latency-25.cdgp
1704042722570707279,1704042724043627862,200,http://172.169.8.253:31112/function/opt-66b-submod-0-latency-25.cdgp
1704042722570770864,1704042724213584144,200,http://172.169.8.253:31112/function/opt-66b-submod-0-latency-25.cdgp
1704042722570805180,1704042724562704288,200,http://172.169.8.253:31112/function/opt-66b-submod-0-latency-25.cdgp
1704042722570889127,1704042731924718199,500,http://172.169.8.253:31112/function/opt-66b-submod-0-latency-25.cdgp
1704042722570957624,1704042732084060215,500,http://172.169.8.253:31112/function/opt-66b-submod-0-latency-25.cdgp
1704042722571045564,1704042732020301261,500,http://172.169.8.253:31112/function/opt-66b-submod-0-latency-25.cdgp
1704042722571158486,1704042724204934650,200,http://172.169.8.253:31112/function/opt-66b-submod-0-latency-25.cdgp
1704042722571229864,1704042723994471830,200,http://172.169.8.253:31112/function/opt-66b-submod-0-latency-25.cdgp
1704042722571291414,1704042723708031014,200,http://172.169.8.253:31112/function/opt-66b-submod-0-latency-25.cdgp
1704042722595187773,1704042723980324692,200,http://172.169.8.253:31112/function/opt-66b-submod-0-latency-25.cdgp
1704042722595265839,1704042732017310831,500,http://172.169.8.253:31112/function/opt-66b-submod-0-latency-25.cdgp
1704042722595368206,1704042732447420629,500,http://172.169.8.253:31112/function/opt-66b-submod-0-latency-25.cdgp
1704042722595451354,1704042731923301940,500,http://172.169.8.253:31112/function/opt-66b-submod-0-latency-25.cdgp
1704042722595529746,1704042732020371714,500,http://172.169.8.253:31112/function/opt-66b-submod-0-latency-25.cdgp
1704042722608555775,1704042732405855134,500,http://172.169.8.253:31112/function/opt-66b-submod-0-latency-25.cdgp
1704042722608624108,1704042724259603103,200,http://172.169.8.253:31112/function/opt-66b-submod-0-latency-25.cdgp
1704042722608681866,1704042732123182001,500,http://172.169.8.253:31112/function/opt-66b-submod-0-latency-25.cdgp
1704042722608768582,1704042732021445900,500,http://172.169.8.253:31112/function/opt-66b-submod-0-latency-25.cdgp
1704042722633916685,1704042723939978801,200,http://172.169.8.253:31112/function/opt-66b-submod-0-latency-25.cdgp
1704042722634002007,1704042724183530387,200,http://172.169.8.253:31112/function/opt-66b-submod-0-latency-25.cdgp
1704042722634103970,1704042732101954937,500,http://172.169.8.253:31112/function/opt-66b-submod-0-latency-25.cdgp
1704042722634297286,1704042732209554054,500,http://172.169.8.253:31112/function/opt-66b-submod-0-latency-25.cdgp
1704042722634389721,1704042732257005138,500,http://172.169.8.253:31112/function/opt-66b-submod-0-latency-25.cdgp
1704042722652258604,1704042732117954813,500,http://172.169.8.253:31112/function/opt-66b-submod-0-latency-25.cdgp
1704042722652342808,1704042732307935877,500,http://172.169.8.253:31112/function/opt-66b-submod-0-latency-25.cdgp
1704042722659540926,1704042724672522655,200,http://172.169.8.253:31112/function/opt-66b-submod-0-latency-25.cdgp
1704042722659608162,1704042732415042888,500,http://172.169.8.253:31112/function/opt-66b-submod-0-latency-25.cdgp
1704042722659631966,1704042732324357317,500,http://172.169.8.253:31112/function/opt-66b-submod-0-latency-25.cdgp
1704042722659716921,1704042732325834086,504,http://172.169.8.253:31112/function/opt-66b-submod-0-latency-25.cdgp
1704042722659790410,1704042724804158236,200,http://172.169.8.253:31112/function/opt-66b-submod-0-latency-25.cdgp
1704042722659839788,1704042732258301383,500,http://172.169.8.253:31112/function/opt-66b-submod-0-latency-25.cdgp
1704042722659915802,1704042724839668550,200,http://172.169.8.253:31112/function/opt-66b-submod-0-latency-25.cdgp
1704042722659951801,1704042724562937484,200,http://172.169.8.253:31112/function/opt-66b-submod-0-latency-25.cdgp
1704042722660032119,1704042724561563024,200,http://172.169.8.253:31112/function/opt-66b-submod-0-latency-25.cdgp
1704042722660097616,1704042724673703150,200,http://172.169.8.253:31112/function/opt-66b-submod-0-latency-25.cdgp
1704042722660122871,1704042732482506027,500,http://172.169.8.253:31112/function/opt-66b-submod-0-latency-25.cdgp
1704042722660204415,1704042724804421449,200,http://172.169.8.253:31112/function/opt-66b-submod-0-latency-25.cdgp
1704042722660284146,1704042732255844678,500,http://172.169.8.253:31112/function/opt-66b-submod-0-latency-25.cdgp
1704042722660333566,1704042732256438454,500,http://172.169.8.253:31112/function/opt-66b-submod-0-latency-25.cdgp
1704042722660406932,1704042732252823223,500,http://172.169.8.253:31112/function/opt-66b-submod-0-latency-25.cdgp
1704042722660460562,1704042732480591394,500,http://172.169.8.253:31112/function/opt-66b-submod-0-latency-25.cdgp
1704042722660534876,1704042732260103377,500,http://172.169.8.253:31112/function/opt-66b-submod-0-latency-25.cdgp
1704042722719414120,1704042724839651203,200,http://172.169.8.253:31112/function/opt-66b-submod-0-latency-25.cdgp
1704042722719503515,1704042725484414526,200,http://172.169.8.253:31112/function/opt-66b-submod-0-latency-25.cdgp
1704042722719529581,1704042732507778835,500,http://172.169.8.253:31112/function/opt-66b-submod-0-latency-25.cdgp
1704042722719624264,1704042732426900006,500,http://172.169.8.253:31112/function/opt-66b-submod-0-latency-25.cdgp
1704042722719670673,1704042724889803921,200,http://172.169.8.253:31112/function/opt-66b-submod-0-latency-25.cdgp
1704042722719743020,1704042732259427907,500,http://172.169.8.253:31112/function/opt-66b-submod-0-latency-25.cdgp
1704042722724201961,1704042724812229154,200,http://172.169.8.253:31112/function/opt-66b-submod-0-latency-25.cdgp
1704042722724284923,1704042732571539465,500,http://172.169.8.253:31112/function/opt-66b-submod-0-latency-25.cdgp
1704042722724367003,1704042725829764928,200,http://172.169.8.253:31112/function/opt-66b-submod-0-latency-25.cdgp
1704042722724435022,1704042732384411304,500,http://172.169.8.253:31112/function/opt-66b-submod-0-latency-25.cdgp
1704042722724540865,1704042724813094231,200,http://172.169.8.253:31112/function/opt-66b-submod-0-latency-25.cdgp
1704042722724584414,1704042724839577518,200,http://172.169.8.253:31112/function/opt-66b-submod-0-latency-25.cdgp
1704042722724642020,1704042724562910671,200,http://172.169.8.253:31112/function/opt-66b-submod-0-latency-25.cdgp
1704042722724680000,1704042724563256285,200,http://172.169.8.253:31112/function/opt-66b-submod-0-latency-25.cdgp
1704042722724750358,1704042724879868048,200,http://172.169.8.253:31112/function/opt-66b-submod-0-latency-25.cdgp
1704042722724827975,1704042724812683192,200,http://172.169.8.253:31112/function/opt-66b-submod-0-latency-25.cdgp
1704042722724855871,1704042732434058167,500,http://172.169.8.253:31112/function/opt-66b-submod-0-latency-25.cdgp
1704042722906281673,1704042732415479890,500,http://172.169.8.253:31112/function/opt-66b-submod-0-latency-25.cdgp
1704042722906361359,1704042732535529656,500,http://172.169.8.253:31112/function/opt-66b-submod-0-latency-25.cdgp
1704042722906441396,1704042725483579795,200,http://172.169.8.253:31112/function/opt-66b-submod-0-latency-25.cdgp
1704042722906510400,1704042732419821795,500,http://172.169.8.253:31112/function/opt-66b-submod-0-latency-25.cdgp
1704042722906606647,1704042732535398815,500,http://172.169.8.253:31112/function/opt-66b-submod-0-latency-25.cdgp
1704042722906686965,1704042732419550570,500,http://172.169.8.253:31112/function/opt-66b-submod-0-latency-25.cdgp
1704042722906746540,1704042724603763930,200,http://172.169.8.253:31112/function/opt-66b-submod-0-latency-25.cdgp
1704042722946242547,1704042725347523257,200,http://172.169.8.253:31112/function/opt-66b-submod-0-latency-25.cdgp
1704042722946329051,1704042725348523909,200,http://172.169.8.253:31112/function/opt-66b-submod-0-latency-25.cdgp
1704042722946478865,1704042725487860205,200,http://172.169.8.253:31112/function/opt-66b-submod-0-latency-25.cdgp
1704042722946543211,1704042732821875443,500,http://172.169.8.253:31112/function/opt-66b-submod-0-latency-25.cdgp
1704042722946579772,1704042732512187444,500,http://172.169.8.253:31112/function/opt-66b-submod-0-latency-25.cdgp
1704042722946666436,1704042725441423257,200,http://172.169.8.253:31112/function/opt-66b-submod-0-latency-25.cdgp
1704042722946725840,1704042725435959343,200,http://172.169.8.253:31112/function/opt-66b-submod-0-latency-25.cdgp
1704042722946796406,1704042724813057639,200,http://172.169.8.253:31112/function/opt-66b-submod-0-latency-25.cdgp
1704042722946846536,1704042732821756983,500,http://172.169.8.253:31112/function/opt-66b-submod-0-latency-25.cdgp
1704042722946914422,1704042732580443344,500,http://172.169.8.253:31112/function/opt-66b-submod-0-latency-25.cdgp
1704042722946964315,1704042732584973612,500,http://172.169.8.253:31112/function/opt-66b-submod-0-latency-25.cdgp
1704042722947035316,1704042732509686042,500,http://172.169.8.253:31112/function/opt-66b-submod-0-latency-25.cdgp
1704042722947093455,1704042732821315466,500,http://172.169.8.253:31112/function/opt-66b-submod-0-latency-25.cdgp
1704042722947135051,1704042732821483773,500,http://172.169.8.253:31112/function/opt-66b-submod-0-latency-25.cdgp
1704042722947217632,1704042732820986281,500,http://172.169.8.253:31112/function/opt-66b-submod-0-latency-25.cdgp
1704042722947250174,1704042732820412638,500,http://172.169.8.253:31112/function/opt-66b-submod-0-latency-25.cdgp
1704042722947330087,1704042732821488956,500,http://172.169.8.253:31112/function/opt-66b-submod-0-latency-25.cdgp
1704042722947412953,1704042732821861504,500,http://172.169.8.253:31112/function/opt-66b-submod-0-latency-25.cdgp
1704042722947487468,1704042725931035191,200,http://172.169.8.253:31112/function/opt-66b-submod-0-latency-25.cdgp
1704042722947559326,1704042725488396694,200,http://172.169.8.253:31112/function/opt-66b-submod-0-latency-25.cdgp
1704042722947593656,1704042732820032028,500,http://172.169.8.253:31112/function/opt-66b-submod-0-latency-25.cdgp
1704042722947653200,1704042725931052201,200,http://172.169.8.253:31112/function/opt-66b-submod-0-latency-25.cdgp
1704042722947715921,1704042724813110774,200,http://172.169.8.253:31112/function/opt-66b-submod-0-latency-25.cdgp
1704042722947816261,1704042732839604280,500,http://172.169.8.253:31112/function/opt-66b-submod-0-latency-25.cdgp
1704042722947889708,1704042726184741949,200,http://172.169.8.253:31112/function/opt-66b-submod-0-latency-25.cdgp
1704042722947966101,1704042726184519125,200,http://172.169.8.253:31112/function/opt-66b-submod-0-latency-25.cdgp
1704042722948031387,1704042732506577524,500,http://172.169.8.253:31112/function/opt-66b-submod-0-latency-25.cdgp
1704042722948057896,1704042726142458683,200,http://172.169.8.253:31112/function/opt-66b-submod-0-latency-25.cdgp
1704042722948124199,1704042726073126111,200,http://172.169.8.253:31112/function/opt-66b-submod-0-latency-25.cdgp
1704042722948190983,1704042725347721857,200,http://172.169.8.253:31112/function/opt-66b-submod-0-latency-25.cdgp
1704042722948256246,1704042725346841705,200,http://172.169.8.253:31112/function/opt-66b-submod-0-latency-25.cdgp
1704042722948321923,1704042732820835007,500,http://172.169.8.253:31112/function/opt-66b-submod-0-latency-25.cdgp
1704042722948393914,1704042732511578968,500,http://172.169.8.253:31112/function/opt-66b-submod-0-latency-25.cdgp
1704042722948453649,1704042725348814182,200,http://172.169.8.253:31112/function/opt-66b-submod-0-latency-25.cdgp
1704042722948540139,1704042732586065844,500,http://172.169.8.253:31112/function/opt-66b-submod-0-latency-25.cdgp
1704042722948580229,1704042725829715697,200,http://172.169.8.253:31112/function/opt-66b-submod-0-latency-25.cdgp
1704042722948669880,1704042732820370582,500,http://172.169.8.253:31112/function/opt-66b-submod-0-latency-25.cdgp
1704042722948729655,1704042726147232367,200,http://172.169.8.253:31112/function/opt-66b-submod-0-latency-25.cdgp
1704042722948772142,1704042732820771329,500,http://172.169.8.253:31112/function/opt-66b-submod-0-latency-25.cdgp
1704042722948834115,1704042726291814015,200,http://172.169.8.253:31112/function/opt-66b-submod-0-latency-25.cdgp
1704042722948908745,1704042725931035139,200,http://172.169.8.253:31112/function/opt-66b-submod-0-latency-25.cdgp
1704042722948976717,1704042732625983589,500,http://172.169.8.253:31112/function/opt-66b-submod-0-latency-25.cdgp
1704042722949072902,1704042732626372218,500,http://172.169.8.253:31112/function/opt-66b-submod-0-latency-25.cdgp
1704042724018779488,1704042733792053883,500,http://172.169.8.253:31112/function/opt-66b-submod-0-latency-25.cdgp
1704042724018868410,1704042725691637203,200,http://172.169.8.253:31112/function/opt-66b-submod-0-latency-25.cdgp
1704042724018957409,1704042726183661205,200,http://172.169.8.253:31112/function/opt-66b-submod-0-latency-25.cdgp
1704042724019055311,1704042733419200880,500,http://172.169.8.253:31112/function/opt-66b-submod-0-latency-25.cdgp
1704042724019147187,1704042733794165389,500,http://172.169.8.253:31112/function/opt-66b-submod-0-latency-25.cdgp
1704042724019245390,1704042726183824533,200,http://172.169.8.253:31112/function/opt-66b-submod-0-latency-25.cdgp
1704042724019341573,1704042727757027603,200,http://172.169.8.253:31112/function/opt-66b-submod-0-latency-25.cdgp
1704042724019418863,1704042733619952237,500,http://172.169.8.253:31112/function/opt-66b-submod-0-latency-25.cdgp
1704042724019504718,1704042725867517273,200,http://172.169.8.253:31112/function/opt-66b-submod-0-latency-25.cdgp
1704042724019560796,1704042733663743032,500,http://172.169.8.253:31112/function/opt-66b-submod-0-latency-25.cdgp
1704042724019587551,1704042726320836378,200,http://172.169.8.253:31112/function/opt-66b-submod-0-latency-25.cdgp
1704042724019635544,1704042733797394718,500,http://172.169.8.253:31112/function/opt-66b-submod-0-latency-25.cdgp
1704042724019641647,1704042726087638739,200,http://172.169.8.253:31112/function/opt-66b-submod-0-latency-25.cdgp
1704042724019724553,1704042733619725149,500,http://172.169.8.253:31112/function/opt-66b-submod-0-latency-25.cdgp
1704042724019805009,1704042726100828188,200,http://172.169.8.253:31112/function/opt-66b-submod-0-latency-25.cdgp
1704042724019886392,1704042726224262831,200,http://172.169.8.253:31112/function/opt-66b-submod-0-latency-25.cdgp
1704042724019957172,1704042734021100727,500,http://172.169.8.253:31112/function/opt-66b-submod-0-latency-25.cdgp
1704042724020016109,1704042726184757495,200,http://172.169.8.253:31112/function/opt-66b-submod-0-latency-25.cdgp
1704042724020097956,1704042727600283511,200,http://172.169.8.253:31112/function/opt-66b-submod-0-latency-25.cdgp
1704042724020134177,1704042734021116436,500,http://172.169.8.253:31112/function/opt-66b-submod-0-latency-25.cdgp
1704042724020189278,1704042727753712141,200,http://172.169.8.253:31112/function/opt-66b-submod-0-latency-25.cdgp
1704042724020248920,1704042733619628497,500,http://172.169.8.253:31112/function/opt-66b-submod-0-latency-25.cdgp
1704042724020332988,1704042733828621632,500,http://172.169.8.253:31112/function/opt-66b-submod-0-latency-25.cdgp
1704042724020383423,1704042726321614919,200,http://172.169.8.253:31112/function/opt-66b-submod-0-latency-25.cdgp
1704042724020436506,1704042733620297391,500,http://172.169.8.253:31112/function/opt-66b-submod-0-latency-25.cdgp
1704042724020494554,1704042726092169918,200,http://172.169.8.253:31112/function/opt-66b-submod-0-latency-25.cdgp
1704042724020590792,1704042729760618492,200,http://172.169.8.253:31112/function/opt-66b-submod-0-latency-25.cdgp
1704042724020660489,1704042734021247078,500,http://172.169.8.253:31112/function/opt-66b-submod-0-latency-25.cdgp
1704042724020726915,1704042733620366434,500,http://172.169.8.253:31112/function/opt-66b-submod-0-latency-25.cdgp
1704042724020773435,1704042733620559730,500,http://172.169.8.253:31112/function/opt-66b-submod-0-latency-25.cdgp
1704042724020842490,1704042734021242687,500,http://172.169.8.253:31112/function/opt-66b-submod-0-latency-25.cdgp
1704042724020892844,1704042733604801988,500,http://172.169.8.253:31112/function/opt-66b-submod-0-latency-25.cdgp
1704042724068458935,1704042732816245863,200,http://172.169.8.253:31112/function/opt-66b-submod-0-latency-25.cdgp
1704042724070849367,1704042727754991253,200,http://172.169.8.253:31112/function/opt-66b-submod-0-latency-25.cdgp
1704042724071006453,1704042734071507580,500,http://172.169.8.253:31112/function/opt-66b-submod-0-latency-25.cdgp
1704042724071071784,1704042727793953330,200,http://172.169.8.253:31112/function/opt-66b-submod-0-latency-25.cdgp
1704042724071127318,1704042733798786984,500,http://172.169.8.253:31112/function/opt-66b-submod-0-latency-25.cdgp
1704042724071201393,1704042727759109842,200,http://172.169.8.253:31112/function/opt-66b-submod-0-latency-25.cdgp
1704042724071242034,1704042726271549696,200,http://172.169.8.253:31112/function/opt-66b-submod-0-latency-25.cdgp
1704042724071321951,1704042729760529341,200,http://172.169.8.253:31112/function/opt-66b-submod-0-latency-25.cdgp
1704042724071368791,1704042734048906602,500,http://172.169.8.253:31112/function/opt-66b-submod-0-latency-25.cdgp
1704042724071461554,1704042726207269059,200,http://172.169.8.253:31112/function/opt-66b-submod-0-latency-25.cdgp
1704042724071484410,1704042734071628408,500,http://172.169.8.253:31112/function/opt-66b-submod-0-latency-25.cdgp
1704042724071522868,1704042731558109111,200,http://172.169.8.253:31112/function/opt-66b-submod-0-latency-25.cdgp
1704042724071578944,1704042734071799147,500,http://172.169.8.253:31112/function/opt-66b-submod-0-latency-25.cdgp
1704042724071666398,1704042729760446957,200,http://172.169.8.253:31112/function/opt-66b-submod-0-latency-25.cdgp
1704042724071759635,1704042734071880895,500,http://172.169.8.253:31112/function/opt-66b-submod-0-latency-25.cdgp
1704042724071851785,1704042726320888860,200,http://172.169.8.253:31112/function/opt-66b-submod-0-latency-25.cdgp
1704042724071890392,1704042727654685321,200,http://172.169.8.253:31112/function/opt-66b-submod-0-latency-25.cdgp
1704042724071922439,1704042727601873714,200,http://172.169.8.253:31112/function/opt-66b-submod-0-latency-25.cdgp
1704042724071985469,1704042727654602936,200,http://172.169.8.253:31112/function/opt-66b-submod-0-latency-25.cdgp
1704042724072063958,1704042727655494497,200,http://172.169.8.253:31112/function/opt-66b-submod-0-latency-25.cdgp
1704042724072137846,1704042733799228268,500,http://172.169.8.253:31112/function/opt-66b-submod-0-latency-25.cdgp
1704042724076269259,1704042730937661005,200,http://172.169.8.253:31112/function/opt-66b-submod-0-latency-25.cdgp
1704042724076421961,1704042734076797031,500,http://172.169.8.253:31112/function/opt-66b-submod-0-latency-25.cdgp
1704042724076498077,1704042727653344839,200,http://172.169.8.253:31112/function/opt-66b-submod-0-latency-25.cdgp
1704042724076562433,1704042734051059701,500,http://172.169.8.253:31112/function/opt-66b-submod-0-latency-25.cdgp
1704042724076652897,1704042730225891583,200,http://172.169.8.253:31112/function/opt-66b-submod-0-latency-25.cdgp
1704042724076723143,1704042734076944123,500,http://172.169.8.253:31112/function/opt-66b-submod-0-latency-25.cdgp
1704042724076795662,1704042727604278895,200,http://172.169.8.253:31112/function/opt-66b-submod-0-latency-25.cdgp
1704042724076865432,1704042734076978354,500,http://172.169.8.253:31112/function/opt-66b-submod-0-latency-25.cdgp
1704042724076939042,1704042734038697537,500,http://172.169.8.253:31112/function/opt-66b-submod-0-latency-25.cdgp
1704042724076997415,1704042734077998998,500,http://172.169.8.253:31112/function/opt-66b-submod-0-latency-25.cdgp
1704042724077041513,1704042726900867054,200,http://172.169.8.253:31112/function/opt-66b-submod-0-latency-25.cdgp
1704042724077133878,1704042734034531103,500,http://172.169.8.253:31112/function/opt-66b-submod-0-latency-25.cdgp
1704042724077223946,1704042727758130631,200,http://172.169.8.253:31112/function/opt-66b-submod-0-latency-25.cdgp
1704042724077304081,1704042729760789370,200,http://172.169.8.253:31112/function/opt-66b-submod-0-latency-25.cdgp
1704042724077371288,1704042727026052298,200,http://172.169.8.253:31112/function/opt-66b-submod-0-latency-25.cdgp
1704042724077458148,1704042734078063193,500,http://172.169.8.253:31112/function/opt-66b-submod-0-latency-25.cdgp
1704042724077525467,1704042734078053273,500,http://172.169.8.253:31112/function/opt-66b-submod-0-latency-25.cdgp
1704042724077587510,1704042727619672040,200,http://172.169.8.253:31112/function/opt-66b-submod-0-latency-25.cdgp
1704042724077674943,1704042727655589751,200,http://172.169.8.253:31112/function/opt-66b-submod-0-latency-25.cdgp
1704042724077701595,1704042732015407109,200,http://172.169.8.253:31112/function/opt-66b-submod-0-latency-25.cdgp
1704042724077780772,1704042728667677312,200,http://172.169.8.253:31112/function/opt-66b-submod-0-latency-25.cdgp
1704042724077839835,1704042730225423474,200,http://172.169.8.253:31112/function/opt-66b-submod-0-latency-25.cdgp
1704042724077927355,1704042730243177154,200,http://172.169.8.253:31112/function/opt-66b-submod-0-latency-25.cdgp
1704042724078009823,1704042727790649173,200,http://172.169.8.253:31112/function/opt-66b-submod-0-latency-25.cdgp
1704042724078034966,1704042730226517495,200,http://172.169.8.253:31112/function/opt-66b-submod-0-latency-25.cdgp
1704042724078146366,1704042727625350841,200,http://172.169.8.253:31112/function/opt-66b-submod-0-latency-25.cdgp
1704042724078244567,1704042727624040810,200,http://172.169.8.253:31112/function/opt-66b-submod-0-latency-25.cdgp
1704042724078333122,1704042734079734632,500,http://172.169.8.253:31112/function/opt-66b-submod-0-latency-25.cdgp
1704042724078418485,1704042734002031554,500,http://172.169.8.253:31112/function/opt-66b-submod-0-latency-25.cdgp
1704042724078486969,1704042734046358142,500,http://172.169.8.253:31112/function/opt-66b-submod-0-latency-25.cdgp
1704042724078549865,1704042734079174044,500,http://172.169.8.253:31112/function/opt-66b-submod-0-latency-25.cdgp
1704042724078574695,1704042734079622039,500,http://172.169.8.253:31112/function/opt-66b-submod-0-latency-25.cdgp
1704042724078616027,1704042734079278632,500,http://172.169.8.253:31112/function/opt-66b-submod-0-latency-25.cdgp
1704042724078632486,1704042727626734365,200,http://172.169.8.253:31112/function/opt-66b-submod-0-latency-25.cdgp
1704042724078680185,1704042734079281211,500,http://172.169.8.253:31112/function/opt-66b-submod-0-latency-25.cdgp
1704042724078727800,1704042727722098783,200,http://172.169.8.253:31112/function/opt-66b-submod-0-latency-25.cdgp
1704042724078778113,1704042730231068738,200,http://172.169.8.253:31112/function/opt-66b-submod-0-latency-25.cdgp
1704042724078846004,1704042727022021934,200,http://172.169.8.253:31112/function/opt-66b-submod-0-latency-25.cdgp
1704042724078921603,1704042726900774244,200,http://172.169.8.253:31112/function/opt-66b-submod-0-latency-25.cdgp
1704042724079016904,1704042728245344442,200,http://172.169.8.253:31112/function/opt-66b-submod-0-latency-25.cdgp
1704042724079053673,1704042734079649064,500,http://172.169.8.253:31112/function/opt-66b-submod-0-latency-25.cdgp
1704042724079140810,1704042734079639344,500,http://172.169.8.253:31112/function/opt-66b-submod-0-latency-25.cdgp
1704042724079165624,1704042734007570388,500,http://172.169.8.253:31112/function/opt-66b-submod-0-latency-25.cdgp
1704042724079210461,1704042734079653674,500,http://172.169.8.253:31112/function/opt-66b-submod-0-latency-25.cdgp
1704042724079221125,1704042726709274054,200,http://172.169.8.253:31112/function/opt-66b-submod-0-latency-25.cdgp
1704042724079267982,1704042726708310854,200,http://172.169.8.253:31112/function/opt-66b-submod-0-latency-25.cdgp
1704042724079284165,1704042726708608392,200,http://172.169.8.253:31112/function/opt-66b-submod-0-latency-25.cdgp
1704042724079355257,1704042734079709184,500,http://172.169.8.253:31112/function/opt-66b-submod-0-latency-25.cdgp
1704042724079439010,1704042734079727929,500,http://172.169.8.253:31112/function/opt-66b-submod-0-latency-25.cdgp
1704042724079497014,1704042727757525525,200,http://172.169.8.253:31112/function/opt-66b-submod-0-latency-25.cdgp
1704042724079580459,1704042728237502189,200,http://172.169.8.253:31112/function/opt-66b-submod-0-latency-25.cdgp
1704042724079662434,1704042734003183458,500,http://172.169.8.253:31112/function/opt-66b-submod-0-latency-25.cdgp
1704042724079733880,1704042734080454367,500,http://172.169.8.253:31112/function/opt-66b-submod-0-latency-25.cdgp
1704042724079813243,1704042734080309188,500,http://172.169.8.253:31112/function/opt-66b-submod-0-latency-25.cdgp
1704042724079882547,1704042734007149193,500,http://172.169.8.253:31112/function/opt-66b-submod-0-latency-25.cdgp
1704042724079910055,1704042734080464734,500,http://172.169.8.253:31112/function/opt-66b-submod-0-latency-25.cdgp
1704042724079998572,1704042727755762612,200,http://172.169.8.253:31112/function/opt-66b-submod-0-latency-25.cdgp
1704042724080068513,1704042727758468649,200,http://172.169.8.253:31112/function/opt-66b-submod-0-latency-25.cdgp
1704042724080159711,1704042734080461208,500,http://172.169.8.253:31112/function/opt-66b-submod-0-latency-25.cdgp
1704042724080246361,1704042734030204326,500,http://172.169.8.253:31112/function/opt-66b-submod-0-latency-25.cdgp
1704042724300766754,1704042730231383435,200,http://172.169.8.253:31112/function/opt-66b-submod-0-latency-25.cdgp
1704042724300850049,1704042727724809959,200,http://172.169.8.253:31112/function/opt-66b-submod-0-latency-25.cdgp
1704042724300957444,1704042734301135693,500,http://172.169.8.253:31112/function/opt-66b-submod-0-latency-25.cdgp
1704042724301160606,1704042734302274543,500,http://172.169.8.253:31112/function/opt-66b-submod-0-latency-25.cdgp
1704042724301257433,1704042727744148286,200,http://172.169.8.253:31112/function/opt-66b-submod-0-latency-25.cdgp
1704042724301507355,1704042727760540341,200,http://172.169.8.253:31112/function/opt-66b-submod-0-latency-25.cdgp
1704042724301596661,1704042730244411502,200,http://172.169.8.253:31112/function/opt-66b-submod-0-latency-25.cdgp
1704042724310731433,1704042732816264451,200,http://172.169.8.253:31112/function/opt-66b-submod-0-latency-25.cdgp
1704042724310820581,1704042730229987936,200,http://172.169.8.253:31112/function/opt-66b-submod-0-latency-25.cdgp
1704042724310957694,1704042728479183913,200,http://172.169.8.253:31112/function/opt-66b-submod-0-latency-25.cdgp
1704042724318400166,1704042727354319439,200,http://172.169.8.253:31112/function/opt-66b-submod-0-latency-25.cdgp
1704042724318514825,1704042734319890712,500,http://172.169.8.253:31112/function/opt-66b-submod-0-latency-25.cdgp
1704042724318648756,1704042734319660460,500,http://172.169.8.253:31112/function/opt-66b-submod-0-latency-25.cdgp
1704042724318728938,1704042734319880285,500,http://172.169.8.253:31112/function/opt-66b-submod-0-latency-25.cdgp
1704042724318847264,1704042734319884005,500,http://172.169.8.253:31112/function/opt-66b-submod-0-latency-25.cdgp
1704042724318924584,1704042734319663712,500,http://172.169.8.253:31112/function/opt-66b-submod-0-latency-25.cdgp
1704042724319022105,1704042734319868364,500,http://172.169.8.253:31112/function/opt-66b-submod-0-latency-25.cdgp
1704042724337026747,1704042734338225722,500,http://172.169.8.253:31112/function/opt-66b-submod-0-latency-25.cdgp
1704042724337102844,1704042734338217849,500,http://172.169.8.253:31112/function/opt-66b-submod-0-latency-25.cdgp
1704042724337144665,1704042734338021931,500,http://172.169.8.253:31112/function/opt-66b-submod-0-latency-25.cdgp
1704042724337229670,1704042727369843143,200,http://172.169.8.253:31112/function/opt-66b-submod-0-latency-25.cdgp
1704042724337305401,1704042727724108689,200,http://172.169.8.253:31112/function/opt-66b-submod-0-latency-25.cdgp
1704042724337445602,1704042726937174178,200,http://172.169.8.253:31112/function/opt-66b-submod-0-latency-25.cdgp
1704042724337534696,1704042730225878761,200,http://172.169.8.253:31112/function/opt-66b-submod-0-latency-25.cdgp
1704042724337600190,1704042734338216334,500,http://172.169.8.253:31112/function/opt-66b-submod-0-latency-25.cdgp
1704042724337682328,1704042727416541344,200,http://172.169.8.253:31112/function/opt-66b-submod-0-latency-25.cdgp
1704042724337763768,1704042732818815034,200,http://172.169.8.253:31112/function/opt-66b-submod-0-latency-25.cdgp
1704042724337791921,1704042730232411260,200,http://172.169.8.253:31112/function/opt-66b-submod-0-latency-25.cdgp
1704042724337873710,1704042730240060570,200,http://172.169.8.253:31112/function/opt-66b-submod-0-latency-25.cdgp
1704042724865308105,1704042734865526460,500,http://172.169.8.253:31112/function/opt-66b-submod-0-latency-25.cdgp
1704042724865507387,1704042734865709228,500,http://172.169.8.253:31112/function/opt-66b-submod-0-latency-25.cdgp
1704042724865579976,1704042734504570602,500,http://172.169.8.253:31112/function/opt-66b-submod-0-latency-25.cdgp
1704042724865658935,1704042727639524783,200,http://172.169.8.253:31112/function/opt-66b-submod-0-latency-25.cdgp
1704042724868206895,1704042727759489562,200,http://172.169.8.253:31112/function/opt-66b-submod-0-latency-25.cdgp
1704042724868305497,1704042730244425321,200,http://172.169.8.253:31112/function/opt-66b-submod-0-latency-25.cdgp
1704042724919577901,1704042734578474329,500,http://172.169.8.253:31112/function/opt-66b-submod-0-latency-25.cdgp
1704042724919667503,1704042729532105463,200,http://172.169.8.253:31112/function/opt-66b-submod-0-latency-25.cdgp
1704042724919785980,1704042727386084630,200,http://172.169.8.253:31112/function/opt-66b-submod-0-latency-25.cdgp
1704042724919846117,1704042734580115594,500,http://172.169.8.253:31112/function/opt-66b-submod-0-latency-25.cdgp
1704042724919880103,1704042734569249525,500,http://172.169.8.253:31112/function/opt-66b-submod-0-latency-25.cdgp
1704042724919952195,1704042734570403713,500,http://172.169.8.253:31112/function/opt-66b-submod-0-latency-25.cdgp
1704042724920019712,1704042734581087288,500,http://172.169.8.253:31112/function/opt-66b-submod-0-latency-25.cdgp
1704042724920077373,1704042734618691437,500,http://172.169.8.253:31112/function/opt-66b-submod-0-latency-25.cdgp
1704042724920096050,1704042732859445640,200,http://172.169.8.253:31112/function/opt-66b-submod-0-latency-25.cdgp
1704042724963069968,1704042734641097850,500,http://172.169.8.253:31112/function/opt-66b-submod-0-latency-25.cdgp
1704042724963197360,1704042734630417584,500,http://172.169.8.253:31112/function/opt-66b-submod-0-latency-25.cdgp
1704042724963268930,1704042730241402857,200,http://172.169.8.253:31112/function/opt-66b-submod-0-latency-25.cdgp
1704042724963388500,1704042734630078773,500,http://172.169.8.253:31112/function/opt-66b-submod-0-latency-25.cdgp
1704042724963471922,1704042729760510556,200,http://172.169.8.253:31112/function/opt-66b-submod-0-latency-25.cdgp
1704042724963550341,1704042732232054989,200,http://172.169.8.253:31112/function/opt-66b-submod-0-latency-25.cdgp
1704042724963646330,1704042734631091087,500,http://172.169.8.253:31112/function/opt-66b-submod-0-latency-25.cdgp
1704042724963688965,1704042734593789187,500,http://172.169.8.253:31112/function/opt-66b-submod-0-latency-25.cdgp
1704042724963780074,1704042734631011461,500,http://172.169.8.253:31112/function/opt-66b-submod-0-latency-25.cdgp
1704042724963866778,1704042734654555099,500,http://172.169.8.253:31112/function/opt-66b-submod-0-latency-25.cdgp
1704042724963949957,1704042729495990264,200,http://172.169.8.253:31112/function/opt-66b-submod-0-latency-25.cdgp
1704042724964043887,1704042734655736621,500,http://172.169.8.253:31112/function/opt-66b-submod-0-latency-25.cdgp
1704042724964134880,1704042734670840820,500,http://172.169.8.253:31112/function/opt-66b-submod-0-latency-25.cdgp
1704042725091067848,1704042734722562209,500,http://172.169.8.253:31112/function/opt-66b-submod-0-latency-25.cdgp
1704042725091184379,1704042734730770233,500,http://172.169.8.253:31112/function/opt-66b-submod-0-latency-25.cdgp
1704042725091267250,1704042734721877264,500,http://172.169.8.253:31112/function/opt-66b-submod-0-latency-25.cdgp
1704042725091354356,1704042730244398705,200,http://172.169.8.253:31112/function/opt-66b-submod-0-latency-25.cdgp
1704042725091469063,1704042734741883236,500,http://172.169.8.253:31112/function/opt-66b-submod-0-latency-25.cdgp
1704042725091519083,1704042727386027686,200,http://172.169.8.253:31112/function/opt-66b-submod-0-latency-25.cdgp
1704042725091594552,1704042734743028438,500,http://172.169.8.253:31112/function/opt-66b-submod-0-latency-25.cdgp
1704042725111517197,1704042728903918875,200,http://172.169.8.253:31112/function/opt-66b-submod-0-latency-25.cdgp
1704042725111600572,1704042730231491364,200,http://172.169.8.253:31112/function/opt-66b-submod-0-latency-25.cdgp
1704042725111719490,1704042732234088595,200,http://172.169.8.253:31112/function/opt-66b-submod-0-latency-25.cdgp
1704042725111750238,1704042734811174742,500,http://172.169.8.253:31112/function/opt-66b-submod-0-latency-25.cdgp
1704042725112185152,1704042732785955719,200,http://172.169.8.253:31112/function/opt-66b-submod-0-latency-25.cdgp
1704042725112469499,1704042734784339250,500,http://172.169.8.253:31112/function/opt-66b-submod-0-latency-25.cdgp
1704042725112817747,1704042729572287376,200,http://172.169.8.253:31112/function/opt-66b-submod-0-latency-25.cdgp
1704042725112977226,1704042734814156279,500,http://172.169.8.253:31112/function/opt-66b-submod-0-latency-25.cdgp
1704042725113175921,1704042727388317725,200,http://172.169.8.253:31112/function/opt-66b-submod-0-latency-25.cdgp
1704042725113271289,1704042730244143985,200,http://172.169.8.253:31112/function/opt-66b-submod-0-latency-25.cdgp
1704042725113375613,1704042729521096325,200,http://172.169.8.253:31112/function/opt-66b-submod-0-latency-25.cdgp
1704042725113477031,1704042734812857876,500,http://172.169.8.253:31112/function/opt-66b-submod-0-latency-25.cdgp
1704042725113573918,1704042734794775539,500,http://172.169.8.253:31112/function/opt-66b-submod-0-latency-25.cdgp
1704042725536937513,1704042732022567208,200,http://172.169.8.253:31112/function/opt-66b-submod-0-latency-25.cdgp
1704042725537021726,1704042735305364360,500,http://172.169.8.253:31112/function/opt-66b-submod-0-latency-25.cdgp
1704042725693549702,1704042732014947529,200,http://172.169.8.253:31112/function/opt-66b-submod-0-latency-25.cdgp
1704042725693707697,1704042735399866671,500,http://172.169.8.253:31112/function/opt-66b-submod-0-latency-25.cdgp
1704042725693794662,1704042732107521172,200,http://172.169.8.253:31112/function/opt-66b-submod-0-latency-25.cdgp
1704042725693855101,1704042732015943602,200,http://172.169.8.253:31112/function/opt-66b-submod-0-latency-25.cdgp
1704042725693924744,1704042735304976162,500,http://172.169.8.253:31112/function/opt-66b-submod-0-latency-25.cdgp
1704042725693964618,1704042735282097156,500,http://172.169.8.253:31112/function/opt-66b-submod-0-latency-25.cdgp
1704042725694044379,1704042735305463119,500,http://172.169.8.253:31112/function/opt-66b-submod-0-latency-25.cdgp
1704042725694101606,1704042729130174980,200,http://172.169.8.253:31112/function/opt-66b-submod-0-latency-25.cdgp
1704042725694146841,1704042732014140579,200,http://172.169.8.253:31112/function/opt-66b-submod-0-latency-25.cdgp
1704042725694230475,1704042735113720173,500,http://172.169.8.253:31112/function/opt-66b-submod-0-latency-25.cdgp
1704042725694257521,1704042730247841782,200,http://172.169.8.253:31112/function/opt-66b-submod-0-latency-25.cdgp
1704042725694349830,1704042735305042593,500,http://172.169.8.253:31112/function/opt-66b-submod-0-latency-25.cdgp
1704042725694420877,1704042735695375843,500,http://172.169.8.253:31112/function/opt-66b-submod-0-latency-25.cdgp
1704042725694529037,1704042735323536253,500,http://172.169.8.253:31112/function/opt-66b-submod-0-latency-25.cdgp
1704042725694612482,1704042735277076792,500,http://172.169.8.253:31112/function/opt-66b-submod-0-latency-25.cdgp
1704042725694640822,1704042727960206864,200,http://172.169.8.253:31112/function/opt-66b-submod-0-latency-25.cdgp
1704042725694728274,1704042735296028366,500,http://172.169.8.253:31112/function/opt-66b-submod-0-latency-25.cdgp
1704042725694797927,1704042731967805521,200,http://172.169.8.253:31112/function/opt-66b-submod-0-latency-25.cdgp
1704042725694836601,1704042735254140811,500,http://172.169.8.253:31112/function/opt-66b-submod-0-latency-25.cdgp
1704042725701710119,1704042735476873793,500,http://172.169.8.253:31112/function/opt-66b-submod-0-latency-25.cdgp
1704042725701794668,1704042735305473687,500,http://172.169.8.253:31112/function/opt-66b-submod-0-latency-25.cdgp
1704042725701898319,1704042730402373540,200,http://172.169.8.253:31112/function/opt-66b-submod-0-latency-25.cdgp
1704042725702015773,1704042735618124570,500,http://172.169.8.253:31112/function/opt-66b-submod-0-latency-25.cdgp
1704042725702108799,1704042735305865775,500,http://172.169.8.253:31112/function/opt-66b-submod-0-latency-25.cdgp
1704042725702231943,1704042735255921692,200,http://172.169.8.253:31112/function/opt-66b-submod-0-latency-25.cdgp
1704042725702333756,1704042735577816293,500,http://172.169.8.253:31112/function/opt-66b-submod-0-latency-25.cdgp
1704042725702395693,1704042735573665394,500,http://172.169.8.253:31112/function/opt-66b-submod-0-latency-25.cdgp
1704042725702492571,1704042735305059279,500,http://172.169.8.253:31112/function/opt-66b-submod-0-latency-25.cdgp
1704042725702562347,1704042735282648331,500,http://172.169.8.253:31112/function/opt-66b-submod-0-latency-25.cdgp
1704042725702670136,1704042729572169515,200,http://172.169.8.253:31112/function/opt-66b-submod-0-latency-25.cdgp
1704042725752385139,1704042730245224768,200,http://172.169.8.253:31112/function/opt-66b-submod-0-latency-25.cdgp
1704042725752465396,1704042728371970244,200,http://172.169.8.253:31112/function/opt-66b-submod-0-latency-25.cdgp
1704042725752540836,1704042727753999991,200,http://172.169.8.253:31112/function/opt-66b-submod-0-latency-25.cdgp
1704042725752602777,1704042735753080788,500,http://172.169.8.253:31112/function/opt-66b-submod-0-latency-25.cdgp
1704042725752631027,1704042730241743287,200,http://172.169.8.253:31112/function/opt-66b-submod-0-latency-25.cdgp
1704042725752716611,1704042735576871056,500,http://172.169.8.253:31112/function/opt-66b-submod-0-latency-25.cdgp
1704042725851646131,1704042731179121721,200,http://172.169.8.253:31112/function/opt-66b-submod-0-latency-25.cdgp
1704042725851722496,1704042735680039654,500,http://172.169.8.253:31112/function/opt-66b-submod-0-latency-25.cdgp
1704042725851754188,1704042735827667341,500,http://172.169.8.253:31112/function/opt-66b-submod-0-latency-25.cdgp
1704042725851833234,1704042735735774988,500,http://172.169.8.253:31112/function/opt-66b-submod-0-latency-25.cdgp
1704042725851912504,1704042735544393044,500,http://172.169.8.253:31112/function/opt-66b-submod-0-latency-25.cdgp
1704042725851992550,1704042730343529361,200,http://172.169.8.253:31112/function/opt-66b-submod-0-latency-25.cdgp
1704042725852011520,1704042735639747076,500,http://172.169.8.253:31112/function/opt-66b-submod-0-latency-25.cdgp
1704042725852118145,1704042735564170233,500,http://172.169.8.253:31112/function/opt-66b-submod-0-latency-25.cdgp
1704042725852150135,1704042735853192546,500,http://172.169.8.253:31112/function/opt-66b-submod-0-latency-25.cdgp
1704042725852248505,1704042731924091514,200,http://172.169.8.253:31112/function/opt-66b-submod-0-latency-25.cdgp
1704042725852291871,1704042732235268549,200,http://172.169.8.253:31112/function/opt-66b-submod-0-latency-25.cdgp
1704042725852378798,1704042735341892855,200,http://172.169.8.253:31112/function/opt-66b-submod-0-latency-25.cdgp
1704042725852441022,1704042729572879141,200,http://172.169.8.253:31112/function/opt-66b-submod-0-latency-25.cdgp
1704042725852460995,1704042728396713197,200,http://172.169.8.253:31112/function/opt-66b-submod-0-latency-25.cdgp
1704042725852530461,1704042735538043022,500,http://172.169.8.253:31112/function/opt-66b-submod-0-latency-25.cdgp
1704042725852597035,1704042728575472423,200,http://172.169.8.253:31112/function/opt-66b-submod-0-latency-25.cdgp
1704042725852683404,1704042735564490679,500,http://172.169.8.253:31112/function/opt-66b-submod-0-latency-25.cdgp
1704042725852780565,1704042735731937207,500,http://172.169.8.253:31112/function/opt-66b-submod-0-latency-25.cdgp
1704042725852857439,1704042735274811635,200,http://172.169.8.253:31112/function/opt-66b-submod-0-latency-25.cdgp
1704042725852897746,1704042735734562074,500,http://172.169.8.253:31112/function/opt-66b-submod-0-latency-25.cdgp
1704042725853023367,1704042732281031158,200,http://172.169.8.253:31112/function/opt-66b-submod-0-latency-25.cdgp
1704042725853064281,1704042735564155511,500,http://172.169.8.253:31112/function/opt-66b-submod-0-latency-25.cdgp
1704042725853149690,1704042735319912343,200,http://172.169.8.253:31112/function/opt-66b-submod-0-latency-25.cdgp
1704042725853177871,1704042735576352909,500,http://172.169.8.253:31112/function/opt-66b-submod-0-latency-25.cdgp
1704042725853234388,1704042735727407877,500,http://172.169.8.253:31112/function/opt-66b-submod-0-latency-25.cdgp
1704042725853317087,1704042735319724554,200,http://172.169.8.253:31112/function/opt-66b-submod-0-latency-25.cdgp
1704042725853398410,1704042735576898935,500,http://172.169.8.253:31112/function/opt-66b-submod-0-latency-25.cdgp
1704042725853452299,1704042728249620047,200,http://172.169.8.253:31112/function/opt-66b-submod-0-latency-25.cdgp
1704042725853476829,1704042735576006226,500,http://172.169.8.253:31112/function/opt-66b-submod-0-latency-25.cdgp
1704042725853524563,1704042728277842572,200,http://172.169.8.253:31112/function/opt-66b-submod-0-latency-25.cdgp
1704042725853584140,1704042731923505589,200,http://172.169.8.253:31112/function/opt-66b-submod-0-latency-25.cdgp
1704042725853672844,1704042735732657609,500,http://172.169.8.253:31112/function/opt-66b-submod-0-latency-25.cdgp
1704042725853698961,1704042735735329154,500,http://172.169.8.253:31112/function/opt-66b-submod-0-latency-25.cdgp
1704042725853773714,1704042735544937740,500,http://172.169.8.253:31112/function/opt-66b-submod-0-latency-25.cdgp
1704042725853856325,1704042732236902364,200,http://172.169.8.253:31112/function/opt-66b-submod-0-latency-25.cdgp
1704042725906333883,1704042735639446745,500,http://172.169.8.253:31112/function/opt-66b-submod-0-latency-25.cdgp
1704042725906417930,1704042735730268698,500,http://172.169.8.253:31112/function/opt-66b-submod-0-latency-25.cdgp
1704042725906479944,1704042728370570235,200,http://172.169.8.253:31112/function/opt-66b-submod-0-latency-25.cdgp
1704042725906535485,1704042735732640871,500,http://172.169.8.253:31112/function/opt-66b-submod-0-latency-25.cdgp
1704042725906588664,1704042728286862233,200,http://172.169.8.253:31112/function/opt-66b-submod-0-latency-25.cdgp
1704042725906633778,1704042735729186228,500,http://172.169.8.253:31112/function/opt-66b-submod-0-latency-25.cdgp
1704042725906704614,1704042735907408430,500,http://172.169.8.253:31112/function/opt-66b-submod-0-latency-25.cdgp
1704042725906759133,1704042735728703794,500,http://172.169.8.253:31112/function/opt-66b-submod-0-latency-25.cdgp
1704042726485087036,1704042735803890298,500,http://172.169.8.253:31112/function/opt-66b-submod-0-latency-25.cdgp
1704042726485195309,1704042735758145412,500,http://172.169.8.253:31112/function/opt-66b-submod-0-latency-25.cdgp
1704042726489108005,1704042729805686611,200,http://172.169.8.253:31112/function/opt-66b-submod-0-latency-25.cdgp
1704042726489193572,1704042735899757339,500,http://172.169.8.253:31112/function/opt-66b-submod-0-latency-25.cdgp
1704042726489309717,1704042736252268980,200,http://172.169.8.253:31112/function/opt-66b-submod-0-latency-25.cdgp
1704042726489372986,1704042728595038090,200,http://172.169.8.253:31112/function/opt-66b-submod-0-latency-25.cdgp
1704042726489405979,1704042735292598053,200,http://172.169.8.253:31112/function/opt-66b-submod-0-latency-25.cdgp
1704042726489486618,1704042735873163731,500,http://172.169.8.253:31112/function/opt-66b-submod-0-latency-25.cdgp
1704042726489540894,1704042732238053340,200,http://172.169.8.253:31112/function/opt-66b-submod-0-latency-25.cdgp
1704042726489602261,1704042728628152652,200,http://172.169.8.253:31112/function/opt-66b-submod-0-latency-25.cdgp
1704042726489633919,1704042736020040529,500,http://172.169.8.253:31112/function/opt-66b-submod-0-latency-25.cdgp
1704042726489714348,1704042728372517005,200,http://172.169.8.253:31112/function/opt-66b-submod-0-latency-25.cdgp
1704042726489792112,1704042728471843079,200,http://172.169.8.253:31112/function/opt-66b-submod-0-latency-25.cdgp
1704042726489825743,1704042736090319251,500,http://172.169.8.253:31112/function/opt-66b-submod-0-latency-25.cdgp
1704042726489921876,1704042736236384855,500,http://172.169.8.253:31112/function/opt-66b-submod-0-latency-25.cdgp
1704042726489945417,1704042728371556274,200,http://172.169.8.253:31112/function/opt-66b-submod-0-latency-25.cdgp
1704042726490007525,1704042728662243930,200,http://172.169.8.253:31112/function/opt-66b-submod-0-latency-25.cdgp
1704042726490031018,1704042734377783217,200,http://172.169.8.253:31112/function/opt-66b-submod-0-latency-25.cdgp
1704042726490134852,1704042732014627995,200,http://172.169.8.253:31112/function/opt-66b-submod-0-latency-25.cdgp
1704042726490203103,1704042731180365652,200,http://172.169.8.253:31112/function/opt-66b-submod-0-latency-25.cdgp
1704042726490238667,1704042730241288978,200,http://172.169.8.253:31112/function/opt-66b-submod-0-latency-25.cdgp
1704042726490330185,1704042728468162792,200,http://172.169.8.253:31112/function/opt-66b-submod-0-latency-25.cdgp
1704042726490421795,1704042731173915492,200,http://172.169.8.253:31112/function/opt-66b-submod-0-latency-25.cdgp
1704042726490501105,1704042732276417609,200,http://172.169.8.253:31112/function/opt-66b-submod-0-latency-25.cdgp
1704042726490599355,1704042736088393711,500,http://172.169.8.253:31112/function/opt-66b-submod-0-latency-25.cdgp
1704042726498854756,1704042732236475189,200,http://172.169.8.253:31112/function/opt-66b-submod-0-latency-25.cdgp
1704042726498938679,1704042736096472719,500,http://172.169.8.253:31112/function/opt-66b-submod-0-latency-25.cdgp
1704042726499024531,1704042736254192494,500,http://172.169.8.253:31112/function/opt-66b-submod-0-latency-25.cdgp
1704042726499089850,1704042736499843322,500,http://172.169.8.253:31112/function/opt-66b-submod-0-latency-25.cdgp
1704042726499182138,1704042732816086681,200,http://172.169.8.253:31112/function/opt-66b-submod-0-latency-25.cdgp
1704042726499269342,1704042736499829730,500,http://172.169.8.253:31112/function/opt-66b-submod-0-latency-25.cdgp
1704042726499347168,1704042735320182896,200,http://172.169.8.253:31112/function/opt-66b-submod-0-latency-25.cdgp
1704042726499420095,1704042736092689181,500,http://172.169.8.253:31112/function/opt-66b-submod-0-latency-25.cdgp
1704042726499497637,1704042735319737960,200,http://172.169.8.253:31112/function/opt-66b-submod-0-latency-25.cdgp
1704042726499571995,1704042736499838792,500,http://172.169.8.253:31112/function/opt-66b-submod-0-latency-25.cdgp
1704042726499622242,1704042732019609173,200,http://172.169.8.253:31112/function/opt-66b-submod-0-latency-25.cdgp
1704042726500029182,1704042736085584012,500,http://172.169.8.253:31112/function/opt-66b-submod-0-latency-25.cdgp
1704042726500116656,1704042736253035099,500,http://172.169.8.253:31112/function/opt-66b-submod-0-latency-25.cdgp
1704042726500179851,1704042728620088824,200,http://172.169.8.253:31112/function/opt-66b-submod-0-latency-25.cdgp
1704042726500206666,1704042736500328219,500,http://172.169.8.253:31112/function/opt-66b-submod-0-latency-25.cdgp
1704042726500282836,1704042735319487470,200,http://172.169.8.253:31112/function/opt-66b-submod-0-latency-25.cdgp
1704042726500359573,1704042733972777192,200,http://172.169.8.253:31112/function/opt-66b-submod-0-latency-25.cdgp
1704042726550274830,1704042731923832418,200,http://172.169.8.253:31112/function/opt-66b-submod-0-latency-25.cdgp
1704042726550363180,1704042736285343194,500,http://172.169.8.253:31112/function/opt-66b-submod-0-latency-25.cdgp
1704042726550448970,1704042732816524131,200,http://172.169.8.253:31112/function/opt-66b-submod-0-latency-25.cdgp
1704042726550517242,1704042736547616025,500,http://172.169.8.253:31112/function/opt-66b-submod-0-latency-25.cdgp
1704042726550552839,1704042732488546360,200,http://172.169.8.253:31112/function/opt-66b-submod-0-latency-25.cdgp
1704042726550645671,1704042736548147535,500,http://172.169.8.253:31112/function/opt-66b-submod-0-latency-25.cdgp
1704042726550710397,1704042735319729731,200,http://172.169.8.253:31112/function/opt-66b-submod-0-latency-25.cdgp
1704042726552848325,1704042736285326113,500,http://172.169.8.253:31112/function/opt-66b-submod-0-latency-25.cdgp
1704042726552912024,1704042736552464548,500,http://172.169.8.253:31112/function/opt-66b-submod-0-latency-25.cdgp
1704042726552935330,1704042736547101874,500,http://172.169.8.253:31112/function/opt-66b-submod-0-latency-25.cdgp
1704042726553040388,1704042736091787814,500,http://172.169.8.253:31112/function/opt-66b-submod-0-latency-25.cdgp
1704042726553089737,1704042736552358565,500,http://172.169.8.253:31112/function/opt-66b-submod-0-latency-25.cdgp
1704042726553155834,1704042736550973772,500,http://172.169.8.253:31112/function/opt-66b-submod-0-latency-25.cdgp
1704042726553208879,1704042736509825986,500,http://172.169.8.253:31112/function/opt-66b-submod-0-latency-25.cdgp
1704042726553234359,1704042736551195942,500,http://172.169.8.253:31112/function/opt-66b-submod-0-latency-25.cdgp
1704042726553321395,1704042736552888656,500,http://172.169.8.253:31112/function/opt-66b-submod-0-latency-25.cdgp
1704042726553353478,1704042732489936562,200,http://172.169.8.253:31112/function/opt-66b-submod-0-latency-25.cdgp
1704042726553435500,1704042729572946766,200,http://172.169.8.253:31112/function/opt-66b-submod-0-latency-25.cdgp
1704042726553493437,1704042736509062677,500,http://172.169.8.253:31112/function/opt-66b-submod-0-latency-25.cdgp
1704042726553559254,1704042736509510702,500,http://172.169.8.253:31112/function/opt-66b-submod-0-latency-25.cdgp
1704042726553595677,1704042730496573247,200,http://172.169.8.253:31112/function/opt-66b-submod-0-latency-25.cdgp
1704042726553701195,1704042736548566553,500,http://172.169.8.253:31112/function/opt-66b-submod-0-latency-25.cdgp
1704042726553732346,1704042736091412703,500,http://172.169.8.253:31112/function/opt-66b-submod-0-latency-25.cdgp
1704042726553873143,1704042731173945302,200,http://172.169.8.253:31112/function/opt-66b-submod-0-latency-25.cdgp
1704042726553947962,1704042731174460307,200,http://172.169.8.253:31112/function/opt-66b-submod-0-latency-25.cdgp
1704042726554028571,1704042736555444668,500,http://172.169.8.253:31112/function/opt-66b-submod-0-latency-25.cdgp
1704042726554129853,1704042735310164959,200,http://172.169.8.253:31112/function/opt-66b-submod-0-latency-25.cdgp
1704042726554244001,1704042735341893569,200,http://172.169.8.253:31112/function/opt-66b-submod-0-latency-25.cdgp
1704042726554305007,1704042729497886771,200,http://172.169.8.253:31112/function/opt-66b-submod-0-latency-25.cdgp
1704042726554393758,1704042736095240843,500,http://172.169.8.253:31112/function/opt-66b-submod-0-latency-25.cdgp
1704042726554466323,1704042730940154695,200,http://172.169.8.253:31112/function/opt-66b-submod-0-latency-25.cdgp
1704042726554562110,1704042736555422458,500,http://172.169.8.253:31112/function/opt-66b-submod-0-latency-25.cdgp
1704042726554637806,1704042736555229888,500,http://172.169.8.253:31112/function/opt-66b-submod-0-latency-25.cdgp
1704042726554710248,1704042731923893527,200,http://172.169.8.253:31112/function/opt-66b-submod-0-latency-25.cdgp
1704042726554780178,1704042736551100651,500,http://172.169.8.253:31112/function/opt-66b-submod-0-latency-25.cdgp
1704042726554802191,1704042729532448768,200,http://172.169.8.253:31112/function/opt-66b-submod-0-latency-25.cdgp
1704042726554874895,1704042734378293757,200,http://172.169.8.253:31112/function/opt-66b-submod-0-latency-25.cdgp
1704042726554973295,1704042736551397216,500,http://172.169.8.253:31112/function/opt-66b-submod-0-latency-25.cdgp
1704042726555039711,1704042736555220285,500,http://172.169.8.253:31112/function/opt-66b-submod-0-latency-25.cdgp
1704042726555083663,1704042736552604288,500,http://172.169.8.253:31112/function/opt-66b-submod-0-latency-25.cdgp
1704042726555150490,1704042736287386202,200,http://172.169.8.253:31112/function/opt-66b-submod-0-latency-25.cdgp
1704042726836015242,1704042736687378725,500,http://172.169.8.253:31112/function/opt-66b-submod-0-latency-25.cdgp
1704042726836127226,1704042736254174601,200,http://172.169.8.253:31112/function/opt-66b-submod-0-latency-25.cdgp
1704042726836214675,1704042730247578945,200,http://172.169.8.253:31112/function/opt-66b-submod-0-latency-25.cdgp
1704042726836312798,1704042736688041191,500,http://172.169.8.253:31112/function/opt-66b-submod-0-latency-25.cdgp
1704042726836412992,1704042736687720107,500,http://172.169.8.253:31112/function/opt-66b-submod-0-latency-25.cdgp
1704042726836505890,1704042735319984369,200,http://172.169.8.253:31112/function/opt-66b-submod-0-latency-25.cdgp
1704042726846338777,1704042736847074795,500,http://172.169.8.253:31112/function/opt-66b-submod-0-latency-25.cdgp
1704042726846416722,1704042736847149542,500,http://172.169.8.253:31112/function/opt-66b-submod-0-latency-25.cdgp
1704042726846491802,1704042736847065855,500,http://172.169.8.253:31112/function/opt-66b-submod-0-latency-25.cdgp
1704042726846572481,1704042736687706852,500,http://172.169.8.253:31112/function/opt-66b-submod-0-latency-25.cdgp
1704042726846639065,1704042736687362647,500,http://172.169.8.253:31112/function/opt-66b-submod-0-latency-25.cdgp
1704042726846712725,1704042732232641226,200,http://172.169.8.253:31112/function/opt-66b-submod-0-latency-25.cdgp
1704042726846781393,1704042730231584813,200,http://172.169.8.253:31112/function/opt-66b-submod-0-latency-25.cdgp
1704042726846816475,1704042733969758272,200,http://172.169.8.253:31112/function/opt-66b-submod-0-latency-25.cdgp
1704042726846897258,1704042729760806094,200,http://172.169.8.253:31112/function/opt-66b-submod-0-latency-25.cdgp
1704042726846983127,1704042731561465806,200,http://172.169.8.253:31112/function/opt-66b-submod-0-latency-25.cdgp
1704042726847057828,1704042736847336972,500,http://172.169.8.253:31112/function/opt-66b-submod-0-latency-25.cdgp
1704042726847125009,1704042732238056321,200,http://172.169.8.253:31112/function/opt-66b-submod-0-latency-25.cdgp
1704042727082003418,1704042737082842131,500,http://172.169.8.253:31112/function/opt-66b-submod-0-latency-25.cdgp
1704042727082095500,1704042737082850284,500,http://172.169.8.253:31112/function/opt-66b-submod-0-latency-25.cdgp
1704042727086853786,1704042736252010297,200,http://172.169.8.253:31112/function/opt-66b-submod-0-latency-25.cdgp
1704042727086941723,1704042737061971230,500,http://172.169.8.253:31112/function/opt-66b-submod-0-latency-25.cdgp
1704042727087056796,1704042732787747661,200,http://172.169.8.253:31112/function/opt-66b-submod-0-latency-25.cdgp
1704042727087159942,1704042730940122445,200,http://172.169.8.253:31112/function/opt-66b-submod-0-latency-25.cdgp
1704042727087186254,1704042732574901865,200,http://172.169.8.253:31112/function/opt-66b-submod-0-latency-25.cdgp
1704042727087288092,1704042737062295009,500,http://172.169.8.253:31112/function/opt-66b-submod-0-latency-25.cdgp
1704042727087406563,1704042737062123755,500,http://172.169.8.253:31112/function/opt-66b-submod-0-latency-25.cdgp
1704042727087522588,1704042737062061762,500,http://172.169.8.253:31112/function/opt-66b-submod-0-latency-25.cdgp
1704042727087615344,1704042729760995066,200,http://172.169.8.253:31112/function/opt-66b-submod-0-latency-25.cdgp
1704042727087687303,1704042737075335593,500,http://172.169.8.253:31112/function/opt-66b-submod-0-latency-25.cdgp
1704042727087758275,1704042733798332916,200,http://172.169.8.253:31112/function/opt-66b-submod-0-latency-25.cdgp
1704042727087837082,1704042733799214851,200,http://172.169.8.253:31112/function/opt-66b-submod-0-latency-25.cdgp
1704042727087927074,1704042737061637080,500,http://172.169.8.253:31112/function/opt-66b-submod-0-latency-25.cdgp
1704042727088060216,1704042735255936496,200,http://172.169.8.253:31112/function/opt-66b-submod-0-latency-25.cdgp
1704042727088142717,1704042737062216778,500,http://172.169.8.253:31112/function/opt-66b-submod-0-latency-25.cdgp
1704042727088202836,1704042737089155577,500,http://172.169.8.253:31112/function/opt-66b-submod-0-latency-25.cdgp
1704042727095080739,1704042737071541356,500,http://172.169.8.253:31112/function/opt-66b-submod-0-latency-25.cdgp
1704042727095163689,1704042737070952095,500,http://172.169.8.253:31112/function/opt-66b-submod-0-latency-25.cdgp
1704042727095249037,1704042737075250160,500,http://172.169.8.253:31112/function/opt-66b-submod-0-latency-25.cdgp
1704042727095392708,1704042737096582165,500,http://172.169.8.253:31112/function/opt-66b-submod-0-latency-25.cdgp
1704042727095496617,1704042737071671757,500,http://172.169.8.253:31112/function/opt-66b-submod-0-latency-25.cdgp
1704042727095584590,1704042737096601063,500,http://172.169.8.253:31112/function/opt-66b-submod-0-latency-25.cdgp
1704042727095636425,1704042737071115429,500,http://172.169.8.253:31112/function/opt-66b-submod-0-latency-25.cdgp
1704042727095731987,1704042732483032780,200,http://172.169.8.253:31112/function/opt-66b-submod-0-latency-25.cdgp
1704042727095795191,1704042737071617257,500,http://172.169.8.253:31112/function/opt-66b-submod-0-latency-25.cdgp
1704042727095864552,1704042737068297882,500,http://172.169.8.253:31112/function/opt-66b-submod-0-latency-25.cdgp
1704042727150840729,1704042732020018284,200,http://172.169.8.253:31112/function/opt-66b-submod-0-latency-25.cdgp
1704042727150952749,1704042737098710483,500,http://172.169.8.253:31112/function/opt-66b-submod-0-latency-25.cdgp
1704042727151060817,1704042737068281799,500,http://172.169.8.253:31112/function/opt-66b-submod-0-latency-25.cdgp
1704042727151126064,1704042737103397338,500,http://172.169.8.253:31112/function/opt-66b-submod-0-latency-25.cdgp
1704042727151168922,1704042737071303353,500,http://172.169.8.253:31112/function/opt-66b-submod-0-latency-25.cdgp
1704042727151252941,1704042737098567489,500,http://172.169.8.253:31112/function/opt-66b-submod-0-latency-25.cdgp
1704042728012819064,1704042737350885536,500,http://172.169.8.253:31112/function/opt-66b-submod-0-latency-25.cdgp
1704042728012936201,1704042737269595773,500,http://172.169.8.253:31112/function/opt-66b-submod-0-latency-25.cdgp
1704042728013035914,1704042737768206016,500,http://172.169.8.253:31112/function/opt-66b-submod-0-latency-25.cdgp
1704042728013084689,1704042731174153835,200,http://172.169.8.253:31112/function/opt-66b-submod-0-latency-25.cdgp
1704042728013176963,1704042737349201186,500,http://172.169.8.253:31112/function/opt-66b-submod-0-latency-25.cdgp
1704042728013226040,1704042731561180607,200,http://172.169.8.253:31112/function/opt-66b-submod-0-latency-25.cdgp
1704042728013301735,1704042737736988545,500,http://172.169.8.253:31112/function/opt-66b-submod-0-latency-25.cdgp
1704042728013334915,1704042737351046328,500,http://172.169.8.253:31112/function/opt-66b-submod-0-latency-25.cdgp
1704042728013407169,1704042733803037328,200,http://172.169.8.253:31112/function/opt-66b-submod-0-latency-25.cdgp
1704042728013481542,1704042737350960728,500,http://172.169.8.253:31112/function/opt-66b-submod-0-latency-25.cdgp
1704042728013534741,1704042737770075353,500,http://172.169.8.253:31112/function/opt-66b-submod-0-latency-25.cdgp
1704042728013643427,1704042737350899890,500,http://172.169.8.253:31112/function/opt-66b-submod-0-latency-25.cdgp
1704042728013725753,1704042737738871632,500,http://172.169.8.253:31112/function/opt-66b-submod-0-latency-25.cdgp
1704042728013826338,1704042737757723919,500,http://172.169.8.253:31112/function/opt-66b-submod-0-latency-25.cdgp
1704042728013913545,1704042737759976394,500,http://172.169.8.253:31112/function/opt-66b-submod-0-latency-25.cdgp
1704042728013960531,1704042737759414259,500,http://172.169.8.253:31112/function/opt-66b-submod-0-latency-25.cdgp
1704042728014086203,1704042735289361516,200,http://172.169.8.253:31112/function/opt-66b-submod-0-latency-25.cdgp
1704042728014113773,1704042730230995996,200,http://172.169.8.253:31112/function/opt-66b-submod-0-latency-25.cdgp
1704042728014187286,1704042737349715147,500,http://172.169.8.253:31112/function/opt-66b-submod-0-latency-25.cdgp
1704042728014273296,1704042730232529339,200,http://172.169.8.253:31112/function/opt-66b-submod-0-latency-25.cdgp
1704042728014334342,1704042737777596209,500,http://172.169.8.253:31112/function/opt-66b-submod-0-latency-25.cdgp
1704042728014358334,1704042737760266710,500,http://172.169.8.253:31112/function/opt-66b-submod-0-latency-25.cdgp
1704042728298501846,1704042737391606059,500,http://172.169.8.253:31112/function/opt-66b-submod-0-latency-25.cdgp
1704042728298588488,1704042736323935762,200,http://172.169.8.253:31112/function/opt-66b-submod-0-latency-25.cdgp
1704042728298693078,1704042737395594730,500,http://172.169.8.253:31112/function/opt-66b-submod-0-latency-25.cdgp
1704042728300853065,1704042736323952463,200,http://172.169.8.253:31112/function/opt-66b-submod-0-latency-25.cdgp
1704042728305459760,1704042737893489773,500,http://172.169.8.253:31112/function/opt-66b-submod-0-latency-25.cdgp
1704042728305614668,1704042731800690013,200,http://172.169.8.253:31112/function/opt-66b-submod-0-latency-25.cdgp
1704042728305702417,1704042737887617335,500,http://172.169.8.253:31112/function/opt-66b-submod-0-latency-25.cdgp
1704042728305828220,1704042736536328287,200,http://172.169.8.253:31112/function/opt-66b-submod-0-latency-25.cdgp
1704042728305937771,1704042737894050697,500,http://172.169.8.253:31112/function/opt-66b-submod-0-latency-25.cdgp
1704042728306042906,1704042737990957084,500,http://172.169.8.253:31112/function/opt-66b-submod-0-latency-25.cdgp
1704042728306122774,1704042738007231394,500,http://172.169.8.253:31112/function/opt-66b-submod-0-latency-25.cdgp
1704042728306263016,1704042733419225785,200,http://172.169.8.253:31112/function/opt-66b-submod-0-latency-25.cdgp
1704042728306358952,1704042736537679065,200,http://172.169.8.253:31112/function/opt-66b-submod-0-latency-25.cdgp
1704042728306417138,1704042737977913145,500,http://172.169.8.253:31112/function/opt-66b-submod-0-latency-25.cdgp
1704042728306471619,1704042731557939840,200,http://172.169.8.253:31112/function/opt-66b-submod-0-latency-25.cdgp
1704042728668373077,1704042738089871454,500,http://172.169.8.253:31112/function/opt-66b-submod-0-latency-25.cdgp
1704042728668481411,1704042737975941041,500,http://172.169.8.253:31112/function/opt-66b-submod-0-latency-25.cdgp
1704042728676990339,1704042738000941370,500,http://172.169.8.253:31112/function/opt-66b-submod-0-latency-25.cdgp
1704042728677151802,1704042738010573699,500,http://172.169.8.253:31112/function/opt-66b-submod-0-latency-25.cdgp
1704042728703679829,1704042738040924643,500,http://172.169.8.253:31112/function/opt-66b-submod-0-latency-25.cdgp
1704042728703765846,1704042738488087454,500,http://172.169.8.253:31112/function/opt-66b-submod-0-latency-25.cdgp
1704042728703913656,1704042737999902660,500,http://172.169.8.253:31112/function/opt-66b-submod-0-latency-25.cdgp
1704042728703979599,1704042731561176228,200,http://172.169.8.253:31112/function/opt-66b-submod-0-latency-25.cdgp
1704042728704027285,1704042738070788667,500,http://172.169.8.253:31112/function/opt-66b-submod-0-latency-25.cdgp
1704042728704106014,1704042738545536934,500,http://172.169.8.253:31112/function/opt-66b-submod-0-latency-25.cdgp
1704042728704164973,1704042738002946789,500,http://172.169.8.253:31112/function/opt-66b-submod-0-latency-25.cdgp
1704042728704195067,1704042738217467579,500,http://172.169.8.253:31112/function/opt-66b-submod-0-latency-25.cdgp
1704042728704286283,1704042738006532201,500,http://172.169.8.253:31112/function/opt-66b-submod-0-latency-25.cdgp
1704042728704320354,1704042738088790041,500,http://172.169.8.253:31112/function/opt-66b-submod-0-latency-25.cdgp
1704042728704387265,1704042738009355651,500,http://172.169.8.253:31112/function/opt-66b-submod-0-latency-25.cdgp
1704042728704490054,1704042738018126221,500,http://172.169.8.253:31112/function/opt-66b-submod-0-latency-25.cdgp
1704042728704571504,1704042733419141251,200,http://172.169.8.253:31112/function/opt-66b-submod-0-latency-25.cdgp
1704042728704596275,1704042736033025432,200,http://172.169.8.253:31112/function/opt-66b-submod-0-latency-25.cdgp
1704042728706141903,1704042738545701779,500,http://172.169.8.253:31112/function/opt-66b-submod-0-latency-25.cdgp
1704042728706236895,1704042738545890316,500,http://172.169.8.253:31112/function/opt-66b-submod-0-latency-25.cdgp
1704042728717486710,1704042738490446041,500,http://172.169.8.253:31112/function/opt-66b-submod-0-latency-25.cdgp
1704042728717576787,1704042738545874366,500,http://172.169.8.253:31112/function/opt-66b-submod-0-latency-25.cdgp
1704042728717669153,1704042738013496412,500,http://172.169.8.253:31112/function/opt-66b-submod-0-latency-25.cdgp
1704042728717761924,1704042738215280930,500,http://172.169.8.253:31112/function/opt-66b-submod-0-latency-25.cdgp
1704042728724270545,1704042738491662563,500,http://172.169.8.253:31112/function/opt-66b-submod-0-latency-25.cdgp
1704042728724377551,1704042738490212441,500,http://172.169.8.253:31112/function/opt-66b-submod-0-latency-25.cdgp
1704042728724515741,1704042733695461561,200,http://172.169.8.253:31112/function/opt-66b-submod-0-latency-25.cdgp
1704042728724602035,1704042738216267619,500,http://172.169.8.253:31112/function/opt-66b-submod-0-latency-25.cdgp
1704042728724668092,1704042733693723076,200,http://172.169.8.253:31112/function/opt-66b-submod-0-latency-25.cdgp
1704042728724757094,1704042738490368219,500,http://172.169.8.253:31112/function/opt-66b-submod-0-latency-25.cdgp
1704042728724845181,1704042738491404482,500,http://172.169.8.253:31112/function/opt-66b-submod-0-latency-25.cdgp
1704042728724909156,1704042738491035019,500,http://172.169.8.253:31112/function/opt-66b-submod-0-latency-25.cdgp
1704042728724991651,1704042738232236410,500,http://172.169.8.253:31112/function/opt-66b-submod-0-latency-25.cdgp
1704042728725077748,1704042735291959614,200,http://172.169.8.253:31112/function/opt-66b-submod-0-latency-25.cdgp
1704042728725134748,1704042738550105359,500,http://172.169.8.253:31112/function/opt-66b-submod-0-latency-25.cdgp
1704042728883424931,1704042735283545738,200,http://172.169.8.253:31112/function/opt-66b-submod-0-latency-25.cdgp
1704042728883555400,1704042733696591223,200,http://172.169.8.253:31112/function/opt-66b-submod-0-latency-25.cdgp
1704042728896397979,1704042731556162591,200,http://172.169.8.253:31112/function/opt-66b-submod-0-latency-25.cdgp
1704042728896502324,1704042733972248361,200,http://172.169.8.253:31112/function/opt-66b-submod-0-latency-25.cdgp
1704042728896603612,1704042733346354330,200,http://172.169.8.253:31112/function/opt-66b-submod-0-latency-25.cdgp
1704042728896678246,1704042738729723461,504,http://172.169.8.253:31112/function/opt-66b-submod-0-latency-25.cdgp
1704042728896752377,1704042738741428142,500,http://172.169.8.253:31112/function/opt-66b-submod-0-latency-25.cdgp
1704042728896826925,1704042738513726980,500,http://172.169.8.253:31112/function/opt-66b-submod-0-latency-25.cdgp
1704042728896892674,1704042734029172247,200,http://172.169.8.253:31112/function/opt-66b-submod-0-latency-25.cdgp
1704042728896961353,1704042738734687530,500,http://172.169.8.253:31112/function/opt-66b-submod-0-latency-25.cdgp
1704042728896992343,1704042738552329385,500,http://172.169.8.253:31112/function/opt-66b-submod-0-latency-25.cdgp
1704042728897058555,1704042738375273250,200,http://172.169.8.253:31112/function/opt-66b-submod-0-latency-25.cdgp
1704042728897093989,1704042738550075146,200,http://172.169.8.253:31112/function/opt-66b-submod-0-latency-25.cdgp
1704042728897142407,1704042731174722687,200,http://172.169.8.253:31112/function/opt-66b-submod-0-latency-25.cdgp
1704042728897163557,1704042737065053180,200,http://172.169.8.253:31112/function/opt-66b-submod-0-latency-25.cdgp
1704042728897228626,1704042738730742739,500,http://172.169.8.253:31112/function/opt-66b-submod-0-latency-25.cdgp
1704042728897247107,1704042738543235827,500,http://172.169.8.253:31112/function/opt-66b-submod-0-latency-25.cdgp
1704042728897315117,1704042738552663988,500,http://172.169.8.253:31112/function/opt-66b-submod-0-latency-25.cdgp
1704042728897417048,1704042732491299759,200,http://172.169.8.253:31112/function/opt-66b-submod-0-latency-25.cdgp
1704042728897522019,1704042738733515738,500,http://172.169.8.253:31112/function/opt-66b-submod-0-latency-25.cdgp
1704042728897746538,1704042738511368696,500,http://172.169.8.253:31112/function/opt-66b-submod-0-latency-25.cdgp
1704042728897845424,1704042735868226489,200,http://172.169.8.253:31112/function/opt-66b-submod-0-latency-25.cdgp
1704042728897909454,1704042732017415151,200,http://172.169.8.253:31112/function/opt-66b-submod-0-latency-25.cdgp
1704042728897946254,1704042738741208642,500,http://172.169.8.253:31112/function/opt-66b-submod-0-latency-25.cdgp
1704042728898034232,1704042738545061064,500,http://172.169.8.253:31112/function/opt-66b-submod-0-latency-25.cdgp
1704042728898106584,1704042735320349828,200,http://172.169.8.253:31112/function/opt-66b-submod-0-latency-25.cdgp
1704042728898170493,1704042738737905287,500,http://172.169.8.253:31112/function/opt-66b-submod-0-latency-25.cdgp
1704042728898239900,1704042738740592564,500,http://172.169.8.253:31112/function/opt-66b-submod-0-latency-25.cdgp
1704042728898273981,1704042735341760783,200,http://172.169.8.253:31112/function/opt-66b-submod-0-latency-25.cdgp
1704042728898333066,1704042730609792258,200,http://172.169.8.253:31112/function/opt-66b-submod-0-latency-25.cdgp
1704042728898413285,1704042735935590770,200,http://172.169.8.253:31112/function/opt-66b-submod-0-latency-25.cdgp
1704042728898505216,1704042738512122803,500,http://172.169.8.253:31112/function/opt-66b-submod-0-latency-25.cdgp
1704042728902961334,1704042738513646889,500,http://172.169.8.253:31112/function/opt-66b-submod-0-latency-25.cdgp
1704042728903044842,1704042734596234660,200,http://172.169.8.253:31112/function/opt-66b-submod-0-latency-25.cdgp
1704042728903159232,1704042738904790144,500,http://172.169.8.253:31112/function/opt-66b-submod-0-latency-25.cdgp
1704042728903227260,1704042738904750969,500,http://172.169.8.253:31112/function/opt-66b-submod-0-latency-25.cdgp
1704042728903283508,1704042738904731259,500,http://172.169.8.253:31112/function/opt-66b-submod-0-latency-25.cdgp
1704042728903362615,1704042738731640679,500,http://172.169.8.253:31112/function/opt-66b-submod-0-latency-25.cdgp
1704042728903415211,1704042738904808383,500,http://172.169.8.253:31112/function/opt-66b-submod-0-latency-25.cdgp
1704042728903514041,1704042738904816809,500,http://172.169.8.253:31112/function/opt-66b-submod-0-latency-25.cdgp
1704042728903560978,1704042738904572469,500,http://172.169.8.253:31112/function/opt-66b-submod-0-latency-25.cdgp
1704042728903640684,1704042738300239882,200,http://172.169.8.253:31112/function/opt-66b-submod-0-latency-25.cdgp
1704042728903666470,1704042731557124491,200,http://172.169.8.253:31112/function/opt-66b-submod-0-latency-25.cdgp
1704042728903735400,1704042738738253934,500,http://172.169.8.253:31112/function/opt-66b-submod-0-latency-25.cdgp
1704042728903826589,1704042738904748421,500,http://172.169.8.253:31112/function/opt-66b-submod-0-latency-25.cdgp
1704042728903914414,1704042738904546668,500,http://172.169.8.253:31112/function/opt-66b-submod-0-latency-25.cdgp
1704042728903984955,1704042738738572946,500,http://172.169.8.253:31112/function/opt-66b-submod-0-latency-25.cdgp
1704042728904063822,1704042731556574994,200,http://172.169.8.253:31112/function/opt-66b-submod-0-latency-25.cdgp
1704042728904132426,1704042738904787813,500,http://172.169.8.253:31112/function/opt-66b-submod-0-latency-25.cdgp
1704042728904214628,1704042736085533538,200,http://172.169.8.253:31112/function/opt-66b-submod-0-latency-25.cdgp
1704042728963359235,1704042738964930953,500,http://172.169.8.253:31112/function/opt-66b-submod-0-latency-25.cdgp
1704042728963469696,1704042738964910548,500,http://172.169.8.253:31112/function/opt-66b-submod-0-latency-25.cdgp
1704042728963781058,1704042738964841576,500,http://172.169.8.253:31112/function/opt-66b-submod-0-latency-25.cdgp
1704042728963870418,1704042738964715364,500,http://172.169.8.253:31112/function/opt-66b-submod-0-latency-25.cdgp
1704042728963938989,1704042736039939506,200,http://172.169.8.253:31112/function/opt-66b-submod-0-latency-25.cdgp
1704042728964020647,1704042738915922687,500,http://172.169.8.253:31112/function/opt-66b-submod-0-latency-25.cdgp
1704042728964060258,1704042738964697822,500,http://172.169.8.253:31112/function/opt-66b-submod-0-latency-25.cdgp
1704042728964163634,1704042738545137970,200,http://172.169.8.253:31112/function/opt-66b-submod-0-latency-25.cdgp
1704042728964235242,1704042738780271761,500,http://172.169.8.253:31112/function/opt-66b-submod-0-latency-25.cdgp
1704042728964807694,1704042735905128526,200,http://172.169.8.253:31112/function/opt-66b-submod-0-latency-25.cdgp
1704042728964898519,1704042738965064757,500,http://172.169.8.253:31112/function/opt-66b-submod-0-latency-25.cdgp
1704042728965021411,1704042738957462366,500,http://172.169.8.253:31112/function/opt-66b-submod-0-latency-25.cdgp
1704042728965104776,1704042738965992458,500,http://172.169.8.253:31112/function/opt-66b-submod-0-latency-25.cdgp
1704042728965187518,1704042738384015453,200,http://172.169.8.253:31112/function/opt-66b-submod-0-latency-25.cdgp
1704042728965275851,1704042735320713575,200,http://172.169.8.253:31112/function/opt-66b-submod-0-latency-25.cdgp
1704042728965349575,1704042738965987972,500,http://172.169.8.253:31112/function/opt-66b-submod-0-latency-25.cdgp
1704042728965414404,1704042738382807581,200,http://172.169.8.253:31112/function/opt-66b-submod-0-latency-25.cdgp
1704042728965484040,1704042738965994646,500,http://172.169.8.253:31112/function/opt-66b-submod-0-latency-25.cdgp
1704042728965547360,1704042738906162984,500,http://172.169.8.253:31112/function/opt-66b-submod-0-latency-25.cdgp
1704042728966586223,1704042738916945120,500,http://172.169.8.253:31112/function/opt-66b-submod-0-latency-25.cdgp
1704042728966678867,1704042738967328119,500,http://172.169.8.253:31112/function/opt-66b-submod-0-latency-25.cdgp
1704042728966776176,1704042733696235355,200,http://172.169.8.253:31112/function/opt-66b-submod-0-latency-25.cdgp
1704042728966831964,1704042738967288637,500,http://172.169.8.253:31112/function/opt-66b-submod-0-latency-25.cdgp
1704042728966897174,1704042738967346908,500,http://172.169.8.253:31112/function/opt-66b-submod-0-latency-25.cdgp
1704042728966950771,1704042738967295790,500,http://172.169.8.253:31112/function/opt-66b-submod-0-latency-25.cdgp
1704042728966992305,1704042733418984118,200,http://172.169.8.253:31112/function/opt-66b-submod-0-latency-25.cdgp
1704042728967061448,1704042738967341782,500,http://172.169.8.253:31112/function/opt-66b-submod-0-latency-25.cdgp
1704042728967106164,1704042738942949034,500,http://172.169.8.253:31112/function/opt-66b-submod-0-latency-25.cdgp
1704042728967179111,1704042732820616378,200,http://172.169.8.253:31112/function/opt-66b-submod-0-latency-25.cdgp
1704042728967253481,1704042738967429578,500,http://172.169.8.253:31112/function/opt-66b-submod-0-latency-25.cdgp
1704042728973812365,1704042735870094354,200,http://172.169.8.253:31112/function/opt-66b-submod-0-latency-25.cdgp
1704042728973890547,1704042738974534612,500,http://172.169.8.253:31112/function/opt-66b-submod-0-latency-25.cdgp
1704042728973960400,1704042732489576195,200,http://172.169.8.253:31112/function/opt-66b-submod-0-latency-25.cdgp
1704042728974041792,1704042738385613483,200,http://172.169.8.253:31112/function/opt-66b-submod-0-latency-25.cdgp
1704042728974087201,1704042738974523121,500,http://172.169.8.253:31112/function/opt-66b-submod-0-latency-25.cdgp
1704042728974123868,1704042736282596129,200,http://172.169.8.253:31112/function/opt-66b-submod-0-latency-25.cdgp
1704042728974183184,1704042738974526128,500,http://172.169.8.253:31112/function/opt-66b-submod-0-latency-25.cdgp
1704042728974264454,1704042738974541852,500,http://172.169.8.253:31112/function/opt-66b-submod-0-latency-25.cdgp
1704042728980771276,1704042733694428242,200,http://172.169.8.253:31112/function/opt-66b-submod-0-latency-25.cdgp
1704042728980852354,1704042738981630694,500,http://172.169.8.253:31112/function/opt-66b-submod-0-latency-25.cdgp
1704042728980943089,1704042734476203209,200,http://172.169.8.253:31112/function/opt-66b-submod-0-latency-25.cdgp
1704042728985839420,1704042736088495855,200,http://172.169.8.253:31112/function/opt-66b-submod-0-latency-25.cdgp
1704042728985938259,1704042738909082124,500,http://172.169.8.253:31112/function/opt-66b-submod-0-latency-25.cdgp
1704042728986034743,1704042738542601559,200,http://172.169.8.253:31112/function/opt-66b-submod-0-latency-25.cdgp
1704042728986096335,1704042738542284436,200,http://172.169.8.253:31112/function/opt-66b-submod-0-latency-25.cdgp
1704042728986144936,1704042738962292837,500,http://172.169.8.253:31112/function/opt-66b-submod-0-latency-25.cdgp
1704042728986213807,1704042737066345973,200,http://172.169.8.253:31112/function/opt-66b-submod-0-latency-25.cdgp
1704042728986261977,1704042737071633499,200,http://172.169.8.253:31112/function/opt-66b-submod-0-latency-25.cdgp
1704042728986305864,1704042738987183108,500,http://172.169.8.253:31112/function/opt-66b-submod-0-latency-25.cdgp
1704042728986367939,1704042738542597589,200,http://172.169.8.253:31112/function/opt-66b-submod-0-latency-25.cdgp
1704042728986409026,1704042733797722366,200,http://172.169.8.253:31112/function/opt-66b-submod-0-latency-25.cdgp
1704042728986498403,1704042738915439132,500,http://172.169.8.253:31112/function/opt-66b-submod-0-latency-25.cdgp
1704042728986561266,1704042738987172929,500,http://172.169.8.253:31112/function/opt-66b-submod-0-latency-25.cdgp
1704042728986602817,1704042738987266462,500,http://172.169.8.253:31112/function/opt-66b-submod-0-latency-25.cdgp
1704042728986670963,1704042738987267420,500,http://172.169.8.253:31112/function/opt-66b-submod-0-latency-25.cdgp
1704042728986745418,1704042738909246327,500,http://172.169.8.253:31112/function/opt-66b-submod-0-latency-25.cdgp
1704042728986848266,1704042738987241432,500,http://172.169.8.253:31112/function/opt-66b-submod-0-latency-25.cdgp
1704042728986915621,1704042738916573848,500,http://172.169.8.253:31112/function/opt-66b-submod-0-latency-25.cdgp
1704042728986978893,1704042738987171923,500,http://172.169.8.253:31112/function/opt-66b-submod-0-latency-25.cdgp
1704042728987022724,1704042738958947689,500,http://172.169.8.253:31112/function/opt-66b-submod-0-latency-25.cdgp
1704042729003217393,1704042739004479911,500,http://172.169.8.253:31112/function/opt-66b-submod-0-latency-25.cdgp
1704042729003304827,1704042739004469587,500,http://172.169.8.253:31112/function/opt-66b-submod-0-latency-25.cdgp
1704042729003390992,1704042738385016601,200,http://172.169.8.253:31112/function/opt-66b-submod-0-latency-25.cdgp
1704042729003411453,1704042739004449792,500,http://172.169.8.253:31112/function/opt-66b-submod-0-latency-25.cdgp
1704042729003497154,1704042732018849902,200,http://172.169.8.253:31112/function/opt-66b-submod-0-latency-25.cdgp
1704042729013265903,1704042739013599800,500,http://172.169.8.253:31112/function/opt-66b-submod-0-latency-25.cdgp
1704042729013410908,1704042739013610983,500,http://172.169.8.253:31112/function/opt-66b-submod-0-latency-25.cdgp
1704042729013480232,1704042738961247660,500,http://172.169.8.253:31112/function/opt-66b-submod-0-latency-25.cdgp
1704042729013527519,1704042738379590580,200,http://172.169.8.253:31112/function/opt-66b-submod-0-latency-25.cdgp
1704042729515224856,1704042739207786647,500,http://172.169.8.253:31112/function/opt-66b-submod-0-latency-25.cdgp
1704042729515399566,1704042733843611422,200,http://172.169.8.253:31112/function/opt-66b-submod-0-latency-25.cdgp
1704042729515705352,1704042735869458615,200,http://172.169.8.253:31112/function/opt-66b-submod-0-latency-25.cdgp
1704042729515802352,1704042739278674157,500,http://172.169.8.253:31112/function/opt-66b-submod-0-latency-25.cdgp
1704042729515921379,1704042739253031867,500,http://172.169.8.253:31112/function/opt-66b-submod-0-latency-25.cdgp
1704042729516046744,1704042739282167730,500,http://172.169.8.253:31112/function/opt-66b-submod-0-latency-25.cdgp
1704042729516160829,1704042734414471907,200,http://172.169.8.253:31112/function/opt-66b-submod-0-latency-25.cdgp
1704042729516276321,1704042739254101353,500,http://172.169.8.253:31112/function/opt-66b-submod-0-latency-25.cdgp
1704042729516421281,1704042733345942878,200,http://172.169.8.253:31112/function/opt-66b-submod-0-latency-25.cdgp
1704042729516536108,1704042739319862533,500,http://172.169.8.253:31112/function/opt-66b-submod-0-latency-25.cdgp
1704042729516637811,1704042733778948809,200,http://172.169.8.253:31112/function/opt-66b-submod-0-latency-25.cdgp
1704042729516727543,1704042734477371093,200,http://172.169.8.253:31112/function/opt-66b-submod-0-latency-25.cdgp
1704042729516804460,1704042733619711628,200,http://172.169.8.253:31112/function/opt-66b-submod-0-latency-25.cdgp
1704042729516858736,1704042735644791174,200,http://172.169.8.253:31112/function/opt-66b-submod-0-latency-25.cdgp
1704042729615954086,1704042739281376548,500,http://172.169.8.253:31112/function/opt-66b-submod-0-latency-25.cdgp
1704042729616152305,1704042739449348376,500,http://172.169.8.253:31112/function/opt-66b-submod-0-latency-25.cdgp
1704042729616252496,1704042738550417523,200,http://172.169.8.253:31112/function/opt-66b-submod-0-latency-25.cdgp
1704042729616514540,1704042739617181666,500,http://172.169.8.253:31112/function/opt-66b-submod-0-latency-25.cdgp
1704042729616586646,1704042739617171655,500,http://172.169.8.253:31112/function/opt-66b-submod-0-latency-25.cdgp
1704042729616638407,1704042734595650399,200,http://172.169.8.253:31112/function/opt-66b-submod-0-latency-25.cdgp
1704042729616711268,1704042734299077109,200,http://172.169.8.253:31112/function/opt-66b-submod-0-latency-25.cdgp
1704042729616780712,1704042739460930943,500,http://172.169.8.253:31112/function/opt-66b-submod-0-latency-25.cdgp
1704042729616843960,1704042734597283481,200,http://172.169.8.253:31112/function/opt-66b-submod-0-latency-25.cdgp
1704042729617867019,1704042739460106975,500,http://172.169.8.253:31112/function/opt-66b-submod-0-latency-25.cdgp
1704042729617958857,1704042739452251338,500,http://172.169.8.253:31112/function/opt-66b-submod-0-latency-25.cdgp
1704042729618047687,1704042735870101927,200,http://172.169.8.253:31112/function/opt-66b-submod-0-latency-25.cdgp
1704042729618116195,1704042739455603131,500,http://172.169.8.253:31112/function/opt-66b-submod-0-latency-25.cdgp
1704042729618183896,1704042739459120403,500,http://172.169.8.253:31112/function/opt-66b-submod-0-latency-25.cdgp
1704042729618280414,1704042737267296025,200,http://172.169.8.253:31112/function/opt-66b-submod-0-latency-25.cdgp
1704042729618371832,1704042739619611826,500,http://172.169.8.253:31112/function/opt-66b-submod-0-latency-25.cdgp
1704042729618449594,1704042739368883522,500,http://172.169.8.253:31112/function/opt-66b-submod-0-latency-25.cdgp
1704042729618527723,1704042738494407721,200,http://172.169.8.253:31112/function/opt-66b-submod-0-latency-25.cdgp
1704042729618602114,1704042739367664295,500,http://172.169.8.253:31112/function/opt-66b-submod-0-latency-25.cdgp
1704042729618705393,1704042739619465560,500,http://172.169.8.253:31112/function/opt-66b-submod-0-latency-25.cdgp
1704042729618789196,1704042739458449751,500,http://172.169.8.253:31112/function/opt-66b-submod-0-latency-25.cdgp
1704042729618885990,1704042739369287618,500,http://172.169.8.253:31112/function/opt-66b-submod-0-latency-25.cdgp
1704042729618920544,1704042739451698428,500,http://172.169.8.253:31112/function/opt-66b-submod-0-latency-25.cdgp
1704042729619023783,1704042739460500294,500,http://172.169.8.253:31112/function/opt-66b-submod-0-latency-25.cdgp
1704042729619050773,1704042739462605999,500,http://172.169.8.253:31112/function/opt-66b-submod-0-latency-25.cdgp
1704042729619101579,1704042739366557246,500,http://172.169.8.253:31112/function/opt-66b-submod-0-latency-25.cdgp
1704042729619199004,1704042734627136647,200,http://172.169.8.253:31112/function/opt-66b-submod-0-latency-25.cdgp
1704042729619285880,1704042739368973143,500,http://172.169.8.253:31112/function/opt-66b-submod-0-latency-25.cdgp
1704042729619383662,1704042738376726409,200,http://172.169.8.253:31112/function/opt-66b-submod-0-latency-25.cdgp
1704042729619466108,1704042733266248748,200,http://172.169.8.253:31112/function/opt-66b-submod-0-latency-25.cdgp
1704042729619542076,1704042739455123211,500,http://172.169.8.253:31112/function/opt-66b-submod-0-latency-25.cdgp
1704042729619546891,1704042739368959793,500,http://172.169.8.253:31112/function/opt-66b-submod-0-latency-25.cdgp
1704042729619630368,1704042736085676747,200,http://172.169.8.253:31112/function/opt-66b-submod-0-latency-25.cdgp
1704042729619755788,1704042733346577713,200,http://172.169.8.253:31112/function/opt-66b-submod-0-latency-25.cdgp
1704042730133038151,1704042738774261663,200,http://172.169.8.253:31112/function/opt-66b-submod-0-latency-25.cdgp
1704042730133211783,1704042739792710966,500,http://172.169.8.253:31112/function/opt-66b-submod-0-latency-25.cdgp
1704042730133278614,1704042739804229543,500,http://172.169.8.253:31112/function/opt-66b-submod-0-latency-25.cdgp
1704042730133375975,1704042736091282971,200,http://172.169.8.253:31112/function/opt-66b-submod-0-latency-25.cdgp
1704042730133471927,1704042738381857198,200,http://172.169.8.253:31112/function/opt-66b-submod-0-latency-25.cdgp
1704042730133606202,1704042739824479344,500,http://172.169.8.253:31112/function/opt-66b-submod-0-latency-25.cdgp
1704042730133668392,1704042739654284297,500,http://172.169.8.253:31112/function/opt-66b-submod-0-latency-25.cdgp
1704042730133706065,1704042738550447418,200,http://172.169.8.253:31112/function/opt-66b-submod-0-latency-25.cdgp
1704042730133802037,1704042739829610985,500,http://172.169.8.253:31112/function/opt-66b-submod-0-latency-25.cdgp
1704042730136132147,1704042738435054920,200,http://172.169.8.253:31112/function/opt-66b-submod-0-latency-25.cdgp
1704042730136235804,1704042733692947524,200,http://172.169.8.253:31112/function/opt-66b-submod-0-latency-25.cdgp
1704042730136315091,1704042739827472857,500,http://172.169.8.253:31112/function/opt-66b-submod-0-latency-25.cdgp
1704042730136464166,1704042739652404885,500,http://172.169.8.253:31112/function/opt-66b-submod-0-latency-25.cdgp
1704042730266716053,1704042738559486014,200,http://172.169.8.253:31112/function/opt-66b-submod-0-latency-25.cdgp
1704042730266804492,1704042738587523913,200,http://172.169.8.253:31112/function/opt-66b-submod-0-latency-25.cdgp
1704042730266965474,1704042738591537514,200,http://172.169.8.253:31112/function/opt-66b-submod-0-latency-25.cdgp
1704042730267036819,1704042740019537501,500,http://172.169.8.253:31112/function/opt-66b-submod-0-latency-25.cdgp
1704042730267063661,1704042739832233471,500,http://172.169.8.253:31112/function/opt-66b-submod-0-latency-25.cdgp
1704042730267172758,1704042740059831733,500,http://172.169.8.253:31112/function/opt-66b-submod-0-latency-25.cdgp
1704042730267213242,1704042740268201435,500,http://172.169.8.253:31112/function/opt-66b-submod-0-latency-25.cdgp
1704042730271303084,1704042740051547211,500,http://172.169.8.253:31112/function/opt-66b-submod-0-latency-25.cdgp
1704042730271420877,1704042738535551015,200,http://172.169.8.253:31112/function/opt-66b-submod-0-latency-25.cdgp
1704042730271506182,1704042740037916061,500,http://172.169.8.253:31112/function/opt-66b-submod-0-latency-25.cdgp
1704042730271584933,1704042740272486232,500,http://172.169.8.253:31112/function/opt-66b-submod-0-latency-25.cdgp
1704042730271641245,1704042739863547844,500,http://172.169.8.253:31112/function/opt-66b-submod-0-latency-25.cdgp
1704042730271753071,1704042734597193538,200,http://172.169.8.253:31112/function/opt-66b-submod-0-latency-25.cdgp
1704042730271830100,1704042740111132981,500,http://172.169.8.253:31112/function/opt-66b-submod-0-latency-25.cdgp
1704042730271897685,1704042738559459777,200,http://172.169.8.253:31112/function/opt-66b-submod-0-latency-25.cdgp
1704042730271964051,1704042740051548877,500,http://172.169.8.253:31112/function/opt-66b-submod-0-latency-25.cdgp
1704042730272027675,1704042739836635321,500,http://172.169.8.253:31112/function/opt-66b-submod-0-latency-25.cdgp
1704042730272067678,1704042740098998860,500,http://172.169.8.253:31112/function/opt-66b-submod-0-latency-25.cdgp
1704042730272126866,1704042739809958476,500,http://172.169.8.253:31112/function/opt-66b-submod-0-latency-25.cdgp
1704042730272208189,1704042740041479949,500,http://172.169.8.253:31112/function/opt-66b-submod-0-latency-25.cdgp
1704042730272292376,1704042740015857079,500,http://172.169.8.253:31112/function/opt-66b-submod-0-latency-25.cdgp
1704042730272410756,1704042733419241920,200,http://172.169.8.253:31112/function/opt-66b-submod-0-latency-25.cdgp
1704042730272489591,1704042733802007891,200,http://172.169.8.253:31112/function/opt-66b-submod-0-latency-25.cdgp
1704042730272545734,1704042740046524903,500,http://172.169.8.253:31112/function/opt-66b-submod-0-latency-25.cdgp
1704042730272649612,1704042740009776337,500,http://172.169.8.253:31112/function/opt-66b-submod-0-latency-25.cdgp
1704042730272722170,1704042740008482280,500,http://172.169.8.253:31112/function/opt-66b-submod-0-latency-25.cdgp
1704042730272790055,1704042739767115003,500,http://172.169.8.253:31112/function/opt-66b-submod-0-latency-25.cdgp
1704042730288888019,1704042740105231632,500,http://172.169.8.253:31112/function/opt-66b-submod-0-latency-25.cdgp
1704042730301350792,1704042739834899936,500,http://172.169.8.253:31112/function/opt-66b-submod-0-latency-25.cdgp
1704042730301434688,1704042740166290100,500,http://172.169.8.253:31112/function/opt-66b-submod-0-latency-25.cdgp
1704042730301514526,1704042740110624888,500,http://172.169.8.253:31112/function/opt-66b-submod-0-latency-25.cdgp
1704042730301580203,1704042740111125013,500,http://172.169.8.253:31112/function/opt-66b-submod-0-latency-25.cdgp
1704042730301674963,1704042739837005802,500,http://172.169.8.253:31112/function/opt-66b-submod-0-latency-25.cdgp
1704042730301805158,1704042740111123592,500,http://172.169.8.253:31112/function/opt-66b-submod-0-latency-25.cdgp
1704042730301962719,1704042740108503196,500,http://172.169.8.253:31112/function/opt-66b-submod-0-latency-25.cdgp
1704042730302030075,1704042739912711160,500,http://172.169.8.253:31112/function/opt-66b-submod-0-latency-25.cdgp
1704042730302100393,1704042740037597361,500,http://172.169.8.253:31112/function/opt-66b-submod-0-latency-25.cdgp
1704042730302166486,1704042739864734423,500,http://172.169.8.253:31112/function/opt-66b-submod-0-latency-25.cdgp
1704042730413736051,1704042740175487157,500,http://172.169.8.253:31112/function/opt-66b-submod-0-latency-25.cdgp
1704042730413815191,1704042740131722575,500,http://172.169.8.253:31112/function/opt-66b-submod-0-latency-25.cdgp
1704042730413933675,1704042734628561438,200,http://172.169.8.253:31112/function/opt-66b-submod-0-latency-25.cdgp
1704042730414052981,1704042739940420357,500,http://172.169.8.253:31112/function/opt-66b-submod-0-latency-25.cdgp
1704042730414135501,1704042739214449628,200,http://172.169.8.253:31112/function/opt-66b-submod-0-latency-25.cdgp
1704042730414213039,1704042740133129239,500,http://172.169.8.253:31112/function/opt-66b-submod-0-latency-25.cdgp
1704042730414280022,1704042738491646971,200,http://172.169.8.253:31112/function/opt-66b-submod-0-latency-25.cdgp
1704042730414357800,1704042733802810854,200,http://172.169.8.253:31112/function/opt-66b-submod-0-latency-25.cdgp
1704042730414444148,1704042740131282588,500,http://172.169.8.253:31112/function/opt-66b-submod-0-latency-25.cdgp
1704042730414547094,1704042740344072130,500,http://172.169.8.253:31112/function/opt-66b-submod-0-latency-25.cdgp
1704042730414658800,1704042739943711843,500,http://172.169.8.253:31112/function/opt-66b-submod-0-latency-25.cdgp
1704042730414726691,1704042736135610342,200,http://172.169.8.253:31112/function/opt-66b-submod-0-latency-25.cdgp
1704042730414779971,1704042740343250475,500,http://172.169.8.253:31112/function/opt-66b-submod-0-latency-25.cdgp
1704042730414889089,1704042736687760007,200,http://172.169.8.253:31112/function/opt-66b-submod-0-latency-25.cdgp
1704042730414925340,1704042736130588805,200,http://172.169.8.253:31112/function/opt-66b-submod-0-latency-25.cdgp
1704042730414991349,1704042733694787047,200,http://172.169.8.253:31112/function/opt-66b-submod-0-latency-25.cdgp
1704042730415063138,1704042740415284485,500,http://172.169.8.253:31112/function/opt-66b-submod-0-latency-25.cdgp
1704042730415096334,1704042740144261577,500,http://172.169.8.253:31112/function/opt-66b-submod-0-latency-25.cdgp
1704042730415128267,1704042740341824687,500,http://172.169.8.253:31112/function/opt-66b-submod-0-latency-25.cdgp
1704042730415136829,1704042740343985120,500,http://172.169.8.253:31112/function/opt-66b-submod-0-latency-25.cdgp
1704042730415190148,1704042739942190699,500,http://172.169.8.253:31112/function/opt-66b-submod-0-latency-25.cdgp
1704042730415242562,1704042740168570934,500,http://172.169.8.253:31112/function/opt-66b-submod-0-latency-25.cdgp
1704042730415282246,1704042740163299142,500,http://172.169.8.253:31112/function/opt-66b-submod-0-latency-25.cdgp
1704042730415333781,1704042740344891061,500,http://172.169.8.253:31112/function/opt-66b-submod-0-latency-25.cdgp
1704042730415420272,1704042736283938282,200,http://172.169.8.253:31112/function/opt-66b-submod-0-latency-25.cdgp
1704042730415524160,1704042740136041486,500,http://172.169.8.253:31112/function/opt-66b-submod-0-latency-25.cdgp
1704042730415614413,1704042740342412941,500,http://172.169.8.253:31112/function/opt-66b-submod-0-latency-25.cdgp
1704042730415692532,1704042736252302109,200,http://172.169.8.253:31112/function/opt-66b-submod-0-latency-25.cdgp
1704042730415721534,1704042740134530226,500,http://172.169.8.253:31112/function/opt-66b-submod-0-latency-25.cdgp
1704042730415788763,1704042740342794365,500,http://172.169.8.253:31112/function/opt-66b-submod-0-latency-25.cdgp
1704042730415884808,1704042740344537156,500,http://172.169.8.253:31112/function/opt-66b-submod-0-latency-25.cdgp
1704042730415972145,1704042740131458997,500,http://172.169.8.253:31112/function/opt-66b-submod-0-latency-25.cdgp
1704042730416064975,1704042738089246068,200,http://172.169.8.253:31112/function/opt-66b-submod-0-latency-25.cdgp
1704042730416135617,1704042733779408917,200,http://172.169.8.253:31112/function/opt-66b-submod-0-latency-25.cdgp
1704042730644894327,1704042740646525584,500,http://172.169.8.253:31112/function/opt-66b-submod-0-latency-25.cdgp
1704042730644984298,1704042740284148377,500,http://172.169.8.253:31112/function/opt-66b-submod-0-latency-25.cdgp
1704042730645072150,1704042738918602601,200,http://172.169.8.253:31112/function/opt-66b-submod-0-latency-25.cdgp
1704042730645168270,1704042734371657138,200,http://172.169.8.253:31112/function/opt-66b-submod-0-latency-25.cdgp
1704042730645264182,1704042734682682161,200,http://172.169.8.253:31112/function/opt-66b-submod-0-latency-25.cdgp
1704042730645339907,1704042740646348006,500,http://172.169.8.253:31112/function/opt-66b-submod-0-latency-25.cdgp
1704042730645418830,1704042740646511359,500,http://172.169.8.253:31112/function/opt-66b-submod-0-latency-25.cdgp
1704042730645722216,1704042740646335106,500,http://172.169.8.253:31112/function/opt-66b-submod-0-latency-25.cdgp
1704042730645912950,1704042740550307927,500,http://172.169.8.253:31112/function/opt-66b-submod-0-latency-25.cdgp
1704042730646048362,1704042740264834807,500,http://172.169.8.253:31112/function/opt-66b-submod-0-latency-25.cdgp
1704042730646078355,1704042740529575514,500,http://172.169.8.253:31112/function/opt-66b-submod-0-latency-25.cdgp
1704042730646155392,1704042740550077705,500,http://172.169.8.253:31112/function/opt-66b-submod-0-latency-25.cdgp
1704042730646223596,1704042740646586005,500,http://172.169.8.253:31112/function/opt-66b-submod-0-latency-25.cdgp
1704042730646301376,1704042740646520736,500,http://172.169.8.253:31112/function/opt-66b-submod-0-latency-25.cdgp
1704042730646336099,1704042740646594571,500,http://172.169.8.253:31112/function/opt-66b-submod-0-latency-25.cdgp
1704042730646390889,1704042740549061791,500,http://172.169.8.253:31112/function/opt-66b-submod-0-latency-25.cdgp
1704042730646487616,1704042740546948579,500,http://172.169.8.253:31112/function/opt-66b-submod-0-latency-25.cdgp
1704042730646558614,1704042738548028625,200,http://172.169.8.253:31112/function/opt-66b-submod-0-latency-25.cdgp
1704042730646634845,1704042740647431355,500,http://172.169.8.253:31112/function/opt-66b-submod-0-latency-25.cdgp
1704042730646714966,1704042740647415388,500,http://172.169.8.253:31112/function/opt-66b-submod-0-latency-25.cdgp
1704042730648039144,1704042740548739322,500,http://172.169.8.253:31112/function/opt-66b-submod-0-latency-25.cdgp
1704042730648137869,1704042740473163473,500,http://172.169.8.253:31112/function/opt-66b-submod-0-latency-25.cdgp
1704042730648221074,1704042740472877914,500,http://172.169.8.253:31112/function/opt-66b-submod-0-latency-25.cdgp
1704042730648312817,1704042737061480291,200,http://172.169.8.253:31112/function/opt-66b-submod-0-latency-25.cdgp
1704042730648412724,1704042740648543551,500,http://172.169.8.253:31112/function/opt-66b-submod-0-latency-25.cdgp
1704042730648481293,1704042740648628420,500,http://172.169.8.253:31112/function/opt-66b-submod-0-latency-25.cdgp
1704042730650084604,1704042740551285437,500,http://172.169.8.253:31112/function/opt-66b-submod-0-latency-25.cdgp
1704042730650171779,1704042740650696378,500,http://172.169.8.253:31112/function/opt-66b-submod-0-latency-25.cdgp
1704042730650267404,1704042740473176497,500,http://172.169.8.253:31112/function/opt-66b-submod-0-latency-25.cdgp
1704042730651962330,1704042738496617954,200,http://172.169.8.253:31112/function/opt-66b-submod-0-latency-25.cdgp
1704042730652059418,1704042733896770555,200,http://172.169.8.253:31112/function/opt-66b-submod-0-latency-25.cdgp
1704042730652152316,1704042740652966809,500,http://172.169.8.253:31112/function/opt-66b-submod-0-latency-25.cdgp
1704042730652224748,1704042740549045953,500,http://172.169.8.253:31112/function/opt-66b-submod-0-latency-25.cdgp
1704042730652325707,1704042740548567380,500,http://172.169.8.253:31112/function/opt-66b-submod-0-latency-25.cdgp
1704042730653649081,1704042740545506084,500,http://172.169.8.253:31112/function/opt-66b-submod-0-latency-25.cdgp
1704042730653749306,1704042740654127071,500,http://172.169.8.253:31112/function/opt-66b-submod-0-latency-25.cdgp
1704042730653829037,1704042740546032358,500,http://172.169.8.253:31112/function/opt-66b-submod-0-latency-25.cdgp
1704042730653969002,1704042740549421105,500,http://172.169.8.253:31112/function/opt-66b-submod-0-latency-25.cdgp
1704042730654033443,1704042738900898609,200,http://172.169.8.253:31112/function/opt-66b-submod-0-latency-25.cdgp
1704042730654146081,1704042740654331141,500,http://172.169.8.253:31112/function/opt-66b-submod-0-latency-25.cdgp
1704042730654211123,1704042740549961430,500,http://172.169.8.253:31112/function/opt-66b-submod-0-latency-25.cdgp
1704042730654290073,1704042736130608364,200,http://172.169.8.253:31112/function/opt-66b-submod-0-latency-25.cdgp
1704042730654366782,1704042740655599005,500,http://172.169.8.253:31112/function/opt-66b-submod-0-latency-25.cdgp
1704042730654423868,1704042740655595036,500,http://172.169.8.253:31112/function/opt-66b-submod-0-latency-25.cdgp
1704042730654527354,1704042740550291980,500,http://172.169.8.253:31112/function/opt-66b-submod-0-latency-25.cdgp
1704042730654608556,1704042740655563325,500,http://172.169.8.253:31112/function/opt-66b-submod-0-latency-25.cdgp
1704042730654692308,1704042740338712685,500,http://172.169.8.253:31112/function/opt-66b-submod-0-latency-25.cdgp
1704042730654770339,1704042740551300251,500,http://172.169.8.253:31112/function/opt-66b-submod-0-latency-25.cdgp
1704042730654907425,1704042735003141583,200,http://172.169.8.253:31112/function/opt-66b-submod-0-latency-25.cdgp
1704042730654978231,1704042740474257302,500,http://172.169.8.253:31112/function/opt-66b-submod-0-latency-25.cdgp
1704042730655027841,1704042740655550426,500,http://172.169.8.253:31112/function/opt-66b-submod-0-latency-25.cdgp
1704042730655121287,1704042740655572705,500,http://172.169.8.253:31112/function/opt-66b-submod-0-latency-25.cdgp
1704042730655259355,1704042739445571755,200,http://172.169.8.253:31112/function/opt-66b-submod-0-latency-25.cdgp
1704042730655333564,1704042739736967487,200,http://172.169.8.253:31112/function/opt-66b-submod-0-latency-25.cdgp
1704042730655407860,1704042740655576384,500,http://172.169.8.253:31112/function/opt-66b-submod-0-latency-25.cdgp
1704042730655477916,1704042740655798420,500,http://172.169.8.253:31112/function/opt-66b-submod-0-latency-25.cdgp
1704042730655574269,1704042740655801539,500,http://172.169.8.253:31112/function/opt-66b-submod-0-latency-25.cdgp
1704042730655654798,1704042740469627723,500,http://172.169.8.253:31112/function/opt-66b-submod-0-latency-25.cdgp
1704042730655723648,1704042740655898488,500,http://172.169.8.253:31112/function/opt-66b-submod-0-latency-25.cdgp
1704042730655810282,1704042738905441832,200,http://172.169.8.253:31112/function/opt-66b-submod-0-latency-25.cdgp
1704042730655856096,1704042740655949192,500,http://172.169.8.253:31112/function/opt-66b-submod-0-latency-25.cdgp
1704042730655947951,1704042740656509458,500,http://172.169.8.253:31112/function/opt-66b-submod-0-latency-25.cdgp
1704042730656025101,1704042740470471327,500,http://172.169.8.253:31112/function/opt-66b-submod-0-latency-25.cdgp
1704042730656096022,1704042740656519372,500,http://172.169.8.253:31112/function/opt-66b-submod-0-latency-25.cdgp
1704042730656194553,1704042740551339019,500,http://172.169.8.253:31112/function/opt-66b-submod-0-latency-25.cdgp
1704042730656312174,1704042734683033166,200,http://172.169.8.253:31112/function/opt-66b-submod-0-latency-25.cdgp
1704042730702914103,1704042739916558378,500,http://172.169.8.253:31112/function/opt-66b-submod-0-latency-25.cdgp
1704042730703039151,1704042734336761939,200,http://172.169.8.253:31112/function/opt-66b-submod-0-latency-25.cdgp
1704042730703164647,1704042734923498987,200,http://172.169.8.253:31112/function/opt-66b-submod-0-latency-25.cdgp
1704042730703257089,1704042740703929233,500,http://172.169.8.253:31112/function/opt-66b-submod-0-latency-25.cdgp
1704042730703366925,1704042740703841224,500,http://172.169.8.253:31112/function/opt-66b-submod-0-latency-25.cdgp
1704042730703460352,1704042738003608075,200,http://172.169.8.253:31112/function/opt-66b-submod-0-latency-25.cdgp
1704042730703543692,1704042740703849339,500,http://172.169.8.253:31112/function/opt-66b-submod-0-latency-25.cdgp
1704042730703625709,1704042740703949676,500,http://172.169.8.253:31112/function/opt-66b-submod-0-latency-25.cdgp
1704042730703692093,1704042738495079731,200,http://172.169.8.253:31112/function/opt-66b-submod-0-latency-25.cdgp
1704042730703772597,1704042740632752679,500,http://172.169.8.253:31112/function/opt-66b-submod-0-latency-25.cdgp
1704042730703852915,1704042740577438645,500,http://172.169.8.253:31112/function/opt-66b-submod-0-latency-25.cdgp
1704042731021933639,1704042740515649812,500,http://172.169.8.253:31112/function/opt-66b-submod-0-latency-25.cdgp
1704042731022050091,1704042741023202091,500,http://172.169.8.253:31112/function/opt-66b-submod-0-latency-25.cdgp
1704042731022149928,1704042741023205499,500,http://172.169.8.253:31112/function/opt-66b-submod-0-latency-25.cdgp
1704042731030054777,1704042740515634231,500,http://172.169.8.253:31112/function/opt-66b-submod-0-latency-25.cdgp
1704042731030132681,1704042741030409746,500,http://172.169.8.253:31112/function/opt-66b-submod-0-latency-25.cdgp
1704042731030209987,1704042741030418167,500,http://172.169.8.253:31112/function/opt-66b-submod-0-latency-25.cdgp
1704042731034801422,1704042740473946693,500,http://172.169.8.253:31112/function/opt-66b-submod-0-latency-25.cdgp
1704042731034902324,1704042741035149201,500,http://172.169.8.253:31112/function/opt-66b-submod-0-latency-25.cdgp
1704042731035044697,1704042740474044372,500,http://172.169.8.253:31112/function/opt-66b-submod-0-latency-25.cdgp
1704042731035140936,1704042738542960502,200,http://172.169.8.253:31112/function/opt-66b-submod-0-latency-25.cdgp
1704042731035219354,1704042741036028879,500,http://172.169.8.253:31112/function/opt-66b-submod-0-latency-25.cdgp
1704042731035279219,1704042736130145875,200,http://172.169.8.253:31112/function/opt-66b-submod-0-latency-25.cdgp
1704042731035408230,1704042741036133367,500,http://172.169.8.253:31112/function/opt-66b-submod-0-latency-25.cdgp
1704042731035478203,1704042741035818842,500,http://172.169.8.253:31112/function/opt-66b-submod-0-latency-25.cdgp
1704042731035560214,1704042740760779519,200,http://172.169.8.253:31112/function/opt-66b-submod-0-latency-25.cdgp
1704042731035626146,1704042740720964826,500,http://172.169.8.253:31112/function/opt-66b-submod-0-latency-25.cdgp
1704042731035711337,1704042741036124821,500,http://172.169.8.253:31112/function/opt-66b-submod-0-latency-25.cdgp
1704042731035797623,1704042734985516676,200,http://172.169.8.253:31112/function/opt-66b-submod-0-latency-25.cdgp
1704042731035881291,1704042741036330940,500,http://172.169.8.253:31112/function/opt-66b-submod-0-latency-25.cdgp
1704042731035965206,1704042741036335525,500,http://172.169.8.253:31112/function/opt-66b-submod-0-latency-25.cdgp
1704042731036030471,1704042741036412672,500,http://172.169.8.253:31112/function/opt-66b-submod-0-latency-25.cdgp
1704042731036071251,1704042738013822533,200,http://172.169.8.253:31112/function/opt-66b-submod-0-latency-25.cdgp
1704042731036172885,1704042741036481152,500,http://172.169.8.253:31112/function/opt-66b-submod-0-latency-25.cdgp
1704042731036256578,1704042734889457366,200,http://172.169.8.253:31112/function/opt-66b-submod-0-latency-25.cdgp
1704042731036334078,1704042741036499511,500,http://172.169.8.253:31112/function/opt-66b-submod-0-latency-25.cdgp
1704042731287911964,1704042741288653056,500,http://172.169.8.253:31112/function/opt-66b-submod-0-latency-25.cdgp
1704042731288028628,1704042741288626736,500,http://172.169.8.253:31112/function/opt-66b-submod-0-latency-25.cdgp
1704042731288170844,1704042738911623037,200,http://172.169.8.253:31112/function/opt-66b-submod-0-latency-25.cdgp
1704042731288254545,1704042741288634920,500,http://172.169.8.253:31112/function/opt-66b-submod-0-latency-25.cdgp
1704042731288359848,1704042741238893380,500,http://172.169.8.253:31112/function/opt-66b-submod-0-latency-25.cdgp
1704042731288431662,1704042741107660572,500,http://172.169.8.253:31112/function/opt-66b-submod-0-latency-25.cdgp
1704042731288569390,1704042734684782318,200,http://172.169.8.253:31112/function/opt-66b-submod-0-latency-25.cdgp
1704042731288653914,1704042741288849455,500,http://172.169.8.253:31112/function/opt-66b-submod-0-latency-25.cdgp
1704042731288712916,1704042734960751356,200,http://172.169.8.253:31112/function/opt-66b-submod-0-latency-25.cdgp
1704042731288788889,1704042741074673341,500,http://172.169.8.253:31112/function/opt-66b-submod-0-latency-25.cdgp
1704042731288869094,1704042741069736771,500,http://172.169.8.253:31112/function/opt-66b-submod-0-latency-25.cdgp
1704042731288936002,1704042741069862292,500,http://172.169.8.253:31112/function/opt-66b-submod-0-latency-25.cdgp
1704042731288975754,1704042738775117964,200,http://172.169.8.253:31112/function/opt-66b-submod-0-latency-25.cdgp
1704042731289029911,1704042741107648615,500,http://172.169.8.253:31112/function/opt-66b-submod-0-latency-25.cdgp
1704042731289089564,1704042741239326910,500,http://172.169.8.253:31112/function/opt-66b-submod-0-latency-25.cdgp
1704042731289204616,1704042741290410487,500,http://172.169.8.253:31112/function/opt-66b-submod-0-latency-25.cdgp
1704042731289302606,1704042741290301676,500,http://172.169.8.253:31112/function/opt-66b-submod-0-latency-25.cdgp
1704042731289418420,1704042740824369316,200,http://172.169.8.253:31112/function/opt-66b-submod-0-latency-25.cdgp
1704042731289502869,1704042741290111348,500,http://172.169.8.253:31112/function/opt-66b-submod-0-latency-25.cdgp
1704042731289594020,1704042741290288667,500,http://172.169.8.253:31112/function/opt-66b-submod-0-latency-25.cdgp
1704042731289679753,1704042741290125777,500,http://172.169.8.253:31112/function/opt-66b-submod-0-latency-25.cdgp
1704042731289748569,1704042741290425910,500,http://172.169.8.253:31112/function/opt-66b-submod-0-latency-25.cdgp
1704042731289805213,1704042734298906773,200,http://172.169.8.253:31112/function/opt-66b-submod-0-latency-25.cdgp
1704042731289881932,1704042741290417549,500,http://172.169.8.253:31112/function/opt-66b-submod-0-latency-25.cdgp
1704042731289939898,1704042741290422100,500,http://172.169.8.253:31112/function/opt-66b-submod-0-latency-25.cdgp
1704042731290016953,1704042741290294848,500,http://172.169.8.253:31112/function/opt-66b-submod-0-latency-25.cdgp
1704042731290102474,1704042741238909361,500,http://172.169.8.253:31112/function/opt-66b-submod-0-latency-25.cdgp
1704042731290176453,1704042740780185118,200,http://172.169.8.253:31112/function/opt-66b-submod-0-latency-25.cdgp
1704042731290255032,1704042741074830153,500,http://172.169.8.253:31112/function/opt-66b-submod-0-latency-25.cdgp
1704042731290320318,1704042741238923011,500,http://172.169.8.253:31112/function/opt-66b-submod-0-latency-25.cdgp
1704042731290406359,1704042741290528787,500,http://172.169.8.253:31112/function/opt-66b-submod-0-latency-25.cdgp
1704042731290501923,1704042741290684489,500,http://172.169.8.253:31112/function/opt-66b-submod-0-latency-25.cdgp
1704042731290564971,1704042741290815708,500,http://172.169.8.253:31112/function/opt-66b-submod-0-latency-25.cdgp
1704042731290666206,1704042741291020755,500,http://172.169.8.253:31112/function/opt-66b-submod-0-latency-25.cdgp
1704042731290740007,1704042741290995992,500,http://172.169.8.253:31112/function/opt-66b-submod-0-latency-25.cdgp
1704042731290812916,1704042741291006658,500,http://172.169.8.253:31112/function/opt-66b-submod-0-latency-25.cdgp
1704042731290870210,1704042741238795004,500,http://172.169.8.253:31112/function/opt-66b-submod-0-latency-25.cdgp
1704042731290970766,1704042741291082433,500,http://172.169.8.253:31112/function/opt-66b-submod-0-latency-25.cdgp
1704042731291023524,1704042741291173530,500,http://172.169.8.253:31112/function/opt-66b-submod-0-latency-25.cdgp
1704042731291074485,1704042741239464826,500,http://172.169.8.253:31112/function/opt-66b-submod-0-latency-25.cdgp
1704042731291147803,1704042741239698707,500,http://172.169.8.253:31112/function/opt-66b-submod-0-latency-25.cdgp
1704042731291221259,1704042741069754243,500,http://172.169.8.253:31112/function/opt-66b-submod-0-latency-25.cdgp
1704042731291290829,1704042741069411778,500,http://172.169.8.253:31112/function/opt-66b-submod-0-latency-25.cdgp
1704042731291341574,1704042741292050685,500,http://172.169.8.253:31112/function/opt-66b-submod-0-latency-25.cdgp
1704042732603570981,1704042740867766763,200,http://172.169.8.253:31112/function/opt-66b-submod-0-latency-25.cdgp
1704042732603683353,1704042742604414566,500,http://172.169.8.253:31112/function/opt-66b-submod-0-latency-25.cdgp
1704042732603797252,1704042742207743791,500,http://172.169.8.253:31112/function/opt-66b-submod-0-latency-25.cdgp
1704042732603865879,1704042741243609665,200,http://172.169.8.253:31112/function/opt-66b-submod-0-latency-25.cdgp
1704042732603956819,1704042742255632197,500,http://172.169.8.253:31112/function/opt-66b-submod-0-latency-25.cdgp
1704042732610308763,1704042742149443463,500,http://172.169.8.253:31112/function/opt-66b-submod-0-latency-25.cdgp
1704042732610460186,1704042742216098163,500,http://172.169.8.253:31112/function/opt-66b-submod-0-latency-25.cdgp
1704042732610597457,1704042742300860498,500,http://172.169.8.253:31112/function/opt-66b-submod-0-latency-25.cdgp
1704042732610692154,1704042740867632225,200,http://172.169.8.253:31112/function/opt-66b-submod-0-latency-25.cdgp
1704042732610801723,1704042742284294245,500,http://172.169.8.253:31112/function/opt-66b-submod-0-latency-25.cdgp
1704042732610912164,1704042742212266828,500,http://172.169.8.253:31112/function/opt-66b-submod-0-latency-25.cdgp
1704042732610999516,1704042742340194420,500,http://172.169.8.253:31112/function/opt-66b-submod-0-latency-25.cdgp
1704042732611076256,1704042742299497025,500,http://172.169.8.253:31112/function/opt-66b-submod-0-latency-25.cdgp
1704042732611138208,1704042742284971479,500,http://172.169.8.253:31112/function/opt-66b-submod-0-latency-25.cdgp
1704042732611181897,1704042738948727945,200,http://172.169.8.253:31112/function/opt-66b-submod-0-latency-25.cdgp
1704042732611260865,1704042742339925427,500,http://172.169.8.253:31112/function/opt-66b-submod-0-latency-25.cdgp
1704042732611346764,1704042742282850087,500,http://172.169.8.253:31112/function/opt-66b-submod-0-latency-25.cdgp
1704042732611414198,1704042742281284772,500,http://172.169.8.253:31112/function/opt-66b-submod-0-latency-25.cdgp
1704042732611454050,1704042741259045701,200,http://172.169.8.253:31112/function/opt-66b-submod-0-latency-25.cdgp
1704042732611524180,1704042742300970320,500,http://172.169.8.253:31112/function/opt-66b-submod-0-latency-25.cdgp
1704042732611608441,1704042742118235348,500,http://172.169.8.253:31112/function/opt-66b-submod-0-latency-25.cdgp
1704042732611613100,1704042741254356040,200,http://172.169.8.253:31112/function/opt-66b-submod-0-latency-25.cdgp
1704042732611650108,1704042742283867828,500,http://172.169.8.253:31112/function/opt-66b-submod-0-latency-25.cdgp
1704042732611714356,1704042742300055464,500,http://172.169.8.253:31112/function/opt-66b-submod-0-latency-25.cdgp
1704042732611785078,1704042742429245595,500,http://172.169.8.253:31112/function/opt-66b-submod-0-latency-25.cdgp
1704042732611859477,1704042738909705194,200,http://172.169.8.253:31112/function/opt-66b-submod-0-latency-25.cdgp
1704042732611889347,1704042735519035934,200,http://172.169.8.253:31112/function/opt-66b-submod-0-latency-25.cdgp
1704042732611949223,1704042742298938302,500,http://172.169.8.253:31112/function/opt-66b-submod-0-latency-25.cdgp
1704042732612004641,1704042742117382291,500,http://172.169.8.253:31112/function/opt-66b-submod-0-latency-25.cdgp
1704042732612037981,1704042742284034165,500,http://172.169.8.253:31112/function/opt-66b-submod-0-latency-25.cdgp
1704042732612116842,1704042742279789866,500,http://172.169.8.253:31112/function/opt-66b-submod-0-latency-25.cdgp
1704042732612184574,1704042735066177132,200,http://172.169.8.253:31112/function/opt-66b-submod-0-latency-25.cdgp
1704042732612256320,1704042742281950147,500,http://172.169.8.253:31112/function/opt-66b-submod-0-latency-25.cdgp
1704042732612337336,1704042742280414067,500,http://172.169.8.253:31112/function/opt-66b-submod-0-latency-25.cdgp
1704042732612415019,1704042742282197928,500,http://172.169.8.253:31112/function/opt-66b-submod-0-latency-25.cdgp
1704042733077208875,1704042742532548545,500,http://172.169.8.253:31112/function/opt-66b-submod-0-latency-25.cdgp
1704042733077305341,1704042742451140166,500,http://172.169.8.253:31112/function/opt-66b-submod-0-latency-25.cdgp
1704042733077643589,1704042742531506563,500,http://172.169.8.253:31112/function/opt-66b-submod-0-latency-25.cdgp
1704042733109068561,1704042742550437647,500,http://172.169.8.253:31112/function/opt-66b-submod-0-latency-25.cdgp
1704042733109179779,1704042743027810070,500,http://172.169.8.253:31112/function/opt-66b-submod-0-latency-25.cdgp
1704042733109256766,1704042741309982318,200,http://172.169.8.253:31112/function/opt-66b-submod-0-latency-25.cdgp
1704042733109362427,1704042742766371538,500,http://172.169.8.253:31112/function/opt-66b-submod-0-latency-25.cdgp
1704042733109448188,1704042735051430476,200,http://172.169.8.253:31112/function/opt-66b-submod-0-latency-25.cdgp
1704042733109550950,1704042741254382177,200,http://172.169.8.253:31112/function/opt-66b-submod-0-latency-25.cdgp
1704042733109665818,1704042736257452219,200,http://172.169.8.253:31112/function/opt-66b-submod-0-latency-25.cdgp
1704042733109729521,1704042741309954717,200,http://172.169.8.253:31112/function/opt-66b-submod-0-latency-25.cdgp
1704042733109779582,1704042742766973571,500,http://172.169.8.253:31112/function/opt-66b-submod-0-latency-25.cdgp
1704042733109845686,1704042742766098299,500,http://172.169.8.253:31112/function/opt-66b-submod-0-latency-25.cdgp
1704042733109916158,1704042742761797523,500,http://172.169.8.253:31112/function/opt-66b-submod-0-latency-25.cdgp
1704042733109979319,1704042738545155150,200,http://172.169.8.253:31112/function/opt-66b-submod-0-latency-25.cdgp
1704042733110064884,1704042741309620728,200,http://172.169.8.253:31112/function/opt-66b-submod-0-latency-25.cdgp
1704042733110162419,1704042736256802851,200,http://172.169.8.253:31112/function/opt-66b-submod-0-latency-25.cdgp
1704042733110244091,1704042742766478411,500,http://172.169.8.253:31112/function/opt-66b-submod-0-latency-25.cdgp
1704042733110335552,1704042741644914285,500,http://172.169.8.253:31112/function/opt-66b-submod-0-latency-25.cdgp
1704042733110388041,1704042742766498001,500,http://172.169.8.253:31112/function/opt-66b-submod-0-latency-25.cdgp
1704042733110462585,1704042742766084343,500,http://172.169.8.253:31112/function/opt-66b-submod-0-latency-25.cdgp
1704042733110567690,1704042737886973127,200,http://172.169.8.253:31112/function/opt-66b-submod-0-latency-25.cdgp
1704042733110672007,1704042735868860967,200,http://172.169.8.253:31112/function/opt-66b-submod-0-latency-25.cdgp
1704042733110754803,1704042742765757158,500,http://172.169.8.253:31112/function/opt-66b-submod-0-latency-25.cdgp
1704042733110806655,1704042742847915955,500,http://172.169.8.253:31112/function/opt-66b-submod-0-latency-25.cdgp
1704042733110929031,1704042742550433770,500,http://172.169.8.253:31112/function/opt-66b-submod-0-latency-25.cdgp
1704042733144788446,1704042742882168948,500,http://172.169.8.253:31112/function/opt-66b-submod-0-latency-25.cdgp
1704042733144879455,1704042740756186712,200,http://172.169.8.253:31112/function/opt-66b-submod-0-latency-25.cdgp
1704042733144977862,1704042743029241835,500,http://172.169.8.253:31112/function/opt-66b-submod-0-latency-25.cdgp
1704042733145074350,1704042742621922677,500,http://172.169.8.253:31112/function/opt-66b-submod-0-latency-25.cdgp
1704042733146546097,1704042742567160446,500,http://172.169.8.253:31112/function/opt-66b-submod-0-latency-25.cdgp
1704042733161561855,1704042742822915187,500,http://172.169.8.253:31112/function/opt-66b-submod-0-latency-25.cdgp
1704042733161653653,1704042743162241963,500,http://172.169.8.253:31112/function/opt-66b-submod-0-latency-25.cdgp
1704042733161758411,1704042742823724138,500,http://172.169.8.253:31112/function/opt-66b-submod-0-latency-25.cdgp
1704042733161874187,1704042740810193872,200,http://172.169.8.253:31112/function/opt-66b-submod-0-latency-25.cdgp
1704042733161987085,1704042742621628159,500,http://172.169.8.253:31112/function/opt-66b-submod-0-latency-25.cdgp
1704042733162073065,1704042742568263801,500,http://172.169.8.253:31112/function/opt-66b-submod-0-latency-25.cdgp
1704042733162139634,1704042742761890496,500,http://172.169.8.253:31112/function/opt-66b-submod-0-latency-25.cdgp
1704042733162206783,1704042738918494575,200,http://172.169.8.253:31112/function/opt-66b-submod-0-latency-25.cdgp
1704042733162283886,1704042742871694465,500,http://172.169.8.253:31112/function/opt-66b-submod-0-latency-25.cdgp
1704042733236546848,1704042735525000041,200,http://172.169.8.253:31112/function/opt-66b-submod-0-latency-25.cdgp
1704042733236623249,1704042743033553526,500,http://172.169.8.253:31112/function/opt-66b-submod-0-latency-25.cdgp
1704042733236691453,1704042743237941744,500,http://172.169.8.253:31112/function/opt-66b-submod-0-latency-25.cdgp
1704042733236746940,1704042742761913792,500,http://172.169.8.253:31112/function/opt-66b-submod-0-latency-25.cdgp
1704042733236802248,1704042743237911620,500,http://172.169.8.253:31112/function/opt-66b-submod-0-latency-25.cdgp
1704042733236840062,1704042738907428707,200,http://172.169.8.253:31112/function/opt-66b-submod-0-latency-25.cdgp
1704042733236934502,1704042742152357041,500,http://172.169.8.253:31112/function/opt-66b-submod-0-latency-25.cdgp
1704042733236994341,1704042743029179412,500,http://172.169.8.253:31112/function/opt-66b-submod-0-latency-25.cdgp
1704042733237086404,1704042742823530365,500,http://172.169.8.253:31112/function/opt-66b-submod-0-latency-25.cdgp
1704042733237147420,1704042742964090632,500,http://172.169.8.253:31112/function/opt-66b-submod-0-latency-25.cdgp
1704042733237222147,1704042741254367004,200,http://172.169.8.253:31112/function/opt-66b-submod-0-latency-25.cdgp
1704042733237287640,1704042736085741089,200,http://172.169.8.253:31112/function/opt-66b-submod-0-latency-25.cdgp
1704042733237378148,1704042743028624670,500,http://172.169.8.253:31112/function/opt-66b-submod-0-latency-25.cdgp
1704042733237463205,1704042742953322435,500,http://172.169.8.253:31112/function/opt-66b-submod-0-latency-25.cdgp
1704042733237521607,1704042743237930130,500,http://172.169.8.253:31112/function/opt-66b-submod-0-latency-25.cdgp
1704042733237553890,1704042738904826402,200,http://172.169.8.253:31112/function/opt-66b-submod-0-latency-25.cdgp
1704042733237627866,1704042743100929972,500,http://172.169.8.253:31112/function/opt-66b-submod-0-latency-25.cdgp
1704042733237679990,1704042740760170730,200,http://172.169.8.253:31112/function/opt-66b-submod-0-latency-25.cdgp
1704042733310730991,1704042743182955323,500,http://172.169.8.253:31112/function/opt-66b-submod-0-latency-25.cdgp
1704042733310819927,1704042743068697866,500,http://172.169.8.253:31112/function/opt-66b-submod-0-latency-25.cdgp
1704042733310889682,1704042743183606973,500,http://172.169.8.253:31112/function/opt-66b-submod-0-latency-25.cdgp
1704042733310955006,1704042742823693151,500,http://172.169.8.253:31112/function/opt-66b-submod-0-latency-25.cdgp
1704042733310983746,1704042743036287472,500,http://172.169.8.253:31112/function/opt-66b-submod-0-latency-25.cdgp
1704042733311084498,1704042743037464212,500,http://172.169.8.253:31112/function/opt-66b-submod-0-latency-25.cdgp
1704042733311154801,1704042738902029985,200,http://172.169.8.253:31112/function/opt-66b-submod-0-latency-25.cdgp
1704042733311221688,1704042742823388317,500,http://172.169.8.253:31112/function/opt-66b-submod-0-latency-25.cdgp
1704042733311238622,1704042743179791410,500,http://172.169.8.253:31112/function/opt-66b-submod-0-latency-25.cdgp
1704042733311322359,1704042743044003292,500,http://172.169.8.253:31112/function/opt-66b-submod-0-latency-25.cdgp
1704042733311390403,1704042742765761465,500,http://172.169.8.253:31112/function/opt-66b-submod-0-latency-25.cdgp
1704042733311427312,1704042738911000866,200,http://172.169.8.253:31112/function/opt-66b-submod-0-latency-25.cdgp
1704042733311511733,1704042740760246765,200,http://172.169.8.253:31112/function/opt-66b-submod-0-latency-25.cdgp
1704042733317360602,1704042742568210111,500,http://172.169.8.253:31112/function/opt-66b-submod-0-latency-25.cdgp
1704042733317516115,1704042743318564514,500,http://172.169.8.253:31112/function/opt-66b-submod-0-latency-25.cdgp
1704042733317607749,1704042743100907936,500,http://172.169.8.253:31112/function/opt-66b-submod-0-latency-25.cdgp
1704042733317703806,1704042743054709232,500,http://172.169.8.253:31112/function/opt-66b-submod-0-latency-25.cdgp
1704042733317787997,1704042742550316881,500,http://172.169.8.253:31112/function/opt-66b-submod-0-latency-25.cdgp
1704042733317863191,1704042743180271595,500,http://172.169.8.253:31112/function/opt-66b-submod-0-latency-25.cdgp
1704042733317947251,1704042742936804363,500,http://172.169.8.253:31112/function/opt-66b-submod-0-latency-25.cdgp
1704042733383419928,1704042741253860680,200,http://172.169.8.253:31112/function/opt-66b-submod-0-latency-25.cdgp
1704042733383512424,1704042743060341961,500,http://172.169.8.253:31112/function/opt-66b-submod-0-latency-25.cdgp
1704042733383630266,1704042736288231704,200,http://172.169.8.253:31112/function/opt-66b-submod-0-latency-25.cdgp
1704042733383704530,1704042743116447532,500,http://172.169.8.253:31112/function/opt-66b-submod-0-latency-25.cdgp
1704042733383776152,1704042743384817465,500,http://172.169.8.253:31112/function/opt-66b-submod-0-latency-25.cdgp
1704042733383785640,1704042743115870785,500,http://172.169.8.253:31112/function/opt-66b-submod-0-latency-25.cdgp
1704042733387121863,1704042743388092144,500,http://172.169.8.253:31112/function/opt-66b-submod-0-latency-25.cdgp
1704042733387236575,1704042741254322342,200,http://172.169.8.253:31112/function/opt-66b-submod-0-latency-25.cdgp
1704042733387351999,1704042743059079029,500,http://172.169.8.253:31112/function/opt-66b-submod-0-latency-25.cdgp
1704042733387450232,1704042741309958711,200,http://172.169.8.253:31112/function/opt-66b-submod-0-latency-25.cdgp
1704042733387581657,1704042743118807785,500,http://172.169.8.253:31112/function/opt-66b-submod-0-latency-25.cdgp
1704042733387659368,1704042743118380803,500,http://172.169.8.253:31112/function/opt-66b-submod-0-latency-25.cdgp
1704042733899024145,1704042743191459000,500,http://172.169.8.253:31112/function/opt-66b-submod-0-latency-25.cdgp
1704042733899395318,1704042740529809458,200,http://172.169.8.253:31112/function/opt-66b-submod-0-latency-25.cdgp
1704042733899503798,1704042743251913606,500,http://172.169.8.253:31112/function/opt-66b-submod-0-latency-25.cdgp
1704042733899618087,1704042743243716131,500,http://172.169.8.253:31112/function/opt-66b-submod-0-latency-25.cdgp
1704042733899671926,1704042743235500266,500,http://172.169.8.253:31112/function/opt-66b-submod-0-latency-25.cdgp
1704042733899752895,1704042743242716091,500,http://172.169.8.253:31112/function/opt-66b-submod-0-latency-25.cdgp
1704042734106506100,1704042743509993778,500,http://172.169.8.253:31112/function/opt-66b-submod-0-latency-25.cdgp
1704042734106667946,1704042743389559925,500,http://172.169.8.253:31112/function/opt-66b-submod-0-latency-25.cdgp
1704042734106739733,1704042743506438728,500,http://172.169.8.253:31112/function/opt-66b-submod-0-latency-25.cdgp
1704042734106763335,1704042743401763598,500,http://172.169.8.253:31112/function/opt-66b-submod-0-latency-25.cdgp
1704042734106845229,1704042741310049693,200,http://172.169.8.253:31112/function/opt-66b-submod-0-latency-25.cdgp
1704042734106926872,1704042744107791165,500,http://172.169.8.253:31112/function/opt-66b-submod-0-latency-25.cdgp
1704042734106961801,1704042743511487859,500,http://172.169.8.253:31112/function/opt-66b-submod-0-latency-25.cdgp
1704042734107046630,1704042743507330407,500,http://172.169.8.253:31112/function/opt-66b-submod-0-latency-25.cdgp
1704042734107158947,1704042736284228129,200,http://172.169.8.253:31112/function/opt-66b-submod-0-latency-25.cdgp
1704042734113892703,1704042742766068599,500,http://172.169.8.253:31112/function/opt-66b-submod-0-latency-25.cdgp
1704042734113950962,1704042739838079751,200,http://172.169.8.253:31112/function/opt-66b-submod-0-latency-25.cdgp
1704042734114005125,1704042743472638022,500,http://172.169.8.253:31112/function/opt-66b-submod-0-latency-25.cdgp
1704042734121080451,1704042743910555591,500,http://172.169.8.253:31112/function/opt-66b-submod-0-latency-25.cdgp
1704042734121191563,1704042743543388761,500,http://172.169.8.253:31112/function/opt-66b-submod-0-latency-25.cdgp
1704042734121263118,1704042743545217328,500,http://172.169.8.253:31112/function/opt-66b-submod-0-latency-25.cdgp
1704042734121326883,1704042742568657579,500,http://172.169.8.253:31112/function/opt-66b-submod-0-latency-25.cdgp
1704042734129506886,1704042743538299993,500,http://172.169.8.253:31112/function/opt-66b-submod-0-latency-25.cdgp
1704042734928732598,1704042741635544432,200,http://172.169.8.253:31112/function/opt-66b-submod-0-latency-25.cdgp
1704042734928812868,1704042743952122206,500,http://172.169.8.253:31112/function/opt-66b-submod-0-latency-25.cdgp
1704042734928898859,1704042744252843031,500,http://172.169.8.253:31112/function/opt-66b-submod-0-latency-25.cdgp
1704042734937933422,1704042736085928381,200,http://172.169.8.253:31112/function/opt-66b-submod-0-latency-25.cdgp
1704042734938027472,1704042743955332351,500,http://172.169.8.253:31112/function/opt-66b-submod-0-latency-25.cdgp
1704042734938172972,1704042744389035294,500,http://172.169.8.253:31112/function/opt-66b-submod-0-latency-25.cdgp
1704042734938262515,1704042743974577393,500,http://172.169.8.253:31112/function/opt-66b-submod-0-latency-25.cdgp
1704042734938331051,1704042744471146686,500,http://172.169.8.253:31112/function/opt-66b-submod-0-latency-25.cdgp
1704042734938431240,1704042744389172488,500,http://172.169.8.253:31112/function/opt-66b-submod-0-latency-25.cdgp
1704042734938486472,1704042743975698112,500,http://172.169.8.253:31112/function/opt-66b-submod-0-latency-25.cdgp
1704042735059864969,1704042744063577130,500,http://172.169.8.253:31112/function/opt-66b-submod-0-latency-25.cdgp
1704042735059977944,1704042739527652487,200,http://172.169.8.253:31112/function/opt-66b-submod-0-latency-25.cdgp
1704042735060048322,1704042744089365843,500,http://172.169.8.253:31112/function/opt-66b-submod-0-latency-25.cdgp
1704042735060109548,1704042745061209941,500,http://172.169.8.253:31112/function/opt-66b-submod-0-latency-25.cdgp
1704042735060165468,1704042745061234454,500,http://172.169.8.253:31112/function/opt-66b-submod-0-latency-25.cdgp
1704042735060261968,1704042744502440554,500,http://172.169.8.253:31112/function/opt-66b-submod-0-latency-25.cdgp
1704042735060341117,1704042744872437499,500,http://172.169.8.253:31112/function/opt-66b-submod-0-latency-25.cdgp
1704042735060446186,1704042744152754748,500,http://172.169.8.253:31112/function/opt-66b-submod-0-latency-25.cdgp
1704042735060599980,1704042744944496502,500,http://172.169.8.253:31112/function/opt-66b-submod-0-latency-25.cdgp
1704042735060671300,1704042745061029633,500,http://172.169.8.253:31112/function/opt-66b-submod-0-latency-25.cdgp
1704042735060753892,1704042739025251121,200,http://172.169.8.253:31112/function/opt-66b-submod-0-latency-25.cdgp
1704042735060847580,1704042744547503298,500,http://172.169.8.253:31112/function/opt-66b-submod-0-latency-25.cdgp
1704042735060919274,1704042745061228622,500,http://172.169.8.253:31112/function/opt-66b-submod-0-latency-25.cdgp
1704042735060986552,1704042745061221271,500,http://172.169.8.253:31112/function/opt-66b-submod-0-latency-25.cdgp
1704042735061035528,1704042741258992006,200,http://172.169.8.253:31112/function/opt-66b-submod-0-latency-25.cdgp
1704042735061075292,1704042744629334622,500,http://172.169.8.253:31112/function/opt-66b-submod-0-latency-25.cdgp
1704042735061158678,1704042744916601569,500,http://172.169.8.253:31112/function/opt-66b-submod-0-latency-25.cdgp
1704042735061259929,1704042745062423561,500,http://172.169.8.253:31112/function/opt-66b-submod-0-latency-25.cdgp
1704042735061326702,1704042743458746444,500,http://172.169.8.253:31112/function/opt-66b-submod-0-latency-25.cdgp
1704042735061410928,1704042744858403354,500,http://172.169.8.253:31112/function/opt-66b-submod-0-latency-25.cdgp
1704042735061508565,1704042744629347800,500,http://172.169.8.253:31112/function/opt-66b-submod-0-latency-25.cdgp
1704042735061591995,1704042738018120373,200,http://172.169.8.253:31112/function/opt-66b-submod-0-latency-25.cdgp
1704042735061668684,1704042744048343642,200,http://172.169.8.253:31112/function/opt-66b-submod-0-latency-25.cdgp
1704042735061765713,1704042737229972165,200,http://172.169.8.253:31112/function/opt-66b-submod-0-latency-25.cdgp
1704042735061847672,1704042744921000266,500,http://172.169.8.253:31112/function/opt-66b-submod-0-latency-25.cdgp
1704042735061924801,1704042745062407249,500,http://172.169.8.253:31112/function/opt-66b-submod-0-latency-25.cdgp
1704042735062019116,1704042744471708757,500,http://172.169.8.253:31112/function/opt-66b-submod-0-latency-25.cdgp
1704042735062092750,1704042744921151158,500,http://172.169.8.253:31112/function/opt-66b-submod-0-latency-25.cdgp
1704042735062166698,1704042744871755487,500,http://172.169.8.253:31112/function/opt-66b-submod-0-latency-25.cdgp
1704042735062229780,1704042744916445296,500,http://172.169.8.253:31112/function/opt-66b-submod-0-latency-25.cdgp
1704042735062326365,1704042744916958958,500,http://172.169.8.253:31112/function/opt-66b-submod-0-latency-25.cdgp
1704042735062429796,1704042741253952256,200,http://172.169.8.253:31112/function/opt-66b-submod-0-latency-25.cdgp
1704042735062522275,1704042744859531722,500,http://172.169.8.253:31112/function/opt-66b-submod-0-latency-25.cdgp
1704042735062549191,1704042744471205725,500,http://172.169.8.253:31112/function/opt-66b-submod-0-latency-25.cdgp
1704042735062614322,1704042744861259278,500,http://172.169.8.253:31112/function/opt-66b-submod-0-latency-25.cdgp
1704042735062677569,1704042744386024019,500,http://172.169.8.253:31112/function/opt-66b-submod-0-latency-25.cdgp
1704042735062959319,1704042744916727612,500,http://172.169.8.253:31112/function/opt-66b-submod-0-latency-25.cdgp
1704042735063024166,1704042744386602399,500,http://172.169.8.253:31112/function/opt-66b-submod-0-latency-25.cdgp
1704042735063106022,1704042744916153494,500,http://172.169.8.253:31112/function/opt-66b-submod-0-latency-25.cdgp
1704042735063172571,1704042745063508791,500,http://172.169.8.253:31112/function/opt-66b-submod-0-latency-25.cdgp
1704042735063206672,1704042744051014993,500,http://172.169.8.253:31112/function/opt-66b-submod-0-latency-25.cdgp
1704042735063261702,1704042744531099418,500,http://172.169.8.253:31112/function/opt-66b-submod-0-latency-25.cdgp
1704042735063339222,1704042741672033294,200,http://172.169.8.253:31112/function/opt-66b-submod-0-latency-25.cdgp
1704042735063393212,1704042744917106730,500,http://172.169.8.253:31112/function/opt-66b-submod-0-latency-25.cdgp
1704042735732784036,1704042745255600251,500,http://172.169.8.253:31112/function/opt-66b-submod-0-latency-25.cdgp
1704042735825877251,1704042745827129335,500,http://172.169.8.253:31112/function/opt-66b-submod-0-latency-25.cdgp
1704042735825959865,1704042745212841525,500,http://172.169.8.253:31112/function/opt-66b-submod-0-latency-25.cdgp
1704042735826073293,1704042745255626943,500,http://172.169.8.253:31112/function/opt-66b-submod-0-latency-25.cdgp
1704042735826152352,1704042745745701040,500,http://172.169.8.253:31112/function/opt-66b-submod-0-latency-25.cdgp
1704042735826185392,1704042745252606996,500,http://172.169.8.253:31112/function/opt-66b-submod-0-latency-25.cdgp
1704042735826291942,1704042744952205319,500,http://172.169.8.253:31112/function/opt-66b-submod-0-latency-25.cdgp
1704042735826426961,1704042745538925786,500,http://172.169.8.253:31112/function/opt-66b-submod-0-latency-25.cdgp
1704042735826489717,1704042745565103092,500,http://172.169.8.253:31112/function/opt-66b-submod-0-latency-25.cdgp
1704042735826508227,1704042745312730462,500,http://172.169.8.253:31112/function/opt-66b-submod-0-latency-25.cdgp
1704042735826555372,1704042745218087258,500,http://172.169.8.253:31112/function/opt-66b-submod-0-latency-25.cdgp
1704042735826625029,1704042745733980769,500,http://172.169.8.253:31112/function/opt-66b-submod-0-latency-25.cdgp
1704042735826667760,1704042743504566762,200,http://172.169.8.253:31112/function/opt-66b-submod-0-latency-25.cdgp
1704042735826741289,1704042745540452606,500,http://172.169.8.253:31112/function/opt-66b-submod-0-latency-25.cdgp
1704042735826787086,1704042743461380136,200,http://172.169.8.253:31112/function/opt-66b-submod-0-latency-25.cdgp
1704042735826837763,1704042745548275611,500,http://172.169.8.253:31112/function/opt-66b-submod-0-latency-25.cdgp
1704042735826863999,1704042745732800351,500,http://172.169.8.253:31112/function/opt-66b-submod-0-latency-25.cdgp
1704042735826946619,1704042745257252080,500,http://172.169.8.253:31112/function/opt-66b-submod-0-latency-25.cdgp
1704042735827919127,1704042745537344776,500,http://172.169.8.253:31112/function/opt-66b-submod-0-latency-25.cdgp
1704042735827983466,1704042745828304896,500,http://172.169.8.253:31112/function/opt-66b-submod-0-latency-25.cdgp
1704042735828017373,1704042745570073344,500,http://172.169.8.253:31112/function/opt-66b-submod-0-latency-25.cdgp
1704042735828093814,1704042745570913420,500,http://172.169.8.253:31112/function/opt-66b-submod-0-latency-25.cdgp
1704042735828167364,1704042745539426925,500,http://172.169.8.253:31112/function/opt-66b-submod-0-latency-25.cdgp
1704042735843185126,1704042745567913799,500,http://172.169.8.253:31112/function/opt-66b-submod-0-latency-25.cdgp
1704042735843269111,1704042745252887990,500,http://172.169.8.253:31112/function/opt-66b-submod-0-latency-25.cdgp
1704042735843334525,1704042745744334502,500,http://172.169.8.253:31112/function/opt-66b-submod-0-latency-25.cdgp
1704042735843393023,1704042745476065000,504,http://172.169.8.253:31112/function/opt-66b-submod-0-latency-25.cdgp
1704042735843420065,1704042739246458840,200,http://172.169.8.253:31112/function/opt-66b-submod-0-latency-25.cdgp
1704042735843494880,1704042745286993634,500,http://172.169.8.253:31112/function/opt-66b-submod-0-latency-25.cdgp
1704042735843573230,1704042745494535284,500,http://172.169.8.253:31112/function/opt-66b-submod-0-latency-25.cdgp
1704042735843622824,1704042745735750161,500,http://172.169.8.253:31112/function/opt-66b-submod-0-latency-25.cdgp
1704042735843716205,1704042745572926975,500,http://172.169.8.253:31112/function/opt-66b-submod-0-latency-25.cdgp
1704042735843797822,1704042745563605020,500,http://172.169.8.253:31112/function/opt-66b-submod-0-latency-25.cdgp
1704042735843871316,1704042745492324078,500,http://172.169.8.253:31112/function/opt-66b-submod-0-latency-25.cdgp
1704042735843959732,1704042745497178987,500,http://172.169.8.253:31112/function/opt-66b-submod-0-latency-25.cdgp
1704042735844011664,1704042745277326290,500,http://172.169.8.253:31112/function/opt-66b-submod-0-latency-25.cdgp
1704042735844093302,1704042744907993568,500,http://172.169.8.253:31112/function/opt-66b-submod-0-latency-25.cdgp
1704042735844191842,1704042745501985927,500,http://172.169.8.253:31112/function/opt-66b-submod-0-latency-25.cdgp
1704042735844281233,1704042745845527837,500,http://172.169.8.253:31112/function/opt-66b-submod-0-latency-25.cdgp
1704042735844342987,1704042739484502243,200,http://172.169.8.253:31112/function/opt-66b-submod-0-latency-25.cdgp
1704042735844453646,1704042745495784449,500,http://172.169.8.253:31112/function/opt-66b-submod-0-latency-25.cdgp
1704042735845348378,1704042745737622857,500,http://172.169.8.253:31112/function/opt-66b-submod-0-latency-25.cdgp
1704042735857774077,1704042743461952848,200,http://172.169.8.253:31112/function/opt-66b-submod-0-latency-25.cdgp
1704042735857859615,1704042745572443865,500,http://172.169.8.253:31112/function/opt-66b-submod-0-latency-25.cdgp
1704042735857928534,1704042745271964232,500,http://172.169.8.253:31112/function/opt-66b-submod-0-latency-25.cdgp
1704042735858000289,1704042745858786126,500,http://172.169.8.253:31112/function/opt-66b-submod-0-latency-25.cdgp
1704042735858116894,1704042745270885210,500,http://172.169.8.253:31112/function/opt-66b-submod-0-latency-25.cdgp
1704042735858223176,1704042745406251010,500,http://172.169.8.253:31112/function/opt-66b-submod-0-latency-25.cdgp
1704042735858288959,1704042745858765775,500,http://172.169.8.253:31112/function/opt-66b-submod-0-latency-25.cdgp
1704042735858324982,1704042745574296512,500,http://172.169.8.253:31112/function/opt-66b-submod-0-latency-25.cdgp
1704042736052336961,1704042744019758450,200,http://172.169.8.253:31112/function/opt-66b-submod-0-latency-25.cdgp
1704042736052422050,1704042744017419366,200,http://172.169.8.253:31112/function/opt-66b-submod-0-latency-25.cdgp
1704042736052533345,1704042739636807922,200,http://172.169.8.253:31112/function/opt-66b-submod-0-latency-25.cdgp
1704042736052603832,1704042745795624449,500,http://172.169.8.253:31112/function/opt-66b-submod-0-latency-25.cdgp
1704042736052664165,1704042745837081633,500,http://172.169.8.253:31112/function/opt-66b-submod-0-latency-25.cdgp
1704042736052779504,1704042745746299730,500,http://172.169.8.253:31112/function/opt-66b-submod-0-latency-25.cdgp
1704042736052823850,1704042746053078756,500,http://172.169.8.253:31112/function/opt-66b-submod-0-latency-25.cdgp
1704042736052917263,1704042746053081208,500,http://172.169.8.253:31112/function/opt-66b-submod-0-latency-25.cdgp
1704042736053002057,1704042743460422510,200,http://172.169.8.253:31112/function/opt-66b-submod-0-latency-25.cdgp
1704042736053068433,1704042745478904778,500,http://172.169.8.253:31112/function/opt-66b-submod-0-latency-25.cdgp
1704042736053129401,1704042745478022357,500,http://172.169.8.253:31112/function/opt-66b-submod-0-latency-25.cdgp
1704042736053170041,1704042745804082503,504,http://172.169.8.253:31112/function/opt-66b-submod-0-latency-25.cdgp
1704042736053239997,1704042743996622424,200,http://172.169.8.253:31112/function/opt-66b-submod-0-latency-25.cdgp
1704042736053326279,1704042745804642905,500,http://172.169.8.253:31112/function/opt-66b-submod-0-latency-25.cdgp
1704042736053471053,1704042739444410016,200,http://172.169.8.253:31112/function/opt-66b-submod-0-latency-25.cdgp
1704042736053536319,1704042745810977337,500,http://172.169.8.253:31112/function/opt-66b-submod-0-latency-25.cdgp
1704042736053599404,1704042743893494799,200,http://172.169.8.253:31112/function/opt-66b-submod-0-latency-25.cdgp
1704042736053634011,1704042745804101608,500,http://172.169.8.253:31112/function/opt-66b-submod-0-latency-25.cdgp
1704042736053747630,1704042745749831832,500,http://172.169.8.253:31112/function/opt-66b-submod-0-latency-25.cdgp
1704042736053831594,1704042743998287815,200,http://172.169.8.253:31112/function/opt-66b-submod-0-latency-25.cdgp
1704042736053921508,1704042745804583953,500,http://172.169.8.253:31112/function/opt-66b-submod-0-latency-25.cdgp
1704042736054002406,1704042744088944025,200,http://172.169.8.253:31112/function/opt-66b-submod-0-latency-25.cdgp
1704042736054071141,1704042745816464602,500,http://172.169.8.253:31112/function/opt-66b-submod-0-latency-25.cdgp
1704042736054117759,1704042745835572597,500,http://172.169.8.253:31112/function/opt-66b-submod-0-latency-25.cdgp
1704042736054187857,1704042745476614851,500,http://172.169.8.253:31112/function/opt-66b-submod-0-latency-25.cdgp
1704042736054246087,1704042745836605279,500,http://172.169.8.253:31112/function/opt-66b-submod-0-latency-25.cdgp
1704042736566718383,1704042746567437892,500,http://172.169.8.253:31112/function/opt-66b-submod-0-latency-25.cdgp
1704042736566801943,1704042745891483999,500,http://172.169.8.253:31112/function/opt-66b-submod-0-latency-25.cdgp
1704042736566894283,1704042746468420592,500,http://172.169.8.253:31112/function/opt-66b-submod-0-latency-25.cdgp
1704042736566955261,1704042746299470236,500,http://172.169.8.253:31112/function/opt-66b-submod-0-latency-25.cdgp
1704042736567014748,1704042746567418605,500,http://172.169.8.253:31112/function/opt-66b-submod-0-latency-25.cdgp
1704042736567054751,1704042744050945509,200,http://172.169.8.253:31112/function/opt-66b-submod-0-latency-25.cdgp
1704042736567129288,1704042746299369383,500,http://172.169.8.253:31112/function/opt-66b-submod-0-latency-25.cdgp
1704042736567190151,1704042744255654066,200,http://172.169.8.253:31112/function/opt-66b-submod-0-latency-25.cdgp
1704042736567213616,1704042746567595550,500,http://172.169.8.253:31112/function/opt-66b-submod-0-latency-25.cdgp
1704042736567300269,1704042745935541893,500,http://172.169.8.253:31112/function/opt-66b-submod-0-latency-25.cdgp
1704042736567348768,1704042746567586448,500,http://172.169.8.253:31112/function/opt-66b-submod-0-latency-25.cdgp
1704042736567548933,1704042739323530136,200,http://172.169.8.253:31112/function/opt-66b-submod-0-latency-25.cdgp
1704042736567624465,1704042746568907081,500,http://172.169.8.253:31112/function/opt-66b-submod-0-latency-25.cdgp
1704042736567683018,1704042746327628479,500,http://172.169.8.253:31112/function/opt-66b-submod-0-latency-25.cdgp
1704042736567777162,1704042746568924509,500,http://172.169.8.253:31112/function/opt-66b-submod-0-latency-25.cdgp
1704042736567846749,1704042745255613363,500,http://172.169.8.253:31112/function/opt-66b-submod-0-latency-25.cdgp
1704042736567905276,1704042746471529395,500,http://172.169.8.253:31112/function/opt-66b-submod-0-latency-25.cdgp
1704042736567970470,1704042746568921376,500,http://172.169.8.253:31112/function/opt-66b-submod-0-latency-25.cdgp
1704042736568051756,1704042746568920443,500,http://172.169.8.253:31112/function/opt-66b-submod-0-latency-25.cdgp
1704042736568124505,1704042746568617578,500,http://172.169.8.253:31112/function/opt-66b-submod-0-latency-25.cdgp
1704042736568223705,1704042743944703612,200,http://172.169.8.253:31112/function/opt-66b-submod-0-latency-25.cdgp
1704042736568309491,1704042746568913081,500,http://172.169.8.253:31112/function/opt-66b-submod-0-latency-25.cdgp
1704042736568396575,1704042746568615647,500,http://172.169.8.253:31112/function/opt-66b-submod-0-latency-25.cdgp
1704042736568471212,1704042744186036088,200,http://172.169.8.253:31112/function/opt-66b-submod-0-latency-25.cdgp
1704042736568535563,1704042744156705615,200,http://172.169.8.253:31112/function/opt-66b-submod-0-latency-25.cdgp
1704042736568596053,1704042746343569905,500,http://172.169.8.253:31112/function/opt-66b-submod-0-latency-25.cdgp
1704042736568711167,1704042746435060207,500,http://172.169.8.253:31112/function/opt-66b-submod-0-latency-25.cdgp
1704042736568795650,1704042746047714427,500,http://172.169.8.253:31112/function/opt-66b-submod-0-latency-25.cdgp
1704042736568872791,1704042743947491301,200,http://172.169.8.253:31112/function/opt-66b-submod-0-latency-25.cdgp
1704042736568957941,1704042746569861565,500,http://172.169.8.253:31112/function/opt-66b-submod-0-latency-25.cdgp
1704042736569005398,1704042746570007802,500,http://172.169.8.253:31112/function/opt-66b-submod-0-latency-25.cdgp
1704042736569085157,1704042744037658411,200,http://172.169.8.253:31112/function/opt-66b-submod-0-latency-25.cdgp
1704042736569163708,1704042746569856440,500,http://172.169.8.253:31112/function/opt-66b-submod-0-latency-25.cdgp
1704042736569242650,1704042746499354037,500,http://172.169.8.253:31112/function/opt-66b-submod-0-latency-25.cdgp
1704042736569304701,1704042746254973713,500,http://172.169.8.253:31112/function/opt-66b-submod-0-latency-25.cdgp
1704042736569405098,1704042746569845785,500,http://172.169.8.253:31112/function/opt-66b-submod-0-latency-25.cdgp
1704042736569465103,1704042743463215411,200,http://172.169.8.253:31112/function/opt-66b-submod-0-latency-25.cdgp
1704042736569553874,1704042746501857270,500,http://172.169.8.253:31112/function/opt-66b-submod-0-latency-25.cdgp
1704042736569622997,1704042746298994698,500,http://172.169.8.253:31112/function/opt-66b-submod-0-latency-25.cdgp
1704042736569698445,1704042746569850759,500,http://172.169.8.253:31112/function/opt-66b-submod-0-latency-25.cdgp
1704042736569773383,1704042746570021306,500,http://172.169.8.253:31112/function/opt-66b-submod-0-latency-25.cdgp
1704042736569857422,1704042746570014819,500,http://172.169.8.253:31112/function/opt-66b-submod-0-latency-25.cdgp
1704042736569933646,1704042746427400076,500,http://172.169.8.253:31112/function/opt-66b-submod-0-latency-25.cdgp
1704042736570011803,1704042740098982945,200,http://172.169.8.253:31112/function/opt-66b-submod-0-latency-25.cdgp
1704042736570098187,1704042746397046138,500,http://172.169.8.253:31112/function/opt-66b-submod-0-latency-25.cdgp
1704042736570148968,1704042746571195911,500,http://172.169.8.253:31112/function/opt-66b-submod-0-latency-25.cdgp
1704042736570212023,1704042746571501254,500,http://172.169.8.253:31112/function/opt-66b-submod-0-latency-25.cdgp
1704042736570266258,1704042746438237478,500,http://172.169.8.253:31112/function/opt-66b-submod-0-latency-25.cdgp
1704042736570322474,1704042746501585952,500,http://172.169.8.253:31112/function/opt-66b-submod-0-latency-25.cdgp
1704042736570418546,1704042746571597297,500,http://172.169.8.253:31112/function/opt-66b-submod-0-latency-25.cdgp
1704042736570492758,1704042746571201899,500,http://172.169.8.253:31112/function/opt-66b-submod-0-latency-25.cdgp
1704042736570547785,1704042746298591508,500,http://172.169.8.253:31112/function/opt-66b-submod-0-latency-25.cdgp
1704042736570598170,1704042746571609344,500,http://172.169.8.253:31112/function/opt-66b-submod-0-latency-25.cdgp
1704042736570658785,1704042746571626437,500,http://172.169.8.253:31112/function/opt-66b-submod-0-latency-25.cdgp
1704042736570742253,1704042746571526197,500,http://172.169.8.253:31112/function/opt-66b-submod-0-latency-25.cdgp
1704042736570807424,1704042746571534140,500,http://172.169.8.253:31112/function/opt-66b-submod-0-latency-25.cdgp
1704042736570876675,1704042746571623370,500,http://172.169.8.253:31112/function/opt-66b-submod-0-latency-25.cdgp
1704042736570947514,1704042746571517850,500,http://172.169.8.253:31112/function/opt-66b-submod-0-latency-25.cdgp
1704042736571016486,1704042746561920421,500,http://172.169.8.253:31112/function/opt-66b-submod-0-latency-25.cdgp
1704042736571069616,1704042746571197488,500,http://172.169.8.253:31112/function/opt-66b-submod-0-latency-25.cdgp
1704042736571128147,1704042746571606369,500,http://172.169.8.253:31112/function/opt-66b-submod-0-latency-25.cdgp
1704042736571208608,1704042739443922451,200,http://172.169.8.253:31112/function/opt-66b-submod-0-latency-25.cdgp
1704042736571286457,1704042745818718750,200,http://172.169.8.253:31112/function/opt-66b-submod-0-latency-25.cdgp
1704042736571366935,1704042746571698116,500,http://172.169.8.253:31112/function/opt-66b-submod-0-latency-25.cdgp
1704042736571416750,1704042740779692995,200,http://172.169.8.253:31112/function/opt-66b-submod-0-latency-25.cdgp
1704042736571466547,1704042739444805753,200,http://172.169.8.253:31112/function/opt-66b-submod-0-latency-25.cdgp
1704042736571573726,1704042746571711414,500,http://172.169.8.253:31112/function/opt-66b-submod-0-latency-25.cdgp
1704042736571644378,1704042746489010595,500,http://172.169.8.253:31112/function/opt-66b-submod-0-latency-25.cdgp
1704042736571720626,1704042746572419869,500,http://172.169.8.253:31112/function/opt-66b-submod-0-latency-25.cdgp
1704042736571766277,1704042746572253862,500,http://172.169.8.253:31112/function/opt-66b-submod-0-latency-25.cdgp
1704042736571820590,1704042746572604622,500,http://172.169.8.253:31112/function/opt-66b-submod-0-latency-25.cdgp
1704042736571892814,1704042746572431810,500,http://172.169.8.253:31112/function/opt-66b-submod-0-latency-25.cdgp
1704042736571964050,1704042746298008544,500,http://172.169.8.253:31112/function/opt-66b-submod-0-latency-25.cdgp
1704042736572024985,1704042746572491073,500,http://172.169.8.253:31112/function/opt-66b-submod-0-latency-25.cdgp
1704042736572094820,1704042743463932312,200,http://172.169.8.253:31112/function/opt-66b-submod-0-latency-25.cdgp
1704042736572165286,1704042746572264315,500,http://172.169.8.253:31112/function/opt-66b-submod-0-latency-25.cdgp
1704042736572173428,1704042746572506605,500,http://172.169.8.253:31112/function/opt-66b-submod-0-latency-25.cdgp
1704042736572255422,1704042746572625567,500,http://172.169.8.253:31112/function/opt-66b-submod-0-latency-25.cdgp
1704042736572324259,1704042746572429518,500,http://172.169.8.253:31112/function/opt-66b-submod-0-latency-25.cdgp
1704042736572402071,1704042746560536520,500,http://172.169.8.253:31112/function/opt-66b-submod-0-latency-25.cdgp
1704042736572473174,1704042746572615661,500,http://172.169.8.253:31112/function/opt-66b-submod-0-latency-25.cdgp
1704042736572560081,1704042746572685181,500,http://172.169.8.253:31112/function/opt-66b-submod-0-latency-25.cdgp
1704042736572631137,1704042746572786830,500,http://172.169.8.253:31112/function/opt-66b-submod-0-latency-25.cdgp
1704042736572712969,1704042746572930183,500,http://172.169.8.253:31112/function/opt-66b-submod-0-latency-25.cdgp
1704042736572769527,1704042746572940360,500,http://172.169.8.253:31112/function/opt-66b-submod-0-latency-25.cdgp
1704042736572889747,1704042746573012294,500,http://172.169.8.253:31112/function/opt-66b-submod-0-latency-25.cdgp
1704042736572974315,1704042746573090034,500,http://172.169.8.253:31112/function/opt-66b-submod-0-latency-25.cdgp
1704042736573023507,1704042746573164017,500,http://172.169.8.253:31112/function/opt-66b-submod-0-latency-25.cdgp
1704042736573109779,1704042746573333023,500,http://172.169.8.253:31112/function/opt-66b-submod-0-latency-25.cdgp
1704042736573254874,1704042746573391247,500,http://172.169.8.253:31112/function/opt-66b-submod-0-latency-25.cdgp
1704042736573329869,1704042740730949765,200,http://172.169.8.253:31112/function/opt-66b-submod-0-latency-25.cdgp
1704042736573376037,1704042746573459168,500,http://172.169.8.253:31112/function/opt-66b-submod-0-latency-25.cdgp
1704042736583238291,1704042746583595201,500,http://172.169.8.253:31112/function/opt-66b-submod-0-latency-25.cdgp
1704042736583353610,1704042746552990845,500,http://172.169.8.253:31112/function/opt-66b-submod-0-latency-25.cdgp
1704042736583440348,1704042746433479733,500,http://172.169.8.253:31112/function/opt-66b-submod-0-latency-25.cdgp
1704042736583556668,1704042746583735775,500,http://172.169.8.253:31112/function/opt-66b-submod-0-latency-25.cdgp
1704042736583632075,1704042746583879118,500,http://172.169.8.253:31112/function/opt-66b-submod-0-latency-25.cdgp
1704042736583725962,1704042744260217408,200,http://172.169.8.253:31112/function/opt-66b-submod-0-latency-25.cdgp
1704042736583806526,1704042746583946816,500,http://172.169.8.253:31112/function/opt-66b-submod-0-latency-25.cdgp
1704042736586517455,1704042746587066812,500,http://172.169.8.253:31112/function/opt-66b-submod-0-latency-25.cdgp
1704042736586607013,1704042746587143535,500,http://172.169.8.253:31112/function/opt-66b-submod-0-latency-25.cdgp
1704042736586708119,1704042746587081381,500,http://172.169.8.253:31112/function/opt-66b-submod-0-latency-25.cdgp
1704042736586802343,1704042746587159084,500,http://172.169.8.253:31112/function/opt-66b-submod-0-latency-25.cdgp
1704042736587827017,1704042746588109564,500,http://172.169.8.253:31112/function/opt-66b-submod-0-latency-25.cdgp
1704042736587925135,1704042746588105819,500,http://172.169.8.253:31112/function/opt-66b-submod-0-latency-25.cdgp
1704042736589460273,1704042746590293089,500,http://172.169.8.253:31112/function/opt-66b-submod-0-latency-25.cdgp
1704042736589539864,1704042746590519883,500,http://172.169.8.253:31112/function/opt-66b-submod-0-latency-25.cdgp
1704042736589610250,1704042746590528103,500,http://172.169.8.253:31112/function/opt-66b-submod-0-latency-25.cdgp
1704042736589672147,1704042743910934208,200,http://172.169.8.253:31112/function/opt-66b-submod-0-latency-25.cdgp
1704042736589713777,1704042744917293495,200,http://172.169.8.253:31112/function/opt-66b-submod-0-latency-25.cdgp
1704042736589795030,1704042741089726546,200,http://172.169.8.253:31112/function/opt-66b-submod-0-latency-25.cdgp
1704042736589860465,1704042746590666562,500,http://172.169.8.253:31112/function/opt-66b-submod-0-latency-25.cdgp
1704042736589882108,1704042746590304210,500,http://172.169.8.253:31112/function/opt-66b-submod-0-latency-25.cdgp
1704042736589939219,1704042746590656126,500,http://172.169.8.253:31112/function/opt-66b-submod-0-latency-25.cdgp
1704042736589984484,1704042746590666751,500,http://172.169.8.253:31112/function/opt-66b-submod-0-latency-25.cdgp
1704042736590014200,1704042746590677113,500,http://172.169.8.253:31112/function/opt-66b-submod-0-latency-25.cdgp
1704042736759563992,1704042746759826860,500,http://172.169.8.253:31112/function/opt-66b-submod-0-latency-25.cdgp
1704042736759655544,1704042746396314132,500,http://172.169.8.253:31112/function/opt-66b-submod-0-latency-25.cdgp
1704042736759744231,1704042743911976515,200,http://172.169.8.253:31112/function/opt-66b-submod-0-latency-25.cdgp
1704042736759811218,1704042746759970617,500,http://172.169.8.253:31112/function/opt-66b-submod-0-latency-25.cdgp
1704042736759875974,1704042746759994030,500,http://172.169.8.253:31112/function/opt-66b-submod-0-latency-25.cdgp
1704042736759914756,1704042746760064551,500,http://172.169.8.253:31112/function/opt-66b-submod-0-latency-25.cdgp
1704042736760300971,1704042746760878465,500,http://172.169.8.253:31112/function/opt-66b-submod-0-latency-25.cdgp
1704042737117703739,1704042746939362407,500,http://172.169.8.253:31112/function/opt-66b-submod-0-latency-25.cdgp
1704042737117788332,1704042746975755573,500,http://172.169.8.253:31112/function/opt-66b-submod-0-latency-25.cdgp
1704042737117882685,1704042746983514827,500,http://172.169.8.253:31112/function/opt-66b-submod-0-latency-25.cdgp
1704042737117957177,1704042746983680152,500,http://172.169.8.253:31112/function/opt-66b-submod-0-latency-25.cdgp
1704042737118046186,1704042746936067576,500,http://172.169.8.253:31112/function/opt-66b-submod-0-latency-25.cdgp
1704042737118107323,1704042746839032785,500,http://172.169.8.253:31112/function/opt-66b-submod-0-latency-25.cdgp
1704042737118134951,1704042746439709313,500,http://172.169.8.253:31112/function/opt-66b-submod-0-latency-25.cdgp
1704042738410506922,1704042745977203900,200,http://172.169.8.253:31112/function/opt-66b-submod-0-latency-25.cdgp
1704042738410618376,1704042747948224273,500,http://172.169.8.253:31112/function/opt-66b-submod-0-latency-25.cdgp
1704042738410725992,1704042747947946297,500,http://172.169.8.253:31112/function/opt-66b-submod-0-latency-25.cdgp
1704042738410793659,1704042744917283344,200,http://172.169.8.253:31112/function/opt-66b-submod-0-latency-25.cdgp
1704042738410826327,1704042748411602292,500,http://172.169.8.253:31112/function/opt-66b-submod-0-latency-25.cdgp
1704042738410929598,1704042747675065954,200,http://172.169.8.253:31112/function/opt-66b-submod-0-latency-25.cdgp
1704042738410993270,1704042747948223830,500,http://172.169.8.253:31112/function/opt-66b-submod-0-latency-25.cdgp
1704042738411026657,1704042747947667377,500,http://172.169.8.253:31112/function/opt-66b-submod-0-latency-25.cdgp
1704042738411091549,1704042748411612671,500,http://172.169.8.253:31112/function/opt-66b-submod-0-latency-25.cdgp
1704042738411129616,1704042748411683546,500,http://172.169.8.253:31112/function/opt-66b-submod-0-latency-25.cdgp
1704042738411220332,1704042747479606898,500,http://172.169.8.253:31112/function/opt-66b-submod-0-latency-25.cdgp
1704042738411281076,1704042747948032011,500,http://172.169.8.253:31112/function/opt-66b-submod-0-latency-25.cdgp
1704042738411305131,1704042747948049027,500,http://172.169.8.253:31112/function/opt-66b-submod-0-latency-25.cdgp
1704042738411409947,1704042745892205105,200,http://172.169.8.253:31112/function/opt-66b-submod-0-latency-25.cdgp
1704042738411505824,1704042748143661707,500,http://172.169.8.253:31112/function/opt-66b-submod-0-latency-25.cdgp
1704042739082068523,1704042744883376563,200,http://172.169.8.253:31112/function/opt-66b-submod-0-latency-25.cdgp
1704042739082188665,1704042748079132309,500,http://172.169.8.253:31112/function/opt-66b-submod-0-latency-25.cdgp
1704042739082268321,1704042748172263613,500,http://172.169.8.253:31112/function/opt-66b-submod-0-latency-25.cdgp
1704042739082344526,1704042748400090469,500,http://172.169.8.253:31112/function/opt-66b-submod-0-latency-25.cdgp
1704042739082435593,1704042748164934950,500,http://172.169.8.253:31112/function/opt-66b-submod-0-latency-25.cdgp
1704042739082522355,1704042743945753981,200,http://172.169.8.253:31112/function/opt-66b-submod-0-latency-25.cdgp
1704042739082583829,1704042745872430511,200,http://172.169.8.253:31112/function/opt-66b-submod-0-latency-25.cdgp
1704042739186640281,1704042747482416956,200,http://172.169.8.253:31112/function/opt-66b-submod-0-latency-25.cdgp
1704042739186735623,1704042748671018635,500,http://172.169.8.253:31112/function/opt-66b-submod-0-latency-25.cdgp
1704042739186834761,1704042747359226818,500,http://172.169.8.253:31112/function/opt-66b-submod-0-latency-25.cdgp
1704042739186894662,1704042748306738481,500,http://172.169.8.253:31112/function/opt-66b-submod-0-latency-25.cdgp
1704042739186958423,1704042748671089723,500,http://172.169.8.253:31112/function/opt-66b-submod-0-latency-25.cdgp
1704042739187025488,1704042748310013716,500,http://172.169.8.253:31112/function/opt-66b-submod-0-latency-25.cdgp
1704042739187136377,1704042748569484346,500,http://172.169.8.253:31112/function/opt-66b-submod-0-latency-25.cdgp
1704042739187246113,1704042748164652285,500,http://172.169.8.253:31112/function/opt-66b-submod-0-latency-25.cdgp
1704042739187355976,1704042743919420063,200,http://172.169.8.253:31112/function/opt-66b-submod-0-latency-25.cdgp
1704042739187513705,1704042748876420528,500,http://172.169.8.253:31112/function/opt-66b-submod-0-latency-25.cdgp
1704042739187605138,1704042748568987977,500,http://172.169.8.253:31112/function/opt-66b-submod-0-latency-25.cdgp
1704042740315323069,1704042741735715562,200,http://172.169.8.253:31112/function/opt-66b-submod-0-latency-25.cdgp
1704042740315464708,1704042749798558379,500,http://172.169.8.253:31112/function/opt-66b-submod-0-latency-25.cdgp
1704042740315566481,1704042749304235365,500,http://172.169.8.253:31112/function/opt-66b-submod-0-latency-25.cdgp
1704042740315632578,1704042749516337673,500,http://172.169.8.253:31112/function/opt-66b-submod-0-latency-25.cdgp
1704042740315715423,1704042748576624572,500,http://172.169.8.253:31112/function/opt-66b-submod-0-latency-25.cdgp
1704042740316183751,1704042749888819098,500,http://172.169.8.253:31112/function/opt-66b-submod-0-latency-25.cdgp
1704042740316265522,1704042744916578757,200,http://172.169.8.253:31112/function/opt-66b-submod-0-latency-25.cdgp
1704042740316347709,1704042748671370424,500,http://172.169.8.253:31112/function/opt-66b-submod-0-latency-25.cdgp
1704042740316430350,1704042749391813415,500,http://172.169.8.253:31112/function/opt-66b-submod-0-latency-25.cdgp
1704042740316456516,1704042744951617315,200,http://172.169.8.253:31112/function/opt-66b-submod-0-latency-25.cdgp
1704042740316517378,1704042749791544294,500,http://172.169.8.253:31112/function/opt-66b-submod-0-latency-25.cdgp
1704042740317828930,1704042749759883452,500,http://172.169.8.253:31112/function/opt-66b-submod-0-latency-25.cdgp
1704042740317926483,1704042749392525201,500,http://172.169.8.253:31112/function/opt-66b-submod-0-latency-25.cdgp
1704042740318001995,1704042748671098277,504,http://172.169.8.253:31112/function/opt-66b-submod-0-latency-25.cdgp
1704042740318081334,1704042749595728068,500,http://172.169.8.253:31112/function/opt-66b-submod-0-latency-25.cdgp
1704042740318139485,1704042749795861963,500,http://172.169.8.253:31112/function/opt-66b-submod-0-latency-25.cdgp
1704042740318200035,1704042749596138937,500,http://172.169.8.253:31112/function/opt-66b-submod-0-latency-25.cdgp
1704042740318299906,1704042748757484505,500,http://172.169.8.253:31112/function/opt-66b-submod-0-latency-25.cdgp
1704042740318370959,1704042745978468591,200,http://172.169.8.253:31112/function/opt-66b-submod-0-latency-25.cdgp
1704042740318456209,1704042749889178448,500,http://172.169.8.253:31112/function/opt-66b-submod-0-latency-25.cdgp
1704042740318519065,1704042749891068555,500,http://172.169.8.253:31112/function/opt-66b-submod-0-latency-25.cdgp
1704042740318614589,1704042748763672949,500,http://172.169.8.253:31112/function/opt-66b-submod-0-latency-25.cdgp
1704042740875348570,1704042745980223858,200,http://172.169.8.253:31112/function/opt-66b-submod-0-latency-25.cdgp
1704042740875498692,1704042750212794513,500,http://172.169.8.253:31112/function/opt-66b-submod-0-latency-25.cdgp
1704042740875573559,1704042750211546107,500,http://172.169.8.253:31112/function/opt-66b-submod-0-latency-25.cdgp
1704042740875649591,1704042750392193990,500,http://172.169.8.253:31112/function/opt-66b-submod-0-latency-25.cdgp
1704042740875684145,1704042750214605231,500,http://172.169.8.253:31112/function/opt-66b-submod-0-latency-25.cdgp
1704042740875774677,1704042750022239506,500,http://172.169.8.253:31112/function/opt-66b-submod-0-latency-25.cdgp
1704042740875863074,1704042750760448913,500,http://172.169.8.253:31112/function/opt-66b-submod-0-latency-25.cdgp
1704042740875941516,1704042749931675302,500,http://172.169.8.253:31112/function/opt-66b-submod-0-latency-25.cdgp
1704042740876030486,1704042750388233401,500,http://172.169.8.253:31112/function/opt-66b-submod-0-latency-25.cdgp
1704042740876108693,1704042750760429737,500,http://172.169.8.253:31112/function/opt-66b-submod-0-latency-25.cdgp
1704042740876170288,1704042750760640002,500,http://172.169.8.253:31112/function/opt-66b-submod-0-latency-25.cdgp
1704042740876196881,1704042744916728229,200,http://172.169.8.253:31112/function/opt-66b-submod-0-latency-25.cdgp
1704042740876262880,1704042750387699857,500,http://172.169.8.253:31112/function/opt-66b-submod-0-latency-25.cdgp
1704042740876339111,1704042750016047038,500,http://172.169.8.253:31112/function/opt-66b-submod-0-latency-25.cdgp
1704042740876382023,1704042750401256138,500,http://172.169.8.253:31112/function/opt-66b-submod-0-latency-25.cdgp
1704042740876447349,1704042750387505332,500,http://172.169.8.253:31112/function/opt-66b-submod-0-latency-25.cdgp
1704042740876532403,1704042750277443327,500,http://172.169.8.253:31112/function/opt-66b-submod-0-latency-25.cdgp
1704042740876668690,1704042750653823578,500,http://172.169.8.253:31112/function/opt-66b-submod-0-latency-25.cdgp
1704042740876724659,1704042750653377154,500,http://172.169.8.253:31112/function/opt-66b-submod-0-latency-25.cdgp
1704042740876754657,1704042750760395406,500,http://172.169.8.253:31112/function/opt-66b-submod-0-latency-25.cdgp
1704042740876833355,1704042743740620339,200,http://172.169.8.253:31112/function/opt-66b-submod-0-latency-25.cdgp
1704042740876907022,1704042749888553681,500,http://172.169.8.253:31112/function/opt-66b-submod-0-latency-25.cdgp
1704042740876994996,1704042750172310006,500,http://172.169.8.253:31112/function/opt-66b-submod-0-latency-25.cdgp
1704042740877072461,1704042743463289485,200,http://172.169.8.253:31112/function/opt-66b-submod-0-latency-25.cdgp
1704042740877164037,1704042750653295797,500,http://172.169.8.253:31112/function/opt-66b-submod-0-latency-25.cdgp
1704042740877222744,1704042744385180857,200,http://172.169.8.253:31112/function/opt-66b-submod-0-latency-25.cdgp
1704042740877302274,1704042750758703031,500,http://172.169.8.253:31112/function/opt-66b-submod-0-latency-25.cdgp
1704042740877368950,1704042750648680133,500,http://172.169.8.253:31112/function/opt-66b-submod-0-latency-25.cdgp
1704042740877415966,1704042750424840092,500,http://172.169.8.253:31112/function/opt-66b-submod-0-latency-25.cdgp
1704042740877502061,1704042750758877127,500,http://172.169.8.253:31112/function/opt-66b-submod-0-latency-25.cdgp
1704042740878231949,1704042750760571783,500,http://172.169.8.253:31112/function/opt-66b-submod-0-latency-25.cdgp
1704042740884496291,1704042743784646626,200,http://172.169.8.253:31112/function/opt-66b-submod-0-latency-25.cdgp
1704042740884598196,1704042744952568459,200,http://172.169.8.253:31112/function/opt-66b-submod-0-latency-25.cdgp
1704042740884681185,1704042744907955918,200,http://172.169.8.253:31112/function/opt-66b-submod-0-latency-25.cdgp
1704042740884752432,1704042750648394665,500,http://172.169.8.253:31112/function/opt-66b-submod-0-latency-25.cdgp
1704042740884881156,1704042750653121490,500,http://172.169.8.253:31112/function/opt-66b-submod-0-latency-25.cdgp
1704042741030611927,1704042749964912859,500,http://172.169.8.253:31112/function/opt-66b-submod-0-latency-25.cdgp
1704042741030718013,1704042750821303791,500,http://172.169.8.253:31112/function/opt-66b-submod-0-latency-25.cdgp
1704042741030797017,1704042749967426513,500,http://172.169.8.253:31112/function/opt-66b-submod-0-latency-25.cdgp
1704042741030869503,1704042751032030726,500,http://172.169.8.253:31112/function/opt-66b-submod-0-latency-25.cdgp
1704042741030960306,1704042750920313347,504,http://172.169.8.253:31112/function/opt-66b-submod-0-latency-25.cdgp
1704042741031024294,1704042750758839413,500,http://172.169.8.253:31112/function/opt-66b-submod-0-latency-25.cdgp
1704042741031057856,1704042750922295194,500,http://172.169.8.253:31112/function/opt-66b-submod-0-latency-25.cdgp
1704042741031148308,1704042750919204885,500,http://172.169.8.253:31112/function/opt-66b-submod-0-latency-25.cdgp
1704042741031180538,1704042750922315711,500,http://172.169.8.253:31112/function/opt-66b-submod-0-latency-25.cdgp
1704042741031287033,1704042744917581105,200,http://172.169.8.253:31112/function/opt-66b-submod-0-latency-25.cdgp
1704042741031365373,1704042750812642474,500,http://172.169.8.253:31112/function/opt-66b-submod-0-latency-25.cdgp
1704042741031429399,1704042750860220571,500,http://172.169.8.253:31112/function/opt-66b-submod-0-latency-25.cdgp
1704042741031492813,1704042744005437938,200,http://172.169.8.253:31112/function/opt-66b-submod-0-latency-25.cdgp
1704042741031578424,1704042750820725436,500,http://172.169.8.253:31112/function/opt-66b-submod-0-latency-25.cdgp
1704042741031620884,1704042750922925622,500,http://172.169.8.253:31112/function/opt-66b-submod-0-latency-25.cdgp
1704042741031728036,1704042750820598038,500,http://172.169.8.253:31112/function/opt-66b-submod-0-latency-25.cdgp
1704042741034212157,1704042749857365802,500,http://172.169.8.253:31112/function/opt-66b-submod-0-latency-25.cdgp
1704042741034298856,1704042747782932817,200,http://172.169.8.253:31112/function/opt-66b-submod-0-latency-25.cdgp
1704042741034427250,1704042750813190667,500,http://172.169.8.253:31112/function/opt-66b-submod-0-latency-25.cdgp
1704042741034492670,1704042750822337443,500,http://172.169.8.253:31112/function/opt-66b-submod-0-latency-25.cdgp
1704042741034583585,1704042743464731890,200,http://172.169.8.253:31112/function/opt-66b-submod-0-latency-25.cdgp
1704042741034666606,1704042747559590344,200,http://172.169.8.253:31112/function/opt-66b-submod-0-latency-25.cdgp
1704042741038573100,1704042747674969796,200,http://172.169.8.253:31112/function/opt-66b-submod-0-latency-25.cdgp
1704042741038662567,1704042750921356750,500,http://172.169.8.253:31112/function/opt-66b-submod-0-latency-25.cdgp
1704042741038740647,1704042750923014680,500,http://172.169.8.253:31112/function/opt-66b-submod-0-latency-25.cdgp
1704042741038897394,1704042747510166863,200,http://172.169.8.253:31112/function/opt-66b-submod-0-latency-25.cdgp
1704042741067736624,1704042750855703117,500,http://172.169.8.253:31112/function/opt-66b-submod-0-latency-25.cdgp
1704042741067851741,1704042744917290618,200,http://172.169.8.253:31112/function/opt-66b-submod-0-latency-25.cdgp
1704042741067968703,1704042750011960234,500,http://172.169.8.253:31112/function/opt-66b-submod-0-latency-25.cdgp
1704042741068034786,1704042751068400063,500,http://172.169.8.253:31112/function/opt-66b-submod-0-latency-25.cdgp
1704042741068081435,1704042750922624006,500,http://172.169.8.253:31112/function/opt-66b-submod-0-latency-25.cdgp
1704042741068146821,1704042747486165360,200,http://172.169.8.253:31112/function/opt-66b-submod-0-latency-25.cdgp
1704042741068179351,1704042750051712137,500,http://172.169.8.253:31112/function/opt-66b-submod-0-latency-25.cdgp
1704042741068253428,1704042750922030305,500,http://172.169.8.253:31112/function/opt-66b-submod-0-latency-25.cdgp
1704042741068330545,1704042751048791295,500,http://172.169.8.253:31112/function/opt-66b-submod-0-latency-25.cdgp
1704042741068354788,1704042744916597311,200,http://172.169.8.253:31112/function/opt-66b-submod-0-latency-25.cdgp
1704042741068439623,1704042750821645768,500,http://172.169.8.253:31112/function/opt-66b-submod-0-latency-25.cdgp
1704042741068511558,1704042750855685263,500,http://172.169.8.253:31112/function/opt-66b-submod-0-latency-25.cdgp
1704042741068582333,1704042750863656460,500,http://172.169.8.253:31112/function/opt-66b-submod-0-latency-25.cdgp
1704042741100380350,1704042751100685761,500,http://172.169.8.253:31112/function/opt-66b-submod-0-latency-25.cdgp
1704042741100463875,1704042750292351427,500,http://172.169.8.253:31112/function/opt-66b-submod-0-latency-25.cdgp
1704042741100534705,1704042751100660540,500,http://172.169.8.253:31112/function/opt-66b-submod-0-latency-25.cdgp
1704042741102079029,1704042751102915792,500,http://172.169.8.253:31112/function/opt-66b-submod-0-latency-25.cdgp
1704042741102180051,1704042751102937074,500,http://172.169.8.253:31112/function/opt-66b-submod-0-latency-25.cdgp
1704042741102645284,1704042747782982536,200,http://172.169.8.253:31112/function/opt-66b-submod-0-latency-25.cdgp
1704042741102755261,1704042751102955830,500,http://172.169.8.253:31112/function/opt-66b-submod-0-latency-25.cdgp
1704042741102831719,1704042743667720477,200,http://172.169.8.253:31112/function/opt-66b-submod-0-latency-25.cdgp
1704042741102919434,1704042750124930290,500,http://172.169.8.253:31112/function/opt-66b-submod-0-latency-25.cdgp
1704042741102990784,1704042744002979085,200,http://172.169.8.253:31112/function/opt-66b-submod-0-latency-25.cdgp
1704042741103049509,1704042751104201704,500,http://172.169.8.253:31112/function/opt-66b-submod-0-latency-25.cdgp
1704042741103139324,1704042747488371500,200,http://172.169.8.253:31112/function/opt-66b-submod-0-latency-25.cdgp
1704042741103226269,1704042747479584039,200,http://172.169.8.253:31112/function/opt-66b-submod-0-latency-25.cdgp
1704042741103298478,1704042751104210487,500,http://172.169.8.253:31112/function/opt-66b-submod-0-latency-25.cdgp
1704042741103338947,1704042751104195162,500,http://172.169.8.253:31112/function/opt-66b-submod-0-latency-25.cdgp
1704042741103428501,1704042751104206789,500,http://172.169.8.253:31112/function/opt-66b-submod-0-latency-25.cdgp
1704042741103503372,1704042746694782005,200,http://172.169.8.253:31112/function/opt-66b-submod-0-latency-25.cdgp
1704042741103545408,1704042751104229051,500,http://172.169.8.253:31112/function/opt-66b-submod-0-latency-25.cdgp
1704042741129008836,1704042751129492919,500,http://172.169.8.253:31112/function/opt-66b-submod-0-latency-25.cdgp
1704042741129085587,1704042750235625489,500,http://172.169.8.253:31112/function/opt-66b-submod-0-latency-25.cdgp
1704042741129150213,1704042751129477759,500,http://172.169.8.253:31112/function/opt-66b-submod-0-latency-25.cdgp
1704042741129212675,1704042750425004790,500,http://172.169.8.253:31112/function/opt-66b-submod-0-latency-25.cdgp
1704042741129261226,1704042751129556112,500,http://172.169.8.253:31112/function/opt-66b-submod-0-latency-25.cdgp
1704042741132121048,1704042746106807588,200,http://172.169.8.253:31112/function/opt-66b-submod-0-latency-25.cdgp
1704042741132213734,1704042751132768029,500,http://172.169.8.253:31112/function/opt-66b-submod-0-latency-25.cdgp
1704042741132301404,1704042746742939801,200,http://172.169.8.253:31112/function/opt-66b-submod-0-latency-25.cdgp
1704042741132367499,1704042750233741543,500,http://172.169.8.253:31112/function/opt-66b-submod-0-latency-25.cdgp
1704042741132467805,1704042751132688957,500,http://172.169.8.253:31112/function/opt-66b-submod-0-latency-25.cdgp
1704042741132537445,1704042751133127553,500,http://172.169.8.253:31112/function/opt-66b-submod-0-latency-25.cdgp
1704042741132609807,1704042751133112298,500,http://172.169.8.253:31112/function/opt-66b-submod-0-latency-25.cdgp
1704042741132697793,1704042751132941027,500,http://172.169.8.253:31112/function/opt-66b-submod-0-latency-25.cdgp
1704042741132764969,1704042751133124863,500,http://172.169.8.253:31112/function/opt-66b-submod-0-latency-25.cdgp
1704042741132837320,1704042747477391872,200,http://172.169.8.253:31112/function/opt-66b-submod-0-latency-25.cdgp
1704042741132846083,1704042751133253745,500,http://172.169.8.253:31112/function/opt-66b-submod-0-latency-25.cdgp
1704042741132931430,1704042751133256835,500,http://172.169.8.253:31112/function/opt-66b-submod-0-latency-25.cdgp
1704042741132983590,1704042750756184030,500,http://172.169.8.253:31112/function/opt-66b-submod-0-latency-25.cdgp
1704042741133030048,1704042746743544677,200,http://172.169.8.253:31112/function/opt-66b-submod-0-latency-25.cdgp
1704042741146535924,1704042751147618864,500,http://172.169.8.253:31112/function/opt-66b-submod-0-latency-25.cdgp
1704042741146618365,1704042751147594067,500,http://172.169.8.253:31112/function/opt-66b-submod-0-latency-25.cdgp
1704042741146707683,1704042751147612802,500,http://172.169.8.253:31112/function/opt-66b-submod-0-latency-25.cdgp
1704042741146772622,1704042750648589642,500,http://172.169.8.253:31112/function/opt-66b-submod-0-latency-25.cdgp
1704042741146845965,1704042751147606629,500,http://172.169.8.253:31112/function/opt-66b-submod-0-latency-25.cdgp
1704042741146916597,1704042751147444354,500,http://172.169.8.253:31112/function/opt-66b-submod-0-latency-25.cdgp
1704042741147027041,1704042751121996364,500,http://172.169.8.253:31112/function/opt-66b-submod-0-latency-25.cdgp
1704042741147110807,1704042751147383574,500,http://172.169.8.253:31112/function/opt-66b-submod-0-latency-25.cdgp
1704042741147139183,1704042751147636032,500,http://172.169.8.253:31112/function/opt-66b-submod-0-latency-25.cdgp
1704042741147243431,1704042746086845557,200,http://172.169.8.253:31112/function/opt-66b-submod-0-latency-25.cdgp
1704042741150108696,1704042745579727666,200,http://172.169.8.253:31112/function/opt-66b-submod-0-latency-25.cdgp
1704042741150202163,1704042751150927910,500,http://172.169.8.253:31112/function/opt-66b-submod-0-latency-25.cdgp
1704042741150279185,1704042751150877442,500,http://172.169.8.253:31112/function/opt-66b-submod-0-latency-25.cdgp
1704042741150349531,1704042751150831481,500,http://172.169.8.253:31112/function/opt-66b-submod-0-latency-25.cdgp
1704042741150423475,1704042747495900968,200,http://172.169.8.253:31112/function/opt-66b-submod-0-latency-25.cdgp
1704042741150490408,1704042751150941689,500,http://172.169.8.253:31112/function/opt-66b-submod-0-latency-25.cdgp
1704042741151261476,1704042743783024611,200,http://172.169.8.253:31112/function/opt-66b-submod-0-latency-25.cdgp
1704042741151346329,1704042751151694943,500,http://172.169.8.253:31112/function/opt-66b-submod-0-latency-25.cdgp
1704042741151410122,1704042747660754744,200,http://172.169.8.253:31112/function/opt-66b-submod-0-latency-25.cdgp
1704042741875805022,1704042751714924492,500,http://172.169.8.253:31112/function/opt-66b-submod-0-latency-25.cdgp
1704042741875890406,1704042751741657592,500,http://172.169.8.253:31112/function/opt-66b-submod-0-latency-25.cdgp
1704042741875984620,1704042751478257285,500,http://172.169.8.253:31112/function/opt-66b-submod-0-latency-25.cdgp
1704042741876037186,1704042751741610750,500,http://172.169.8.253:31112/function/opt-66b-submod-0-latency-25.cdgp
1704042741876126489,1704042751561165336,500,http://172.169.8.253:31112/function/opt-66b-submod-0-latency-25.cdgp
1704042741876149606,1704042751425396631,500,http://172.169.8.253:31112/function/opt-66b-submod-0-latency-25.cdgp
1704042741876260675,1704042751742425303,500,http://172.169.8.253:31112/function/opt-66b-submod-0-latency-25.cdgp
1704042741876321585,1704042751738555962,500,http://172.169.8.253:31112/function/opt-66b-submod-0-latency-25.cdgp
1704042741876362827,1704042751549152119,500,http://172.169.8.253:31112/function/opt-66b-submod-0-latency-25.cdgp
1704042741876440044,1704042751507224380,500,http://172.169.8.253:31112/function/opt-66b-submod-0-latency-25.cdgp
1704042741876515464,1704042751715286648,500,http://172.169.8.253:31112/function/opt-66b-submod-0-latency-25.cdgp
1704042741876541707,1704042751549055286,500,http://172.169.8.253:31112/function/opt-66b-submod-0-latency-25.cdgp
1704042741876589262,1704042751068305508,500,http://172.169.8.253:31112/function/opt-66b-submod-0-latency-25.cdgp
1704042741876679959,1704042751549386454,500,http://172.169.8.253:31112/function/opt-66b-submod-0-latency-25.cdgp
1704042741876751256,1704042751548750017,500,http://172.169.8.253:31112/function/opt-66b-submod-0-latency-25.cdgp
1704042741876812844,1704042749777315942,200,http://172.169.8.253:31112/function/opt-66b-submod-0-latency-25.cdgp
1704042741876841963,1704042750813338596,500,http://172.169.8.253:31112/function/opt-66b-submod-0-latency-25.cdgp
1704042741876894645,1704042750648333271,500,http://172.169.8.253:31112/function/opt-66b-submod-0-latency-25.cdgp
1704042741876961254,1704042751715726610,500,http://172.169.8.253:31112/function/opt-66b-submod-0-latency-25.cdgp
1704042741877048087,1704042751714295576,500,http://172.169.8.253:31112/function/opt-66b-submod-0-latency-25.cdgp
1704042741877114356,1704042751549094451,500,http://172.169.8.253:31112/function/opt-66b-submod-0-latency-25.cdgp
1704042741877153740,1704042751713927639,500,http://172.169.8.253:31112/function/opt-66b-submod-0-latency-25.cdgp
1704042741877228511,1704042751715551364,500,http://172.169.8.253:31112/function/opt-66b-submod-0-latency-25.cdgp
1704042741877295364,1704042751742508931,500,http://172.169.8.253:31112/function/opt-66b-submod-0-latency-25.cdgp
1704042741877356230,1704042750867682534,500,http://172.169.8.253:31112/function/opt-66b-submod-0-latency-25.cdgp
1704042741877434219,1704042751739664312,500,http://172.169.8.253:31112/function/opt-66b-submod-0-latency-25.cdgp
1704042741877515430,1704042751561477226,500,http://172.169.8.253:31112/function/opt-66b-submod-0-latency-25.cdgp
1704042741877544452,1704042751741720696,500,http://172.169.8.253:31112/function/opt-66b-submod-0-latency-25.cdgp
1704042741877616226,1704042751742895648,500,http://172.169.8.253:31112/function/opt-66b-submod-0-latency-25.cdgp
1704042741877697887,1704042751739995959,500,http://172.169.8.253:31112/function/opt-66b-submod-0-latency-25.cdgp
1704042741877795283,1704042744629206750,200,http://172.169.8.253:31112/function/opt-66b-submod-0-latency-25.cdgp
1704042741877860663,1704042751713924281,500,http://172.169.8.253:31112/function/opt-66b-submod-0-latency-25.cdgp
1704042741877905945,1704042751715272863,500,http://172.169.8.253:31112/function/opt-66b-submod-0-latency-25.cdgp
1704042741877982712,1704042751714091560,500,http://172.169.8.253:31112/function/opt-66b-submod-0-latency-25.cdgp
1704042741878014150,1704042751723545439,500,http://172.169.8.253:31112/function/opt-66b-submod-0-latency-25.cdgp
1704042741878097317,1704042746741811728,200,http://172.169.8.253:31112/function/opt-66b-submod-0-latency-25.cdgp
1704042741878209614,1704042748873282287,200,http://172.169.8.253:31112/function/opt-66b-submod-0-latency-25.cdgp
1704042741892453636,1704042751724083871,500,http://172.169.8.253:31112/function/opt-66b-submod-0-latency-25.cdgp
1704042741892538220,1704042750822758019,500,http://172.169.8.253:31112/function/opt-66b-submod-0-latency-25.cdgp
1704042741892653105,1704042747782998853,200,http://172.169.8.253:31112/function/opt-66b-submod-0-latency-25.cdgp
1704042741892718114,1704042751714709269,500,http://172.169.8.253:31112/function/opt-66b-submod-0-latency-25.cdgp
1704042741892772921,1704042751735574143,500,http://172.169.8.253:31112/function/opt-66b-submod-0-latency-25.cdgp
1704042741892842240,1704042746738417076,200,http://172.169.8.253:31112/function/opt-66b-submod-0-latency-25.cdgp
1704042741892886740,1704042751739571442,500,http://172.169.8.253:31112/function/opt-66b-submod-0-latency-25.cdgp
1704042741892958455,1704042751736030084,500,http://172.169.8.253:31112/function/opt-66b-submod-0-latency-25.cdgp
1704042741892998993,1704042751893198016,500,http://172.169.8.253:31112/function/opt-66b-submod-0-latency-25.cdgp
1704042741893073580,1704042750815754036,500,http://172.169.8.253:31112/function/opt-66b-submod-0-latency-25.cdgp
1704042741893125831,1704042751741635998,500,http://172.169.8.253:31112/function/opt-66b-submod-0-latency-25.cdgp
1704042742444498466,1704042751946912417,500,http://172.169.8.253:31112/function/opt-66b-submod-0-latency-25.cdgp
1704042742444615881,1704042751506900175,500,http://172.169.8.253:31112/function/opt-66b-submod-0-latency-25.cdgp
1704042742444712834,1704042751991191901,500,http://172.169.8.253:31112/function/opt-66b-submod-0-latency-25.cdgp
1704042742444768373,1704042751897706066,500,http://172.169.8.253:31112/function/opt-66b-submod-0-latency-25.cdgp
1704042742444844391,1704042746741409785,200,http://172.169.8.253:31112/function/opt-66b-submod-0-latency-25.cdgp
1704042742444920066,1704042751913619888,500,http://172.169.8.253:31112/function/opt-66b-submod-0-latency-25.cdgp
1704042742445029350,1704042751947240223,500,http://172.169.8.253:31112/function/opt-66b-submod-0-latency-25.cdgp
1704042742445130475,1704042747480668727,200,http://172.169.8.253:31112/function/opt-66b-submod-0-latency-25.cdgp
1704042742445213415,1704042746743030630,200,http://172.169.8.253:31112/function/opt-66b-submod-0-latency-25.cdgp
1704042742445250579,1704042751944602597,500,http://172.169.8.253:31112/function/opt-66b-submod-0-latency-25.cdgp
1704042742445313454,1704042751915169622,500,http://172.169.8.253:31112/function/opt-66b-submod-0-latency-25.cdgp
1704042742445380213,1704042751913056305,500,http://172.169.8.253:31112/function/opt-66b-submod-0-latency-25.cdgp
1704042742445438998,1704042751507071353,500,http://172.169.8.253:31112/function/opt-66b-submod-0-latency-25.cdgp
1704042742445508964,1704042751948978383,500,http://172.169.8.253:31112/function/opt-66b-submod-0-latency-25.cdgp
1704042742445544916,1704042751900372985,500,http://172.169.8.253:31112/function/opt-66b-submod-0-latency-25.cdgp
1704042742445620789,1704042751943428030,500,http://172.169.8.253:31112/function/opt-66b-submod-0-latency-25.cdgp
1704042742445700642,1704042752446901276,500,http://172.169.8.253:31112/function/opt-66b-submod-0-latency-25.cdgp
1704042742577420347,1704042751955632474,500,http://172.169.8.253:31112/function/opt-66b-submod-0-latency-25.cdgp
1704042742577498405,1704042745255581394,200,http://172.169.8.253:31112/function/opt-66b-submod-0-latency-25.cdgp
1704042742596447579,1704042752039636149,500,http://172.169.8.253:31112/function/opt-66b-submod-0-latency-25.cdgp
1704042742596527624,1704042752011706249,500,http://172.169.8.253:31112/function/opt-66b-submod-0-latency-25.cdgp
1704042742596642563,1704042747561325697,200,http://172.169.8.253:31112/function/opt-66b-submod-0-latency-25.cdgp
1704042742596682268,1704042752039773158,500,http://172.169.8.253:31112/function/opt-66b-submod-0-latency-25.cdgp
1704042742596762071,1704042752221964213,500,http://172.169.8.253:31112/function/opt-66b-submod-0-latency-25.cdgp
1704042742596818776,1704042751951754731,500,http://172.169.8.253:31112/function/opt-66b-submod-0-latency-25.cdgp
1704042742597744706,1704042752108588008,500,http://172.169.8.253:31112/function/opt-66b-submod-0-latency-25.cdgp
1704042742597847396,1704042749775038924,200,http://172.169.8.253:31112/function/opt-66b-submod-0-latency-25.cdgp
1704042742597924877,1704042752114052440,500,http://172.169.8.253:31112/function/opt-66b-submod-0-latency-25.cdgp
1704042742597995466,1704042748876274744,200,http://172.169.8.253:31112/function/opt-66b-submod-0-latency-25.cdgp
1704042742598071306,1704042751731757535,500,http://172.169.8.253:31112/function/opt-66b-submod-0-latency-25.cdgp
1704042742598137869,1704042752119445849,500,http://172.169.8.253:31112/function/opt-66b-submod-0-latency-25.cdgp
1704042742598228218,1704042752160971477,500,http://172.169.8.253:31112/function/opt-66b-submod-0-latency-25.cdgp
1704042742598285466,1704042745208690551,200,http://172.169.8.253:31112/function/opt-66b-submod-0-latency-25.cdgp
1704042742598374944,1704042752166389179,500,http://172.169.8.253:31112/function/opt-66b-submod-0-latency-25.cdgp
1704042742598460667,1704042745473031660,200,http://172.169.8.253:31112/function/opt-66b-submod-0-latency-25.cdgp
1704042742598534419,1704042745208842508,200,http://172.169.8.253:31112/function/opt-66b-submod-0-latency-25.cdgp
1704042742598621151,1704042751478541509,500,http://172.169.8.253:31112/function/opt-66b-submod-0-latency-25.cdgp
1704042742598690282,1704042751731072393,500,http://172.169.8.253:31112/function/opt-66b-submod-0-latency-25.cdgp
1704042742598766884,1704042752111534069,500,http://172.169.8.253:31112/function/opt-66b-submod-0-latency-25.cdgp
1704042742598792987,1704042752221960182,500,http://172.169.8.253:31112/function/opt-66b-submod-0-latency-25.cdgp
1704042742598845559,1704042752072710940,500,http://172.169.8.253:31112/function/opt-66b-submod-0-latency-25.cdgp
1704042742598891750,1704042752161465210,500,http://172.169.8.253:31112/function/opt-66b-submod-0-latency-25.cdgp
1704042742598987506,1704042751519598063,500,http://172.169.8.253:31112/function/opt-66b-submod-0-latency-25.cdgp
1704042742599058504,1704042752115424118,500,http://172.169.8.253:31112/function/opt-66b-submod-0-latency-25.cdgp
1704042742599140483,1704042752115884583,500,http://172.169.8.253:31112/function/opt-66b-submod-0-latency-25.cdgp
1704042742599183791,1704042752411459452,500,http://172.169.8.253:31112/function/opt-66b-submod-0-latency-25.cdgp
1704042742599247616,1704042752156671123,500,http://172.169.8.253:31112/function/opt-66b-submod-0-latency-25.cdgp
1704042742599316053,1704042752118353096,500,http://172.169.8.253:31112/function/opt-66b-submod-0-latency-25.cdgp
1704042742599356340,1704042747519405220,200,http://172.169.8.253:31112/function/opt-66b-submod-0-latency-25.cdgp
1704042742599467166,1704042751476861265,500,http://172.169.8.253:31112/function/opt-66b-submod-0-latency-25.cdgp
1704042742599526550,1704042751664513856,500,http://172.169.8.253:31112/function/opt-66b-submod-0-latency-25.cdgp
1704042742609019754,1704042752158879726,500,http://172.169.8.253:31112/function/opt-66b-submod-0-latency-25.cdgp
1704042743873631761,1704042753553377372,500,http://172.169.8.253:31112/function/opt-66b-submod-0-latency-25.cdgp
1704042743873717184,1704042749877058153,200,http://172.169.8.253:31112/function/opt-66b-submod-0-latency-25.cdgp
1704042743873811728,1704042749791490067,200,http://172.169.8.253:31112/function/opt-66b-submod-0-latency-25.cdgp
1704042743873897330,1704042751945757002,500,http://172.169.8.253:31112/function/opt-66b-submod-0-latency-25.cdgp
1704042743873993195,1704042752988481505,500,http://172.169.8.253:31112/function/opt-66b-submod-0-latency-25.cdgp
1704042743874088796,1704042745556335886,200,http://172.169.8.253:31112/function/opt-66b-submod-0-latency-25.cdgp
1704042743874214411,1704042752820091490,500,http://172.169.8.253:31112/function/opt-66b-submod-0-latency-25.cdgp
1704042743970028374,1704042746283593383,200,http://172.169.8.253:31112/function/opt-66b-submod-0-latency-25.cdgp
1704042744019011534,1704042750147449382,200,http://172.169.8.253:31112/function/opt-66b-submod-0-latency-25.cdgp
1704042744019091491,1704042748943635656,200,http://172.169.8.253:31112/function/opt-66b-submod-0-latency-25.cdgp
1704042744019215405,1704042753035707269,500,http://172.169.8.253:31112/function/opt-66b-submod-0-latency-25.cdgp
1704042744020785645,1704042753387183382,500,http://172.169.8.253:31112/function/opt-66b-submod-0-latency-25.cdgp
1704042744020872552,1704042753427562394,500,http://172.169.8.253:31112/function/opt-66b-submod-0-latency-25.cdgp
1704042744023488709,1704042747296447700,200,http://172.169.8.253:31112/function/opt-66b-submod-0-latency-25.cdgp
1704042744045389330,1704042753475623191,500,http://172.169.8.253:31112/function/opt-66b-submod-0-latency-25.cdgp
1704042744045454027,1704042753032472903,500,http://172.169.8.253:31112/function/opt-66b-submod-0-latency-25.cdgp
1704042744045506299,1704042747281227436,200,http://172.169.8.253:31112/function/opt-66b-submod-0-latency-25.cdgp
1704042744045552126,1704042747335730541,200,http://172.169.8.253:31112/function/opt-66b-submod-0-latency-25.cdgp
1704042744045623284,1704042749775619877,200,http://172.169.8.253:31112/function/opt-66b-submod-0-latency-25.cdgp
1704042744045684759,1704042753087503193,500,http://172.169.8.253:31112/function/opt-66b-submod-0-latency-25.cdgp
1704042744045712335,1704042753096435868,500,http://172.169.8.253:31112/function/opt-66b-submod-0-latency-25.cdgp
1704042744045798657,1704042753467489251,500,http://172.169.8.253:31112/function/opt-66b-submod-0-latency-25.cdgp
1704042744045829649,1704042749716861706,200,http://172.169.8.253:31112/function/opt-66b-submod-0-latency-25.cdgp
1704042744045915494,1704042753098366183,500,http://172.169.8.253:31112/function/opt-66b-submod-0-latency-25.cdgp
1704042744073756565,1704042753075037005,500,http://172.169.8.253:31112/function/opt-66b-submod-0-latency-25.cdgp
1704042744073827724,1704042753387075647,500,http://172.169.8.253:31112/function/opt-66b-submod-0-latency-25.cdgp
1704042744107655554,1704042753547582741,500,http://172.169.8.253:31112/function/opt-66b-submod-0-latency-25.cdgp
1704042744107693228,1704042749632515770,200,http://172.169.8.253:31112/function/opt-66b-submod-0-latency-25.cdgp
1704042744107769609,1704042753790573841,500,http://172.169.8.253:31112/function/opt-66b-submod-0-latency-25.cdgp
1704042744107860558,1704042753551632873,500,http://172.169.8.253:31112/function/opt-66b-submod-0-latency-25.cdgp
1704042744107928084,1704042752419462926,500,http://172.169.8.253:31112/function/opt-66b-submod-0-latency-25.cdgp
1704042744107944157,1704042750759067584,200,http://172.169.8.253:31112/function/opt-66b-submod-0-latency-25.cdgp
1704042744108027266,1704042754108941672,500,http://172.169.8.253:31112/function/opt-66b-submod-0-latency-25.cdgp
1704042744108120600,1704042753504752254,500,http://172.169.8.253:31112/function/opt-66b-submod-0-latency-25.cdgp
1704042744108168699,1704042753462616867,500,http://172.169.8.253:31112/function/opt-66b-submod-0-latency-25.cdgp
1704042744108217972,1704042750105881455,200,http://172.169.8.253:31112/function/opt-66b-submod-0-latency-25.cdgp
1704042744108247188,1704042746485476053,200,http://172.169.8.253:31112/function/opt-66b-submod-0-latency-25.cdgp
1704042744108298129,1704042749775447291,200,http://172.169.8.253:31112/function/opt-66b-submod-0-latency-25.cdgp
1704042744108397868,1704042753792346644,500,http://172.169.8.253:31112/function/opt-66b-submod-0-latency-25.cdgp
1704042744108442455,1704042749913752235,200,http://172.169.8.253:31112/function/opt-66b-submod-0-latency-25.cdgp
1704042744108522300,1704042749717018307,200,http://172.169.8.253:31112/function/opt-66b-submod-0-latency-25.cdgp
1704042744108585391,1704042753834389334,500,http://172.169.8.253:31112/function/opt-66b-submod-0-latency-25.cdgp
1704042744108614239,1704042749714032143,200,http://172.169.8.253:31112/function/opt-66b-submod-0-latency-25.cdgp
1704042744108693302,1704042753180421276,500,http://172.169.8.253:31112/function/opt-66b-submod-0-latency-25.cdgp
1704042744108756517,1704042749759588797,200,http://172.169.8.253:31112/function/opt-66b-submod-0-latency-25.cdgp
1704042744108804503,1704042753806864658,500,http://172.169.8.253:31112/function/opt-66b-submod-0-latency-25.cdgp
1704042744108880122,1704042753517108440,500,http://172.169.8.253:31112/function/opt-66b-submod-0-latency-25.cdgp
1704042744108901782,1704042753833415735,500,http://172.169.8.253:31112/function/opt-66b-submod-0-latency-25.cdgp
1704042744108974977,1704042750015498630,200,http://172.169.8.253:31112/function/opt-66b-submod-0-latency-25.cdgp
1704042744109060095,1704042752419803791,500,http://172.169.8.253:31112/function/opt-66b-submod-0-latency-25.cdgp
1704042744109079266,1704042754110279468,500,http://172.169.8.253:31112/function/opt-66b-submod-0-latency-25.cdgp
1704042744109124789,1704042753831114298,500,http://172.169.8.253:31112/function/opt-66b-submod-0-latency-25.cdgp
1704042744109154877,1704042749632631184,200,http://172.169.8.253:31112/function/opt-66b-submod-0-latency-25.cdgp
1704042744109232632,1704042753308439715,500,http://172.169.8.253:31112/function/opt-66b-submod-0-latency-25.cdgp
1704042744109340728,1704042753283464994,500,http://172.169.8.253:31112/function/opt-66b-submod-0-latency-25.cdgp
1704042744109426989,1704042753515361772,500,http://172.169.8.253:31112/function/opt-66b-submod-0-latency-25.cdgp
1704042744109514972,1704042753701874030,500,http://172.169.8.253:31112/function/opt-66b-submod-0-latency-25.cdgp
1704042744109567053,1704042753797389092,500,http://172.169.8.253:31112/function/opt-66b-submod-0-latency-25.cdgp
1704042744114038788,1704042754115088060,500,http://172.169.8.253:31112/function/opt-66b-submod-0-latency-25.cdgp
1704042744114129566,1704042753108279858,500,http://172.169.8.253:31112/function/opt-66b-submod-0-latency-25.cdgp
1704042744114213334,1704042754115001797,500,http://172.169.8.253:31112/function/opt-66b-submod-0-latency-25.cdgp
1704042744143684841,1704042753176483690,500,http://172.169.8.253:31112/function/opt-66b-submod-0-latency-25.cdgp
1704042744143769221,1704042754144289779,500,http://172.169.8.253:31112/function/opt-66b-submod-0-latency-25.cdgp
1704042744143831763,1704042754116612994,500,http://172.169.8.253:31112/function/opt-66b-submod-0-latency-25.cdgp
1704042744143884579,1704042753929999589,500,http://172.169.8.253:31112/function/opt-66b-submod-0-latency-25.cdgp
1704042744143959950,1704042754144278958,500,http://172.169.8.253:31112/function/opt-66b-submod-0-latency-25.cdgp
1704042744146399046,1704042754147855255,500,http://172.169.8.253:31112/function/opt-66b-submod-0-latency-25.cdgp
1704042744146515701,1704042754147960164,500,http://172.169.8.253:31112/function/opt-66b-submod-0-latency-25.cdgp
1704042744146614836,1704042754147842358,500,http://172.169.8.253:31112/function/opt-66b-submod-0-latency-25.cdgp
1704042744146702754,1704042754110802615,500,http://172.169.8.253:31112/function/opt-66b-submod-0-latency-25.cdgp
1704042744146765901,1704042754147592027,500,http://172.169.8.253:31112/function/opt-66b-submod-0-latency-25.cdgp
1704042744146821240,1704042752902392815,500,http://172.169.8.253:31112/function/opt-66b-submod-0-latency-25.cdgp
1704042744146865212,1704042754148216350,500,http://172.169.8.253:31112/function/opt-66b-submod-0-latency-25.cdgp
1704042744146944656,1704042750648046707,200,http://172.169.8.253:31112/function/opt-66b-submod-0-latency-25.cdgp
1704042744147021698,1704042754147838332,500,http://172.169.8.253:31112/function/opt-66b-submod-0-latency-25.cdgp
1704042744147090391,1704042752912416285,500,http://172.169.8.253:31112/function/opt-66b-submod-0-latency-25.cdgp
1704042744147155320,1704042754148141181,500,http://172.169.8.253:31112/function/opt-66b-submod-0-latency-25.cdgp
1704042744147220613,1704042747019264281,200,http://172.169.8.253:31112/function/opt-66b-submod-0-latency-25.cdgp
1704042744147242817,1704042753906523836,500,http://172.169.8.253:31112/function/opt-66b-submod-0-latency-25.cdgp
1704042744147292531,1704042750064639362,200,http://172.169.8.253:31112/function/opt-66b-submod-0-latency-25.cdgp
1704042744147365734,1704042753091660326,500,http://172.169.8.253:31112/function/opt-66b-submod-0-latency-25.cdgp
1704042744147446128,1704042754110300972,500,http://172.169.8.253:31112/function/opt-66b-submod-0-latency-25.cdgp
1704042744147501998,1704042747661797108,200,http://172.169.8.253:31112/function/opt-66b-submod-0-latency-25.cdgp
1704042744147589754,1704042754148147533,500,http://172.169.8.253:31112/function/opt-66b-submod-0-latency-25.cdgp
1704042744147675053,1704042754073456749,500,http://172.169.8.253:31112/function/opt-66b-submod-0-latency-25.cdgp
1704042744147790393,1704042754148229153,500,http://172.169.8.253:31112/function/opt-66b-submod-0-latency-25.cdgp
1704042744147823725,1704042754147984833,500,http://172.169.8.253:31112/function/opt-66b-submod-0-latency-25.cdgp
1704042744147955028,1704042754114916969,500,http://172.169.8.253:31112/function/opt-66b-submod-0-latency-25.cdgp
1704042744148016648,1704042754116394324,500,http://172.169.8.253:31112/function/opt-66b-submod-0-latency-25.cdgp
1704042744148048910,1704042747658570616,200,http://172.169.8.253:31112/function/opt-66b-submod-0-latency-25.cdgp
1704042744148130394,1704042753863224750,500,http://172.169.8.253:31112/function/opt-66b-submod-0-latency-25.cdgp
1704042744148198268,1704042754111015551,500,http://172.169.8.253:31112/function/opt-66b-submod-0-latency-25.cdgp
1704042744148258412,1704042754108961681,500,http://172.169.8.253:31112/function/opt-66b-submod-0-latency-25.cdgp
1704042744148663532,1704042753343511737,500,http://172.169.8.253:31112/function/opt-66b-submod-0-latency-25.cdgp
1704042744148713930,1704042754149897927,500,http://172.169.8.253:31112/function/opt-66b-submod-0-latency-25.cdgp
1704042744148744994,1704042748080558363,200,http://172.169.8.253:31112/function/opt-66b-submod-0-latency-25.cdgp
1704042744148809927,1704042753865990014,500,http://172.169.8.253:31112/function/opt-66b-submod-0-latency-25.cdgp
1704042744201362597,1704042754160580174,500,http://172.169.8.253:31112/function/opt-66b-submod-0-latency-25.cdgp
1704042744201446054,1704042754202246358,500,http://172.169.8.253:31112/function/opt-66b-submod-0-latency-25.cdgp
1704042744201524854,1704042753050906407,500,http://172.169.8.253:31112/function/opt-66b-submod-0-latency-25.cdgp
1704042744201608333,1704042748123674372,200,http://172.169.8.253:31112/function/opt-66b-submod-0-latency-25.cdgp
1704042744201688532,1704042754202232835,500,http://172.169.8.253:31112/function/opt-66b-submod-0-latency-25.cdgp
1704042744201795751,1704042754202332720,500,http://172.169.8.253:31112/function/opt-66b-submod-0-latency-25.cdgp
1704042744201895946,1704042754169300892,500,http://172.169.8.253:31112/function/opt-66b-submod-0-latency-25.cdgp
1704042744204270076,1704042749890947549,200,http://172.169.8.253:31112/function/opt-66b-submod-0-latency-25.cdgp
1704042744204422599,1704042754205548565,500,http://172.169.8.253:31112/function/opt-66b-submod-0-latency-25.cdgp
1704042744204555052,1704042748024679222,200,http://172.169.8.253:31112/function/opt-66b-submod-0-latency-25.cdgp
1704042744204636804,1704042748172355171,200,http://172.169.8.253:31112/function/opt-66b-submod-0-latency-25.cdgp
1704042744224829967,1704042754225696677,500,http://172.169.8.253:31112/function/opt-66b-submod-0-latency-25.cdgp
1704042744224907157,1704042754113795396,500,http://172.169.8.253:31112/function/opt-66b-submod-0-latency-25.cdgp
1704042744224942283,1704042754225725016,500,http://172.169.8.253:31112/function/opt-66b-submod-0-latency-25.cdgp
1704042744225028173,1704042753921114744,500,http://172.169.8.253:31112/function/opt-66b-submod-0-latency-25.cdgp
1704042744225072104,1704042754113998535,500,http://172.169.8.253:31112/function/opt-66b-submod-0-latency-25.cdgp
1704042744225147695,1704042753105076064,500,http://172.169.8.253:31112/function/opt-66b-submod-0-latency-25.cdgp
1704042744225222328,1704042754225542376,500,http://172.169.8.253:31112/function/opt-66b-submod-0-latency-25.cdgp
1704042744225247013,1704042754113297889,500,http://172.169.8.253:31112/function/opt-66b-submod-0-latency-25.cdgp
1704042744225332732,1704042754225710402,500,http://172.169.8.253:31112/function/opt-66b-submod-0-latency-25.cdgp
1704042744225401720,1704042754185740114,500,http://172.169.8.253:31112/function/opt-66b-submod-0-latency-25.cdgp
1704042744706395878,1704042747064076337,200,http://172.169.8.253:31112/function/opt-66b-submod-0-latency-25.cdgp
1704042744706516209,1704042753336394339,500,http://172.169.8.253:31112/function/opt-66b-submod-0-latency-25.cdgp
1704042744706594544,1704042754337123517,500,http://172.169.8.253:31112/function/opt-66b-submod-0-latency-25.cdgp
1704042744796474078,1704042754402692548,500,http://172.169.8.253:31112/function/opt-66b-submod-0-latency-25.cdgp
1704042744796589571,1704042753558898348,500,http://172.169.8.253:31112/function/opt-66b-submod-0-latency-25.cdgp
1704042744796684413,1704042754480183207,500,http://172.169.8.253:31112/function/opt-66b-submod-0-latency-25.cdgp
1704042744796782475,1704042749716648718,200,http://172.169.8.253:31112/function/opt-66b-submod-0-latency-25.cdgp
1704042744796845148,1704042753581983360,500,http://172.169.8.253:31112/function/opt-66b-submod-0-latency-25.cdgp
1704042744796974776,1704042747776794260,200,http://172.169.8.253:31112/function/opt-66b-submod-0-latency-25.cdgp
1704042744797038487,1704042754407667064,500,http://172.169.8.253:31112/function/opt-66b-submod-0-latency-25.cdgp
1704042744797104156,1704042754472389275,500,http://172.169.8.253:31112/function/opt-66b-submod-0-latency-25.cdgp
1704042744797169912,1704042749800722185,200,http://172.169.8.253:31112/function/opt-66b-submod-0-latency-25.cdgp
1704042744797234220,1704042754476905717,500,http://172.169.8.253:31112/function/opt-66b-submod-0-latency-25.cdgp
1704042744797294699,1704042753558100217,500,http://172.169.8.253:31112/function/opt-66b-submod-0-latency-25.cdgp
1704042744797340710,1704042754414769809,500,http://172.169.8.253:31112/function/opt-66b-submod-0-latency-25.cdgp
1704042744843645634,1704042754515830706,500,http://172.169.8.253:31112/function/opt-66b-submod-0-latency-25.cdgp
1704042744843724715,1704042754522679873,500,http://172.169.8.253:31112/function/opt-66b-submod-0-latency-25.cdgp
1704042744847262356,1704042749819776032,200,http://172.169.8.253:31112/function/opt-66b-submod-0-latency-25.cdgp
1704042744854651819,1704042753584416062,500,http://172.169.8.253:31112/function/opt-66b-submod-0-latency-25.cdgp
1704042744854808523,1704042748067662772,200,http://172.169.8.253:31112/function/opt-66b-submod-0-latency-25.cdgp
1704042744854902501,1704042754416304641,500,http://172.169.8.253:31112/function/opt-66b-submod-0-latency-25.cdgp
1704042745853242511,1704042755747663809,500,http://172.169.8.253:31112/function/opt-66b-submod-0-latency-25.cdgp
1704042745853333249,1704042755210274192,500,http://172.169.8.253:31112/function/opt-66b-submod-0-latency-25.cdgp
1704042745853367184,1704042750056321853,200,http://172.169.8.253:31112/function/opt-66b-submod-0-latency-25.cdgp
1704042745853458973,1704042754067840879,500,http://172.169.8.253:31112/function/opt-66b-submod-0-latency-25.cdgp
1704042745853514354,1704042755621569239,500,http://172.169.8.253:31112/function/opt-66b-submod-0-latency-25.cdgp
1704042745853611351,1704042748079985003,200,http://172.169.8.253:31112/function/opt-66b-submod-0-latency-25.cdgp
1704042745889253843,1704042753975637001,500,http://172.169.8.253:31112/function/opt-66b-submod-0-latency-25.cdgp
1704042745889342384,1704042754948535043,500,http://172.169.8.253:31112/function/opt-66b-submod-0-latency-25.cdgp
1704042745889422208,1704042755663752339,500,http://172.169.8.253:31112/function/opt-66b-submod-0-latency-25.cdgp
1704042745889488361,1704042750061305666,200,http://172.169.8.253:31112/function/opt-66b-submod-0-latency-25.cdgp
1704042745889549511,1704042754071637778,500,http://172.169.8.253:31112/function/opt-66b-submod-0-latency-25.cdgp
1704042745889595310,1704042755014782180,500,http://172.169.8.253:31112/function/opt-66b-submod-0-latency-25.cdgp
1704042745889667671,1704042755056546534,500,http://172.169.8.253:31112/function/opt-66b-submod-0-latency-25.cdgp
1704042745889704471,1704042755011454668,500,http://172.169.8.253:31112/function/opt-66b-submod-0-latency-25.cdgp
1704042745889786565,1704042754028385575,500,http://172.169.8.253:31112/function/opt-66b-submod-0-latency-25.cdgp
1704042746073901142,1704042754119473439,500,http://172.169.8.253:31112/function/opt-66b-submod-0-latency-25.cdgp
1704042746073990082,1704042753989871887,500,http://172.169.8.253:31112/function/opt-66b-submod-0-latency-25.cdgp
1704042746088524100,1704042755206772139,500,http://172.169.8.253:31112/function/opt-66b-submod-0-latency-25.cdgp
1704042746088596871,1704042747338604794,200,http://172.169.8.253:31112/function/opt-66b-submod-0-latency-25.cdgp
1704042746088753197,1704042755595708095,500,http://172.169.8.253:31112/function/opt-66b-submod-0-latency-25.cdgp
1704042746088819491,1704042755068170197,500,http://172.169.8.253:31112/function/opt-66b-submod-0-latency-25.cdgp
1704042746138764818,1704042755430080319,500,http://172.169.8.253:31112/function/opt-66b-submod-0-latency-25.cdgp
1704042746142473213,1704042754406506975,500,http://172.169.8.253:31112/function/opt-66b-submod-0-latency-25.cdgp
1704042746142515163,1704042754128866543,500,http://172.169.8.253:31112/function/opt-66b-submod-0-latency-25.cdgp
1704042746142612261,1704042755708552649,500,http://172.169.8.253:31112/function/opt-66b-submod-0-latency-25.cdgp
1704042746142673233,1704042755621563189,500,http://172.169.8.253:31112/function/opt-66b-submod-0-latency-25.cdgp
1704042746142740009,1704042754270727964,500,http://172.169.8.253:31112/function/opt-66b-submod-0-latency-25.cdgp
1704042746142768079,1704042755672373268,500,http://172.169.8.253:31112/function/opt-66b-submod-0-latency-25.cdgp
1704042746142859827,1704042755671874348,500,http://172.169.8.253:31112/function/opt-66b-submod-0-latency-25.cdgp
1704042746142922874,1704042755621564662,500,http://172.169.8.253:31112/function/opt-66b-submod-0-latency-25.cdgp
1704042746142975466,1704042754266531939,500,http://172.169.8.253:31112/function/opt-66b-submod-0-latency-25.cdgp
1704042746143021559,1704042755735073024,500,http://172.169.8.253:31112/function/opt-66b-submod-0-latency-25.cdgp
1704042746143095326,1704042755673014337,500,http://172.169.8.253:31112/function/opt-66b-submod-0-latency-25.cdgp
1704042746143163890,1704042754402976521,500,http://172.169.8.253:31112/function/opt-66b-submod-0-latency-25.cdgp
1704042746143235483,1704042754211083284,500,http://172.169.8.253:31112/function/opt-66b-submod-0-latency-25.cdgp
1704042747482674802,1704042755751773019,500,http://172.169.8.253:31112/function/opt-66b-submod-0-latency-25.cdgp
1704042747482771001,1704042756379400396,500,http://172.169.8.253:31112/function/opt-66b-submod-0-latency-25.cdgp
1704042747482854317,1704042757391770121,500,http://172.169.8.253:31112/function/opt-66b-submod-0-latency-25.cdgp
1704042747482961250,1704042750695720691,200,http://172.169.8.253:31112/function/opt-66b-submod-0-latency-25.cdgp
1704042747483024114,1704042757435708301,500,http://172.169.8.253:31112/function/opt-66b-submod-0-latency-25.cdgp
1704042747483093302,1704042756907616604,500,http://172.169.8.253:31112/function/opt-66b-submod-0-latency-25.cdgp
1704042747483126502,1704042756379419059,500,http://172.169.8.253:31112/function/opt-66b-submod-0-latency-25.cdgp
1704042747483214947,1704042755775871907,500,http://172.169.8.253:31112/function/opt-66b-submod-0-latency-25.cdgp
1704042747483397469,1704042757392694577,500,http://172.169.8.253:31112/function/opt-66b-submod-0-latency-25.cdgp
1704042747483468715,1704042757394660918,500,http://172.169.8.253:31112/function/opt-66b-submod-0-latency-25.cdgp
1704042747483545238,1704042757267584529,500,http://172.169.8.253:31112/function/opt-66b-submod-0-latency-25.cdgp
1704042747483574276,1704042757483991729,500,http://172.169.8.253:31112/function/opt-66b-submod-0-latency-25.cdgp
1704042747483653511,1704042749967722349,200,http://172.169.8.253:31112/function/opt-66b-submod-0-latency-25.cdgp
1704042747483751628,1704042757435589730,500,http://172.169.8.253:31112/function/opt-66b-submod-0-latency-25.cdgp
1704042747483793197,1704042756389156996,500,http://172.169.8.253:31112/function/opt-66b-submod-0-latency-25.cdgp
1704042747483875156,1704042757394228573,500,http://172.169.8.253:31112/function/opt-66b-submod-0-latency-25.cdgp
1704042747483928898,1704042757399809137,500,http://172.169.8.253:31112/function/opt-66b-submod-0-latency-25.cdgp
1704042747483992373,1704042750653702130,200,http://172.169.8.253:31112/function/opt-66b-submod-0-latency-25.cdgp
1704042747484069684,1704042750652748405,200,http://172.169.8.253:31112/function/opt-66b-submod-0-latency-25.cdgp
1704042747484135200,1704042757400308525,500,http://172.169.8.253:31112/function/opt-66b-submod-0-latency-25.cdgp
1704042747485593369,1704042749793505324,200,http://172.169.8.253:31112/function/opt-66b-submod-0-latency-25.cdgp
1704042747485687749,1704042757400881423,500,http://172.169.8.253:31112/function/opt-66b-submod-0-latency-25.cdgp
1704042747485775648,1704042757225018079,500,http://172.169.8.253:31112/function/opt-66b-submod-0-latency-25.cdgp
1704042747485846422,1704042757400292727,500,http://172.169.8.253:31112/function/opt-66b-submod-0-latency-25.cdgp
1704042747485924796,1704042757400987254,500,http://172.169.8.253:31112/function/opt-66b-submod-0-latency-25.cdgp
1704042747485996666,1704042757273083106,500,http://172.169.8.253:31112/function/opt-66b-submod-0-latency-25.cdgp
1704042747486079896,1704042756080725686,500,http://172.169.8.253:31112/function/opt-66b-submod-0-latency-25.cdgp
1704042747486153799,1704042757273535508,500,http://172.169.8.253:31112/function/opt-66b-submod-0-latency-25.cdgp
1704042747486260465,1704042757401673713,500,http://172.169.8.253:31112/function/opt-66b-submod-0-latency-25.cdgp
1704042747486320645,1704042750054439175,200,http://172.169.8.253:31112/function/opt-66b-submod-0-latency-25.cdgp
1704042747486416972,1704042757402823578,500,http://172.169.8.253:31112/function/opt-66b-submod-0-latency-25.cdgp
1704042747486488950,1704042756389009214,500,http://172.169.8.253:31112/function/opt-66b-submod-0-latency-25.cdgp
1704042747486567460,1704042757487215013,500,http://172.169.8.253:31112/function/opt-66b-submod-0-latency-25.cdgp
1704042747486659151,1704042756379545946,500,http://172.169.8.253:31112/function/opt-66b-submod-0-latency-25.cdgp
1704042747486737695,1704042757273228021,500,http://172.169.8.253:31112/function/opt-66b-submod-0-latency-25.cdgp
1704042747486801002,1704042756379581198,500,http://172.169.8.253:31112/function/opt-66b-submod-0-latency-25.cdgp
1704042747486844963,1704042757267759425,500,http://172.169.8.253:31112/function/opt-66b-submod-0-latency-25.cdgp
1704042747486921039,1704042757403346759,500,http://172.169.8.253:31112/function/opt-66b-submod-0-latency-25.cdgp
1704042747486985467,1704042757400602519,500,http://172.169.8.253:31112/function/opt-66b-submod-0-latency-25.cdgp
1704042747487067202,1704042757268270365,500,http://172.169.8.253:31112/function/opt-66b-submod-0-latency-25.cdgp
1704042747487117948,1704042757268451796,500,http://172.169.8.253:31112/function/opt-66b-submod-0-latency-25.cdgp
1704042747487191428,1704042757401917801,500,http://172.169.8.253:31112/function/opt-66b-submod-0-latency-25.cdgp
1704042747620432761,1704042749713559808,200,http://172.169.8.253:31112/function/opt-66b-submod-0-latency-25.cdgp
1704042747620524448,1704042757620768263,500,http://172.169.8.253:31112/function/opt-66b-submod-0-latency-25.cdgp
1704042747620669234,1704042751032626135,200,http://172.169.8.253:31112/function/opt-66b-submod-0-latency-25.cdgp
1704042747620735025,1704042757620939243,500,http://172.169.8.253:31112/function/opt-66b-submod-0-latency-25.cdgp
1704042747620773397,1704042757382916215,500,http://172.169.8.253:31112/function/opt-66b-submod-0-latency-25.cdgp
1704042747620871883,1704042750010160951,200,http://172.169.8.253:31112/function/opt-66b-submod-0-latency-25.cdgp
1704042747620914458,1704042757383635880,500,http://172.169.8.253:31112/function/opt-66b-submod-0-latency-25.cdgp
1704042747620993319,1704042757621963629,500,http://172.169.8.253:31112/function/opt-66b-submod-0-latency-25.cdgp
1704042747621021484,1704042757380804769,504,http://172.169.8.253:31112/function/opt-66b-submod-0-latency-25.cdgp
1704042747621089220,1704042757621954286,500,http://172.169.8.253:31112/function/opt-66b-submod-0-latency-25.cdgp
1704042747621166879,1704042756389561731,500,http://172.169.8.253:31112/function/opt-66b-submod-0-latency-25.cdgp
1704042747621239879,1704042750648070188,200,http://172.169.8.253:31112/function/opt-66b-submod-0-latency-25.cdgp
1704042747621276692,1704042757556574262,500,http://172.169.8.253:31112/function/opt-66b-submod-0-latency-25.cdgp
1704042747621366628,1704042757548801052,500,http://172.169.8.253:31112/function/opt-66b-submod-0-latency-25.cdgp
1704042747621451162,1704042757379075068,500,http://172.169.8.253:31112/function/opt-66b-submod-0-latency-25.cdgp
1704042747621537992,1704042757380311870,500,http://172.169.8.253:31112/function/opt-66b-submod-0-latency-25.cdgp
1704042747621614332,1704042757553942535,500,http://172.169.8.253:31112/function/opt-66b-submod-0-latency-25.cdgp
1704042747621651714,1704042756389394788,500,http://172.169.8.253:31112/function/opt-66b-submod-0-latency-25.cdgp
1704042747621740183,1704042752928681274,200,http://172.169.8.253:31112/function/opt-66b-submod-0-latency-25.cdgp
1704042747621836056,1704042749792681913,200,http://172.169.8.253:31112/function/opt-66b-submod-0-latency-25.cdgp
1704042747621863717,1704042751912542008,200,http://172.169.8.253:31112/function/opt-66b-submod-0-latency-25.cdgp
1704042747621949926,1704042751027813079,200,http://172.169.8.253:31112/function/opt-66b-submod-0-latency-25.cdgp
1704042747622026329,1704042757555806913,500,http://172.169.8.253:31112/function/opt-66b-submod-0-latency-25.cdgp
1704042747622089502,1704042750009587389,200,http://172.169.8.253:31112/function/opt-66b-submod-0-latency-25.cdgp
1704042747622117973,1704042750426231407,200,http://172.169.8.253:31112/function/opt-66b-submod-0-latency-25.cdgp
1704042747622212466,1704042756391738822,500,http://172.169.8.253:31112/function/opt-66b-submod-0-latency-25.cdgp
1704042747622268738,1704042756389696761,500,http://172.169.8.253:31112/function/opt-66b-submod-0-latency-25.cdgp
1704042748521645839,1704042749896341266,200,http://172.169.8.253:31112/function/opt-66b-submod-0-latency-25.cdgp
1704042748521735598,1704042756865005807,500,http://172.169.8.253:31112/function/opt-66b-submod-0-latency-25.cdgp
1704042748521856680,1704042756719098778,500,http://172.169.8.253:31112/function/opt-66b-submod-0-latency-25.cdgp
1704042748521922682,1704042758180346584,500,http://172.169.8.253:31112/function/opt-66b-submod-0-latency-25.cdgp
1704042748521953207,1704042757562379180,500,http://172.169.8.253:31112/function/opt-66b-submod-0-latency-25.cdgp
1704042748532425781,1704042757768535286,500,http://172.169.8.253:31112/function/opt-66b-submod-0-latency-25.cdgp
1704042748532509732,1704042751567114124,200,http://172.169.8.253:31112/function/opt-66b-submod-0-latency-25.cdgp
1704042748532679223,1704042758212669771,500,http://172.169.8.253:31112/function/opt-66b-submod-0-latency-25.cdgp
1704042748532768015,1704042758208515162,500,http://172.169.8.253:31112/function/opt-66b-submod-0-latency-25.cdgp
1704042748532830641,1704042757561222986,500,http://172.169.8.253:31112/function/opt-66b-submod-0-latency-25.cdgp
1704042748532853815,1704042751024072617,200,http://172.169.8.253:31112/function/opt-66b-submod-0-latency-25.cdgp
1704042748532936797,1704042757778949431,500,http://172.169.8.253:31112/function/opt-66b-submod-0-latency-25.cdgp
1704042748533012307,1704042757820661520,500,http://172.169.8.253:31112/function/opt-66b-submod-0-latency-25.cdgp
1704042748533032158,1704042758534127806,500,http://172.169.8.253:31112/function/opt-66b-submod-0-latency-25.cdgp
1704042748533169508,1704042758299528961,500,http://172.169.8.253:31112/function/opt-66b-submod-0-latency-25.cdgp
1704042748533261136,1704042751731597151,200,http://172.169.8.253:31112/function/opt-66b-submod-0-latency-25.cdgp
1704042748533345580,1704042752713873807,200,http://172.169.8.253:31112/function/opt-66b-submod-0-latency-25.cdgp
1704042748536044305,1704042752419451863,200,http://172.169.8.253:31112/function/opt-66b-submod-0-latency-25.cdgp
1704042748536465348,1704042751772583459,200,http://172.169.8.253:31112/function/opt-66b-submod-0-latency-25.cdgp
1704042748536565533,1704042758208809962,500,http://172.169.8.253:31112/function/opt-66b-submod-0-latency-25.cdgp
1704042748539412509,1704042758346587393,500,http://172.169.8.253:31112/function/opt-66b-submod-0-latency-25.cdgp
1704042748540059235,1704042758209862126,500,http://172.169.8.253:31112/function/opt-66b-submod-0-latency-25.cdgp
1704042748540146007,1704042758209342398,500,http://172.169.8.253:31112/function/opt-66b-submod-0-latency-25.cdgp
1704042748540193946,1704042758212447071,500,http://172.169.8.253:31112/function/opt-66b-submod-0-latency-25.cdgp
1704042748568619148,1704042751467709230,200,http://172.169.8.253:31112/function/opt-66b-submod-0-latency-25.cdgp
1704042748568710071,1704042758294395382,500,http://172.169.8.253:31112/function/opt-66b-submod-0-latency-25.cdgp
1704042748568851828,1704042758475637650,500,http://172.169.8.253:31112/function/opt-66b-submod-0-latency-25.cdgp
1704042748568920549,1704042758255735495,500,http://172.169.8.253:31112/function/opt-66b-submod-0-latency-25.cdgp
1704042748568951693,1704042757780316013,500,http://172.169.8.253:31112/function/opt-66b-submod-0-latency-25.cdgp
1704042748569040266,1704042758346971146,500,http://172.169.8.253:31112/function/opt-66b-submod-0-latency-25.cdgp
1704042748569110927,1704042752435455571,200,http://172.169.8.253:31112/function/opt-66b-submod-0-latency-25.cdgp
1704042748569160996,1704042758285860695,500,http://172.169.8.253:31112/function/opt-66b-submod-0-latency-25.cdgp
1704042748569233085,1704042757778227897,500,http://172.169.8.253:31112/function/opt-66b-submod-0-latency-25.cdgp
1704042748569304653,1704042758350342614,500,http://172.169.8.253:31112/function/opt-66b-submod-0-latency-25.cdgp
1704042748569368796,1704042758294807749,500,http://172.169.8.253:31112/function/opt-66b-submod-0-latency-25.cdgp
1704042748569377372,1704042751506918666,200,http://172.169.8.253:31112/function/opt-66b-submod-0-latency-25.cdgp
1704042748569479021,1704042758290780928,500,http://172.169.8.253:31112/function/opt-66b-submod-0-latency-25.cdgp
1704042748569542219,1704042758570569897,500,http://172.169.8.253:31112/function/opt-66b-submod-0-latency-25.cdgp
1704042748569619746,1704042758351261629,500,http://172.169.8.253:31112/function/opt-66b-submod-0-latency-25.cdgp
1704042748569705221,1704042752714936237,200,http://172.169.8.253:31112/function/opt-66b-submod-0-latency-25.cdgp
1704042748660518902,1704042752104213206,200,http://172.169.8.253:31112/function/opt-66b-submod-0-latency-25.cdgp
1704042748660671009,1704042758350950566,500,http://172.169.8.253:31112/function/opt-66b-submod-0-latency-25.cdgp
1704042748660772860,1704042758288481250,500,http://172.169.8.253:31112/function/opt-66b-submod-0-latency-25.cdgp
1704042748662092496,1704042757550619744,500,http://172.169.8.253:31112/function/opt-66b-submod-0-latency-25.cdgp
1704042748662183408,1704042758351353157,500,http://172.169.8.253:31112/function/opt-66b-submod-0-latency-25.cdgp
1704042748662266581,1704042758350330454,500,http://172.169.8.253:31112/function/opt-66b-submod-0-latency-25.cdgp
1704042748662321480,1704042758480674728,500,http://172.169.8.253:31112/function/opt-66b-submod-0-latency-25.cdgp
1704042748662387396,1704042758286019533,500,http://172.169.8.253:31112/function/opt-66b-submod-0-latency-25.cdgp
1704042748662467397,1704042757781301485,500,http://172.169.8.253:31112/function/opt-66b-submod-0-latency-25.cdgp
1704042748662549779,1704042758352767614,500,http://172.169.8.253:31112/function/opt-66b-submod-0-latency-25.cdgp
1704042748662606948,1704042758479968040,500,http://172.169.8.253:31112/function/opt-66b-submod-0-latency-25.cdgp
1704042748662696390,1704042758294410329,500,http://172.169.8.253:31112/function/opt-66b-submod-0-latency-25.cdgp
1704042748662774806,1704042757770130234,500,http://172.169.8.253:31112/function/opt-66b-submod-0-latency-25.cdgp
1704042748662892285,1704042758351685292,500,http://172.169.8.253:31112/function/opt-66b-submod-0-latency-25.cdgp
1704042748662962794,1704042758350887028,500,http://172.169.8.253:31112/function/opt-66b-submod-0-latency-25.cdgp
1704042748663055836,1704042751913267571,200,http://172.169.8.253:31112/function/opt-66b-submod-0-latency-25.cdgp
1704042748663118188,1704042752928978855,200,http://172.169.8.253:31112/function/opt-66b-submod-0-latency-25.cdgp
1704042748663208560,1704042758210715145,500,http://172.169.8.253:31112/function/opt-66b-submod-0-latency-25.cdgp
1704042748663232185,1704042753121190268,200,http://172.169.8.253:31112/function/opt-66b-submod-0-latency-25.cdgp
1704042748663325079,1704042758291671946,500,http://172.169.8.253:31112/function/opt-66b-submod-0-latency-25.cdgp
1704042748663405602,1704042758479228479,500,http://172.169.8.253:31112/function/opt-66b-submod-0-latency-25.cdgp
1704042748663468687,1704042758351336979,500,http://172.169.8.253:31112/function/opt-66b-submod-0-latency-25.cdgp
1704042748663557181,1704042752713209416,200,http://172.169.8.253:31112/function/opt-66b-submod-0-latency-25.cdgp
1704042748663625958,1704042758215091017,500,http://172.169.8.253:31112/function/opt-66b-submod-0-latency-25.cdgp
1704042749462196517,1704042758997639626,500,http://172.169.8.253:31112/function/opt-66b-submod-0-latency-25.cdgp
1704042749462297185,1704042752063674353,200,http://172.169.8.253:31112/function/opt-66b-submod-0-latency-25.cdgp
1704042749462397272,1704042759236188844,500,http://172.169.8.253:31112/function/opt-66b-submod-0-latency-25.cdgp
1704042749462524327,1704042758352970233,500,http://172.169.8.253:31112/function/opt-66b-submod-0-latency-25.cdgp
1704042749462578560,1704042758331738124,500,http://172.169.8.253:31112/function/opt-66b-submod-0-latency-25.cdgp
1704042749462698383,1704042758345967152,500,http://172.169.8.253:31112/function/opt-66b-submod-0-latency-25.cdgp
1704042749462778359,1704042751731367137,200,http://172.169.8.253:31112/function/opt-66b-submod-0-latency-25.cdgp
1704042749462871178,1704042758288306193,500,http://172.169.8.253:31112/function/opt-66b-submod-0-latency-25.cdgp
1704042749462949162,1704042758823085301,500,http://172.169.8.253:31112/function/opt-66b-submod-0-latency-25.cdgp
1704042749463023234,1704042759463719117,500,http://172.169.8.253:31112/function/opt-66b-submod-0-latency-25.cdgp
1704042749463090314,1704042753157947652,200,http://172.169.8.253:31112/function/opt-66b-submod-0-latency-25.cdgp
1704042749463112859,1704042758924814570,500,http://172.169.8.253:31112/function/opt-66b-submod-0-latency-25.cdgp
1704042749463223015,1704042759213299664,500,http://172.169.8.253:31112/function/opt-66b-submod-0-latency-25.cdgp
1704042749463290905,1704042759095179937,500,http://172.169.8.253:31112/function/opt-66b-submod-0-latency-25.cdgp
1704042749463390234,1704042759238719676,500,http://172.169.8.253:31112/function/opt-66b-submod-0-latency-25.cdgp
1704042749463421396,1704042758287635488,500,http://172.169.8.253:31112/function/opt-66b-submod-0-latency-25.cdgp
1704042749463466429,1704042758295170346,500,http://172.169.8.253:31112/function/opt-66b-submod-0-latency-25.cdgp
1704042749463520799,1704042752777128339,200,http://172.169.8.253:31112/function/opt-66b-submod-0-latency-25.cdgp
1704042749463600194,1704042759244206376,500,http://172.169.8.253:31112/function/opt-66b-submod-0-latency-25.cdgp
1704042749463663847,1704042758347191411,200,http://172.169.8.253:31112/function/opt-66b-submod-0-latency-25.cdgp
1704042749463720059,1704042752902134445,200,http://172.169.8.253:31112/function/opt-66b-submod-0-latency-25.cdgp
1704042749463783094,1704042759002260910,500,http://172.169.8.253:31112/function/opt-66b-submod-0-latency-25.cdgp
1704042749463825811,1704042752947043585,200,http://172.169.8.253:31112/function/opt-66b-submod-0-latency-25.cdgp
1704042749463901456,1704042758926376644,500,http://172.169.8.253:31112/function/opt-66b-submod-0-latency-25.cdgp
1704042749463966992,1704042752399969219,200,http://172.169.8.253:31112/function/opt-66b-submod-0-latency-25.cdgp
1704042749463995146,1704042758287040723,500,http://172.169.8.253:31112/function/opt-66b-submod-0-latency-25.cdgp
1704042749580717588,1704042759102861030,500,http://172.169.8.253:31112/function/opt-66b-submod-0-latency-25.cdgp
1704042749580847422,1704042752915264636,200,http://172.169.8.253:31112/function/opt-66b-submod-0-latency-25.cdgp
1704042749580993079,1704042759003764097,500,http://172.169.8.253:31112/function/opt-66b-submod-0-latency-25.cdgp
1704042749581059045,1704042759253770460,500,http://172.169.8.253:31112/function/opt-66b-submod-0-latency-25.cdgp
1704042749581103261,1704042751425555907,200,http://172.169.8.253:31112/function/opt-66b-submod-0-latency-25.cdgp
1704042749581198591,1704042759094331386,500,http://172.169.8.253:31112/function/opt-66b-submod-0-latency-25.cdgp
1704042749581229311,1704042759009474363,500,http://172.169.8.253:31112/function/opt-66b-submod-0-latency-25.cdgp
1704042750286118793,1704042759707765731,500,http://172.169.8.253:31112/function/opt-66b-submod-0-latency-25.cdgp
1704042750286210331,1704042753159658383,200,http://172.169.8.253:31112/function/opt-66b-submod-0-latency-25.cdgp
1704042750286325616,1704042759737484513,500,http://172.169.8.253:31112/function/opt-66b-submod-0-latency-25.cdgp
1704042750286437078,1704042753026037460,200,http://172.169.8.253:31112/function/opt-66b-submod-0-latency-25.cdgp
1704042750286506376,1704042752059303876,200,http://172.169.8.253:31112/function/opt-66b-submod-0-latency-25.cdgp
1704042750286582738,1704042753681142653,200,http://172.169.8.253:31112/function/opt-66b-submod-0-latency-25.cdgp
1704042750286619067,1704042759664872937,500,http://172.169.8.253:31112/function/opt-66b-submod-0-latency-25.cdgp
1704042750286717371,1704042759773046552,500,http://172.169.8.253:31112/function/opt-66b-submod-0-latency-25.cdgp
1704042750286800971,1704042759496990241,500,http://172.169.8.253:31112/function/opt-66b-submod-0-latency-25.cdgp
1704042750286867304,1704042753178361404,200,http://172.169.8.253:31112/function/opt-66b-submod-0-latency-25.cdgp
1704042750286941568,1704042759774710828,500,http://172.169.8.253:31112/function/opt-66b-submod-0-latency-25.cdgp
1704042750286992909,1704042759469824326,500,http://172.169.8.253:31112/function/opt-66b-submod-0-latency-25.cdgp
1704042750287110281,1704042759458267762,500,http://172.169.8.253:31112/function/opt-66b-submod-0-latency-25.cdgp
1704042750287172002,1704042759769129030,500,http://172.169.8.253:31112/function/opt-66b-submod-0-latency-25.cdgp
1704042750287265157,1704042760050461326,500,http://172.169.8.253:31112/function/opt-66b-submod-0-latency-25.cdgp
1704042750287347849,1704042752714771722,200,http://172.169.8.253:31112/function/opt-66b-submod-0-latency-25.cdgp
1704042750287443938,1704042753569988179,200,http://172.169.8.253:31112/function/opt-66b-submod-0-latency-25.cdgp
1704042750287497498,1704042759414230280,500,http://172.169.8.253:31112/function/opt-66b-submod-0-latency-25.cdgp
1704042750287567581,1704042752596240623,200,http://172.169.8.253:31112/function/opt-66b-submod-0-latency-25.cdgp
1704042750359036449,1704042752581573379,200,http://172.169.8.253:31112/function/opt-66b-submod-0-latency-25.cdgp
1704042750359686817,1704042759787821723,500,http://172.169.8.253:31112/function/opt-66b-submod-0-latency-25.cdgp
1704042750359806858,1704042760125351229,500,http://172.169.8.253:31112/function/opt-66b-submod-0-latency-25.cdgp
1704042750359889899,1704042759428850501,500,http://172.169.8.253:31112/function/opt-66b-submod-0-latency-25.cdgp
1704042750359984352,1704042759790986645,500,http://172.169.8.253:31112/function/opt-66b-submod-0-latency-25.cdgp
1704042750360026915,1704042760015168810,500,http://172.169.8.253:31112/function/opt-66b-submod-0-latency-25.cdgp
1704042750360108434,1704042760117853158,500,http://172.169.8.253:31112/function/opt-66b-submod-0-latency-25.cdgp
1704042750360181354,1704042759696301844,200,http://172.169.8.253:31112/function/opt-66b-submod-0-latency-25.cdgp
1704042750360210115,1704042760228789498,500,http://172.169.8.253:31112/function/opt-66b-submod-0-latency-25.cdgp
1704042750360303980,1704042759697991572,500,http://172.169.8.253:31112/function/opt-66b-submod-0-latency-25.cdgp
1704042750360382765,1704042760018532476,500,http://172.169.8.253:31112/function/opt-66b-submod-0-latency-25.cdgp
1704042750360444348,1704042760129205087,500,http://172.169.8.253:31112/function/opt-66b-submod-0-latency-25.cdgp
1704042750360554232,1704042752715299584,200,http://172.169.8.253:31112/function/opt-66b-submod-0-latency-25.cdgp
1704042750360633242,1704042752866930080,200,http://172.169.8.253:31112/function/opt-66b-submod-0-latency-25.cdgp
1704042750360706794,1704042759956881372,500,http://172.169.8.253:31112/function/opt-66b-submod-0-latency-25.cdgp
1704042750360910310,1704042760035176490,500,http://172.169.8.253:31112/function/opt-66b-submod-0-latency-25.cdgp
1704042750361029308,1704042753686844990,200,http://172.169.8.253:31112/function/opt-66b-submod-0-latency-25.cdgp
1704042750361076713,1704042759962891191,500,http://172.169.8.253:31112/function/opt-66b-submod-0-latency-25.cdgp
1704042750361163479,1704042759934677524,500,http://172.169.8.253:31112/function/opt-66b-submod-0-latency-25.cdgp
1704042750361192196,1704042759421685794,500,http://172.169.8.253:31112/function/opt-66b-submod-0-latency-25.cdgp
1704042750361263412,1704042753644694263,200,http://172.169.8.253:31112/function/opt-66b-submod-0-latency-25.cdgp
1704042750361365713,1704042753527001062,200,http://172.169.8.253:31112/function/opt-66b-submod-0-latency-25.cdgp
1704042750361443678,1704042753643345310,200,http://172.169.8.253:31112/function/opt-66b-submod-0-latency-25.cdgp
1704042750361508841,1704042760031597606,500,http://172.169.8.253:31112/function/opt-66b-submod-0-latency-25.cdgp
1704042750361572079,1704042752416656581,200,http://172.169.8.253:31112/function/opt-66b-submod-0-latency-25.cdgp
1704042750371039086,1704042760119852812,500,http://172.169.8.253:31112/function/opt-66b-submod-0-latency-25.cdgp
1704042750371094218,1704042759448447859,500,http://172.169.8.253:31112/function/opt-66b-submod-0-latency-25.cdgp
1704042750371166318,1704042752927421446,200,http://172.169.8.253:31112/function/opt-66b-submod-0-latency-25.cdgp
1704042750371235450,1704042760016865860,500,http://172.169.8.253:31112/function/opt-66b-submod-0-latency-25.cdgp
1704042750371342708,1704042759417980036,200,http://172.169.8.253:31112/function/opt-66b-submod-0-latency-25.cdgp
1704042750371451651,1704042760231448860,500,http://172.169.8.253:31112/function/opt-66b-submod-0-latency-25.cdgp
1704042750371528417,1704042759423849291,200,http://172.169.8.253:31112/function/opt-66b-submod-0-latency-25.cdgp
1704042750371591839,1704042759958761743,500,http://172.169.8.253:31112/function/opt-66b-submod-0-latency-25.cdgp
1704042750371638151,1704042759963454557,500,http://172.169.8.253:31112/function/opt-66b-submod-0-latency-25.cdgp
1704042750371717191,1704042760127221818,500,http://172.169.8.253:31112/function/opt-66b-submod-0-latency-25.cdgp
1704042750371755036,1704042760028014298,500,http://172.169.8.253:31112/function/opt-66b-submod-0-latency-25.cdgp
1704042750371835116,1704042760368182420,500,http://172.169.8.253:31112/function/opt-66b-submod-0-latency-25.cdgp
1704042750371867993,1704042759448015172,500,http://172.169.8.253:31112/function/opt-66b-submod-0-latency-25.cdgp
1704042750371961582,1704042752969444204,200,http://172.169.8.253:31112/function/opt-66b-submod-0-latency-25.cdgp
1704042750372045088,1704042752930388023,200,http://172.169.8.253:31112/function/opt-66b-submod-0-latency-25.cdgp
1704042750372137994,1704042759959803929,500,http://172.169.8.253:31112/function/opt-66b-submod-0-latency-25.cdgp
1704042750372231831,1704042752551439731,200,http://172.169.8.253:31112/function/opt-66b-submod-0-latency-25.cdgp
1704042750372299298,1704042760233014723,500,http://172.169.8.253:31112/function/opt-66b-submod-0-latency-25.cdgp
1704042750372339422,1704042760026248066,500,http://172.169.8.253:31112/function/opt-66b-submod-0-latency-25.cdgp
1704042750372442976,1704042752744544817,200,http://172.169.8.253:31112/function/opt-66b-submod-0-latency-25.cdgp
1704042750372471260,1704042760121727921,500,http://172.169.8.253:31112/function/opt-66b-submod-0-latency-25.cdgp
1704042750372561719,1704042753241918506,200,http://172.169.8.253:31112/function/opt-66b-submod-0-latency-25.cdgp
1704042750372644635,1704042752715873769,200,http://172.169.8.253:31112/function/opt-66b-submod-0-latency-25.cdgp
1704042751104729984,1704042760421978105,500,http://172.169.8.253:31112/function/opt-66b-submod-0-latency-25.cdgp
1704042751104805464,1704042753764865639,200,http://172.169.8.253:31112/function/opt-66b-submod-0-latency-25.cdgp
1704042751104878864,1704042760234979300,500,http://172.169.8.253:31112/function/opt-66b-submod-0-latency-25.cdgp
1704042751104950560,1704042759709243464,500,http://172.169.8.253:31112/function/opt-66b-submod-0-latency-25.cdgp
1704042751105055614,1704042761053855560,500,http://172.169.8.253:31112/function/opt-66b-submod-0-latency-25.cdgp
1704042751105126469,1704042760559764824,500,http://172.169.8.253:31112/function/opt-66b-submod-0-latency-25.cdgp
1704042751105220279,1704042753734358913,200,http://172.169.8.253:31112/function/opt-66b-submod-0-latency-25.cdgp
1704042751105290995,1704042760720696005,500,http://172.169.8.253:31112/function/opt-66b-submod-0-latency-25.cdgp
1704042751105411171,1704042754411907410,200,http://172.169.8.253:31112/function/opt-66b-submod-0-latency-25.cdgp
1704042751105487670,1704042753688484112,200,http://172.169.8.253:31112/function/opt-66b-submod-0-latency-25.cdgp
1704042751105572967,1704042760723204953,500,http://172.169.8.253:31112/function/opt-66b-submod-0-latency-25.cdgp
1704042751105665301,1704042752787824650,200,http://172.169.8.253:31112/function/opt-66b-submod-0-latency-25.cdgp
1704042751105735457,1704042761106035919,500,http://172.169.8.253:31112/function/opt-66b-submod-0-latency-25.cdgp
1704042751105817355,1704042759449535931,500,http://172.169.8.253:31112/function/opt-66b-submod-0-latency-25.cdgp
1704042751105885895,1704042761053523548,500,http://172.169.8.253:31112/function/opt-66b-submod-0-latency-25.cdgp
1704042751105945741,1704042759826322780,500,http://172.169.8.253:31112/function/opt-66b-submod-0-latency-25.cdgp
1704042751106032401,1704042760764751142,500,http://172.169.8.253:31112/function/opt-66b-submod-0-latency-25.cdgp
1704042751106104054,1704042759432559611,200,http://172.169.8.253:31112/function/opt-66b-submod-0-latency-25.cdgp
1704042751106177338,1704042759897799129,200,http://172.169.8.253:31112/function/opt-66b-submod-0-latency-25.cdgp
1704042751106190193,1704042761106884420,500,http://172.169.8.253:31112/function/opt-66b-submod-0-latency-25.cdgp
1704042751106267748,1704042760658689587,500,http://172.169.8.253:31112/function/opt-66b-submod-0-latency-25.cdgp
1704042751106346283,1704042753728386279,200,http://172.169.8.253:31112/function/opt-66b-submod-0-latency-25.cdgp
1704042751106428792,1704042759897340458,200,http://172.169.8.253:31112/function/opt-66b-submod-0-latency-25.cdgp
1704042751106505716,1704042760549118644,500,http://172.169.8.253:31112/function/opt-66b-submod-0-latency-25.cdgp
1704042751106580378,1704042759428721623,200,http://172.169.8.253:31112/function/opt-66b-submod-0-latency-25.cdgp
1704042751106628820,1704042759447417440,200,http://172.169.8.253:31112/function/opt-66b-submod-0-latency-25.cdgp
1704042751106706565,1704042759874911576,200,http://172.169.8.253:31112/function/opt-66b-submod-0-latency-25.cdgp
1704042751106777174,1704042761106899597,500,http://172.169.8.253:31112/function/opt-66b-submod-0-latency-25.cdgp
1704042751106859329,1704042761107061285,500,http://172.169.8.253:31112/function/opt-66b-submod-0-latency-25.cdgp
1704042751106945762,1704042753636554559,200,http://172.169.8.253:31112/function/opt-66b-submod-0-latency-25.cdgp
1704042751107014749,1704042760716145250,500,http://172.169.8.253:31112/function/opt-66b-submod-0-latency-25.cdgp
1704042751107085357,1704042761107926959,500,http://172.169.8.253:31112/function/opt-66b-submod-0-latency-25.cdgp
1704042751107131362,1704042753528500892,200,http://172.169.8.253:31112/function/opt-66b-submod-0-latency-25.cdgp
1704042751107198066,1704042753546829092,200,http://172.169.8.253:31112/function/opt-66b-submod-0-latency-25.cdgp
1704042751107303511,1704042761107833768,500,http://172.169.8.253:31112/function/opt-66b-submod-0-latency-25.cdgp
1704042751107414002,1704042759695638844,200,http://172.169.8.253:31112/function/opt-66b-submod-0-latency-25.cdgp
1704042751107473056,1704042760863098100,500,http://172.169.8.253:31112/function/opt-66b-submod-0-latency-25.cdgp
1704042751107520213,1704042759450488810,500,http://172.169.8.253:31112/function/opt-66b-submod-0-latency-25.cdgp
1704042751107556061,1704042760572336714,500,http://172.169.8.253:31112/function/opt-66b-submod-0-latency-25.cdgp
1704042751107635960,1704042760525226050,500,http://172.169.8.253:31112/function/opt-66b-submod-0-latency-25.cdgp
1704042751107730978,1704042761107928916,500,http://172.169.8.253:31112/function/opt-66b-submod-0-latency-25.cdgp
1704042751109725832,1704042760718622667,500,http://172.169.8.253:31112/function/opt-66b-submod-0-latency-25.cdgp
1704042751109805677,1704042760909959610,500,http://172.169.8.253:31112/function/opt-66b-submod-0-latency-25.cdgp
1704042751109880861,1704042760855291696,500,http://172.169.8.253:31112/function/opt-66b-submod-0-latency-25.cdgp
1704042751110450480,1704042753564574040,200,http://172.169.8.253:31112/function/opt-66b-submod-0-latency-25.cdgp
1704042751110536355,1704042760918269585,500,http://172.169.8.253:31112/function/opt-66b-submod-0-latency-25.cdgp
1704042751110646979,1704042759693598290,200,http://172.169.8.253:31112/function/opt-66b-submod-0-latency-25.cdgp
1704042751110762101,1704042753695370653,200,http://172.169.8.253:31112/function/opt-66b-submod-0-latency-25.cdgp
1704042751111750051,1704042759448963642,200,http://172.169.8.253:31112/function/opt-66b-submod-0-latency-25.cdgp
1704042751111839247,1704042761106099241,500,http://172.169.8.253:31112/function/opt-66b-submod-0-latency-25.cdgp
1704042751111932991,1704042753252408982,200,http://172.169.8.253:31112/function/opt-66b-submod-0-latency-25.cdgp
1704042751112005686,1704042759699737827,200,http://172.169.8.253:31112/function/opt-66b-submod-0-latency-25.cdgp
1704042751112086315,1704042759827239465,200,http://172.169.8.253:31112/function/opt-66b-submod-0-latency-25.cdgp
1704042751112158249,1704042753120012463,200,http://172.169.8.253:31112/function/opt-66b-submod-0-latency-25.cdgp
1704042751112241519,1704042753930561025,200,http://172.169.8.253:31112/function/opt-66b-submod-0-latency-25.cdgp
1704042751112290634,1704042761113521670,500,http://172.169.8.253:31112/function/opt-66b-submod-0-latency-25.cdgp
1704042751459704316,1704042760001554884,200,http://172.169.8.253:31112/function/opt-66b-submod-0-latency-25.cdgp
1704042751459826595,1704042761111046807,500,http://172.169.8.253:31112/function/opt-66b-submod-0-latency-25.cdgp
1704042751459978166,1704042761106741407,500,http://172.169.8.253:31112/function/opt-66b-submod-0-latency-25.cdgp
1704042751460047904,1704042761461285125,500,http://172.169.8.253:31112/function/opt-66b-submod-0-latency-25.cdgp
1704042751460094707,1704042753556219929,200,http://172.169.8.253:31112/function/opt-66b-submod-0-latency-25.cdgp
1704042751460172302,1704042753672372956,200,http://172.169.8.253:31112/function/opt-66b-submod-0-latency-25.cdgp
1704042751460251161,1704042761125660454,500,http://172.169.8.253:31112/function/opt-66b-submod-0-latency-25.cdgp
1704042751460365821,1704042761158668317,500,http://172.169.8.253:31112/function/opt-66b-submod-0-latency-25.cdgp
1704042752162036920,1704042761257131131,500,http://172.169.8.253:31112/function/opt-66b-submod-0-latency-25.cdgp
1704042752162131748,1704042761424718966,500,http://172.169.8.253:31112/function/opt-66b-submod-0-latency-25.cdgp
1704042752162215264,1704042761559647778,500,http://172.169.8.253:31112/function/opt-66b-submod-0-latency-25.cdgp
1704042752162326116,1704042761351464154,500,http://172.169.8.253:31112/function/opt-66b-submod-0-latency-25.cdgp
1704042752162380064,1704042761163408401,500,http://172.169.8.253:31112/function/opt-66b-submod-0-latency-25.cdgp
1704042752162455761,1704042761744014765,500,http://172.169.8.253:31112/function/opt-66b-submod-0-latency-25.cdgp
1704042752162502449,1704042761555696700,500,http://172.169.8.253:31112/function/opt-66b-submod-0-latency-25.cdgp
1704042752162587023,1704042759904611969,200,http://172.169.8.253:31112/function/opt-66b-submod-0-latency-25.cdgp
1704042752162672321,1704042761203589755,500,http://172.169.8.253:31112/function/opt-66b-submod-0-latency-25.cdgp
1704042752162773440,1704042760358734867,500,http://172.169.8.253:31112/function/opt-66b-submod-0-latency-25.cdgp
1704042752162829362,1704042753709131417,200,http://172.169.8.253:31112/function/opt-66b-submod-0-latency-25.cdgp
1704042752162913391,1704042761228182397,504,http://172.169.8.253:31112/function/opt-66b-submod-0-latency-25.cdgp
1704042752162994362,1704042759420538386,200,http://172.169.8.253:31112/function/opt-66b-submod-0-latency-25.cdgp
1704042752163074323,1704042753879708655,200,http://172.169.8.253:31112/function/opt-66b-submod-0-latency-25.cdgp
1704042752163158840,1704042761517181270,500,http://172.169.8.253:31112/function/opt-66b-submod-0-latency-25.cdgp
1704042752163236798,1704042761952402267,500,http://172.169.8.253:31112/function/opt-66b-submod-0-latency-25.cdgp
1704042752163324637,1704042760706884515,500,http://172.169.8.253:31112/function/opt-66b-submod-0-latency-25.cdgp
1704042752163398931,1704042761360767175,500,http://172.169.8.253:31112/function/opt-66b-submod-0-latency-25.cdgp
1704042752163491535,1704042761530565805,500,http://172.169.8.253:31112/function/opt-66b-submod-0-latency-25.cdgp
1704042752164546029,1704042761369412156,500,http://172.169.8.253:31112/function/opt-66b-submod-0-latency-25.cdgp
1704042752164636800,1704042759429016686,200,http://172.169.8.253:31112/function/opt-66b-submod-0-latency-25.cdgp
1704042752164705325,1704042760675251809,500,http://172.169.8.253:31112/function/opt-66b-submod-0-latency-25.cdgp
1704042752164751519,1704042761365290416,504,http://172.169.8.253:31112/function/opt-66b-submod-0-latency-25.cdgp
1704042752164829576,1704042757767303370,200,http://172.169.8.253:31112/function/opt-66b-submod-0-latency-25.cdgp
1704042752164893255,1704042754512436102,200,http://172.169.8.253:31112/function/opt-66b-submod-0-latency-25.cdgp
1704042752164969145,1704042761353155890,500,http://172.169.8.253:31112/function/opt-66b-submod-0-latency-25.cdgp
1704042752164987356,1704042755014770153,200,http://172.169.8.253:31112/function/opt-66b-submod-0-latency-25.cdgp
1704042752165055363,1704042759418588681,200,http://172.169.8.253:31112/function/opt-66b-submod-0-latency-25.cdgp
1704042752165092505,1704042761931276791,500,http://172.169.8.253:31112/function/opt-66b-submod-0-latency-25.cdgp
1704042752187029182,1704042761706505282,500,http://172.169.8.253:31112/function/opt-66b-submod-0-latency-25.cdgp
1704042752187270916,1704042756403414575,200,http://172.169.8.253:31112/function/opt-66b-submod-0-latency-25.cdgp
1704042752187374480,1704042754380956407,200,http://172.169.8.253:31112/function/opt-66b-submod-0-latency-25.cdgp
1704042752187437709,1704042761742691708,500,http://172.169.8.253:31112/function/opt-66b-submod-0-latency-25.cdgp
1704042752187500680,1704042761713417039,500,http://172.169.8.253:31112/function/opt-66b-submod-0-latency-25.cdgp
1704042752187556531,1704042753626075997,200,http://172.169.8.253:31112/function/opt-66b-submod-0-latency-25.cdgp
1704042752187577516,1704042761796568509,500,http://172.169.8.253:31112/function/opt-66b-submod-0-latency-25.cdgp
1704042752189500638,1704042761933625889,500,http://172.169.8.253:31112/function/opt-66b-submod-0-latency-25.cdgp
1704042752189592386,1704042754602531010,200,http://172.169.8.253:31112/function/opt-66b-submod-0-latency-25.cdgp
1704042752189681382,1704042761711755317,500,http://172.169.8.253:31112/function/opt-66b-submod-0-latency-25.cdgp
1704042752189751889,1704042759835199269,200,http://172.169.8.253:31112/function/opt-66b-submod-0-latency-25.cdgp
1704042752189814394,1704042761048535274,500,http://172.169.8.253:31112/function/opt-66b-submod-0-latency-25.cdgp
1704042752189903730,1704042761926817631,500,http://172.169.8.253:31112/function/opt-66b-submod-0-latency-25.cdgp
1704042752189962179,1704042761929030364,500,http://172.169.8.253:31112/function/opt-66b-submod-0-latency-25.cdgp
1704042752190047502,1704042761932866089,500,http://172.169.8.253:31112/function/opt-66b-submod-0-latency-25.cdgp
1704042752220374018,1704042761783885488,500,http://172.169.8.253:31112/function/opt-66b-submod-0-latency-25.cdgp
1704042752220454950,1704042761715638793,500,http://172.169.8.253:31112/function/opt-66b-submod-0-latency-25.cdgp
1704042752220484960,1704042761783775358,500,http://172.169.8.253:31112/function/opt-66b-submod-0-latency-25.cdgp
1704042752220585023,1704042761595225719,500,http://172.169.8.253:31112/function/opt-66b-submod-0-latency-25.cdgp
1704042753341816639,1704042762323228656,500,http://172.169.8.253:31112/function/opt-66b-submod-0-latency-25.cdgp
1704042753341927898,1704042762315654951,500,http://172.169.8.253:31112/function/opt-66b-submod-0-latency-25.cdgp
1704042753342036829,1704042762375635019,500,http://172.169.8.253:31112/function/opt-66b-submod-0-latency-25.cdgp
1704042753342107986,1704042755751567813,200,http://172.169.8.253:31112/function/opt-66b-submod-0-latency-25.cdgp
1704042753342149283,1704042762403603831,500,http://172.169.8.253:31112/function/opt-66b-submod-0-latency-25.cdgp
1704042753342231754,1704042762325388640,500,http://172.169.8.253:31112/function/opt-66b-submod-0-latency-25.cdgp
1704042753857891815,1704042763048814972,500,http://172.169.8.253:31112/function/opt-66b-submod-0-latency-25.cdgp
1704042753857973480,1704042763065314477,500,http://172.169.8.253:31112/function/opt-66b-submod-0-latency-25.cdgp
1704042753858120558,1704042762907679949,500,http://172.169.8.253:31112/function/opt-66b-submod-0-latency-25.cdgp
1704042753858185876,1704042762876516092,500,http://172.169.8.253:31112/function/opt-66b-submod-0-latency-25.cdgp
1704042753858237630,1704042762963602227,500,http://172.169.8.253:31112/function/opt-66b-submod-0-latency-25.cdgp
1704042753858344391,1704042762978246889,500,http://172.169.8.253:31112/function/opt-66b-submod-0-latency-25.cdgp
1704042753858457840,1704042760495614770,200,http://172.169.8.253:31112/function/opt-66b-submod-0-latency-25.cdgp
1704042753858520281,1704042763071418414,504,http://172.169.8.253:31112/function/opt-66b-submod-0-latency-25.cdgp
1704042753858544557,1704042759828998944,200,http://172.169.8.253:31112/function/opt-66b-submod-0-latency-25.cdgp
1704042753876009850,1704042763067802082,500,http://172.169.8.253:31112/function/opt-66b-submod-0-latency-25.cdgp
1704042753876092207,1704042762034623513,500,http://172.169.8.253:31112/function/opt-66b-submod-0-latency-25.cdgp
1704042753876239991,1704042763455644008,500,http://172.169.8.253:31112/function/opt-66b-submod-0-latency-25.cdgp
1704042753876306371,1704042763075124736,500,http://172.169.8.253:31112/function/opt-66b-submod-0-latency-25.cdgp
1704042753876341271,1704042762976979602,500,http://172.169.8.253:31112/function/opt-66b-submod-0-latency-25.cdgp
1704042753876431291,1704042762987530904,500,http://172.169.8.253:31112/function/opt-66b-submod-0-latency-25.cdgp
1704042753876475850,1704042755670804146,200,http://172.169.8.253:31112/function/opt-66b-submod-0-latency-25.cdgp
1704042753876566252,1704042762936918063,500,http://172.169.8.253:31112/function/opt-66b-submod-0-latency-25.cdgp
1704042753876639888,1704042763011570888,500,http://172.169.8.253:31112/function/opt-66b-submod-0-latency-25.cdgp
1704042753876744010,1704042755660806236,200,http://172.169.8.253:31112/function/opt-66b-submod-0-latency-25.cdgp
1704042753876774777,1704042755671899882,200,http://172.169.8.253:31112/function/opt-66b-submod-0-latency-25.cdgp
1704042753876867922,1704042762014405654,500,http://172.169.8.253:31112/function/opt-66b-submod-0-latency-25.cdgp
1704042753876892576,1704042756718983588,200,http://172.169.8.253:31112/function/opt-66b-submod-0-latency-25.cdgp
1704042753876961734,1704042755620358225,200,http://172.169.8.253:31112/function/opt-66b-submod-0-latency-25.cdgp
1704042753877026543,1704042762996102048,500,http://172.169.8.253:31112/function/opt-66b-submod-0-latency-25.cdgp
1704042753958403648,1704042763242445640,500,http://172.169.8.253:31112/function/opt-66b-submod-0-latency-25.cdgp
1704042753958526576,1704042755708580978,200,http://172.169.8.253:31112/function/opt-66b-submod-0-latency-25.cdgp
1704042753958648878,1704042762151806604,500,http://172.169.8.253:31112/function/opt-66b-submod-0-latency-25.cdgp
1704042753958718135,1704042763318359084,500,http://172.169.8.253:31112/function/opt-66b-submod-0-latency-25.cdgp
1704042753958763075,1704042760007651654,200,http://172.169.8.253:31112/function/opt-66b-submod-0-latency-25.cdgp
1704042753958864983,1704042762341246795,500,http://172.169.8.253:31112/function/opt-66b-submod-0-latency-25.cdgp
1704042753958974970,1704042762991105334,500,http://172.169.8.253:31112/function/opt-66b-submod-0-latency-25.cdgp
1704042753959083331,1704042763292528165,500,http://172.169.8.253:31112/function/opt-66b-submod-0-latency-25.cdgp
1704042753959164091,1704042763254499916,500,http://172.169.8.253:31112/function/opt-66b-submod-0-latency-25.cdgp
1704042753959247275,1704042763177140326,500,http://172.169.8.253:31112/function/opt-66b-submod-0-latency-25.cdgp
1704042753959353690,1704042756715427531,200,http://172.169.8.253:31112/function/opt-66b-submod-0-latency-25.cdgp
1704042753959446522,1704042763322889272,500,http://172.169.8.253:31112/function/opt-66b-submod-0-latency-25.cdgp
1704042753959517695,1704042763300514836,500,http://172.169.8.253:31112/function/opt-66b-submod-0-latency-25.cdgp
1704042753959616667,1704042761926030636,500,http://172.169.8.253:31112/function/opt-66b-submod-0-latency-25.cdgp
1704042753959702235,1704042763199163438,500,http://172.169.8.253:31112/function/opt-66b-submod-0-latency-25.cdgp
1704042753959769103,1704042763295826284,504,http://172.169.8.253:31112/function/opt-66b-submod-0-latency-25.cdgp
1704042753959861968,1704042756700774960,200,http://172.169.8.253:31112/function/opt-66b-submod-0-latency-25.cdgp
1704042753959927366,1704042763412550626,500,http://172.169.8.253:31112/function/opt-66b-submod-0-latency-25.cdgp
1704042753960006288,1704042755708568491,200,http://172.169.8.253:31112/function/opt-66b-submod-0-latency-25.cdgp
1704042753962041615,1704042762161383445,500,http://172.169.8.253:31112/function/opt-66b-submod-0-latency-25.cdgp
1704042753962210415,1704042759429425263,200,http://172.169.8.253:31112/function/opt-66b-submod-0-latency-25.cdgp
1704042753962378517,1704042763263060368,500,http://172.169.8.253:31112/function/opt-66b-submod-0-latency-25.cdgp
1704042753962466106,1704042763310807923,500,http://172.169.8.253:31112/function/opt-66b-submod-0-latency-25.cdgp
1704042753962547228,1704042755672188322,200,http://172.169.8.253:31112/function/opt-66b-submod-0-latency-25.cdgp
1704042753962639230,1704042763321067326,500,http://172.169.8.253:31112/function/opt-66b-submod-0-latency-25.cdgp
1704042753962714044,1704042763298280841,500,http://172.169.8.253:31112/function/opt-66b-submod-0-latency-25.cdgp
1704042754860781765,1704042764261157541,500,http://172.169.8.253:31112/function/opt-66b-submod-0-latency-25.cdgp
1704042754860871686,1704042763953728041,500,http://172.169.8.253:31112/function/opt-66b-submod-0-latency-25.cdgp
1704042754860964862,1704042764244184712,500,http://172.169.8.253:31112/function/opt-66b-submod-0-latency-25.cdgp
1704042754861051709,1704042764342047833,500,http://172.169.8.253:31112/function/opt-66b-submod-0-latency-25.cdgp
1704042754861143909,1704042764257251731,500,http://172.169.8.253:31112/function/opt-66b-submod-0-latency-25.cdgp
1704042754861207167,1704042764607032656,500,http://172.169.8.253:31112/function/opt-66b-submod-0-latency-25.cdgp
1704042754861232372,1704042762328924055,200,http://172.169.8.253:31112/function/opt-66b-submod-0-latency-25.cdgp
1704042754861309593,1704042764606927698,500,http://172.169.8.253:31112/function/opt-66b-submod-0-latency-25.cdgp
1704042754861384672,1704042764244044218,500,http://172.169.8.253:31112/function/opt-66b-submod-0-latency-25.cdgp
1704042754861469300,1704042764338108878,500,http://172.169.8.253:31112/function/opt-66b-submod-0-latency-25.cdgp
1704042754861550268,1704042759833594955,200,http://172.169.8.253:31112/function/opt-66b-submod-0-latency-25.cdgp
1704042754861645020,1704042762283585873,200,http://172.169.8.253:31112/function/opt-66b-submod-0-latency-25.cdgp
1704042754861722457,1704042764667888610,500,http://172.169.8.253:31112/function/opt-66b-submod-0-latency-25.cdgp
1704042754861825060,1704042764862335355,500,http://172.169.8.253:31112/function/opt-66b-submod-0-latency-25.cdgp
1704042754861905156,1704042763252880380,500,http://172.169.8.253:31112/function/opt-66b-submod-0-latency-25.cdgp
1704042754861973848,1704042763784658166,200,http://172.169.8.253:31112/function/opt-66b-submod-0-latency-25.cdgp
1704042754862043130,1704042757592409945,200,http://172.169.8.253:31112/function/opt-66b-submod-0-latency-25.cdgp
1704042754862113651,1704042764862460844,500,http://172.169.8.253:31112/function/opt-66b-submod-0-latency-25.cdgp
1704042754862232047,1704042764862465530,500,http://172.169.8.253:31112/function/opt-66b-submod-0-latency-25.cdgp
1704042754862293119,1704042759739892330,200,http://172.169.8.253:31112/function/opt-66b-submod-0-latency-25.cdgp
1704042754862374704,1704042764533827260,500,http://172.169.8.253:31112/function/opt-66b-submod-0-latency-25.cdgp
1704042754862443119,1704042762279374642,200,http://172.169.8.253:31112/function/opt-66b-submod-0-latency-25.cdgp
1704042754862527085,1704042756720510180,200,http://172.169.8.253:31112/function/opt-66b-submod-0-latency-25.cdgp
1704042754862606272,1704042764863477080,500,http://172.169.8.253:31112/function/opt-66b-submod-0-latency-25.cdgp
1704042754862710500,1704042764539570710,500,http://172.169.8.253:31112/function/opt-66b-submod-0-latency-25.cdgp
1704042754862792094,1704042761894090398,200,http://172.169.8.253:31112/function/opt-66b-submod-0-latency-25.cdgp
1704042754862877094,1704042764539406387,500,http://172.169.8.253:31112/function/opt-66b-submod-0-latency-25.cdgp
1704042754862935858,1704042764739379859,500,http://172.169.8.253:31112/function/opt-66b-submod-0-latency-25.cdgp
1704042754863033426,1704042759955265876,200,http://172.169.8.253:31112/function/opt-66b-submod-0-latency-25.cdgp
1704042754863110533,1704042764863484065,500,http://172.169.8.253:31112/function/opt-66b-submod-0-latency-25.cdgp
1704042754863180402,1704042759707199376,200,http://172.169.8.253:31112/function/opt-66b-submod-0-latency-25.cdgp
1704042754863253722,1704042764740379288,500,http://172.169.8.253:31112/function/opt-66b-submod-0-latency-25.cdgp
1704042754863336527,1704042764667498211,500,http://172.169.8.253:31112/function/opt-66b-submod-0-latency-25.cdgp
1704042754863426915,1704042764863632913,500,http://172.169.8.253:31112/function/opt-66b-submod-0-latency-25.cdgp
1704042754863480482,1704042764863641887,500,http://172.169.8.253:31112/function/opt-66b-submod-0-latency-25.cdgp
1704042754863550272,1704042764863734980,500,http://172.169.8.253:31112/function/opt-66b-submod-0-latency-25.cdgp
1704042754863646837,1704042761853953738,200,http://172.169.8.253:31112/function/opt-66b-submod-0-latency-25.cdgp
1704042754863729546,1704042758348401425,200,http://172.169.8.253:31112/function/opt-66b-submod-0-latency-25.cdgp
1704042754863810996,1704042764865136117,500,http://172.169.8.253:31112/function/opt-66b-submod-0-latency-25.cdgp
1704042754863904632,1704042764865049318,500,http://172.169.8.253:31112/function/opt-66b-submod-0-latency-25.cdgp
1704042754864002099,1704042764865156447,500,http://172.169.8.253:31112/function/opt-66b-submod-0-latency-25.cdgp
1704042754864088016,1704042759741679305,200,http://172.169.8.253:31112/function/opt-66b-submod-0-latency-25.cdgp
1704042754864170229,1704042759820680696,200,http://172.169.8.253:31112/function/opt-66b-submod-0-latency-25.cdgp
1704042754864247362,1704042764865124959,500,http://172.169.8.253:31112/function/opt-66b-submod-0-latency-25.cdgp
1704042754864331145,1704042763784729076,200,http://172.169.8.253:31112/function/opt-66b-submod-0-latency-25.cdgp
1704042754864413860,1704042764865144434,500,http://172.169.8.253:31112/function/opt-66b-submod-0-latency-25.cdgp
1704042754864499788,1704042764865290905,500,http://172.169.8.253:31112/function/opt-66b-submod-0-latency-25.cdgp
1704042754864573626,1704042764865479205,500,http://172.169.8.253:31112/function/opt-66b-submod-0-latency-25.cdgp
1704042754864649555,1704042759424528960,200,http://172.169.8.253:31112/function/opt-66b-submod-0-latency-25.cdgp
1704042754864676466,1704042763931945020,200,http://172.169.8.253:31112/function/opt-66b-submod-0-latency-25.cdgp
1704042754864728760,1704042759701911492,200,http://172.169.8.253:31112/function/opt-66b-submod-0-latency-25.cdgp
1704042754864791600,1704042764865564830,500,http://172.169.8.253:31112/function/opt-66b-submod-0-latency-25.cdgp
1704042754864825262,1704042764865500767,500,http://172.169.8.253:31112/function/opt-66b-submod-0-latency-25.cdgp
1704042754864893016,1704042764865064397,500,http://172.169.8.253:31112/function/opt-66b-submod-0-latency-25.cdgp
1704042754864921369,1704042759422055388,200,http://172.169.8.253:31112/function/opt-66b-submod-0-latency-25.cdgp
1704042754864998866,1704042764865680853,500,http://172.169.8.253:31112/function/opt-66b-submod-0-latency-25.cdgp
1704042754865070789,1704042764865414833,500,http://172.169.8.253:31112/function/opt-66b-submod-0-latency-25.cdgp
1704042754865148188,1704042758348704369,200,http://172.169.8.253:31112/function/opt-66b-submod-0-latency-25.cdgp
1704042754865211754,1704042764865418026,500,http://172.169.8.253:31112/function/opt-66b-submod-0-latency-25.cdgp
1704042754865244762,1704042764865694557,500,http://172.169.8.253:31112/function/opt-66b-submod-0-latency-25.cdgp
1704042754865295515,1704042764865697537,500,http://172.169.8.253:31112/function/opt-66b-submod-0-latency-25.cdgp
1704042754865361597,1704042763930496105,200,http://172.169.8.253:31112/function/opt-66b-submod-0-latency-25.cdgp
1704042754868189281,1704042763956999073,200,http://172.169.8.253:31112/function/opt-66b-submod-0-latency-25.cdgp
1704042754868936084,1704042759443530484,200,http://172.169.8.253:31112/function/opt-66b-submod-0-latency-25.cdgp
1704042754869027824,1704042760515562280,200,http://172.169.8.253:31112/function/opt-66b-submod-0-latency-25.cdgp
1704042754869113746,1704042764870109654,500,http://172.169.8.253:31112/function/opt-66b-submod-0-latency-25.cdgp
1704042754869202958,1704042764869957396,500,http://172.169.8.253:31112/function/opt-66b-submod-0-latency-25.cdgp
1704042754872138204,1704042764873222983,500,http://172.169.8.253:31112/function/opt-66b-submod-0-latency-25.cdgp
1704042754872940623,1704042759450443908,200,http://172.169.8.253:31112/function/opt-66b-submod-0-latency-25.cdgp
1704042754873120583,1704042764873272435,500,http://172.169.8.253:31112/function/opt-66b-submod-0-latency-25.cdgp
1704042754873299129,1704042763784962698,200,http://172.169.8.253:31112/function/opt-66b-submod-0-latency-25.cdgp
1704042754873399458,1704042764874840953,500,http://172.169.8.253:31112/function/opt-66b-submod-0-latency-25.cdgp
1704042754873494350,1704042763930098175,200,http://172.169.8.253:31112/function/opt-66b-submod-0-latency-25.cdgp
1704042754873602486,1704042759697190237,200,http://172.169.8.253:31112/function/opt-66b-submod-0-latency-25.cdgp
1704042754873686523,1704042764874808965,500,http://172.169.8.253:31112/function/opt-66b-submod-0-latency-25.cdgp
1704042754873783903,1704042761860333412,200,http://172.169.8.253:31112/function/opt-66b-submod-0-latency-25.cdgp
1704042754873900241,1704042764874809094,500,http://172.169.8.253:31112/function/opt-66b-submod-0-latency-25.cdgp
1704042754874005380,1704042764874823480,500,http://172.169.8.253:31112/function/opt-66b-submod-0-latency-25.cdgp
1704042754874104870,1704042759417377409,200,http://172.169.8.253:31112/function/opt-66b-submod-0-latency-25.cdgp
1704042754874204842,1704042763931419995,200,http://172.169.8.253:31112/function/opt-66b-submod-0-latency-25.cdgp
1704042754874305533,1704042764874837421,500,http://172.169.8.253:31112/function/opt-66b-submod-0-latency-25.cdgp
1704042754874419575,1704042764874826983,500,http://172.169.8.253:31112/function/opt-66b-submod-0-latency-25.cdgp
1704042754874643678,1704042764874799597,500,http://172.169.8.253:31112/function/opt-66b-submod-0-latency-25.cdgp
1704042754874733980,1704042759953487878,200,http://172.169.8.253:31112/function/opt-66b-submod-0-latency-25.cdgp
1704042754874839378,1704042764875717037,500,http://172.169.8.253:31112/function/opt-66b-submod-0-latency-25.cdgp
1704042754874976995,1704042764875725674,500,http://172.169.8.253:31112/function/opt-66b-submod-0-latency-25.cdgp
1704042754875097291,1704042764875548137,500,http://172.169.8.253:31112/function/opt-66b-submod-0-latency-25.cdgp
1704042754875266087,1704042763764089015,200,http://172.169.8.253:31112/function/opt-66b-submod-0-latency-25.cdgp
1704042754875544768,1704042759698937083,200,http://172.169.8.253:31112/function/opt-66b-submod-0-latency-25.cdgp
1704042754875644425,1704042761904571683,200,http://172.169.8.253:31112/function/opt-66b-submod-0-latency-25.cdgp
1704042754875775595,1704042763868759536,200,http://172.169.8.253:31112/function/opt-66b-submod-0-latency-25.cdgp
1704042754875829658,1704042761858768486,200,http://172.169.8.253:31112/function/opt-66b-submod-0-latency-25.cdgp
1704042754875873546,1704042764876929691,500,http://172.169.8.253:31112/function/opt-66b-submod-0-latency-25.cdgp
1704042754875981476,1704042764876940504,500,http://172.169.8.253:31112/function/opt-66b-submod-0-latency-25.cdgp
1704042754876059070,1704042764876993705,500,http://172.169.8.253:31112/function/opt-66b-submod-0-latency-25.cdgp
1704042754876201913,1704042764877000593,500,http://172.169.8.253:31112/function/opt-66b-submod-0-latency-25.cdgp
1704042754876306392,1704042764877081439,500,http://172.169.8.253:31112/function/opt-66b-submod-0-latency-25.cdgp
1704042754876400176,1704042764877069587,500,http://172.169.8.253:31112/function/opt-66b-submod-0-latency-25.cdgp
1704042754876495380,1704042763930782178,200,http://172.169.8.253:31112/function/opt-66b-submod-0-latency-25.cdgp
1704042754905632706,1704042764905846519,500,http://172.169.8.253:31112/function/opt-66b-submod-0-latency-25.cdgp
1704042754905787951,1704042764905954735,500,http://172.169.8.253:31112/function/opt-66b-submod-0-latency-25.cdgp
1704042754905869329,1704042764906001525,500,http://172.169.8.253:31112/function/opt-66b-submod-0-latency-25.cdgp
1704042754905990175,1704042764907432624,500,http://172.169.8.253:31112/function/opt-66b-submod-0-latency-25.cdgp
1704042754906153811,1704042764907455495,500,http://172.169.8.253:31112/function/opt-66b-submod-0-latency-25.cdgp
1704042754906276781,1704042763929950010,200,http://172.169.8.253:31112/function/opt-66b-submod-0-latency-25.cdgp
1704042754906368441,1704042764907414330,500,http://172.169.8.253:31112/function/opt-66b-submod-0-latency-25.cdgp
1704042754906447268,1704042764907466428,500,http://172.169.8.253:31112/function/opt-66b-submod-0-latency-25.cdgp
1704042754906548272,1704042764907448281,500,http://172.169.8.253:31112/function/opt-66b-submod-0-latency-25.cdgp
1704042754906600818,1704042760511704856,200,http://172.169.8.253:31112/function/opt-66b-submod-0-latency-25.cdgp
1704042754906686385,1704042761856310629,200,http://172.169.8.253:31112/function/opt-66b-submod-0-latency-25.cdgp
1704042754906751930,1704042759790302508,200,http://172.169.8.253:31112/function/opt-66b-submod-0-latency-25.cdgp
1704042754906838720,1704042764554274757,200,http://172.169.8.253:31112/function/opt-66b-submod-0-latency-25.cdgp
1704042754906900082,1704042764907421244,500,http://172.169.8.253:31112/function/opt-66b-submod-0-latency-25.cdgp
1704042754906944874,1704042764907445098,500,http://172.169.8.253:31112/function/opt-66b-submod-0-latency-25.cdgp
1704042754907030554,1704042763923627056,200,http://172.169.8.253:31112/function/opt-66b-submod-0-latency-25.cdgp
1704042754907058292,1704042761939921230,200,http://172.169.8.253:31112/function/opt-66b-submod-0-latency-25.cdgp
1704042754907114969,1704042761889128210,200,http://172.169.8.253:31112/function/opt-66b-submod-0-latency-25.cdgp
1704042754907185273,1704042764907459376,500,http://172.169.8.253:31112/function/opt-66b-submod-0-latency-25.cdgp
1704042754907245322,1704042763930753649,200,http://172.169.8.253:31112/function/opt-66b-submod-0-latency-25.cdgp
1704042754907273025,1704042759700560323,200,http://172.169.8.253:31112/function/opt-66b-submod-0-latency-25.cdgp
1704042754907381043,1704042760585633581,200,http://172.169.8.253:31112/function/opt-66b-submod-0-latency-25.cdgp
1704042754907436923,1704042764907533449,500,http://172.169.8.253:31112/function/opt-66b-submod-0-latency-25.cdgp
1704042754907518830,1704042764908275352,500,http://172.169.8.253:31112/function/opt-66b-submod-0-latency-25.cdgp
1704042754907619079,1704042763904525304,200,http://172.169.8.253:31112/function/opt-66b-submod-0-latency-25.cdgp
1704042754907692333,1704042759438056308,200,http://172.169.8.253:31112/function/opt-66b-submod-0-latency-25.cdgp
1704042754907848258,1704042763930737655,200,http://172.169.8.253:31112/function/opt-66b-submod-0-latency-25.cdgp
1704042754907967079,1704042759895770332,200,http://172.169.8.253:31112/function/opt-66b-submod-0-latency-25.cdgp
1704042754908053771,1704042764908311182,500,http://172.169.8.253:31112/function/opt-66b-submod-0-latency-25.cdgp
1704042754908122732,1704042764908292481,500,http://172.169.8.253:31112/function/opt-66b-submod-0-latency-25.cdgp
1704042754908195814,1704042761981904805,200,http://172.169.8.253:31112/function/opt-66b-submod-0-latency-25.cdgp
1704042754908205005,1704042764908445903,500,http://172.169.8.253:31112/function/opt-66b-submod-0-latency-25.cdgp
1704042754908287281,1704042764908433027,500,http://172.169.8.253:31112/function/opt-66b-submod-0-latency-25.cdgp
1704042754908378826,1704042763845733253,200,http://172.169.8.253:31112/function/opt-66b-submod-0-latency-25.cdgp
1704042754908451312,1704042763930122917,200,http://172.169.8.253:31112/function/opt-66b-submod-0-latency-25.cdgp
1704042754908485358,1704042764909212986,500,http://172.169.8.253:31112/function/opt-66b-submod-0-latency-25.cdgp
1704042754940799166,1704042763922972717,200,http://172.169.8.253:31112/function/opt-66b-submod-0-latency-25.cdgp
1704042754940851033,1704042764244170746,200,http://172.169.8.253:31112/function/opt-66b-submod-0-latency-25.cdgp
1704042754940929660,1704042764941161207,500,http://172.169.8.253:31112/function/opt-66b-submod-0-latency-25.cdgp
1704042754941003634,1704042764941386372,500,http://172.169.8.253:31112/function/opt-66b-submod-0-latency-25.cdgp
1704042754941091364,1704042763784537295,200,http://172.169.8.253:31112/function/opt-66b-submod-0-latency-25.cdgp
1704042754941173591,1704042764941385691,500,http://172.169.8.253:31112/function/opt-66b-submod-0-latency-25.cdgp
1704042754941258637,1704042762763535811,200,http://172.169.8.253:31112/function/opt-66b-submod-0-latency-25.cdgp
1704042754941338678,1704042764637236336,200,http://172.169.8.253:31112/function/opt-66b-submod-0-latency-25.cdgp
1704042754941403862,1704042762109679905,200,http://172.169.8.253:31112/function/opt-66b-submod-0-latency-25.cdgp
1704042754941443502,1704042764942618988,500,http://172.169.8.253:31112/function/opt-66b-submod-0-latency-25.cdgp
1704042754941538123,1704042763846341723,200,http://172.169.8.253:31112/function/opt-66b-submod-0-latency-25.cdgp
1704042754941615163,1704042764942700686,500,http://172.169.8.253:31112/function/opt-66b-submod-0-latency-25.cdgp
1704042754941718474,1704042764942701233,500,http://172.169.8.253:31112/function/opt-66b-submod-0-latency-25.cdgp
1704042754941812419,1704042764942697398,500,http://172.169.8.253:31112/function/opt-66b-submod-0-latency-25.cdgp
1704042754941871588,1704042764942616067,500,http://172.169.8.253:31112/function/opt-66b-submod-0-latency-25.cdgp
1704042754941915313,1704042761847498052,200,http://172.169.8.253:31112/function/opt-66b-submod-0-latency-25.cdgp
1704042754951357651,1704042762767677785,200,http://172.169.8.253:31112/function/opt-66b-submod-0-latency-25.cdgp
1704042754951439931,1704042764952777882,500,http://172.169.8.253:31112/function/opt-66b-submod-0-latency-25.cdgp
1704042754951522491,1704042764952594193,500,http://172.169.8.253:31112/function/opt-66b-submod-0-latency-25.cdgp
1704042754951641007,1704042762238571922,200,http://172.169.8.253:31112/function/opt-66b-submod-0-latency-25.cdgp
1704042754951700023,1704042764952772763,500,http://172.169.8.253:31112/function/opt-66b-submod-0-latency-25.cdgp
1704042755083882625,1704042765084889143,500,http://172.169.8.253:31112/function/opt-66b-submod-0-latency-25.cdgp
1704042755083998589,1704042765084965494,500,http://172.169.8.253:31112/function/opt-66b-submod-0-latency-25.cdgp
1704042755084087410,1704042763979547327,200,http://172.169.8.253:31112/function/opt-66b-submod-0-latency-25.cdgp
1704042755084145916,1704042765084908498,500,http://172.169.8.253:31112/function/opt-66b-submod-0-latency-25.cdgp
1704042755084220132,1704042765058022870,200,http://172.169.8.253:31112/function/opt-66b-submod-0-latency-25.cdgp
1704042755085071221,1704042763905076671,200,http://172.169.8.253:31112/function/opt-66b-submod-0-latency-25.cdgp
1704042755085163334,1704042765086209008,500,http://172.169.8.253:31112/function/opt-66b-submod-0-latency-25.cdgp
1704042755085277633,1704042765086332000,500,http://172.169.8.253:31112/function/opt-66b-submod-0-latency-25.cdgp
1704042755085360686,1704042760905891932,200,http://172.169.8.253:31112/function/opt-66b-submod-0-latency-25.cdgp
1704042755085445935,1704042765086359516,500,http://172.169.8.253:31112/function/opt-66b-submod-0-latency-25.cdgp
1704042755085534914,1704042761411591379,200,http://172.169.8.253:31112/function/opt-66b-submod-0-latency-25.cdgp
1704042755085622641,1704042765086335792,500,http://172.169.8.253:31112/function/opt-66b-submod-0-latency-25.cdgp
1704042755085691339,1704042765086221452,500,http://172.169.8.253:31112/function/opt-66b-submod-0-latency-25.cdgp
1704042755085768419,1704042765086345281,500,http://172.169.8.253:31112/function/opt-66b-submod-0-latency-25.cdgp
1704042755085868833,1704042761447933313,200,http://172.169.8.253:31112/function/opt-66b-submod-0-latency-25.cdgp
1704042755085944334,1704042765086226969,500,http://172.169.8.253:31112/function/opt-66b-submod-0-latency-25.cdgp
1704042755086041106,1704042761409357479,200,http://172.169.8.253:31112/function/opt-66b-submod-0-latency-25.cdgp
1704042755086114311,1704042762154535078,200,http://172.169.8.253:31112/function/opt-66b-submod-0-latency-25.cdgp
1704042755086208245,1704042763931337537,200,http://172.169.8.253:31112/function/opt-66b-submod-0-latency-25.cdgp
1704042755086302924,1704042765086397276,500,http://172.169.8.253:31112/function/opt-66b-submod-0-latency-25.cdgp
1704042755086381200,1704042765087376754,500,http://172.169.8.253:31112/function/opt-66b-submod-0-latency-25.cdgp
1704042755086410665,1704042765087454190,500,http://172.169.8.253:31112/function/opt-66b-submod-0-latency-25.cdgp
1704042755086476701,1704042760262577103,200,http://172.169.8.253:31112/function/opt-66b-submod-0-latency-25.cdgp
1704042755086531698,1704042765087362061,500,http://172.169.8.253:31112/function/opt-66b-submod-0-latency-25.cdgp
1704042755086639297,1704042765087475610,500,http://172.169.8.253:31112/function/opt-66b-submod-0-latency-25.cdgp
1704042755101897535,1704042760515162361,200,http://172.169.8.253:31112/function/opt-66b-submod-0-latency-25.cdgp
1704042755101947741,1704042765102809648,500,http://172.169.8.253:31112/function/opt-66b-submod-0-latency-25.cdgp
1704042755102034591,1704042761119288247,200,http://172.169.8.253:31112/function/opt-66b-submod-0-latency-25.cdgp
1704042755102090502,1704042765103038015,500,http://172.169.8.253:31112/function/opt-66b-submod-0-latency-25.cdgp
1704042755102158103,1704042765103035385,500,http://172.169.8.253:31112/function/opt-66b-submod-0-latency-25.cdgp
1704042755102199565,1704042759430998808,200,http://172.169.8.253:31112/function/opt-66b-submod-0-latency-25.cdgp
1704042755102275893,1704042765103038508,500,http://172.169.8.253:31112/function/opt-66b-submod-0-latency-25.cdgp
1704042755102316835,1704042765103089640,500,http://172.169.8.253:31112/function/opt-66b-submod-0-latency-25.cdgp
1704042755102394322,1704042764900563624,200,http://172.169.8.253:31112/function/opt-66b-submod-0-latency-25.cdgp
1704042755102452912,1704042765102825980,500,http://172.169.8.253:31112/function/opt-66b-submod-0-latency-25.cdgp
1704042755102481673,1704042759426866559,200,http://172.169.8.253:31112/function/opt-66b-submod-0-latency-25.cdgp
1704042755102570755,1704042765103077186,500,http://172.169.8.253:31112/function/opt-66b-submod-0-latency-25.cdgp
1704042755102610927,1704042761616900303,200,http://172.169.8.253:31112/function/opt-66b-submod-0-latency-25.cdgp
1704042755110014241,1704042763930265581,200,http://172.169.8.253:31112/function/opt-66b-submod-0-latency-25.cdgp
1704042755110096546,1704042762290337259,200,http://172.169.8.253:31112/function/opt-66b-submod-0-latency-25.cdgp
1704042755110201746,1704042765111978323,500,http://172.169.8.253:31112/function/opt-66b-submod-0-latency-25.cdgp
1704042755110283152,1704042761611615548,200,http://172.169.8.253:31112/function/opt-66b-submod-0-latency-25.cdgp
1704042755110364833,1704042765112744059,500,http://172.169.8.253:31112/function/opt-66b-submod-0-latency-25.cdgp
1704042755110441753,1704042765112354218,500,http://172.169.8.253:31112/function/opt-66b-submod-0-latency-25.cdgp
1704042755110523236,1704042765112375556,500,http://172.169.8.253:31112/function/opt-66b-submod-0-latency-25.cdgp
1704042755110598146,1704042765112765360,500,http://172.169.8.253:31112/function/opt-66b-submod-0-latency-25.cdgp
1704042755110711190,1704042765057949264,200,http://172.169.8.253:31112/function/opt-66b-submod-0-latency-25.cdgp
1704042755110799499,1704042765112750849,500,http://172.169.8.253:31112/function/opt-66b-submod-0-latency-25.cdgp
1704042755110874217,1704042763905516674,200,http://172.169.8.253:31112/function/opt-66b-submod-0-latency-25.cdgp
1704042755110952115,1704042765112219111,500,http://172.169.8.253:31112/function/opt-66b-submod-0-latency-25.cdgp
1704042755110982893,1704042765112447595,500,http://172.169.8.253:31112/function/opt-66b-submod-0-latency-25.cdgp
1704042755111045359,1704042765112665959,500,http://172.169.8.253:31112/function/opt-66b-submod-0-latency-25.cdgp
1704042755111107832,1704042765112221307,500,http://172.169.8.253:31112/function/opt-66b-submod-0-latency-25.cdgp
1704042755111188752,1704042762549399721,200,http://172.169.8.253:31112/function/opt-66b-submod-0-latency-25.cdgp
1704042755111289397,1704042765112426559,500,http://172.169.8.253:31112/function/opt-66b-submod-0-latency-25.cdgp
1704042755111325794,1704042765112436921,500,http://172.169.8.253:31112/function/opt-66b-submod-0-latency-25.cdgp
1704042755111401507,1704042765112218305,500,http://172.169.8.253:31112/function/opt-66b-submod-0-latency-25.cdgp
1704042755111477870,1704042762218286034,200,http://172.169.8.253:31112/function/opt-66b-submod-0-latency-25.cdgp
1704042755111513876,1704042765112529274,500,http://172.169.8.253:31112/function/opt-66b-submod-0-latency-25.cdgp
1704042755111569250,1704042765112555782,500,http://172.169.8.253:31112/function/opt-66b-submod-0-latency-25.cdgp
1704042755111621483,1704042765112548478,500,http://172.169.8.253:31112/function/opt-66b-submod-0-latency-25.cdgp
1704042755111671283,1704042765111814643,500,http://172.169.8.253:31112/function/opt-66b-submod-0-latency-25.cdgp
1704042755111740163,1704042765112676469,500,http://172.169.8.253:31112/function/opt-66b-submod-0-latency-25.cdgp
1704042755111776208,1704042765111929381,500,http://172.169.8.253:31112/function/opt-66b-submod-0-latency-25.cdgp
1704042755111838761,1704042762502004613,200,http://172.169.8.253:31112/function/opt-66b-submod-0-latency-25.cdgp
1704042755111887086,1704042765112733683,500,http://172.169.8.253:31112/function/opt-66b-submod-0-latency-25.cdgp
1704042755111958584,1704042761179991407,200,http://172.169.8.253:31112/function/opt-66b-submod-0-latency-25.cdgp
1704042755121536759,1704042765121988974,500,http://172.169.8.253:31112/function/opt-66b-submod-0-latency-25.cdgp
1704042755121608574,1704042761033265287,200,http://172.169.8.253:31112/function/opt-66b-submod-0-latency-25.cdgp
1704042755265813110,1704042760587203111,200,http://172.169.8.253:31112/function/opt-66b-submod-0-latency-25.cdgp
1704042755265896767,1704042761104908684,200,http://172.169.8.253:31112/function/opt-66b-submod-0-latency-25.cdgp
1704042755266061521,1704042763931638187,200,http://172.169.8.253:31112/function/opt-66b-submod-0-latency-25.cdgp
1704042755266126326,1704042765266647215,500,http://172.169.8.253:31112/function/opt-66b-submod-0-latency-25.cdgp
1704042755266174711,1704042765266666697,500,http://172.169.8.253:31112/function/opt-66b-submod-0-latency-25.cdgp
1704042755266254006,1704042765072476159,200,http://172.169.8.253:31112/function/opt-66b-submod-0-latency-25.cdgp
1704042755266328900,1704042765266665471,500,http://172.169.8.253:31112/function/opt-66b-submod-0-latency-25.cdgp
1704042755266429491,1704042765266650120,500,http://172.169.8.253:31112/function/opt-66b-submod-0-latency-25.cdgp
1704042755267504522,1704042765268969994,500,http://172.169.8.253:31112/function/opt-66b-submod-0-latency-25.cdgp
1704042755267594648,1704042765268993501,500,http://172.169.8.253:31112/function/opt-66b-submod-0-latency-25.cdgp
1704042755267688627,1704042765268656052,500,http://172.169.8.253:31112/function/opt-66b-submod-0-latency-25.cdgp
1704042755267769520,1704042763923334983,200,http://172.169.8.253:31112/function/opt-66b-submod-0-latency-25.cdgp
1704042755267845061,1704042765268989947,500,http://172.169.8.253:31112/function/opt-66b-submod-0-latency-25.cdgp
1704042755267921505,1704042765268979092,500,http://172.169.8.253:31112/function/opt-66b-submod-0-latency-25.cdgp
1704042755268023543,1704042765268654500,500,http://172.169.8.253:31112/function/opt-66b-submod-0-latency-25.cdgp
1704042755268703688,1704042765268968633,500,http://172.169.8.253:31112/function/opt-66b-submod-0-latency-25.cdgp
1704042755268822604,1704042762547299208,200,http://172.169.8.253:31112/function/opt-66b-submod-0-latency-25.cdgp
1704042755268923031,1704042765269097255,500,http://172.169.8.253:31112/function/opt-66b-submod-0-latency-25.cdgp
1704042755313583963,1704042765314801749,500,http://172.169.8.253:31112/function/opt-66b-submod-0-latency-25.cdgp
1704042755313666047,1704042765314570982,500,http://172.169.8.253:31112/function/opt-66b-submod-0-latency-25.cdgp
1704042755313782176,1704042765315036045,500,http://172.169.8.253:31112/function/opt-66b-submod-0-latency-25.cdgp
1704042755313844938,1704042764637769099,200,http://172.169.8.253:31112/function/opt-66b-submod-0-latency-25.cdgp
1704042755313880678,1704042761615459328,200,http://172.169.8.253:31112/function/opt-66b-submod-0-latency-25.cdgp
1704042755313962060,1704042765314933465,500,http://172.169.8.253:31112/function/opt-66b-submod-0-latency-25.cdgp
1704042755314015311,1704042765314940992,500,http://172.169.8.253:31112/function/opt-66b-submod-0-latency-25.cdgp
1704042755314044687,1704042764551183943,200,http://172.169.8.253:31112/function/opt-66b-submod-0-latency-25.cdgp
1704042755314132457,1704042762881277528,200,http://172.169.8.253:31112/function/opt-66b-submod-0-latency-25.cdgp
1704042755314206774,1704042765315027407,500,http://172.169.8.253:31112/function/opt-66b-submod-0-latency-25.cdgp
1704042755314320121,1704042765314925052,500,http://172.169.8.253:31112/function/opt-66b-submod-0-latency-25.cdgp
1704042755314403344,1704042765315154549,500,http://172.169.8.253:31112/function/opt-66b-submod-0-latency-25.cdgp
1704042755314460764,1704042763931644893,200,http://172.169.8.253:31112/function/opt-66b-submod-0-latency-25.cdgp
1704042755314492428,1704042765315040112,500,http://172.169.8.253:31112/function/opt-66b-submod-0-latency-25.cdgp
1704042755314577805,1704042765315165776,500,http://172.169.8.253:31112/function/opt-66b-submod-0-latency-25.cdgp
1704042755314651525,1704042765058032276,200,http://172.169.8.253:31112/function/opt-66b-submod-0-latency-25.cdgp
1704042755314676191,1704042762200068749,200,http://172.169.8.253:31112/function/opt-66b-submod-0-latency-25.cdgp
1704042755314757851,1704042765315159373,500,http://172.169.8.253:31112/function/opt-66b-submod-0-latency-25.cdgp
1704042755314826200,1704042759893956261,200,http://172.169.8.253:31112/function/opt-66b-submod-0-latency-25.cdgp
1704042755314890848,1704042765062746688,200,http://172.169.8.253:31112/function/opt-66b-submod-0-latency-25.cdgp
1704042755314943430,1704042762589028788,200,http://172.169.8.253:31112/function/opt-66b-submod-0-latency-25.cdgp
1704042755315019244,1704042759786703240,200,http://172.169.8.253:31112/function/opt-66b-submod-0-latency-25.cdgp
1704042755315048996,1704042765315297119,500,http://172.169.8.253:31112/function/opt-66b-submod-0-latency-25.cdgp
1704042755315132970,1704042765315288702,500,http://172.169.8.253:31112/function/opt-66b-submod-0-latency-25.cdgp
1704042755315211110,1704042761653318048,200,http://172.169.8.253:31112/function/opt-66b-submod-0-latency-25.cdgp
1704042755315267669,1704042765315416197,500,http://172.169.8.253:31112/function/opt-66b-submod-0-latency-25.cdgp
1704042755315301247,1704042761860924713,200,http://172.169.8.253:31112/function/opt-66b-submod-0-latency-25.cdgp
1704042755315413124,1704042765316241841,500,http://172.169.8.253:31112/function/opt-66b-submod-0-latency-25.cdgp
1704042755315495283,1704042765316231139,500,http://172.169.8.253:31112/function/opt-66b-submod-0-latency-25.cdgp
1704042755315616012,1704042765316218403,500,http://172.169.8.253:31112/function/opt-66b-submod-0-latency-25.cdgp
1704042755439691504,1704042765441069875,500,http://172.169.8.253:31112/function/opt-66b-submod-0-latency-25.cdgp
1704042755439771629,1704042765441142371,500,http://172.169.8.253:31112/function/opt-66b-submod-0-latency-25.cdgp
1704042755439842625,1704042765440724714,500,http://172.169.8.253:31112/function/opt-66b-submod-0-latency-25.cdgp
1704042755439909449,1704042765440770283,500,http://172.169.8.253:31112/function/opt-66b-submod-0-latency-25.cdgp
1704042755439936137,1704042765440726430,500,http://172.169.8.253:31112/function/opt-66b-submod-0-latency-25.cdgp
1704042755440035406,1704042759892219996,200,http://172.169.8.253:31112/function/opt-66b-submod-0-latency-25.cdgp
1704042755440097000,1704042765441184794,500,http://172.169.8.253:31112/function/opt-66b-submod-0-latency-25.cdgp
1704042755440173510,1704042765440766207,500,http://172.169.8.253:31112/function/opt-66b-submod-0-latency-25.cdgp
1704042755440235330,1704042765441060248,500,http://172.169.8.253:31112/function/opt-66b-submod-0-latency-25.cdgp
1704042755440331159,1704042765441210817,500,http://172.169.8.253:31112/function/opt-66b-submod-0-latency-25.cdgp
1704042755440400076,1704042765441064278,500,http://172.169.8.253:31112/function/opt-66b-submod-0-latency-25.cdgp
1704042755440479574,1704042762275216470,200,http://172.169.8.253:31112/function/opt-66b-submod-0-latency-25.cdgp
1704042755440509732,1704042765441130010,500,http://172.169.8.253:31112/function/opt-66b-submod-0-latency-25.cdgp
1704042755440567213,1704042763929938703,200,http://172.169.8.253:31112/function/opt-66b-submod-0-latency-25.cdgp
1704042755440643574,1704042761609514833,200,http://172.169.8.253:31112/function/opt-66b-submod-0-latency-25.cdgp
1704042755440681782,1704042765441199791,500,http://172.169.8.253:31112/function/opt-66b-submod-0-latency-25.cdgp
1704042755440801158,1704042765441205911,500,http://172.169.8.253:31112/function/opt-66b-submod-0-latency-25.cdgp
1704042755440881095,1704042759783744545,200,http://172.169.8.253:31112/function/opt-66b-submod-0-latency-25.cdgp
1704042755440952175,1704042763931541616,200,http://172.169.8.253:31112/function/opt-66b-submod-0-latency-25.cdgp
1704042755441014101,1704042762718537745,200,http://172.169.8.253:31112/function/opt-66b-submod-0-latency-25.cdgp
1704042755975656467,1704042761606647076,200,http://172.169.8.253:31112/function/opt-66b-submod-0-latency-25.cdgp
1704042755975781634,1704042765976435818,500,http://172.169.8.253:31112/function/opt-66b-submod-0-latency-25.cdgp
1704042755976633010,1704042762395578624,200,http://172.169.8.253:31112/function/opt-66b-submod-0-latency-25.cdgp
1704042755976737975,1704042765978245709,500,http://172.169.8.253:31112/function/opt-66b-submod-0-latency-25.cdgp
1704042755976820177,1704042765881495347,200,http://172.169.8.253:31112/function/opt-66b-submod-0-latency-25.cdgp
1704042755976887386,1704042765977850418,500,http://172.169.8.253:31112/function/opt-66b-submod-0-latency-25.cdgp
1704042755976978261,1704042765978427512,500,http://172.169.8.253:31112/function/opt-66b-submod-0-latency-25.cdgp
1704042755977075903,1704042765978116930,500,http://172.169.8.253:31112/function/opt-66b-submod-0-latency-25.cdgp
1704042755977163020,1704042765978295347,500,http://172.169.8.253:31112/function/opt-66b-submod-0-latency-25.cdgp
1704042755977278147,1704042761651544616,200,http://172.169.8.253:31112/function/opt-66b-submod-0-latency-25.cdgp
1704042755977332800,1704042765977951022,500,http://172.169.8.253:31112/function/opt-66b-submod-0-latency-25.cdgp
1704042755977397116,1704042765978121752,500,http://172.169.8.253:31112/function/opt-66b-submod-0-latency-25.cdgp
1704042755977450971,1704042765800095524,200,http://172.169.8.253:31112/function/opt-66b-submod-0-latency-25.cdgp
1704042755977536956,1704042765978139388,500,http://172.169.8.253:31112/function/opt-66b-submod-0-latency-25.cdgp
1704042755977591193,1704042762733734033,200,http://172.169.8.253:31112/function/opt-66b-submod-0-latency-25.cdgp
1704042755977681839,1704042765798265839,200,http://172.169.8.253:31112/function/opt-66b-submod-0-latency-25.cdgp
1704042755977749199,1704042763607745901,200,http://172.169.8.253:31112/function/opt-66b-submod-0-latency-25.cdgp
1704042755977792919,1704042765977967387,500,http://172.169.8.253:31112/function/opt-66b-submod-0-latency-25.cdgp
1704042755977856049,1704042765978240980,500,http://172.169.8.253:31112/function/opt-66b-submod-0-latency-25.cdgp
1704042755977944992,1704042765978307658,500,http://172.169.8.253:31112/function/opt-66b-submod-0-latency-25.cdgp
1704042755978024607,1704042765724070678,200,http://172.169.8.253:31112/function/opt-66b-submod-0-latency-25.cdgp
1704042755978072844,1704042765978474885,500,http://172.169.8.253:31112/function/opt-66b-submod-0-latency-25.cdgp
1704042755978161521,1704042764338368506,200,http://172.169.8.253:31112/function/opt-66b-submod-0-latency-25.cdgp
1704042755978245191,1704042765978492616,500,http://172.169.8.253:31112/function/opt-66b-submod-0-latency-25.cdgp
1704042755978332219,1704042765978431837,500,http://172.169.8.253:31112/function/opt-66b-submod-0-latency-25.cdgp
1704042755978398437,1704042765978555228,500,http://172.169.8.253:31112/function/opt-66b-submod-0-latency-25.cdgp
1704042755978470751,1704042765978561286,500,http://172.169.8.253:31112/function/opt-66b-submod-0-latency-25.cdgp
1704042755978513681,1704042765978628631,500,http://172.169.8.253:31112/function/opt-66b-submod-0-latency-25.cdgp
1704042755978585651,1704042765746194565,200,http://172.169.8.253:31112/function/opt-66b-submod-0-latency-25.cdgp
1704042755978594682,1704042762037251231,200,http://172.169.8.253:31112/function/opt-66b-submod-0-latency-25.cdgp
1704042755978641613,1704042763769413016,200,http://172.169.8.253:31112/function/opt-66b-submod-0-latency-25.cdgp
1704042755978669793,1704042765978930204,500,http://172.169.8.253:31112/function/opt-66b-submod-0-latency-25.cdgp
1704042755978746369,1704042765978929912,500,http://172.169.8.253:31112/function/opt-66b-submod-0-latency-25.cdgp
1704042755992092777,1704042765993233838,500,http://172.169.8.253:31112/function/opt-66b-submod-0-latency-25.cdgp
1704042755992225698,1704042762366650050,200,http://172.169.8.253:31112/function/opt-66b-submod-0-latency-25.cdgp
1704042755992448609,1704042765992882078,500,http://172.169.8.253:31112/function/opt-66b-submod-0-latency-25.cdgp
1704042755992515847,1704042765993146214,500,http://172.169.8.253:31112/function/opt-66b-submod-0-latency-25.cdgp
1704042755992566166,1704042765993198948,500,http://172.169.8.253:31112/function/opt-66b-submod-0-latency-25.cdgp
1704042755992636396,1704042765993132160,500,http://172.169.8.253:31112/function/opt-66b-submod-0-latency-25.cdgp
1704042755992721592,1704042765993229752,500,http://172.169.8.253:31112/function/opt-66b-submod-0-latency-25.cdgp
1704042755992759850,1704042765993217121,500,http://172.169.8.253:31112/function/opt-66b-submod-0-latency-25.cdgp
1704042755992821544,1704042765993215422,500,http://172.169.8.253:31112/function/opt-66b-submod-0-latency-25.cdgp
1704042756162827572,1704042765036527312,200,http://172.169.8.253:31112/function/opt-66b-submod-0-latency-25.cdgp
1704042756162926231,1704042766164016394,500,http://172.169.8.253:31112/function/opt-66b-submod-0-latency-25.cdgp
1704042756163017313,1704042766163661277,500,http://172.169.8.253:31112/function/opt-66b-submod-0-latency-25.cdgp
1704042756163072598,1704042766163988803,500,http://172.169.8.253:31112/function/opt-66b-submod-0-latency-25.cdgp
1704042756163149402,1704042766163787946,500,http://172.169.8.253:31112/function/opt-66b-submod-0-latency-25.cdgp
1704042756163179623,1704042766164007470,500,http://172.169.8.253:31112/function/opt-66b-submod-0-latency-25.cdgp
1704042756163269860,1704042761769298614,200,http://172.169.8.253:31112/function/opt-66b-submod-0-latency-25.cdgp
1704042756163342983,1704042765458355547,200,http://172.169.8.253:31112/function/opt-66b-submod-0-latency-25.cdgp
1704042756163411141,1704042766164004749,500,http://172.169.8.253:31112/function/opt-66b-submod-0-latency-25.cdgp
1704042756163527491,1704042761232106878,200,http://172.169.8.253:31112/function/opt-66b-submod-0-latency-25.cdgp
1704042756163615139,1704042766163996328,500,http://172.169.8.253:31112/function/opt-66b-submod-0-latency-25.cdgp
1704042756163711601,1704042762456169385,200,http://172.169.8.253:31112/function/opt-66b-submod-0-latency-25.cdgp
1704042756163792097,1704042763750424631,200,http://172.169.8.253:31112/function/opt-66b-submod-0-latency-25.cdgp
1704042756163858980,1704042762551879985,200,http://172.169.8.253:31112/function/opt-66b-submod-0-latency-25.cdgp
1704042756163959326,1704042766164105520,500,http://172.169.8.253:31112/function/opt-66b-submod-0-latency-25.cdgp
1704042756164036983,1704042766164245665,500,http://172.169.8.253:31112/function/opt-66b-submod-0-latency-25.cdgp
1704042756164114799,1704042766164379288,500,http://172.169.8.253:31112/function/opt-66b-submod-0-latency-25.cdgp
1704042756164180322,1704042762197657916,200,http://172.169.8.253:31112/function/opt-66b-submod-0-latency-25.cdgp
1704042756164206666,1704042766164371343,500,http://172.169.8.253:31112/function/opt-66b-submod-0-latency-25.cdgp
1704042756164272856,1704042762197762020,200,http://172.169.8.253:31112/function/opt-66b-submod-0-latency-25.cdgp
1704042756164353724,1704042764338521485,200,http://172.169.8.253:31112/function/opt-66b-submod-0-latency-25.cdgp
1704042756164428308,1704042762294488192,200,http://172.169.8.253:31112/function/opt-66b-submod-0-latency-25.cdgp
1704042756164496768,1704042766164932338,500,http://172.169.8.253:31112/function/opt-66b-submod-0-latency-25.cdgp
1704042756164521648,1704042766165124670,500,http://172.169.8.253:31112/function/opt-66b-submod-0-latency-25.cdgp
1704042756164630642,1704042766165190369,500,http://172.169.8.253:31112/function/opt-66b-submod-0-latency-25.cdgp
1704042756164705489,1704042762722300002,200,http://172.169.8.253:31112/function/opt-66b-submod-0-latency-25.cdgp
1704042756164823836,1704042766165328068,500,http://172.169.8.253:31112/function/opt-66b-submod-0-latency-25.cdgp
1704042756164894978,1704042766165339805,500,http://172.169.8.253:31112/function/opt-66b-submod-0-latency-25.cdgp
1704042756164989741,1704042766165354063,500,http://172.169.8.253:31112/function/opt-66b-submod-0-latency-25.cdgp
1704042756165044823,1704042766165349825,500,http://172.169.8.253:31112/function/opt-66b-submod-0-latency-25.cdgp
1704042756165103307,1704042764044273298,200,http://172.169.8.253:31112/function/opt-66b-submod-0-latency-25.cdgp
1704042756165197926,1704042766165330898,500,http://172.169.8.253:31112/function/opt-66b-submod-0-latency-25.cdgp
1704042756165282083,1704042765103061943,200,http://172.169.8.253:31112/function/opt-66b-submod-0-latency-25.cdgp
1704042756165360380,1704042766043258885,200,http://172.169.8.253:31112/function/opt-66b-submod-0-latency-25.cdgp
1704042756165439224,1704042766166104354,500,http://172.169.8.253:31112/function/opt-66b-submod-0-latency-25.cdgp
1704042756165531834,1704042760920612858,200,http://172.169.8.253:31112/function/opt-66b-submod-0-latency-25.cdgp
1704042756165595635,1704042766166105660,500,http://172.169.8.253:31112/function/opt-66b-submod-0-latency-25.cdgp
1704042756165679248,1704042763923259887,200,http://172.169.8.253:31112/function/opt-66b-submod-0-latency-25.cdgp
1704042757968928350,1704042767684401883,500,http://172.169.8.253:31112/function/opt-66b-submod-0-latency-25.cdgp
1704042757969048445,1704042767681512761,500,http://172.169.8.253:31112/function/opt-66b-submod-0-latency-25.cdgp
1704042757969115730,1704042767686610975,500,http://172.169.8.253:31112/function/opt-66b-submod-0-latency-25.cdgp
1704042757969204510,1704042767689774462,500,http://172.169.8.253:31112/function/opt-66b-submod-0-latency-25.cdgp
1704042757969342518,1704042767681091821,500,http://172.169.8.253:31112/function/opt-66b-submod-0-latency-25.cdgp
1704042757969414846,1704042767687152061,500,http://172.169.8.253:31112/function/opt-66b-submod-0-latency-25.cdgp
1704042757969478304,1704042767686044130,500,http://172.169.8.253:31112/function/opt-66b-submod-0-latency-25.cdgp
1704042757969504850,1704042767568286519,500,http://172.169.8.253:31112/function/opt-66b-submod-0-latency-25.cdgp
1704042757987183086,1704042763931832772,200,http://172.169.8.253:31112/function/opt-66b-submod-0-latency-25.cdgp
1704042757987271911,1704042767685304223,500,http://172.169.8.253:31112/function/opt-66b-submod-0-latency-25.cdgp
1704042758034916660,1704042762277494109,200,http://172.169.8.253:31112/function/opt-66b-submod-0-latency-25.cdgp
1704042758035015242,1704042767498682286,500,http://172.169.8.253:31112/function/opt-66b-submod-0-latency-25.cdgp
1704042758035110173,1704042767686539662,500,http://172.169.8.253:31112/function/opt-66b-submod-0-latency-25.cdgp
1704042758364963479,1704042767808044270,500,http://172.169.8.253:31112/function/opt-66b-submod-0-latency-25.cdgp
1704042758365043025,1704042767807888437,500,http://172.169.8.253:31112/function/opt-66b-submod-0-latency-25.cdgp
1704042758365144408,1704042767739685434,500,http://172.169.8.253:31112/function/opt-66b-submod-0-latency-25.cdgp
1704042758365191761,1704042765123449082,200,http://172.169.8.253:31112/function/opt-66b-submod-0-latency-25.cdgp
1704042758365266410,1704042767807590509,500,http://172.169.8.253:31112/function/opt-66b-submod-0-latency-25.cdgp
1704042758365298666,1704042767663600653,200,http://172.169.8.253:31112/function/opt-66b-submod-0-latency-25.cdgp
1704042758365405110,1704042767739668022,500,http://172.169.8.253:31112/function/opt-66b-submod-0-latency-25.cdgp
1704042759316473202,1704042769033857926,500,http://172.169.8.253:31112/function/opt-66b-submod-0-latency-25.cdgp
1704042759316564538,1704042767597721248,200,http://172.169.8.253:31112/function/opt-66b-submod-0-latency-25.cdgp
1704042759316689790,1704042762240364681,200,http://172.169.8.253:31112/function/opt-66b-submod-0-latency-25.cdgp
1704042759316783401,1704042766048110625,200,http://172.169.8.253:31112/function/opt-66b-submod-0-latency-25.cdgp
1704042759316868888,1704042768633447152,500,http://172.169.8.253:31112/function/opt-66b-submod-0-latency-25.cdgp
1704042759316951670,1704042763478816658,200,http://172.169.8.253:31112/function/opt-66b-submod-0-latency-25.cdgp
1704042760998073161,1704042770023576592,500,http://172.169.8.253:31112/function/opt-66b-submod-0-latency-25.cdgp
1704042760998198791,1704042766795962830,200,http://172.169.8.253:31112/function/opt-66b-submod-0-latency-25.cdgp
1704042760998337112,1704042762872593485,200,http://172.169.8.253:31112/function/opt-66b-submod-0-latency-25.cdgp
1704042760998409650,1704042763930262859,200,http://172.169.8.253:31112/function/opt-66b-submod-0-latency-25.cdgp
1704042760998435709,1704042762848537608,200,http://172.169.8.253:31112/function/opt-66b-submod-0-latency-25.cdgp
1704042760998527751,1704042770070000570,500,http://172.169.8.253:31112/function/opt-66b-submod-0-latency-25.cdgp
1704042760998594636,1704042762612809170,200,http://172.169.8.253:31112/function/opt-66b-submod-0-latency-25.cdgp
1704042760998667750,1704042767391342298,200,http://172.169.8.253:31112/function/opt-66b-submod-0-latency-25.cdgp
1704042761101097554,1704042764379850931,200,http://172.169.8.253:31112/function/opt-66b-submod-0-latency-25.cdgp
1704042763582533855,1704042766901319518,200,http://172.169.8.253:31112/function/opt-66b-submod-0-latency-25.cdgp
1704042763582667492,1704042767104096773,200,http://172.169.8.253:31112/function/opt-66b-submod-0-latency-25.cdgp
1704042763582705393,1704042773211775964,500,http://172.169.8.253:31112/function/opt-66b-submod-0-latency-25.cdgp
1704042763582782538,1704042772911782114,500,http://172.169.8.253:31112/function/opt-66b-submod-0-latency-25.cdgp
1704042763582855725,1704042773250417572,500,http://172.169.8.253:31112/function/opt-66b-submod-0-latency-25.cdgp
1704042763582992203,1704042773452250158,500,http://172.169.8.253:31112/function/opt-66b-submod-0-latency-25.cdgp
1704042763583029786,1704042767209900891,200,http://172.169.8.253:31112/function/opt-66b-submod-0-latency-25.cdgp
1704042763583117303,1704042768400322450,200,http://172.169.8.253:31112/function/opt-66b-submod-0-latency-25.cdgp
1704042763583166903,1704042766823883018,200,http://172.169.8.253:31112/function/opt-66b-submod-0-latency-25.cdgp
1704042763583243609,1704042772884563873,500,http://172.169.8.253:31112/function/opt-66b-submod-0-latency-25.cdgp
1704042763583330526,1704042765988372314,200,http://172.169.8.253:31112/function/opt-66b-submod-0-latency-25.cdgp
1704042763583390504,1704042773395623589,500,http://172.169.8.253:31112/function/opt-66b-submod-0-latency-25.cdgp
1704042763583430268,1704042773052479693,500,http://172.169.8.253:31112/function/opt-66b-submod-0-latency-25.cdgp
1704042763583512779,1704042767649184609,200,http://172.169.8.253:31112/function/opt-66b-submod-0-latency-25.cdgp
1704042763583575125,1704042768491693648,200,http://172.169.8.253:31112/function/opt-66b-submod-0-latency-25.cdgp
1704042763583627554,1704042773094664696,500,http://172.169.8.253:31112/function/opt-66b-submod-0-latency-25.cdgp
1704042763583727711,1704042768405854258,200,http://172.169.8.253:31112/function/opt-66b-submod-0-latency-25.cdgp
1704042763583824243,1704042773170555306,500,http://172.169.8.253:31112/function/opt-66b-submod-0-latency-25.cdgp
1704042763583970738,1704042768409551592,200,http://172.169.8.253:31112/function/opt-66b-submod-0-latency-25.cdgp
1704042763584045078,1704042765884021626,200,http://172.169.8.253:31112/function/opt-66b-submod-0-latency-25.cdgp
1704042763584108771,1704042766712803177,200,http://172.169.8.253:31112/function/opt-66b-submod-0-latency-25.cdgp
1704042763584181163,1704042768475860499,200,http://172.169.8.253:31112/function/opt-66b-submod-0-latency-25.cdgp
1704042763584224815,1704042773292885197,500,http://172.169.8.253:31112/function/opt-66b-submod-0-latency-25.cdgp
1704042763584286911,1704042767057589176,200,http://172.169.8.253:31112/function/opt-66b-submod-0-latency-25.cdgp
1704042763584358065,1704042766796295118,200,http://172.169.8.253:31112/function/opt-66b-submod-0-latency-25.cdgp
1704042763584428639,1704042768015098497,200,http://172.169.8.253:31112/function/opt-66b-submod-0-latency-25.cdgp
1704042763584460331,1704042773394452072,500,http://172.169.8.253:31112/function/opt-66b-submod-0-latency-25.cdgp
1704042763584533276,1704042767391184761,200,http://172.169.8.253:31112/function/opt-66b-submod-0-latency-25.cdgp
1704042763584607201,1704042772884004073,500,http://172.169.8.253:31112/function/opt-66b-submod-0-latency-25.cdgp
1704042763584694186,1704042765463339203,200,http://172.169.8.253:31112/function/opt-66b-submod-0-latency-25.cdgp
1704042763584743395,1704042772884741483,500,http://172.169.8.253:31112/function/opt-66b-submod-0-latency-25.cdgp
1704042763584805685,1704042767557754135,200,http://172.169.8.253:31112/function/opt-66b-submod-0-latency-25.cdgp
1704042763584854358,1704042766753666789,200,http://172.169.8.253:31112/function/opt-66b-submod-0-latency-25.cdgp
1704042763584910555,1704042767615839890,200,http://172.169.8.253:31112/function/opt-66b-submod-0-latency-25.cdgp
1704042763584955103,1704042768402399567,200,http://172.169.8.253:31112/function/opt-66b-submod-0-latency-25.cdgp
1704042763585044824,1704042765841306401,200,http://172.169.8.253:31112/function/opt-66b-submod-0-latency-25.cdgp
1704042763585102865,1704042772884313115,500,http://172.169.8.253:31112/function/opt-66b-submod-0-latency-25.cdgp
1704042763585174284,1704042765746502413,200,http://172.169.8.253:31112/function/opt-66b-submod-0-latency-25.cdgp
1704042763585217813,1704042766491124841,200,http://172.169.8.253:31112/function/opt-66b-submod-0-latency-25.cdgp
1704042763585317398,1704042766492723096,200,http://172.169.8.253:31112/function/opt-66b-submod-0-latency-25.cdgp
1704042763585371706,1704042772884229172,500,http://172.169.8.253:31112/function/opt-66b-submod-0-latency-25.cdgp
1704042763585451139,1704042773451610679,500,http://172.169.8.253:31112/function/opt-66b-submod-0-latency-25.cdgp
1704042763585522993,1704042766395832768,200,http://172.169.8.253:31112/function/opt-66b-submod-0-latency-25.cdgp
1704042763585599955,1704042766754573125,200,http://172.169.8.253:31112/function/opt-66b-submod-0-latency-25.cdgp
1704042763585683194,1704042772884546400,500,http://172.169.8.253:31112/function/opt-66b-submod-0-latency-25.cdgp
1704042763625345888,1704042767467607670,200,http://172.169.8.253:31112/function/opt-66b-submod-0-latency-25.cdgp
1704042763632432863,1704042773329807323,500,http://172.169.8.253:31112/function/opt-66b-submod-0-latency-25.cdgp
1704042763632538763,1704042773230043267,500,http://172.169.8.253:31112/function/opt-66b-submod-0-latency-25.cdgp
1704042763632699737,1704042768454068012,200,http://172.169.8.253:31112/function/opt-66b-submod-0-latency-25.cdgp
1704042763632768784,1704042767390400990,200,http://172.169.8.253:31112/function/opt-66b-submod-0-latency-25.cdgp
1704042763877118312,1704042766751992895,200,http://172.169.8.253:31112/function/opt-66b-submod-0-latency-25.cdgp
1704042763877201137,1704042766796313533,200,http://172.169.8.253:31112/function/opt-66b-submod-0-latency-25.cdgp
1704042763943185670,1704042768447517082,200,http://172.169.8.253:31112/function/opt-66b-submod-0-latency-25.cdgp
1704042763943270414,1704042767315772033,200,http://172.169.8.253:31112/function/opt-66b-submod-0-latency-25.cdgp
1704042763943348766,1704042767691441974,200,http://172.169.8.253:31112/function/opt-66b-submod-0-latency-25.cdgp
1704042763943413126,1704042767099675524,200,http://172.169.8.253:31112/function/opt-66b-submod-0-latency-25.cdgp
1704042763943450625,1704042767315626213,200,http://172.169.8.253:31112/function/opt-66b-submod-0-latency-25.cdgp
1704042764110049843,1704042773523837110,500,http://172.169.8.253:31112/function/opt-66b-submod-0-latency-25.cdgp
1704042764110230723,1704042773618186505,500,http://172.169.8.253:31112/function/opt-66b-submod-0-latency-25.cdgp
1704042764110318273,1704042774110725922,500,http://172.169.8.253:31112/function/opt-66b-submod-0-latency-25.cdgp
1704042764110372678,1704042773611752739,500,http://172.169.8.253:31112/function/opt-66b-submod-0-latency-25.cdgp
1704042764110459167,1704042773616355827,500,http://172.169.8.253:31112/function/opt-66b-submod-0-latency-25.cdgp
1704042764110508422,1704042773613543436,500,http://172.169.8.253:31112/function/opt-66b-submod-0-latency-25.cdgp
1704042764110584881,1704042768398628136,200,http://172.169.8.253:31112/function/opt-66b-submod-0-latency-25.cdgp
1704042764110679448,1704042774035157802,500,http://172.169.8.253:31112/function/opt-66b-submod-0-latency-25.cdgp
1704042764110754580,1704042767107964666,200,http://172.169.8.253:31112/function/opt-66b-submod-0-latency-25.cdgp
1704042764110802581,1704042767952508080,200,http://172.169.8.253:31112/function/opt-66b-submod-0-latency-25.cdgp
1704042764110838756,1704042767173834273,200,http://172.169.8.253:31112/function/opt-66b-submod-0-latency-25.cdgp
1704042764110904859,1704042773997228876,500,http://172.169.8.253:31112/function/opt-66b-submod-0-latency-25.cdgp
1704042764110936455,1704042773716002439,500,http://172.169.8.253:31112/function/opt-66b-submod-0-latency-25.cdgp
1704042764110975271,1704042768353278225,200,http://172.169.8.253:31112/function/opt-66b-submod-0-latency-25.cdgp
1704042764110998730,1704042773757156003,500,http://172.169.8.253:31112/function/opt-66b-submod-0-latency-25.cdgp
1704042764111064916,1704042767616612632,200,http://172.169.8.253:31112/function/opt-66b-submod-0-latency-25.cdgp
1704042764111103895,1704042774026116488,500,http://172.169.8.253:31112/function/opt-66b-submod-0-latency-25.cdgp
1704042764111156930,1704042773755751020,500,http://172.169.8.253:31112/function/opt-66b-submod-0-latency-25.cdgp
1704042764111230646,1704042773540189675,500,http://172.169.8.253:31112/function/opt-66b-submod-0-latency-25.cdgp
1704042764111299962,1704042773717659239,500,http://172.169.8.253:31112/function/opt-66b-submod-0-latency-25.cdgp
1704042764111350739,1704042769331298164,200,http://172.169.8.253:31112/function/opt-66b-submod-0-latency-25.cdgp
1704042764111408677,1704042773756554722,500,http://172.169.8.253:31112/function/opt-66b-submod-0-latency-25.cdgp
1704042764111596904,1704042773616918891,500,http://172.169.8.253:31112/function/opt-66b-submod-0-latency-25.cdgp
1704042764111669670,1704042773758500649,500,http://172.169.8.253:31112/function/opt-66b-submod-0-latency-25.cdgp
1704042764111697801,1704042768057624622,200,http://172.169.8.253:31112/function/opt-66b-submod-0-latency-25.cdgp
1704042764111752545,1704042768434249706,200,http://172.169.8.253:31112/function/opt-66b-submod-0-latency-25.cdgp
1704042764111823651,1704042768005835080,200,http://172.169.8.253:31112/function/opt-66b-submod-0-latency-25.cdgp
1704042764111857461,1704042773722142664,500,http://172.169.8.253:31112/function/opt-66b-submod-0-latency-25.cdgp
1704042764111953626,1704042767940661224,200,http://172.169.8.253:31112/function/opt-66b-submod-0-latency-25.cdgp
1704042764120232020,1704042767952033040,200,http://172.169.8.253:31112/function/opt-66b-submod-0-latency-25.cdgp
1704042764120289025,1704042768436257504,200,http://172.169.8.253:31112/function/opt-66b-submod-0-latency-25.cdgp
1704042764120336049,1704042773750893102,500,http://172.169.8.253:31112/function/opt-66b-submod-0-latency-25.cdgp
1704042764120393204,1704042766928817898,200,http://172.169.8.253:31112/function/opt-66b-submod-0-latency-25.cdgp
1704042764120443542,1704042766044693726,200,http://172.169.8.253:31112/function/opt-66b-submod-0-latency-25.cdgp
1704042764120509365,1704042769424896059,200,http://172.169.8.253:31112/function/opt-66b-submod-0-latency-25.cdgp
1704042764120565169,1704042769282946301,200,http://172.169.8.253:31112/function/opt-66b-submod-0-latency-25.cdgp
1704042764120617097,1704042768396913048,200,http://172.169.8.253:31112/function/opt-66b-submod-0-latency-25.cdgp
1704042764120663494,1704042773612812800,500,http://172.169.8.253:31112/function/opt-66b-submod-0-latency-25.cdgp
1704042764287544540,1704042769111601235,200,http://172.169.8.253:31112/function/opt-66b-submod-0-latency-25.cdgp
1704042764287665913,1704042774288636611,500,http://172.169.8.253:31112/function/opt-66b-submod-0-latency-25.cdgp
1704042764287755886,1704042767647544457,200,http://172.169.8.253:31112/function/opt-66b-submod-0-latency-25.cdgp
1704042764289774249,1704042769336471369,200,http://172.169.8.253:31112/function/opt-66b-submod-0-latency-25.cdgp
1704042764289883472,1704042766800022731,200,http://172.169.8.253:31112/function/opt-66b-submod-0-latency-25.cdgp
1704042764289986426,1704042769373079330,200,http://172.169.8.253:31112/function/opt-66b-submod-0-latency-25.cdgp
1704042764290041294,1704042774108362356,500,http://172.169.8.253:31112/function/opt-66b-submod-0-latency-25.cdgp
1704042764290107784,1704042774103411218,500,http://172.169.8.253:31112/function/opt-66b-submod-0-latency-25.cdgp
1704042764290279122,1704042774290781125,500,http://172.169.8.253:31112/function/opt-66b-submod-0-latency-25.cdgp
1704042764290376013,1704042767363128953,200,http://172.169.8.253:31112/function/opt-66b-submod-0-latency-25.cdgp
1704042764290460942,1704042769334720986,200,http://172.169.8.253:31112/function/opt-66b-submod-0-latency-25.cdgp
1704042764290535757,1704042774195941490,500,http://172.169.8.253:31112/function/opt-66b-submod-0-latency-25.cdgp
1704042764290621719,1704042769294957613,200,http://172.169.8.253:31112/function/opt-66b-submod-0-latency-25.cdgp
1704042764290659409,1704042774036175310,500,http://172.169.8.253:31112/function/opt-66b-submod-0-latency-25.cdgp
1704042764290736086,1704042768520722192,200,http://172.169.8.253:31112/function/opt-66b-submod-0-latency-25.cdgp
1704042764290781118,1704042767967225619,200,http://172.169.8.253:31112/function/opt-66b-submod-0-latency-25.cdgp
1704042764290857651,1704042774104562326,500,http://172.169.8.253:31112/function/opt-66b-submod-0-latency-25.cdgp
1704042764290947437,1704042767720264251,200,http://172.169.8.253:31112/function/opt-66b-submod-0-latency-25.cdgp
1704042764290992997,1704042769293183626,200,http://172.169.8.253:31112/function/opt-66b-submod-0-latency-25.cdgp
1704042764291074302,1704042773810484237,500,http://172.169.8.253:31112/function/opt-66b-submod-0-latency-25.cdgp
1704042764291130971,1704042773861051214,500,http://172.169.8.253:31112/function/opt-66b-submod-0-latency-25.cdgp
1704042764291217273,1704042769079833781,200,http://172.169.8.253:31112/function/opt-66b-submod-0-latency-25.cdgp
1704042764291250167,1704042773809202096,500,http://172.169.8.253:31112/function/opt-66b-submod-0-latency-25.cdgp
1704042764291296667,1704042773811552324,500,http://172.169.8.253:31112/function/opt-66b-submod-0-latency-25.cdgp
1704042764291363247,1704042766973179089,200,http://172.169.8.253:31112/function/opt-66b-submod-0-latency-25.cdgp
1704042764291396642,1704042774186936346,500,http://172.169.8.253:31112/function/opt-66b-submod-0-latency-25.cdgp
1704042764291456576,1704042774199576865,500,http://172.169.8.253:31112/function/opt-66b-submod-0-latency-25.cdgp
1704042764291520597,1704042774195949653,500,http://172.169.8.253:31112/function/opt-66b-submod-0-latency-25.cdgp
1704042764291560728,1704042774031171042,500,http://172.169.8.253:31112/function/opt-66b-submod-0-latency-25.cdgp
1704042764291652946,1704042774194337656,500,http://172.169.8.253:31112/function/opt-66b-submod-0-latency-25.cdgp
1704042764291710308,1704042769340303338,200,http://172.169.8.253:31112/function/opt-66b-submod-0-latency-25.cdgp
1704042764291770751,1704042774063995619,500,http://172.169.8.253:31112/function/opt-66b-submod-0-latency-25.cdgp
1704042764291847125,1704042774195692596,500,http://172.169.8.253:31112/function/opt-66b-submod-0-latency-25.cdgp
1704042764291909439,1704042769334914340,200,http://172.169.8.253:31112/function/opt-66b-submod-0-latency-25.cdgp
1704042764291947596,1704042774194354625,500,http://172.169.8.253:31112/function/opt-66b-submod-0-latency-25.cdgp
1704042764292044658,1704042769339782129,200,http://172.169.8.253:31112/function/opt-66b-submod-0-latency-25.cdgp
1704042764292114361,1704042767346316268,200,http://172.169.8.253:31112/function/opt-66b-submod-0-latency-25.cdgp
1704042764292177876,1704042768432269824,200,http://172.169.8.253:31112/function/opt-66b-submod-0-latency-25.cdgp
1704042764292192148,1704042774109465249,500,http://172.169.8.253:31112/function/opt-66b-submod-0-latency-25.cdgp
1704042764292232555,1704042774195298338,500,http://172.169.8.253:31112/function/opt-66b-submod-0-latency-25.cdgp
1704042764292309899,1704042767757290793,200,http://172.169.8.253:31112/function/opt-66b-submod-0-latency-25.cdgp
1704042764292334191,1704042767160889799,200,http://172.169.8.253:31112/function/opt-66b-submod-0-latency-25.cdgp
1704042764292380466,1704042769231027493,200,http://172.169.8.253:31112/function/opt-66b-submod-0-latency-25.cdgp
1704042764320282367,1704042769338143878,200,http://172.169.8.253:31112/function/opt-66b-submod-0-latency-25.cdgp
1704042764320390036,1704042767965991671,200,http://172.169.8.253:31112/function/opt-66b-submod-0-latency-25.cdgp
1704042764329383424,1704042769905684380,200,http://172.169.8.253:31112/function/opt-66b-submod-0-latency-25.cdgp
1704042764329475099,1704042774076639142,500,http://172.169.8.253:31112/function/opt-66b-submod-0-latency-25.cdgp
1704042764329622469,1704042769212333437,200,http://172.169.8.253:31112/function/opt-66b-submod-0-latency-25.cdgp
1704042764329690399,1704042768526898864,200,http://172.169.8.253:31112/function/opt-66b-submod-0-latency-25.cdgp
1704042764329737327,1704042774243611013,500,http://172.169.8.253:31112/function/opt-66b-submod-0-latency-25.cdgp
1704042764329809777,1704042774247285148,500,http://172.169.8.253:31112/function/opt-66b-submod-0-latency-25.cdgp
1704042764329862700,1704042769341859253,200,http://172.169.8.253:31112/function/opt-66b-submod-0-latency-25.cdgp
1704042764329932029,1704042768145854408,200,http://172.169.8.253:31112/function/opt-66b-submod-0-latency-25.cdgp
1704042764448457262,1704042774246338261,500,http://172.169.8.253:31112/function/opt-66b-submod-0-latency-25.cdgp
1704042764448576152,1704042774243616262,500,http://172.169.8.253:31112/function/opt-66b-submod-0-latency-25.cdgp
1704042764448688642,1704042774242900873,500,http://172.169.8.253:31112/function/opt-66b-submod-0-latency-25.cdgp
1704042764448760306,1704042768403589592,200,http://172.169.8.253:31112/function/opt-66b-submod-0-latency-25.cdgp
1704042764448823344,1704042769902816668,200,http://172.169.8.253:31112/function/opt-66b-submod-0-latency-25.cdgp
1704042764448892251,1704042774241576625,500,http://172.169.8.253:31112/function/opt-66b-submod-0-latency-25.cdgp
1704042764448957775,1704042774243671995,500,http://172.169.8.253:31112/function/opt-66b-submod-0-latency-25.cdgp
1704042764449040616,1704042774243374290,500,http://172.169.8.253:31112/function/opt-66b-submod-0-latency-25.cdgp
1704042764449098824,1704042774242852939,500,http://172.169.8.253:31112/function/opt-66b-submod-0-latency-25.cdgp
1704042764449116079,1704042774241593379,500,http://172.169.8.253:31112/function/opt-66b-submod-0-latency-25.cdgp
1704042764756747382,1704042768304594120,200,http://172.169.8.253:31112/function/opt-66b-submod-0-latency-25.cdgp
1704042764756832532,1704042768014814289,200,http://172.169.8.253:31112/function/opt-66b-submod-0-latency-25.cdgp
1704042764756972363,1704042774558751078,500,http://172.169.8.253:31112/function/opt-66b-submod-0-latency-25.cdgp
1704042764757041943,1704042770230040644,200,http://172.169.8.253:31112/function/opt-66b-submod-0-latency-25.cdgp
1704042764757108029,1704042774371651813,500,http://172.169.8.253:31112/function/opt-66b-submod-0-latency-25.cdgp
1704042764757174207,1704042774375633768,500,http://172.169.8.253:31112/function/opt-66b-submod-0-latency-25.cdgp
1704042764757218976,1704042770847930277,200,http://172.169.8.253:31112/function/opt-66b-submod-0-latency-25.cdgp
1704042764757298909,1704042774691452726,500,http://172.169.8.253:31112/function/opt-66b-submod-0-latency-25.cdgp
1704042764757372245,1704042767666561361,200,http://172.169.8.253:31112/function/opt-66b-submod-0-latency-25.cdgp
1704042764757472658,1704042774691294898,500,http://172.169.8.253:31112/function/opt-66b-submod-0-latency-25.cdgp
1704042764757553779,1704042774691010984,500,http://172.169.8.253:31112/function/opt-66b-submod-0-latency-25.cdgp
1704042764757603515,1704042774691297168,500,http://172.169.8.253:31112/function/opt-66b-submod-0-latency-25.cdgp
1704042764757716535,1704042774592969445,500,http://172.169.8.253:31112/function/opt-66b-submod-0-latency-25.cdgp
1704042764757822068,1704042770358311985,200,http://172.169.8.253:31112/function/opt-66b-submod-0-latency-25.cdgp
1704042764757919270,1704042774559225783,500,http://172.169.8.253:31112/function/opt-66b-submod-0-latency-25.cdgp
1704042764757985163,1704042768308386972,200,http://172.169.8.253:31112/function/opt-66b-submod-0-latency-25.cdgp
1704042764758023858,1704042774691713752,500,http://172.169.8.253:31112/function/opt-66b-submod-0-latency-25.cdgp
1704042764758105502,1704042770317607308,200,http://172.169.8.253:31112/function/opt-66b-submod-0-latency-25.cdgp
1704042764912464383,1704042768992080401,200,http://172.169.8.253:31112/function/opt-66b-submod-0-latency-25.cdgp
1704042764912554954,1704042770836613334,200,http://172.169.8.253:31112/function/opt-66b-submod-0-latency-25.cdgp
1704042764937698094,1704042768451913021,200,http://172.169.8.253:31112/function/opt-66b-submod-0-latency-25.cdgp
1704042764937781536,1704042766976564496,200,http://172.169.8.253:31112/function/opt-66b-submod-0-latency-25.cdgp
1704042764937931103,1704042769943518233,200,http://172.169.8.253:31112/function/opt-66b-submod-0-latency-25.cdgp
1704042764937998137,1704042774692195314,500,http://172.169.8.253:31112/function/opt-66b-submod-0-latency-25.cdgp
1704042764938057931,1704042770408916263,200,http://172.169.8.253:31112/function/opt-66b-submod-0-latency-25.cdgp
1704042764938094019,1704042768321596046,200,http://172.169.8.253:31112/function/opt-66b-submod-0-latency-25.cdgp
1704042764938168151,1704042769328887457,200,http://172.169.8.253:31112/function/opt-66b-submod-0-latency-25.cdgp
1704042764938226648,1704042774692892196,500,http://172.169.8.253:31112/function/opt-66b-submod-0-latency-25.cdgp
1704042764938304420,1704042774692450102,500,http://172.169.8.253:31112/function/opt-66b-submod-0-latency-25.cdgp
1704042764938429954,1704042774692800288,500,http://172.169.8.253:31112/function/opt-66b-submod-0-latency-25.cdgp
1704042764938485067,1704042774592529373,500,http://172.169.8.253:31112/function/opt-66b-submod-0-latency-25.cdgp
1704042764938554167,1704042767680649870,200,http://172.169.8.253:31112/function/opt-66b-submod-0-latency-25.cdgp
1704042764940100115,1704042767917399854,200,http://172.169.8.253:31112/function/opt-66b-submod-0-latency-25.cdgp
1704042764940218635,1704042768463806778,200,http://172.169.8.253:31112/function/opt-66b-submod-0-latency-25.cdgp
1704042764940268245,1704042768456726342,200,http://172.169.8.253:31112/function/opt-66b-submod-0-latency-25.cdgp
1704042764940306257,1704042769066912655,200,http://172.169.8.253:31112/function/opt-66b-submod-0-latency-25.cdgp
1704042764940380176,1704042774673396112,500,http://172.169.8.253:31112/function/opt-66b-submod-0-latency-25.cdgp
1704042764940430820,1704042769904354229,200,http://172.169.8.253:31112/function/opt-66b-submod-0-latency-25.cdgp
1704042764940460276,1704042774592521754,500,http://172.169.8.253:31112/function/opt-66b-submod-0-latency-25.cdgp
1704042764940541746,1704042774692201031,500,http://172.169.8.253:31112/function/opt-66b-submod-0-latency-25.cdgp
1704042764940633482,1704042774695526003,500,http://172.169.8.253:31112/function/opt-66b-submod-0-latency-25.cdgp
1704042765028976951,1704042774594505651,500,http://172.169.8.253:31112/function/opt-66b-submod-0-latency-25.cdgp
1704042765217829867,1704042774592871151,500,http://172.169.8.253:31112/function/opt-66b-submod-0-latency-25.cdgp
1704042765217921453,1704042770469317339,200,http://172.169.8.253:31112/function/opt-66b-submod-0-latency-25.cdgp
1704042765218062310,1704042769022509850,200,http://172.169.8.253:31112/function/opt-66b-submod-0-latency-25.cdgp
1704042765218132418,1704042774693455325,500,http://172.169.8.253:31112/function/opt-66b-submod-0-latency-25.cdgp
1704042765218223231,1704042768325641609,200,http://172.169.8.253:31112/function/opt-66b-submod-0-latency-25.cdgp
1704042765218290976,1704042774845060621,500,http://172.169.8.253:31112/function/opt-66b-submod-0-latency-25.cdgp
1704042765218322815,1704042770353226528,200,http://172.169.8.253:31112/function/opt-66b-submod-0-latency-25.cdgp
1704042765271862747,1704042775026739202,500,http://172.169.8.253:31112/function/opt-66b-submod-0-latency-25.cdgp
1704042765271955426,1704042774966801253,500,http://172.169.8.253:31112/function/opt-66b-submod-0-latency-25.cdgp
1704042765272051658,1704042768291200006,200,http://172.169.8.253:31112/function/opt-66b-submod-0-latency-25.cdgp
1704042765272135027,1704042769022283670,200,http://172.169.8.253:31112/function/opt-66b-submod-0-latency-25.cdgp
1704042765272180428,1704042774974367980,500,http://172.169.8.253:31112/function/opt-66b-submod-0-latency-25.cdgp
1704042765272267401,1704042770152740287,200,http://172.169.8.253:31112/function/opt-66b-submod-0-latency-25.cdgp
1704042765272291944,1704042774710851820,500,http://172.169.8.253:31112/function/opt-66b-submod-0-latency-25.cdgp
1704042765272375323,1704042774711345263,500,http://172.169.8.253:31112/function/opt-66b-submod-0-latency-25.cdgp
1704042765273667381,1704042769292102434,200,http://172.169.8.253:31112/function/opt-66b-submod-0-latency-25.cdgp
1704042765273760266,1704042774966409018,500,http://172.169.8.253:31112/function/opt-66b-submod-0-latency-25.cdgp
1704042765273850706,1704042769292013899,200,http://172.169.8.253:31112/function/opt-66b-submod-0-latency-25.cdgp
1704042765273960888,1704042770018449242,200,http://172.169.8.253:31112/function/opt-66b-submod-0-latency-25.cdgp
1704042765274038085,1704042774710040437,500,http://172.169.8.253:31112/function/opt-66b-submod-0-latency-25.cdgp
1704042765274132186,1704042769330317753,200,http://172.169.8.253:31112/function/opt-66b-submod-0-latency-25.cdgp
1704042765274211335,1704042774975080872,500,http://172.169.8.253:31112/function/opt-66b-submod-0-latency-25.cdgp
1704042765274274563,1704042770036407116,200,http://172.169.8.253:31112/function/opt-66b-submod-0-latency-25.cdgp
1704042765274357833,1704042775070846724,500,http://172.169.8.253:31112/function/opt-66b-submod-0-latency-25.cdgp
1704042765274423939,1704042768029577144,200,http://172.169.8.253:31112/function/opt-66b-submod-0-latency-25.cdgp
1704042765274492914,1704042770227016871,200,http://172.169.8.253:31112/function/opt-66b-submod-0-latency-25.cdgp
1704042765274595549,1704042768128693121,200,http://172.169.8.253:31112/function/opt-66b-submod-0-latency-25.cdgp
1704042765274666721,1704042774965877871,500,http://172.169.8.253:31112/function/opt-66b-submod-0-latency-25.cdgp
1704042765274720546,1704042769062833455,200,http://172.169.8.253:31112/function/opt-66b-submod-0-latency-25.cdgp
1704042765275502045,1704042775071139226,500,http://172.169.8.253:31112/function/opt-66b-submod-0-latency-25.cdgp
1704042765275585599,1704042774966818261,500,http://172.169.8.253:31112/function/opt-66b-submod-0-latency-25.cdgp
1704042765275655210,1704042769356919895,200,http://172.169.8.253:31112/function/opt-66b-submod-0-latency-25.cdgp
1704042766199794505,1704042769333056883,200,http://172.169.8.253:31112/function/opt-66b-submod-0-latency-25.cdgp
1704042766199886839,1704042775173572030,500,http://172.169.8.253:31112/function/opt-66b-submod-0-latency-25.cdgp
1704042766520895314,1704042770611240741,200,http://172.169.8.253:31112/function/opt-66b-submod-0-latency-25.cdgp
1704042766520978749,1704042775687604896,500,http://172.169.8.253:31112/function/opt-66b-submod-0-latency-25.cdgp
1704042766521068140,1704042770849306340,200,http://172.169.8.253:31112/function/opt-66b-submod-0-latency-25.cdgp
1704042766521132461,1704042775795083805,500,http://172.169.8.253:31112/function/opt-66b-submod-0-latency-25.cdgp
1704042766521198695,1704042770759653451,200,http://172.169.8.253:31112/function/opt-66b-submod-0-latency-25.cdgp
1704042766521237819,1704042776152153480,500,http://172.169.8.253:31112/function/opt-66b-submod-0-latency-25.cdgp
1704042766521334676,1704042770836546377,200,http://172.169.8.253:31112/function/opt-66b-submod-0-latency-25.cdgp
1704042766521386092,1704042775787614247,500,http://172.169.8.253:31112/function/opt-66b-submod-0-latency-25.cdgp
1704042766521466841,1704042768311374512,200,http://172.169.8.253:31112/function/opt-66b-submod-0-latency-25.cdgp
1704042766521550302,1704042769577060494,200,http://172.169.8.253:31112/function/opt-66b-submod-0-latency-25.cdgp
1704042766521620039,1704042776152245629,500,http://172.169.8.253:31112/function/opt-66b-submod-0-latency-25.cdgp
1704042766521672340,1704042775928012629,500,http://172.169.8.253:31112/function/opt-66b-submod-0-latency-25.cdgp
1704042766521746900,1704042768140571225,200,http://172.169.8.253:31112/function/opt-66b-submod-0-latency-25.cdgp
1704042766521831955,1704042770034312322,200,http://172.169.8.253:31112/function/opt-66b-submod-0-latency-25.cdgp
1704042766521946656,1704042770844705806,200,http://172.169.8.253:31112/function/opt-66b-submod-0-latency-25.cdgp
1704042766522009232,1704042775898791995,500,http://172.169.8.253:31112/function/opt-66b-submod-0-latency-25.cdgp
1704042766522047213,1704042775881304530,500,http://172.169.8.253:31112/function/opt-66b-submod-0-latency-25.cdgp
1704042766522137415,1704042769995189286,200,http://172.169.8.253:31112/function/opt-66b-submod-0-latency-25.cdgp
1704042766522206537,1704042776152362483,500,http://172.169.8.253:31112/function/opt-66b-submod-0-latency-25.cdgp
1704042766522283644,1704042776474633879,500,http://172.169.8.253:31112/function/opt-66b-submod-0-latency-25.cdgp
1704042766522355432,1704042769652818199,200,http://172.169.8.253:31112/function/opt-66b-submod-0-latency-25.cdgp
1704042767124223957,1704042770895988996,200,http://172.169.8.253:31112/function/opt-66b-submod-0-latency-25.cdgp
1704042767125225766,1704042769487513780,200,http://172.169.8.253:31112/function/opt-66b-submod-0-latency-25.cdgp
1704042767125332192,1704042770110214295,200,http://172.169.8.253:31112/function/opt-66b-submod-0-latency-25.cdgp
1704042767125398131,1704042776128189648,500,http://172.169.8.253:31112/function/opt-66b-submod-0-latency-25.cdgp
1704042767220779974,1704042770251669393,200,http://172.169.8.253:31112/function/opt-66b-submod-0-latency-25.cdgp
1704042767220866637,1704042768612573959,200,http://172.169.8.253:31112/function/opt-66b-submod-0-latency-25.cdgp
1704042767228648858,1704042776475103374,500,http://172.169.8.253:31112/function/opt-66b-submod-0-latency-25.cdgp
1704042767228725606,1704042768366110752,200,http://172.169.8.253:31112/function/opt-66b-submod-0-latency-25.cdgp
1704042767275595225,1704042770850228139,200,http://172.169.8.253:31112/function/opt-66b-submod-0-latency-25.cdgp
1704042767277278353,1704042776495186656,500,http://172.169.8.253:31112/function/opt-66b-submod-0-latency-25.cdgp
1704042767277396873,1704042776495445362,500,http://172.169.8.253:31112/function/opt-66b-submod-0-latency-25.cdgp
1704042767277458628,1704042769977195700,200,http://172.169.8.253:31112/function/opt-66b-submod-0-latency-25.cdgp
1704042767277528593,1704042776476474576,500,http://172.169.8.253:31112/function/opt-66b-submod-0-latency-25.cdgp
1704042767277598140,1704042770844172783,200,http://172.169.8.253:31112/function/opt-66b-submod-0-latency-25.cdgp
1704042767277710357,1704042770850095723,200,http://172.169.8.253:31112/function/opt-66b-submod-0-latency-25.cdgp
1704042767277776293,1704042776475187349,500,http://172.169.8.253:31112/function/opt-66b-submod-0-latency-25.cdgp
1704042767277846120,1704042770968468588,200,http://172.169.8.253:31112/function/opt-66b-submod-0-latency-25.cdgp
1704042767277884755,1704042768683062345,200,http://172.169.8.253:31112/function/opt-66b-submod-0-latency-25.cdgp
1704042767277965360,1704042776503948791,500,http://172.169.8.253:31112/function/opt-66b-submod-0-latency-25.cdgp
1704042767278039013,1704042769067328656,200,http://172.169.8.253:31112/function/opt-66b-submod-0-latency-25.cdgp
1704042767278105035,1704042776476007215,500,http://172.169.8.253:31112/function/opt-66b-submod-0-latency-25.cdgp
1704042767278142880,1704042770968307328,200,http://172.169.8.253:31112/function/opt-66b-submod-0-latency-25.cdgp
1704042767337097271,1704042770282215720,200,http://172.169.8.253:31112/function/opt-66b-submod-0-latency-25.cdgp
1704042767337208578,1704042769207557915,200,http://172.169.8.253:31112/function/opt-66b-submod-0-latency-25.cdgp
1704042767337941770,1704042770971417145,200,http://172.169.8.253:31112/function/opt-66b-submod-0-latency-25.cdgp
1704042767338043741,1704042770587669930,200,http://172.169.8.253:31112/function/opt-66b-submod-0-latency-25.cdgp
1704042767369742413,1704042769290063840,200,http://172.169.8.253:31112/function/opt-66b-submod-0-latency-25.cdgp
1704042767369844126,1704042777071493017,500,http://172.169.8.253:31112/function/opt-66b-submod-0-latency-25.cdgp
1704042767369941737,1704042777079614336,500,http://172.169.8.253:31112/function/opt-66b-submod-0-latency-25.cdgp
1704042767373494822,1704042777038648957,500,http://172.169.8.253:31112/function/opt-66b-submod-0-latency-25.cdgp
1704042767373533538,1704042769574826948,200,http://172.169.8.253:31112/function/opt-66b-submod-0-latency-25.cdgp
1704042767373610127,1704042777374406395,500,http://172.169.8.253:31112/function/opt-66b-submod-0-latency-25.cdgp
1704042767373683119,1704042769147751617,200,http://172.169.8.253:31112/function/opt-66b-submod-0-latency-25.cdgp
1704042767600231113,1704042769735748403,200,http://172.169.8.253:31112/function/opt-66b-submod-0-latency-25.cdgp
1704042767602145766,1704042777083376422,500,http://172.169.8.253:31112/function/opt-66b-submod-0-latency-25.cdgp
1704042767602261346,1704042777111630709,500,http://172.169.8.253:31112/function/opt-66b-submod-0-latency-25.cdgp
1704042767602348886,1704042777124872867,500,http://172.169.8.253:31112/function/opt-66b-submod-0-latency-25.cdgp
1704042767602765899,1704042770844796596,200,http://172.169.8.253:31112/function/opt-66b-submod-0-latency-25.cdgp
1704042767602866465,1704042769327880412,200,http://172.169.8.253:31112/function/opt-66b-submod-0-latency-25.cdgp
1704042767602923113,1704042777128291152,500,http://172.169.8.253:31112/function/opt-66b-submod-0-latency-25.cdgp
1704042767641643363,1704042770895690940,200,http://172.169.8.253:31112/function/opt-66b-submod-0-latency-25.cdgp
1704042767641725363,1704042769884011822,200,http://172.169.8.253:31112/function/opt-66b-submod-0-latency-25.cdgp
1704042767641875868,1704042770849390222,200,http://172.169.8.253:31112/function/opt-66b-submod-0-latency-25.cdgp
1704042767641941785,1704042777079705130,500,http://172.169.8.253:31112/function/opt-66b-submod-0-latency-25.cdgp
1704042767641979064,1704042777073462452,500,http://172.169.8.253:31112/function/opt-66b-submod-0-latency-25.cdgp
1704042767642070713,1704042769056133764,200,http://172.169.8.253:31112/function/opt-66b-submod-0-latency-25.cdgp
1704042767642120497,1704042777128731110,500,http://172.169.8.253:31112/function/opt-66b-submod-0-latency-25.cdgp
1704042767642208951,1704042770309456894,200,http://172.169.8.253:31112/function/opt-66b-submod-0-latency-25.cdgp
1704042768873868867,1704042777816913895,500,http://172.169.8.253:31112/function/opt-66b-submod-0-latency-25.cdgp
1704042768874009324,1704042778294989330,500,http://172.169.8.253:31112/function/opt-66b-submod-0-latency-25.cdgp
1704042768874139005,1704042769985690112,200,http://172.169.8.253:31112/function/opt-66b-submod-0-latency-25.cdgp
1704042768939228816,1704042771086461682,200,http://172.169.8.253:31112/function/opt-66b-submod-0-latency-25.cdgp
1704042768939348332,1704042770465753013,200,http://172.169.8.253:31112/function/opt-66b-submod-0-latency-25.cdgp
1704042768939436312,1704042770496631655,200,http://172.169.8.253:31112/function/opt-66b-submod-0-latency-25.cdgp
1704042768939564890,1704042778685258458,500,http://172.169.8.253:31112/function/opt-66b-submod-0-latency-25.cdgp
1704042768939619747,1704042777988900500,500,http://172.169.8.253:31112/function/opt-66b-submod-0-latency-25.cdgp
1704042768939694288,1704042778685297638,500,http://172.169.8.253:31112/function/opt-66b-submod-0-latency-25.cdgp
1704042768939775018,1704042778586968731,500,http://172.169.8.253:31112/function/opt-66b-submod-0-latency-25.cdgp
1704042768939887079,1704042770421442587,200,http://172.169.8.253:31112/function/opt-66b-submod-0-latency-25.cdgp
1704042768939951979,1704042778587636262,500,http://172.169.8.253:31112/function/opt-66b-submod-0-latency-25.cdgp
1704042768940015683,1704042778226338698,500,http://172.169.8.253:31112/function/opt-66b-submod-0-latency-25.cdgp
1704042768940046428,1704042778685737763,500,http://172.169.8.253:31112/function/opt-66b-submod-0-latency-25.cdgp
1704042768940117065,1704042778685357279,500,http://172.169.8.253:31112/function/opt-66b-submod-0-latency-25.cdgp
1704042768940199972,1704042770713988430,200,http://172.169.8.253:31112/function/opt-66b-submod-0-latency-25.cdgp
1704042768940271075,1704042778262724850,500,http://172.169.8.253:31112/function/opt-66b-submod-0-latency-25.cdgp
1704042768940339505,1704042770534414265,200,http://172.169.8.253:31112/function/opt-66b-submod-0-latency-25.cdgp
1704042768940399699,1704042778226780839,500,http://172.169.8.253:31112/function/opt-66b-submod-0-latency-25.cdgp
1704042768940428490,1704042778250322281,500,http://172.169.8.253:31112/function/opt-66b-submod-0-latency-25.cdgp
1704042770588017472,1704042771799725245,200,http://172.169.8.253:31112/function/opt-66b-submod-0-latency-25.cdgp
1704042770588122615,1704042780282010627,500,http://172.169.8.253:31112/function/opt-66b-submod-0-latency-25.cdgp
1704042770588260290,1704042779965263837,500,http://172.169.8.253:31112/function/opt-66b-submod-0-latency-25.cdgp
1704042770588329630,1704042780312511057,500,http://172.169.8.253:31112/function/opt-66b-submod-0-latency-25.cdgp
1704042770588417119,1704042773294229061,200,http://172.169.8.253:31112/function/opt-66b-submod-0-latency-25.cdgp
1704042770588567863,1704042771757507139,200,http://172.169.8.253:31112/function/opt-66b-submod-0-latency-25.cdgp
1704042770588632668,1704042772379019154,200,http://172.169.8.253:31112/function/opt-66b-submod-0-latency-25.cdgp
1704042770588667682,1704042772539426740,200,http://172.169.8.253:31112/function/opt-66b-submod-0-latency-25.cdgp
1704042770588727668,1704042771753329982,200,http://172.169.8.253:31112/function/opt-66b-submod-0-latency-25.cdgp
1704042770588788033,1704042779966393919,500,http://172.169.8.253:31112/function/opt-66b-submod-0-latency-25.cdgp
1704042770588838148,1704042772087838005,200,http://172.169.8.253:31112/function/opt-66b-submod-0-latency-25.cdgp
1704042770589156488,1704042772081614271,200,http://172.169.8.253:31112/function/opt-66b-submod-0-latency-25.cdgp
1704042770589205394,1704042772948577269,200,http://172.169.8.253:31112/function/opt-66b-submod-0-latency-25.cdgp
1704042770589278870,1704042772356566638,200,http://172.169.8.253:31112/function/opt-66b-submod-0-latency-25.cdgp
1704042770589563101,1704042772266199022,200,http://172.169.8.253:31112/function/opt-66b-submod-0-latency-25.cdgp
1704042770589643724,1704042772090081685,200,http://172.169.8.253:31112/function/opt-66b-submod-0-latency-25.cdgp
1704042770597852948,1704042780282703238,500,http://172.169.8.253:31112/function/opt-66b-submod-0-latency-25.cdgp
1704042770597944494,1704042772553071815,200,http://172.169.8.253:31112/function/opt-66b-submod-0-latency-25.cdgp
1704042770598027567,1704042779999225354,500,http://172.169.8.253:31112/function/opt-66b-submod-0-latency-25.cdgp
1704042770598164583,1704042780008995109,500,http://172.169.8.253:31112/function/opt-66b-submod-0-latency-25.cdgp
1704042770598342805,1704042780197486730,500,http://172.169.8.253:31112/function/opt-66b-submod-0-latency-25.cdgp
1704042770598438822,1704042780162853637,500,http://172.169.8.253:31112/function/opt-66b-submod-0-latency-25.cdgp
1704042770598499157,1704042772553811280,200,http://172.169.8.253:31112/function/opt-66b-submod-0-latency-25.cdgp
1704042770598601680,1704042780284904147,500,http://172.169.8.253:31112/function/opt-66b-submod-0-latency-25.cdgp
1704042770598687056,1704042780443525033,500,http://172.169.8.253:31112/function/opt-66b-submod-0-latency-25.cdgp
1704042770598759597,1704042772721713019,200,http://172.169.8.253:31112/function/opt-66b-submod-0-latency-25.cdgp
1704042770598787619,1704042772554061631,200,http://172.169.8.253:31112/function/opt-66b-submod-0-latency-25.cdgp
1704042770598841054,1704042773229142871,200,http://172.169.8.253:31112/function/opt-66b-submod-0-latency-25.cdgp
1704042770598904299,1704042772933543526,200,http://172.169.8.253:31112/function/opt-66b-submod-0-latency-25.cdgp
1704042770598955262,1704042780240297833,500,http://172.169.8.253:31112/function/opt-66b-submod-0-latency-25.cdgp
1704042770599034332,1704042780445738341,500,http://172.169.8.253:31112/function/opt-66b-submod-0-latency-25.cdgp
1704042770599099891,1704042772326654447,200,http://172.169.8.253:31112/function/opt-66b-submod-0-latency-25.cdgp
1704042770599172631,1704042780186544605,500,http://172.169.8.253:31112/function/opt-66b-submod-0-latency-25.cdgp
1704042770599222285,1704042772539491864,200,http://172.169.8.253:31112/function/opt-66b-submod-0-latency-25.cdgp
1704042770599254908,1704042773177271172,200,http://172.169.8.253:31112/function/opt-66b-submod-0-latency-25.cdgp
1704042770599335453,1704042772150162283,200,http://172.169.8.253:31112/function/opt-66b-submod-0-latency-25.cdgp
1704042770599404820,1704042780182119538,500,http://172.169.8.253:31112/function/opt-66b-submod-0-latency-25.cdgp
1704042770600369102,1704042772407828544,200,http://172.169.8.253:31112/function/opt-66b-submod-0-latency-25.cdgp
1704042770600455775,1704042780241727980,500,http://172.169.8.253:31112/function/opt-66b-submod-0-latency-25.cdgp
1704042770600523609,1704042780178538182,500,http://172.169.8.253:31112/function/opt-66b-submod-0-latency-25.cdgp
1704042770600610988,1704042780144151754,500,http://172.169.8.253:31112/function/opt-66b-submod-0-latency-25.cdgp
1704042770600676940,1704042772316024795,200,http://172.169.8.253:31112/function/opt-66b-submod-0-latency-25.cdgp
1704042770600748456,1704042779928479758,500,http://172.169.8.253:31112/function/opt-66b-submod-0-latency-25.cdgp
1704042770600762999,1704042771931531649,200,http://172.169.8.253:31112/function/opt-66b-submod-0-latency-25.cdgp
1704042770780659906,1704042773382411853,200,http://172.169.8.253:31112/function/opt-66b-submod-0-latency-25.cdgp
1704042770780756632,1704042773055890473,200,http://172.169.8.253:31112/function/opt-66b-submod-0-latency-25.cdgp
1704042770780838784,1704042780519474045,500,http://172.169.8.253:31112/function/opt-66b-submod-0-latency-25.cdgp
1704042770780896475,1704042773111501186,200,http://172.169.8.253:31112/function/opt-66b-submod-0-latency-25.cdgp
1704042770780985791,1704042780517984397,500,http://172.169.8.253:31112/function/opt-66b-submod-0-latency-25.cdgp
1704042770781016730,1704042774025539153,200,http://172.169.8.253:31112/function/opt-66b-submod-0-latency-25.cdgp
1704042770781125651,1704042780461095914,500,http://172.169.8.253:31112/function/opt-66b-submod-0-latency-25.cdgp
1704042770781211757,1704042780188570031,500,http://172.169.8.253:31112/function/opt-66b-submod-0-latency-25.cdgp
1704042770781298856,1704042780457638048,500,http://172.169.8.253:31112/function/opt-66b-submod-0-latency-25.cdgp
1704042770781388698,1704042773361162381,200,http://172.169.8.253:31112/function/opt-66b-submod-0-latency-25.cdgp
1704042770781464286,1704042780264276656,500,http://172.169.8.253:31112/function/opt-66b-submod-0-latency-25.cdgp
1704042770781546626,1704042780459679986,500,http://172.169.8.253:31112/function/opt-66b-submod-0-latency-25.cdgp
1704042770781605075,1704042774254945284,200,http://172.169.8.253:31112/function/opt-66b-submod-0-latency-25.cdgp
1704042770781662168,1704042772724961142,200,http://172.169.8.253:31112/function/opt-66b-submod-0-latency-25.cdgp
1704042770781799863,1704042780193070378,500,http://172.169.8.253:31112/function/opt-66b-submod-0-latency-25.cdgp
1704042770781862587,1704042780293219771,500,http://172.169.8.253:31112/function/opt-66b-submod-0-latency-25.cdgp
1704042770781951251,1704042780514625739,500,http://172.169.8.253:31112/function/opt-66b-submod-0-latency-25.cdgp
1704042770782027958,1704042773856609280,200,http://172.169.8.253:31112/function/opt-66b-submod-0-latency-25.cdgp
1704042770782072361,1704042773230573834,200,http://172.169.8.253:31112/function/opt-66b-submod-0-latency-25.cdgp
1704042770782096723,1704042780258407595,500,http://172.169.8.253:31112/function/opt-66b-submod-0-latency-25.cdgp
1704042770782116509,1704042773331604668,200,http://172.169.8.253:31112/function/opt-66b-submod-0-latency-25.cdgp
1704042770783063665,1704042780516862136,500,http://172.169.8.253:31112/function/opt-66b-submod-0-latency-25.cdgp
1704042770783766633,1704042772727091246,200,http://172.169.8.253:31112/function/opt-66b-submod-0-latency-25.cdgp
1704042770908960730,1704042774071608954,200,http://172.169.8.253:31112/function/opt-66b-submod-0-latency-25.cdgp
1704042770909053931,1704042780564479890,500,http://172.169.8.253:31112/function/opt-66b-submod-0-latency-25.cdgp
1704042770909165495,1704042780687929711,500,http://172.169.8.253:31112/function/opt-66b-submod-0-latency-25.cdgp
1704042770909231513,1704042773403422237,200,http://172.169.8.253:31112/function/opt-66b-submod-0-latency-25.cdgp
1704042770909304262,1704042780525124049,500,http://172.169.8.253:31112/function/opt-66b-submod-0-latency-25.cdgp
1704042770909375659,1704042780689844366,500,http://172.169.8.253:31112/function/opt-66b-submod-0-latency-25.cdgp
1704042770909444531,1704042773493580097,200,http://172.169.8.253:31112/function/opt-66b-submod-0-latency-25.cdgp
1704042770909509969,1704042780672839851,500,http://172.169.8.253:31112/function/opt-66b-submod-0-latency-25.cdgp
1704042770909552023,1704042780687762248,500,http://172.169.8.253:31112/function/opt-66b-submod-0-latency-25.cdgp
1704042770909611159,1704042780685686636,500,http://172.169.8.253:31112/function/opt-66b-submod-0-latency-25.cdgp
1704042770909675616,1704042774332111207,200,http://172.169.8.253:31112/function/opt-66b-submod-0-latency-25.cdgp
1704042770909716180,1704042780529798382,500,http://172.169.8.253:31112/function/opt-66b-submod-0-latency-25.cdgp
1704042770909771082,1704042780671458607,500,http://172.169.8.253:31112/function/opt-66b-submod-0-latency-25.cdgp
1704042770909809975,1704042780692115944,500,http://172.169.8.253:31112/function/opt-66b-submod-0-latency-25.cdgp
1704042770909867145,1704042774027790325,200,http://172.169.8.253:31112/function/opt-66b-submod-0-latency-25.cdgp
1704042770909888074,1704042780528075281,500,http://172.169.8.253:31112/function/opt-66b-submod-0-latency-25.cdgp
1704042770909930142,1704042772724453021,200,http://172.169.8.253:31112/function/opt-66b-submod-0-latency-25.cdgp
1704042770909974893,1704042780529973050,500,http://172.169.8.253:31112/function/opt-66b-submod-0-latency-25.cdgp
1704042770910045386,1704042772912025267,200,http://172.169.8.253:31112/function/opt-66b-submod-0-latency-25.cdgp
1704042770910090655,1704042773871163810,200,http://172.169.8.253:31112/function/opt-66b-submod-0-latency-25.cdgp
1704042770912158661,1704042780674515921,500,http://172.169.8.253:31112/function/opt-66b-submod-0-latency-25.cdgp
1704042770912249265,1704042773620425669,200,http://172.169.8.253:31112/function/opt-66b-submod-0-latency-25.cdgp
1704042770912331310,1704042780524259006,500,http://172.169.8.253:31112/function/opt-66b-submod-0-latency-25.cdgp
1704042770912400076,1704042780682781043,500,http://172.169.8.253:31112/function/opt-66b-submod-0-latency-25.cdgp
1704042770912459417,1704042780526292332,500,http://172.169.8.253:31112/function/opt-66b-submod-0-latency-25.cdgp
1704042770912509983,1704042780673251483,500,http://172.169.8.253:31112/function/opt-66b-submod-0-latency-25.cdgp
1704042770912608505,1704042773361180008,200,http://172.169.8.253:31112/function/opt-66b-submod-0-latency-25.cdgp
1704042770912673238,1704042773295604569,200,http://172.169.8.253:31112/function/opt-66b-submod-0-latency-25.cdgp
1704042770912784762,1704042773712091271,200,http://172.169.8.253:31112/function/opt-66b-submod-0-latency-25.cdgp
1704042770912838221,1704042780523632055,500,http://172.169.8.253:31112/function/opt-66b-submod-0-latency-25.cdgp
1704042770912895288,1704042773229915429,200,http://172.169.8.253:31112/function/opt-66b-submod-0-latency-25.cdgp
1704042770912962613,1704042780669458698,500,http://172.169.8.253:31112/function/opt-66b-submod-0-latency-25.cdgp
1704042771898533901,1704042774192077047,200,http://172.169.8.253:31112/function/opt-66b-submod-0-latency-25.cdgp
1704042771898615782,1704042781078782392,500,http://172.169.8.253:31112/function/opt-66b-submod-0-latency-25.cdgp
1704042771898752318,1704042774888441047,200,http://172.169.8.253:31112/function/opt-66b-submod-0-latency-25.cdgp
1704042771898817846,1704042781007451409,500,http://172.169.8.253:31112/function/opt-66b-submod-0-latency-25.cdgp
1704042772296086256,1704042781343658486,500,http://172.169.8.253:31112/function/opt-66b-submod-0-latency-25.cdgp
1704042772296173183,1704042774627084321,200,http://172.169.8.253:31112/function/opt-66b-submod-0-latency-25.cdgp
1704042772296270501,1704042781431692333,500,http://172.169.8.253:31112/function/opt-66b-submod-0-latency-25.cdgp
1704042772296353378,1704042774255418399,200,http://172.169.8.253:31112/function/opt-66b-submod-0-latency-25.cdgp
1704042772296405150,1704042774558969346,200,http://172.169.8.253:31112/function/opt-66b-submod-0-latency-25.cdgp
1704042772296590172,1704042781252961014,500,http://172.169.8.253:31112/function/opt-66b-submod-0-latency-25.cdgp
1704042772296655727,1704042781292145845,500,http://172.169.8.253:31112/function/opt-66b-submod-0-latency-25.cdgp
1704042772296714031,1704042781389629327,500,http://172.169.8.253:31112/function/opt-66b-submod-0-latency-25.cdgp
1704042772296786772,1704042781299792686,500,http://172.169.8.253:31112/function/opt-66b-submod-0-latency-25.cdgp
1704042772296933991,1704042774558290482,200,http://172.169.8.253:31112/function/opt-66b-submod-0-latency-25.cdgp
1704042772356377953,1704042775169290010,200,http://172.169.8.253:31112/function/opt-66b-submod-0-latency-25.cdgp
1704042772356468354,1704042781390471733,500,http://172.169.8.253:31112/function/opt-66b-submod-0-latency-25.cdgp
1704042772356578184,1704042774143588752,200,http://172.169.8.253:31112/function/opt-66b-submod-0-latency-25.cdgp
1704042772356692141,1704042781942609388,500,http://172.169.8.253:31112/function/opt-66b-submod-0-latency-25.cdgp
1704042772356784696,1704042781576254456,500,http://172.169.8.253:31112/function/opt-66b-submod-0-latency-25.cdgp
1704042772356882219,1704042781527542740,500,http://172.169.8.253:31112/function/opt-66b-submod-0-latency-25.cdgp
1704042772356942260,1704042774559210078,200,http://172.169.8.253:31112/function/opt-66b-submod-0-latency-25.cdgp
1704042772357020251,1704042774739107733,200,http://172.169.8.253:31112/function/opt-66b-submod-0-latency-25.cdgp
1704042772363964417,1704042781641458099,500,http://172.169.8.253:31112/function/opt-66b-submod-0-latency-25.cdgp
1704042772364113967,1704042774627581387,200,http://172.169.8.253:31112/function/opt-66b-submod-0-latency-25.cdgp
1704042772364202853,1704042781942510079,500,http://172.169.8.253:31112/function/opt-66b-submod-0-latency-25.cdgp
1704042772364364711,1704042773999038711,200,http://172.169.8.253:31112/function/opt-66b-submod-0-latency-25.cdgp
1704042772364437700,1704042774888427834,200,http://172.169.8.253:31112/function/opt-66b-submod-0-latency-25.cdgp
1704042772364502732,1704042781576377575,500,http://172.169.8.253:31112/function/opt-66b-submod-0-latency-25.cdgp
1704042772364598267,1704042774691704126,200,http://172.169.8.253:31112/function/opt-66b-submod-0-latency-25.cdgp
1704042772364673072,1704042781481721202,500,http://172.169.8.253:31112/function/opt-66b-submod-0-latency-25.cdgp
1704042772364796586,1704042781943338724,500,http://172.169.8.253:31112/function/opt-66b-submod-0-latency-25.cdgp
1704042772381958315,1704042775070907431,200,http://172.169.8.253:31112/function/opt-66b-submod-0-latency-25.cdgp
1704042772382036509,1704042781942107668,500,http://172.169.8.253:31112/function/opt-66b-submod-0-latency-25.cdgp
1704042772382152234,1704042781983613681,500,http://172.169.8.253:31112/function/opt-66b-submod-0-latency-25.cdgp
1704042772382254874,1704042781695267401,500,http://172.169.8.253:31112/function/opt-66b-submod-0-latency-25.cdgp
1704042772382325253,1704042775072266049,200,http://172.169.8.253:31112/function/opt-66b-submod-0-latency-25.cdgp
1704042772382425654,1704042781641403918,500,http://172.169.8.253:31112/function/opt-66b-submod-0-latency-25.cdgp
1704042772382512992,1704042781683527224,500,http://172.169.8.253:31112/function/opt-66b-submod-0-latency-25.cdgp
1704042772382584211,1704042773997400886,200,http://172.169.8.253:31112/function/opt-66b-submod-0-latency-25.cdgp
1704042772382672820,1704042782144237785,500,http://172.169.8.253:31112/function/opt-66b-submod-0-latency-25.cdgp
1704042772382749776,1704042781942014907,500,http://172.169.8.253:31112/function/opt-66b-submod-0-latency-25.cdgp
1704042772382852221,1704042775162340594,200,http://172.169.8.253:31112/function/opt-66b-submod-0-latency-25.cdgp
1704042772382938293,1704042776503193700,200,http://172.169.8.253:31112/function/opt-66b-submod-0-latency-25.cdgp
1704042772643009393,1704042782071497776,500,http://172.169.8.253:31112/function/opt-66b-submod-0-latency-25.cdgp
1704042772643079979,1704042774691882023,200,http://172.169.8.253:31112/function/opt-66b-submod-0-latency-25.cdgp
1704042772643133157,1704042774691896024,200,http://172.169.8.253:31112/function/opt-66b-submod-0-latency-25.cdgp
1704042772643191480,1704042775088702285,200,http://172.169.8.253:31112/function/opt-66b-submod-0-latency-25.cdgp
1704042772643255253,1704042781818716525,500,http://172.169.8.253:31112/function/opt-66b-submod-0-latency-25.cdgp
1704042772643305015,1704042782003968281,500,http://172.169.8.253:31112/function/opt-66b-submod-0-latency-25.cdgp
1704042772643370674,1704042782108515248,500,http://172.169.8.253:31112/function/opt-66b-submod-0-latency-25.cdgp
1704042772643437760,1704042781928212775,500,http://172.169.8.253:31112/function/opt-66b-submod-0-latency-25.cdgp
1704042772643494286,1704042774751819550,200,http://172.169.8.253:31112/function/opt-66b-submod-0-latency-25.cdgp
1704042772643534685,1704042782103435457,500,http://172.169.8.253:31112/function/opt-66b-submod-0-latency-25.cdgp
1704042772643612126,1704042782136383380,500,http://172.169.8.253:31112/function/opt-66b-submod-0-latency-25.cdgp
1704042772643645287,1704042774714769713,200,http://172.169.8.253:31112/function/opt-66b-submod-0-latency-25.cdgp
1704042772643728900,1704042774264147253,200,http://172.169.8.253:31112/function/opt-66b-submod-0-latency-25.cdgp
1704042772643780140,1704042781818685387,500,http://172.169.8.253:31112/function/opt-66b-submod-0-latency-25.cdgp
1704042772700248404,1704042774255545988,200,http://172.169.8.253:31112/function/opt-66b-submod-0-latency-25.cdgp
1704042772700315574,1704042782249037680,500,http://172.169.8.253:31112/function/opt-66b-submod-0-latency-25.cdgp
1704042772700352197,1704042775350377290,200,http://172.169.8.253:31112/function/opt-66b-submod-0-latency-25.cdgp
1704042772700423433,1704042774711855793,200,http://172.169.8.253:31112/function/opt-66b-submod-0-latency-25.cdgp
1704042772700489232,1704042782496283007,500,http://172.169.8.253:31112/function/opt-66b-submod-0-latency-25.cdgp
1704042772700542276,1704042775365373474,200,http://172.169.8.253:31112/function/opt-66b-submod-0-latency-25.cdgp
1704042772700570549,1704042782436564593,500,http://172.169.8.253:31112/function/opt-66b-submod-0-latency-25.cdgp
1704042772700658824,1704042775125972719,200,http://172.169.8.253:31112/function/opt-66b-submod-0-latency-25.cdgp
1704042772700700546,1704042781852388783,500,http://172.169.8.253:31112/function/opt-66b-submod-0-latency-25.cdgp
1704042772700752193,1704042774759572549,200,http://172.169.8.253:31112/function/opt-66b-submod-0-latency-25.cdgp
1704042772700812670,1704042782248728362,500,http://172.169.8.253:31112/function/opt-66b-submod-0-latency-25.cdgp
1704042772701536134,1704042782430813895,500,http://172.169.8.253:31112/function/opt-66b-submod-0-latency-25.cdgp
1704042772701629615,1704042775817418447,200,http://172.169.8.253:31112/function/opt-66b-submod-0-latency-25.cdgp
1704042772701710424,1704042775168719107,200,http://172.169.8.253:31112/function/opt-66b-submod-0-latency-25.cdgp
1704042772701809660,1704042776503294464,200,http://172.169.8.253:31112/function/opt-66b-submod-0-latency-25.cdgp
1704042772701883208,1704042776476214191,200,http://172.169.8.253:31112/function/opt-66b-submod-0-latency-25.cdgp
1704042772703100571,1704042775168789307,200,http://172.169.8.253:31112/function/opt-66b-submod-0-latency-25.cdgp
1704042772703489890,1704042782267984105,500,http://172.169.8.253:31112/function/opt-66b-submod-0-latency-25.cdgp
1704042772703571778,1704042775366055733,200,http://172.169.8.253:31112/function/opt-66b-submod-0-latency-25.cdgp
1704042772703645372,1704042774642290509,200,http://172.169.8.253:31112/function/opt-66b-submod-0-latency-25.cdgp
1704042772703666564,1704042782228000944,500,http://172.169.8.253:31112/function/opt-66b-submod-0-latency-25.cdgp
1704042772703749682,1704042776503388388,200,http://172.169.8.253:31112/function/opt-66b-submod-0-latency-25.cdgp
1704042772703848633,1704042782251542993,500,http://172.169.8.253:31112/function/opt-66b-submod-0-latency-25.cdgp
1704042772703934911,1704042782174146898,500,http://172.169.8.253:31112/function/opt-66b-submod-0-latency-25.cdgp
1704042772704033162,1704042782373735564,500,http://172.169.8.253:31112/function/opt-66b-submod-0-latency-25.cdgp
1704042772704102697,1704042776502707132,200,http://172.169.8.253:31112/function/opt-66b-submod-0-latency-25.cdgp
1704042772704170300,1704042774845077346,200,http://172.169.8.253:31112/function/opt-66b-submod-0-latency-25.cdgp
1704042772704222013,1704042782247305156,500,http://172.169.8.253:31112/function/opt-66b-submod-0-latency-25.cdgp
1704042772704294750,1704042782115503240,500,http://172.169.8.253:31112/function/opt-66b-submod-0-latency-25.cdgp
1704042772704323762,1704042775221502846,200,http://172.169.8.253:31112/function/opt-66b-submod-0-latency-25.cdgp
1704042772704397566,1704042782314359901,500,http://172.169.8.253:31112/function/opt-66b-submod-0-latency-25.cdgp
1704042772704436428,1704042775071840515,200,http://172.169.8.253:31112/function/opt-66b-submod-0-latency-25.cdgp
1704042772704496929,1704042775366482084,200,http://172.169.8.253:31112/function/opt-66b-submod-0-latency-25.cdgp
1704042772704601409,1704042774710872113,200,http://172.169.8.253:31112/function/opt-66b-submod-0-latency-25.cdgp
1704042772704655456,1704042776475503663,200,http://172.169.8.253:31112/function/opt-66b-submod-0-latency-25.cdgp
1704042773007061471,1704042782677118305,500,http://172.169.8.253:31112/function/opt-66b-submod-0-latency-25.cdgp
1704042773007159794,1704042775511862137,200,http://172.169.8.253:31112/function/opt-66b-submod-0-latency-25.cdgp
1704042773007264218,1704042775076738944,200,http://172.169.8.253:31112/function/opt-66b-submod-0-latency-25.cdgp
1704042773007374908,1704042782162036750,500,http://172.169.8.253:31112/function/opt-66b-submod-0-latency-25.cdgp
1704042773007462910,1704042775732953229,200,http://172.169.8.253:31112/function/opt-66b-submod-0-latency-25.cdgp
1704042773007574643,1704042782405485241,500,http://172.169.8.253:31112/function/opt-66b-submod-0-latency-25.cdgp
1704042773007636557,1704042782169735855,500,http://172.169.8.253:31112/function/opt-66b-submod-0-latency-25.cdgp
1704042773007701828,1704042775088265136,200,http://172.169.8.253:31112/function/opt-66b-submod-0-latency-25.cdgp
1704042773007743544,1704042783009068630,500,http://172.169.8.253:31112/function/opt-66b-submod-0-latency-25.cdgp
1704042773007826422,1704042782375433771,500,http://172.169.8.253:31112/function/opt-66b-submod-0-latency-25.cdgp
1704042773007850441,1704042776476434547,200,http://172.169.8.253:31112/function/opt-66b-submod-0-latency-25.cdgp
1704042773007949408,1704042783009090354,500,http://172.169.8.253:31112/function/opt-66b-submod-0-latency-25.cdgp
1704042773077379211,1704042776132920557,200,http://172.169.8.253:31112/function/opt-66b-submod-0-latency-25.cdgp
1704042773242646367,1704042776476746869,200,http://172.169.8.253:31112/function/opt-66b-submod-0-latency-25.cdgp
1704042773242736314,1704042782401153114,500,http://172.169.8.253:31112/function/opt-66b-submod-0-latency-25.cdgp
1704042773242841223,1704042782979611603,500,http://172.169.8.253:31112/function/opt-66b-submod-0-latency-25.cdgp
1704042773242896639,1704042782938164775,500,http://172.169.8.253:31112/function/opt-66b-submod-0-latency-25.cdgp
1704042773247946897,1704042782407654465,500,http://172.169.8.253:31112/function/opt-66b-submod-0-latency-25.cdgp
1704042773247993477,1704042782583660018,500,http://172.169.8.253:31112/function/opt-66b-submod-0-latency-25.cdgp
1704042773250538162,1704042782408678845,500,http://172.169.8.253:31112/function/opt-66b-submod-0-latency-25.cdgp
1704042773250595237,1704042782643149231,500,http://172.169.8.253:31112/function/opt-66b-submod-0-latency-25.cdgp
1704042773250641856,1704042782358352608,500,http://172.169.8.253:31112/function/opt-66b-submod-0-latency-25.cdgp
1704042773250710794,1704042775646072473,200,http://172.169.8.253:31112/function/opt-66b-submod-0-latency-25.cdgp
1704042773267270471,1704042775789084758,200,http://172.169.8.253:31112/function/opt-66b-submod-0-latency-25.cdgp
1704042773267381701,1704042782746207345,500,http://172.169.8.253:31112/function/opt-66b-submod-0-latency-25.cdgp
1704042773267461741,1704042775857656854,200,http://172.169.8.253:31112/function/opt-66b-submod-0-latency-25.cdgp
1704042773267526604,1704042776475204227,200,http://172.169.8.253:31112/function/opt-66b-submod-0-latency-25.cdgp
1704042773267581278,1704042775179516091,200,http://172.169.8.253:31112/function/opt-66b-submod-0-latency-25.cdgp
1704042773267633383,1704042782748153746,500,http://172.169.8.253:31112/function/opt-66b-submod-0-latency-25.cdgp
1704042773267694953,1704042782573848739,500,http://172.169.8.253:31112/function/opt-66b-submod-0-latency-25.cdgp
1704042773267838034,1704042782619717797,500,http://172.169.8.253:31112/function/opt-66b-submod-0-latency-25.cdgp
1704042773303436166,1704042782491419918,500,http://172.169.8.253:31112/function/opt-66b-submod-0-latency-25.cdgp
1704042773303513973,1704042776475564153,200,http://172.169.8.253:31112/function/opt-66b-submod-0-latency-25.cdgp
1704042773303620451,1704042782614462905,500,http://172.169.8.253:31112/function/opt-66b-submod-0-latency-25.cdgp
1704042773303715271,1704042782420681578,500,http://172.169.8.253:31112/function/opt-66b-submod-0-latency-25.cdgp
1704042773303794229,1704042776511755791,200,http://172.169.8.253:31112/function/opt-66b-submod-0-latency-25.cdgp
1704042773303829283,1704042775203585820,200,http://172.169.8.253:31112/function/opt-66b-submod-0-latency-25.cdgp
1704042773303897626,1704042782655138048,500,http://172.169.8.253:31112/function/opt-66b-submod-0-latency-25.cdgp
1704042773303971006,1704042782612890743,500,http://172.169.8.253:31112/function/opt-66b-submod-0-latency-25.cdgp
1704042773304031487,1704042775714665376,200,http://172.169.8.253:31112/function/opt-66b-submod-0-latency-25.cdgp
1704042773304110210,1704042775645143137,200,http://172.169.8.253:31112/function/opt-66b-submod-0-latency-25.cdgp
1704042773310100604,1704042775125211389,200,http://172.169.8.253:31112/function/opt-66b-submod-0-latency-25.cdgp
1704042773310192097,1704042776503450706,200,http://172.169.8.253:31112/function/opt-66b-submod-0-latency-25.cdgp
1704042773318441253,1704042775125174039,200,http://172.169.8.253:31112/function/opt-66b-submod-0-latency-25.cdgp
1704042773318590558,1704042775367153630,200,http://172.169.8.253:31112/function/opt-66b-submod-0-latency-25.cdgp
1704042773318685734,1704042776503375416,200,http://172.169.8.253:31112/function/opt-66b-submod-0-latency-25.cdgp
1704042773318804372,1704042782824003746,500,http://172.169.8.253:31112/function/opt-66b-submod-0-latency-25.cdgp
1704042773318931564,1704042776476050400,200,http://172.169.8.253:31112/function/opt-66b-submod-0-latency-25.cdgp
1704042773681526577,1704042782731246378,500,http://172.169.8.253:31112/function/opt-66b-submod-0-latency-25.cdgp
1704042773730004590,1704042782859648759,500,http://172.169.8.253:31112/function/opt-66b-submod-0-latency-25.cdgp
1704042773730085078,1704042782855772460,500,http://172.169.8.253:31112/function/opt-66b-submod-0-latency-25.cdgp
1704042773730191816,1704042777030362528,200,http://172.169.8.253:31112/function/opt-66b-submod-0-latency-25.cdgp
1704042773819761874,1704042783166930449,500,http://172.169.8.253:31112/function/opt-66b-submod-0-latency-25.cdgp
1704042773819874233,1704042783152654318,500,http://172.169.8.253:31112/function/opt-66b-submod-0-latency-25.cdgp
1704042773819967918,1704042775469038716,200,http://172.169.8.253:31112/function/opt-66b-submod-0-latency-25.cdgp
1704042773820107173,1704042783279806440,500,http://172.169.8.253:31112/function/opt-66b-submod-0-latency-25.cdgp
1704042773820226737,1704042783181081794,500,http://172.169.8.253:31112/function/opt-66b-submod-0-latency-25.cdgp
1704042773820313707,1704042775819668839,200,http://172.169.8.253:31112/function/opt-66b-submod-0-latency-25.cdgp
1704042773821204430,1704042783755705370,500,http://172.169.8.253:31112/function/opt-66b-submod-0-latency-25.cdgp
1704042773821307586,1704042782908591987,500,http://172.169.8.253:31112/function/opt-66b-submod-0-latency-25.cdgp
1704042773821397886,1704042783200017893,500,http://172.169.8.253:31112/function/opt-66b-submod-0-latency-25.cdgp
1704042773821514448,1704042782937097315,500,http://172.169.8.253:31112/function/opt-66b-submod-0-latency-25.cdgp
1704042773821595568,1704042777030012917,200,http://172.169.8.253:31112/function/opt-66b-submod-0-latency-25.cdgp
1704042773821673718,1704042783415008437,500,http://172.169.8.253:31112/function/opt-66b-submod-0-latency-25.cdgp
1704042773821783157,1704042775914509963,200,http://172.169.8.253:31112/function/opt-66b-submod-0-latency-25.cdgp
1704042773821864449,1704042782966843088,500,http://172.169.8.253:31112/function/opt-66b-submod-0-latency-25.cdgp
1704042773821951396,1704042783486256696,500,http://172.169.8.253:31112/function/opt-66b-submod-0-latency-25.cdgp
1704042773822015666,1704042783022982121,500,http://172.169.8.253:31112/function/opt-66b-submod-0-latency-25.cdgp
1704042773822060584,1704042777110665935,200,http://172.169.8.253:31112/function/opt-66b-submod-0-latency-25.cdgp
1704042773822121747,1704042782941440394,500,http://172.169.8.253:31112/function/opt-66b-submod-0-latency-25.cdgp
1704042773822197065,1704042777100841534,200,http://172.169.8.253:31112/function/opt-66b-submod-0-latency-25.cdgp
1704042773822264366,1704042777079722029,200,http://172.169.8.253:31112/function/opt-66b-submod-0-latency-25.cdgp
1704042773822369260,1704042776503938978,200,http://172.169.8.253:31112/function/opt-66b-submod-0-latency-25.cdgp
1704042773822458659,1704042776152341088,200,http://172.169.8.253:31112/function/opt-66b-submod-0-latency-25.cdgp
1704042773822557883,1704042783195274414,500,http://172.169.8.253:31112/function/opt-66b-submod-0-latency-25.cdgp
1704042773822631174,1704042777028397559,200,http://172.169.8.253:31112/function/opt-66b-submod-0-latency-25.cdgp
1704042773822689652,1704042776475632257,200,http://172.169.8.253:31112/function/opt-66b-submod-0-latency-25.cdgp
1704042773822786768,1704042783486907633,500,http://172.169.8.253:31112/function/opt-66b-submod-0-latency-25.cdgp
1704042773822875900,1704042783486809642,500,http://172.169.8.253:31112/function/opt-66b-submod-0-latency-25.cdgp
1704042773822945027,1704042782944985284,500,http://172.169.8.253:31112/function/opt-66b-submod-0-latency-25.cdgp
1704042773822995684,1704042783487515405,500,http://172.169.8.253:31112/function/opt-66b-submod-0-latency-25.cdgp
1704042773823067071,1704042776475526327,200,http://172.169.8.253:31112/function/opt-66b-submod-0-latency-25.cdgp
1704042773823153285,1704042783480465036,500,http://172.169.8.253:31112/function/opt-66b-submod-0-latency-25.cdgp
1704042773823235250,1704042776476315924,200,http://172.169.8.253:31112/function/opt-66b-submod-0-latency-25.cdgp
1704042773823336884,1704042783045381873,500,http://172.169.8.253:31112/function/opt-66b-submod-0-latency-25.cdgp
1704042773823396570,1704042783473147793,500,http://172.169.8.253:31112/function/opt-66b-submod-0-latency-25.cdgp
1704042773919957446,1704042776475971523,200,http://172.169.8.253:31112/function/opt-66b-submod-0-latency-25.cdgp
1704042773920046927,1704042783504430273,500,http://172.169.8.253:31112/function/opt-66b-submod-0-latency-25.cdgp
1704042773920128397,1704042776780391636,200,http://172.169.8.253:31112/function/opt-66b-submod-0-latency-25.cdgp
1704042773920203057,1704042783514720800,500,http://172.169.8.253:31112/function/opt-66b-submod-0-latency-25.cdgp
1704042773920297043,1704042783416753188,500,http://172.169.8.253:31112/function/opt-66b-submod-0-latency-25.cdgp
1704042773920446204,1704042776495460627,200,http://172.169.8.253:31112/function/opt-66b-submod-0-latency-25.cdgp
1704042773920532562,1704042783920825070,500,http://172.169.8.253:31112/function/opt-66b-submod-0-latency-25.cdgp
1704042773920561351,1704042776502688416,200,http://172.169.8.253:31112/function/opt-66b-submod-0-latency-25.cdgp
1704042773920626789,1704042777079276601,200,http://172.169.8.253:31112/function/opt-66b-submod-0-latency-25.cdgp
1704042774132287390,1704042776827821026,200,http://172.169.8.253:31112/function/opt-66b-submod-0-latency-25.cdgp
1704042774132399520,1704042777727692217,200,http://172.169.8.253:31112/function/opt-66b-submod-0-latency-25.cdgp
1704042774132507348,1704042783763498150,500,http://172.169.8.253:31112/function/opt-66b-submod-0-latency-25.cdgp
1704042774132575194,1704042777143821720,200,http://172.169.8.253:31112/function/opt-66b-submod-0-latency-25.cdgp
1704042774132652808,1704042777101776432,200,http://172.169.8.253:31112/function/opt-66b-submod-0-latency-25.cdgp
1704042774132731720,1704042776737863649,200,http://172.169.8.253:31112/function/opt-66b-submod-0-latency-25.cdgp
1704042774132799421,1704042777333866800,200,http://172.169.8.253:31112/function/opt-66b-submod-0-latency-25.cdgp
1704042774132897647,1704042783459581587,500,http://172.169.8.253:31112/function/opt-66b-submod-0-latency-25.cdgp
1704042774132967228,1704042777108940657,200,http://172.169.8.253:31112/function/opt-66b-submod-0-latency-25.cdgp
1704042774133047587,1704042783519973002,500,http://172.169.8.253:31112/function/opt-66b-submod-0-latency-25.cdgp
1704042774133122195,1704042777030869610,200,http://172.169.8.253:31112/function/opt-66b-submod-0-latency-25.cdgp
1704042774133153310,1704042783767961453,500,http://172.169.8.253:31112/function/opt-66b-submod-0-latency-25.cdgp
1704042774276022179,1704042776543822414,200,http://172.169.8.253:31112/function/opt-66b-submod-0-latency-25.cdgp
1704042774286353109,1704042783813920780,500,http://172.169.8.253:31112/function/opt-66b-submod-0-latency-25.cdgp
1704042774286439051,1704042776503957925,200,http://172.169.8.253:31112/function/opt-66b-submod-0-latency-25.cdgp
1704042774286504539,1704042783467842240,500,http://172.169.8.253:31112/function/opt-66b-submod-0-latency-25.cdgp
1704042774286574061,1704042783855592771,500,http://172.169.8.253:31112/function/opt-66b-submod-0-latency-25.cdgp
1704042774286646609,1704042777143823635,200,http://172.169.8.253:31112/function/opt-66b-submod-0-latency-25.cdgp
1704042774286681049,1704042777105089767,200,http://172.169.8.253:31112/function/opt-66b-submod-0-latency-25.cdgp
1704042774286765523,1704042783744697072,500,http://172.169.8.253:31112/function/opt-66b-submod-0-latency-25.cdgp
1704042774286809551,1704042776495383292,200,http://172.169.8.253:31112/function/opt-66b-submod-0-latency-25.cdgp
1704042774307561148,1704042776481643917,200,http://172.169.8.253:31112/function/opt-66b-submod-0-latency-25.cdgp
1704042774307602368,1704042778250333238,200,http://172.169.8.253:31112/function/opt-66b-submod-0-latency-25.cdgp
1704042774307680046,1704042779451812256,200,http://172.169.8.253:31112/function/opt-66b-submod-0-latency-25.cdgp
1704042774321010750,1704042777647189192,200,http://172.169.8.253:31112/function/opt-66b-submod-0-latency-25.cdgp
1704042774321092592,1704042776475135131,200,http://172.169.8.253:31112/function/opt-66b-submod-0-latency-25.cdgp
1704042774321219827,1704042778294971785,200,http://172.169.8.253:31112/function/opt-66b-submod-0-latency-25.cdgp
1704042774321312676,1704042777038980430,200,http://172.169.8.253:31112/function/opt-66b-submod-0-latency-25.cdgp
1704042774321409477,1704042777284896723,200,http://172.169.8.253:31112/function/opt-66b-submod-0-latency-25.cdgp
1704042774321530090,1704042778250605334,200,http://172.169.8.253:31112/function/opt-66b-submod-0-latency-25.cdgp
1704042774321650101,1704042784177659162,500,http://172.169.8.253:31112/function/opt-66b-submod-0-latency-25.cdgp
1704042774321722442,1704042778295595713,200,http://172.169.8.253:31112/function/opt-66b-submod-0-latency-25.cdgp
1704042774321814609,1704042777433369788,200,http://172.169.8.253:31112/function/opt-66b-submod-0-latency-25.cdgp
1704042774321876819,1704042783962309012,500,http://172.169.8.253:31112/function/opt-66b-submod-0-latency-25.cdgp
1704042774321966933,1704042776475191737,200,http://172.169.8.253:31112/function/opt-66b-submod-0-latency-25.cdgp
1704042774322009433,1704042783656247894,500,http://172.169.8.253:31112/function/opt-66b-submod-0-latency-25.cdgp
1704042774322089518,1704042778739796346,200,http://172.169.8.253:31112/function/opt-66b-submod-0-latency-25.cdgp
1704042774322157183,1704042777646293984,200,http://172.169.8.253:31112/function/opt-66b-submod-0-latency-25.cdgp
1704042774322227808,1704042778250186843,200,http://172.169.8.253:31112/function/opt-66b-submod-0-latency-25.cdgp
1704042774322244161,1704042777124501901,200,http://172.169.8.253:31112/function/opt-66b-submod-0-latency-25.cdgp
1704042774322310075,1704042777290039767,200,http://172.169.8.253:31112/function/opt-66b-submod-0-latency-25.cdgp
1704042774322417351,1704042779446805401,200,http://172.169.8.253:31112/function/opt-66b-submod-0-latency-25.cdgp
1704042774322445843,1704042777100370728,200,http://172.169.8.253:31112/function/opt-66b-submod-0-latency-25.cdgp
1704042774322512439,1704042783921249038,500,http://172.169.8.253:31112/function/opt-66b-submod-0-latency-25.cdgp
1704042774322563749,1704042784322789168,500,http://172.169.8.253:31112/function/opt-66b-submod-0-latency-25.cdgp
1704042774322636095,1704042778250399215,200,http://172.169.8.253:31112/function/opt-66b-submod-0-latency-25.cdgp
1704042774322722517,1704042784322927213,500,http://172.169.8.253:31112/function/opt-66b-submod-0-latency-25.cdgp
1704042774322779526,1704042778250347076,200,http://172.169.8.253:31112/function/opt-66b-submod-0-latency-25.cdgp
1704042774322833738,1704042783961562912,500,http://172.169.8.253:31112/function/opt-66b-submod-0-latency-25.cdgp
1704042774322923004,1704042784324265983,500,http://172.169.8.253:31112/function/opt-66b-submod-0-latency-25.cdgp
1704042774323004366,1704042780181297318,200,http://172.169.8.253:31112/function/opt-66b-submod-0-latency-25.cdgp
1704042774323078033,1704042784324238797,500,http://172.169.8.253:31112/function/opt-66b-submod-0-latency-25.cdgp
1704042774323159201,1704042777030549505,200,http://172.169.8.253:31112/function/opt-66b-submod-0-latency-25.cdgp
1704042774323205455,1704042778250864138,200,http://172.169.8.253:31112/function/opt-66b-submod-0-latency-25.cdgp
1704042774323258154,1704042784324390106,500,http://172.169.8.253:31112/function/opt-66b-submod-0-latency-25.cdgp
1704042774323316776,1704042783655992819,500,http://172.169.8.253:31112/function/opt-66b-submod-0-latency-25.cdgp
1704042774323371400,1704042783961863249,500,http://172.169.8.253:31112/function/opt-66b-submod-0-latency-25.cdgp
1704042774323449264,1704042778685309922,200,http://172.169.8.253:31112/function/opt-66b-submod-0-latency-25.cdgp
1704042774323530038,1704042778295556650,200,http://172.169.8.253:31112/function/opt-66b-submod-0-latency-25.cdgp
1704042774323561600,1704042784324399329,500,http://172.169.8.253:31112/function/opt-66b-submod-0-latency-25.cdgp
1704042774323620652,1704042784177984067,500,http://172.169.8.253:31112/function/opt-66b-submod-0-latency-25.cdgp
1704042774323674233,1704042779107263345,200,http://172.169.8.253:31112/function/opt-66b-submod-0-latency-25.cdgp
1704042774323720173,1704042784324379089,500,http://172.169.8.253:31112/function/opt-66b-submod-0-latency-25.cdgp
1704042774323778365,1704042778294881234,200,http://172.169.8.253:31112/function/opt-66b-submod-0-latency-25.cdgp
1704042774323839858,1704042783961015315,500,http://172.169.8.253:31112/function/opt-66b-submod-0-latency-25.cdgp
1704042774323873554,1704042783960317460,500,http://172.169.8.253:31112/function/opt-66b-submod-0-latency-25.cdgp
1704042774323951931,1704042784324246069,500,http://172.169.8.253:31112/function/opt-66b-submod-0-latency-25.cdgp
1704042774329001210,1704042777026932476,200,http://172.169.8.253:31112/function/opt-66b-submod-0-latency-25.cdgp
1704042774329118298,1704042784330021134,500,http://172.169.8.253:31112/function/opt-66b-submod-0-latency-25.cdgp
1704042774329231175,1704042784330028558,500,http://172.169.8.253:31112/function/opt-66b-submod-0-latency-25.cdgp
1704042774329344475,1704042777325976187,200,http://172.169.8.253:31112/function/opt-66b-submod-0-latency-25.cdgp
1704042774329431513,1704042778720232175,200,http://172.169.8.253:31112/function/opt-66b-submod-0-latency-25.cdgp
1704042774329519995,1704042777102600716,200,http://172.169.8.253:31112/function/opt-66b-submod-0-latency-25.cdgp
1704042774329612761,1704042784330322973,500,http://172.169.8.253:31112/function/opt-66b-submod-0-latency-25.cdgp
1704042774329692086,1704042778684981790,200,http://172.169.8.253:31112/function/opt-66b-submod-0-latency-25.cdgp
1704042774329763945,1704042784330033514,500,http://172.169.8.253:31112/function/opt-66b-submod-0-latency-25.cdgp
1704042774329831245,1704042779178636178,200,http://172.169.8.253:31112/function/opt-66b-submod-0-latency-25.cdgp
1704042774329910277,1704042778316159676,200,http://172.169.8.253:31112/function/opt-66b-submod-0-latency-25.cdgp
1704042774330004956,1704042784330336122,500,http://172.169.8.253:31112/function/opt-66b-submod-0-latency-25.cdgp
1704042774330090318,1704042784330329130,500,http://172.169.8.253:31112/function/opt-66b-submod-0-latency-25.cdgp
1704042774330207877,1704042784330414970,500,http://172.169.8.253:31112/function/opt-66b-submod-0-latency-25.cdgp
1704042774456190231,1704042777324994753,200,http://172.169.8.253:31112/function/opt-66b-submod-0-latency-25.cdgp
1704042774456312159,1704042777026916178,200,http://172.169.8.253:31112/function/opt-66b-submod-0-latency-25.cdgp
1704042774456426729,1704042784456718104,500,http://172.169.8.253:31112/function/opt-66b-submod-0-latency-25.cdgp
1704042774456492010,1704042784350320875,500,http://172.169.8.253:31112/function/opt-66b-submod-0-latency-25.cdgp
1704042774481119444,1704042784328392148,500,http://172.169.8.253:31112/function/opt-66b-submod-0-latency-25.cdgp
1704042774481198569,1704042784482036483,500,http://172.169.8.253:31112/function/opt-66b-submod-0-latency-25.cdgp
1704042775000412549,1704042778762070040,200,http://172.169.8.253:31112/function/opt-66b-submod-0-latency-25.cdgp
1704042775000550715,1704042784718526275,500,http://172.169.8.253:31112/function/opt-66b-submod-0-latency-25.cdgp
1704042775000632030,1704042785001376300,500,http://172.169.8.253:31112/function/opt-66b-submod-0-latency-25.cdgp
1704042775000694443,1704042784771654173,500,http://172.169.8.253:31112/function/opt-66b-submod-0-latency-25.cdgp
1704042775000766199,1704042778685354301,200,http://172.169.8.253:31112/function/opt-66b-submod-0-latency-25.cdgp
1704042775000807838,1704042778295335506,200,http://172.169.8.253:31112/function/opt-66b-submod-0-latency-25.cdgp
1704042775000914502,1704042784527536669,500,http://172.169.8.253:31112/function/opt-66b-submod-0-latency-25.cdgp
1704042775001014316,1704042779143543624,200,http://172.169.8.253:31112/function/opt-66b-submod-0-latency-25.cdgp
1704042775001140381,1704042777645805868,200,http://172.169.8.253:31112/function/opt-66b-submod-0-latency-25.cdgp
1704042775001231734,1704042778763391249,200,http://172.169.8.253:31112/function/opt-66b-submod-0-latency-25.cdgp
1704042775001362511,1704042784357952331,500,http://172.169.8.253:31112/function/opt-66b-submod-0-latency-25.cdgp
1704042775001452169,1704042784523917490,500,http://172.169.8.253:31112/function/opt-66b-submod-0-latency-25.cdgp
1704042775001543846,1704042784719807463,500,http://172.169.8.253:31112/function/opt-66b-submod-0-latency-25.cdgp
1704042775001610121,1704042779490797673,200,http://172.169.8.253:31112/function/opt-66b-submod-0-latency-25.cdgp
1704042775001682532,1704042777732236709,200,http://172.169.8.253:31112/function/opt-66b-submod-0-latency-25.cdgp
1704042775001767763,1704042784719972152,500,http://172.169.8.253:31112/function/opt-66b-submod-0-latency-25.cdgp
1704042775011876167,1704042777092293178,200,http://172.169.8.253:31112/function/opt-66b-submod-0-latency-25.cdgp
1704042775012002254,1704042778712411034,200,http://172.169.8.253:31112/function/opt-66b-submod-0-latency-25.cdgp
1704042775012118634,1704042784718618543,500,http://172.169.8.253:31112/function/opt-66b-submod-0-latency-25.cdgp
1704042775012223584,1704042785012721223,500,http://172.169.8.253:31112/function/opt-66b-submod-0-latency-25.cdgp
1704042775203797817,1704042777727782297,200,http://172.169.8.253:31112/function/opt-66b-submod-0-latency-25.cdgp
1704042775203901172,1704042784721378723,500,http://172.169.8.253:31112/function/opt-66b-submod-0-latency-25.cdgp
1704042775204000248,1704042777108943447,200,http://172.169.8.253:31112/function/opt-66b-submod-0-latency-25.cdgp
1704042775204053825,1704042784721087271,500,http://172.169.8.253:31112/function/opt-66b-submod-0-latency-25.cdgp
1704042775204133672,1704042784567666645,500,http://172.169.8.253:31112/function/opt-66b-submod-0-latency-25.cdgp
1704042775217696938,1704042784763600985,500,http://172.169.8.253:31112/function/opt-66b-submod-0-latency-25.cdgp
1704042775217781804,1704042784484444252,500,http://172.169.8.253:31112/function/opt-66b-submod-0-latency-25.cdgp
1704042775217869892,1704042784484084504,500,http://172.169.8.253:31112/function/opt-66b-submod-0-latency-25.cdgp
1704042775217954821,1704042777673771192,200,http://172.169.8.253:31112/function/opt-66b-submod-0-latency-25.cdgp
1704042775889779590,1704042779449046275,200,http://172.169.8.253:31112/function/opt-66b-submod-0-latency-25.cdgp
1704042775890207110,1704042785112523066,500,http://172.169.8.253:31112/function/opt-66b-submod-0-latency-25.cdgp
1704042775890311860,1704042784947643195,500,http://172.169.8.253:31112/function/opt-66b-submod-0-latency-25.cdgp
1704042775890380166,1704042778775957337,200,http://172.169.8.253:31112/function/opt-66b-submod-0-latency-25.cdgp
1704042775893876308,1704042779108991885,200,http://172.169.8.253:31112/function/opt-66b-submod-0-latency-25.cdgp
1704042775893935593,1704042777889796275,200,http://172.169.8.253:31112/function/opt-66b-submod-0-latency-25.cdgp
1704042775893990888,1704042779179737549,200,http://172.169.8.253:31112/function/opt-66b-submod-0-latency-25.cdgp
1704042775894043718,1704042785430717178,500,http://172.169.8.253:31112/function/opt-66b-submod-0-latency-25.cdgp
1704042775894122279,1704042785446190863,500,http://172.169.8.253:31112/function/opt-66b-submod-0-latency-25.cdgp
1704042775894177911,1704042779365033258,200,http://172.169.8.253:31112/function/opt-66b-submod-0-latency-25.cdgp
1704042775894228797,1704042785120398584,500,http://172.169.8.253:31112/function/opt-66b-submod-0-latency-25.cdgp
1704042775894279040,1704042777728720561,200,http://172.169.8.253:31112/function/opt-66b-submod-0-latency-25.cdgp
1704042775894343061,1704042785446201478,500,http://172.169.8.253:31112/function/opt-66b-submod-0-latency-25.cdgp
1704042775894396316,1704042785736949102,500,http://172.169.8.253:31112/function/opt-66b-submod-0-latency-25.cdgp
1704042775894447952,1704042785396550306,500,http://172.169.8.253:31112/function/opt-66b-submod-0-latency-25.cdgp
1704042775894482140,1704042785095815891,500,http://172.169.8.253:31112/function/opt-66b-submod-0-latency-25.cdgp
1704042775894574529,1704042777690444588,200,http://172.169.8.253:31112/function/opt-66b-submod-0-latency-25.cdgp
1704042775894611347,1704042785736307862,500,http://172.169.8.253:31112/function/opt-66b-submod-0-latency-25.cdgp
1704042775894675184,1704042785523801805,500,http://172.169.8.253:31112/function/opt-66b-submod-0-latency-25.cdgp
1704042775894692640,1704042785894924421,500,http://172.169.8.253:31112/function/opt-66b-submod-0-latency-25.cdgp
1704042775894704310,1704042779966481605,200,http://172.169.8.253:31112/function/opt-66b-submod-0-latency-25.cdgp
1704042775894721727,1704042785894938041,500,http://172.169.8.253:31112/function/opt-66b-submod-0-latency-25.cdgp
1704042775894782092,1704042779147717255,200,http://172.169.8.253:31112/function/opt-66b-submod-0-latency-25.cdgp
1704042775894898317,1704042779364128922,200,http://172.169.8.253:31112/function/opt-66b-submod-0-latency-25.cdgp
1704042775894981227,1704042785896326660,500,http://172.169.8.253:31112/function/opt-66b-submod-0-latency-25.cdgp
1704042775895043742,1704042785587301457,500,http://172.169.8.253:31112/function/opt-66b-submod-0-latency-25.cdgp
1704042775895127220,1704042785736200305,500,http://172.169.8.253:31112/function/opt-66b-submod-0-latency-25.cdgp
1704042775895196592,1704042785896305996,500,http://172.169.8.253:31112/function/opt-66b-submod-0-latency-25.cdgp
1704042775895230911,1704042785896290511,500,http://172.169.8.253:31112/function/opt-66b-submod-0-latency-25.cdgp
1704042775895334609,1704042779371428682,200,http://172.169.8.253:31112/function/opt-66b-submod-0-latency-25.cdgp
1704042775895412860,1704042779143631048,200,http://172.169.8.253:31112/function/opt-66b-submod-0-latency-25.cdgp
1704042775895460927,1704042785735159898,500,http://172.169.8.253:31112/function/opt-66b-submod-0-latency-25.cdgp
1704042775895510441,1704042779152461840,200,http://172.169.8.253:31112/function/opt-66b-submod-0-latency-25.cdgp
1704042775895574906,1704042785896385600,500,http://172.169.8.253:31112/function/opt-66b-submod-0-latency-25.cdgp
1704042775895659906,1704042785398047584,500,http://172.169.8.253:31112/function/opt-66b-submod-0-latency-25.cdgp
1704042775895684859,1704042779451075751,200,http://172.169.8.253:31112/function/opt-66b-submod-0-latency-25.cdgp
1704042775895755702,1704042778543786253,200,http://172.169.8.253:31112/function/opt-66b-submod-0-latency-25.cdgp
1704042775895804426,1704042785896374853,500,http://172.169.8.253:31112/function/opt-66b-submod-0-latency-25.cdgp
1704042775895888939,1704042785736836238,500,http://172.169.8.253:31112/function/opt-66b-submod-0-latency-25.cdgp
1704042775895976837,1704042779446877198,200,http://172.169.8.253:31112/function/opt-66b-submod-0-latency-25.cdgp
1704042775933691047,1704042781118611885,200,http://172.169.8.253:31112/function/opt-66b-submod-0-latency-25.cdgp
1704042775933777562,1704042779963660765,200,http://172.169.8.253:31112/function/opt-66b-submod-0-latency-25.cdgp
1704042775933856808,1704042785934724995,500,http://172.169.8.253:31112/function/opt-66b-submod-0-latency-25.cdgp
1704042775933951450,1704042785934632024,500,http://172.169.8.253:31112/function/opt-66b-submod-0-latency-25.cdgp
1704042775934099329,1704042780471672845,200,http://172.169.8.253:31112/function/opt-66b-submod-0-latency-25.cdgp
1704042775934186396,1704042779658688223,200,http://172.169.8.253:31112/function/opt-66b-submod-0-latency-25.cdgp
1704042775934257297,1704042779449496814,200,http://172.169.8.253:31112/function/opt-66b-submod-0-latency-25.cdgp
1704042775934337460,1704042785934709577,500,http://172.169.8.253:31112/function/opt-66b-submod-0-latency-25.cdgp
1704042775934406544,1704042785934650946,500,http://172.169.8.253:31112/function/opt-66b-submod-0-latency-25.cdgp
1704042775934486474,1704042780838008387,200,http://172.169.8.253:31112/function/opt-66b-submod-0-latency-25.cdgp
1704042775934561631,1704042785934852837,500,http://172.169.8.253:31112/function/opt-66b-submod-0-latency-25.cdgp
1704042775934654054,1704042780484935201,200,http://172.169.8.253:31112/function/opt-66b-submod-0-latency-25.cdgp
1704042775934739972,1704042779100811171,200,http://172.169.8.253:31112/function/opt-66b-submod-0-latency-25.cdgp
1704042775934809465,1704042785934925133,500,http://172.169.8.253:31112/function/opt-66b-submod-0-latency-25.cdgp
1704042775934902525,1704042785935001248,500,http://172.169.8.253:31112/function/opt-66b-submod-0-latency-25.cdgp
1704042775934990287,1704042785935155592,500,http://172.169.8.253:31112/function/opt-66b-submod-0-latency-25.cdgp
1704042775935063446,1704042778502090078,200,http://172.169.8.253:31112/function/opt-66b-submod-0-latency-25.cdgp
1704042775935151695,1704042779926593552,200,http://172.169.8.253:31112/function/opt-66b-submod-0-latency-25.cdgp
1704042775935183155,1704042780512597032,200,http://172.169.8.253:31112/function/opt-66b-submod-0-latency-25.cdgp
1704042775935278647,1704042785935801878,500,http://172.169.8.253:31112/function/opt-66b-submod-0-latency-25.cdgp
1704042775935382258,1704042785935733417,500,http://172.169.8.253:31112/function/opt-66b-submod-0-latency-25.cdgp
1704042775935479437,1704042780966160814,200,http://172.169.8.253:31112/function/opt-66b-submod-0-latency-25.cdgp
1704042775935530002,1704042780176539852,200,http://172.169.8.253:31112/function/opt-66b-submod-0-latency-25.cdgp
1704042775935595743,1704042785935811661,500,http://172.169.8.253:31112/function/opt-66b-submod-0-latency-25.cdgp
1704042775935623398,1704042780280387871,200,http://172.169.8.253:31112/function/opt-66b-submod-0-latency-25.cdgp
1704042775935710900,1704042780200294609,200,http://172.169.8.253:31112/function/opt-66b-submod-0-latency-25.cdgp
1704042775935818618,1704042785937184522,500,http://172.169.8.253:31112/function/opt-66b-submod-0-latency-25.cdgp
1704042775935886921,1704042779103872515,200,http://172.169.8.253:31112/function/opt-66b-submod-0-latency-25.cdgp
1704042775935936818,1704042785937193955,500,http://172.169.8.253:31112/function/opt-66b-submod-0-latency-25.cdgp
1704042775936020790,1704042785937309401,500,http://172.169.8.253:31112/function/opt-66b-submod-0-latency-25.cdgp
1704042775936099375,1704042785937287686,500,http://172.169.8.253:31112/function/opt-66b-submod-0-latency-25.cdgp
1704042775936175278,1704042785937063174,500,http://172.169.8.253:31112/function/opt-66b-submod-0-latency-25.cdgp
1704042775936236122,1704042785937320105,500,http://172.169.8.253:31112/function/opt-66b-submod-0-latency-25.cdgp
1704042775936304087,1704042780074218532,200,http://172.169.8.253:31112/function/opt-66b-submod-0-latency-25.cdgp
1704042775936386193,1704042779359592227,200,http://172.169.8.253:31112/function/opt-66b-submod-0-latency-25.cdgp
1704042775936483118,1704042785937063690,500,http://172.169.8.253:31112/function/opt-66b-submod-0-latency-25.cdgp
1704042775936561137,1704042785937312157,500,http://172.169.8.253:31112/function/opt-66b-submod-0-latency-25.cdgp
1704042775936657290,1704042785937296805,500,http://172.169.8.253:31112/function/opt-66b-submod-0-latency-25.cdgp
1704042775936724120,1704042779445634299,200,http://172.169.8.253:31112/function/opt-66b-submod-0-latency-25.cdgp
1704042775938927836,1704042779360020131,200,http://172.169.8.253:31112/function/opt-66b-submod-0-latency-25.cdgp
1704042775939017680,1704042785939825894,500,http://172.169.8.253:31112/function/opt-66b-submod-0-latency-25.cdgp
1704042775977161783,1704042785977733770,500,http://172.169.8.253:31112/function/opt-66b-submod-0-latency-25.cdgp
1704042775977270865,1704042785977740957,500,http://172.169.8.253:31112/function/opt-66b-submod-0-latency-25.cdgp
1704042775977367279,1704042780031618638,200,http://172.169.8.253:31112/function/opt-66b-submod-0-latency-25.cdgp
1704042775977419875,1704042779926686508,200,http://172.169.8.253:31112/function/opt-66b-submod-0-latency-25.cdgp
1704042775977494372,1704042785937594104,500,http://172.169.8.253:31112/function/opt-66b-submod-0-latency-25.cdgp
1704042775977553489,1704042780765984196,200,http://172.169.8.253:31112/function/opt-66b-submod-0-latency-25.cdgp
1704042775977596413,1704042780097160623,200,http://172.169.8.253:31112/function/opt-66b-submod-0-latency-25.cdgp
1704042775977670950,1704042785977843835,500,http://172.169.8.253:31112/function/opt-66b-submod-0-latency-25.cdgp
1704042775977725396,1704042778688725421,200,http://172.169.8.253:31112/function/opt-66b-submod-0-latency-25.cdgp
1704042775977747655,1704042779928695654,200,http://172.169.8.253:31112/function/opt-66b-submod-0-latency-25.cdgp
1704042775977840191,1704042785977972435,500,http://172.169.8.253:31112/function/opt-66b-submod-0-latency-25.cdgp
1704042775977875885,1704042781119177299,200,http://172.169.8.253:31112/function/opt-66b-submod-0-latency-25.cdgp
1704042775977948564,1704042779924066945,200,http://172.169.8.253:31112/function/opt-66b-submod-0-latency-25.cdgp
1704042775978017637,1704042785978948342,500,http://172.169.8.253:31112/function/opt-66b-submod-0-latency-25.cdgp
1704042775978086356,1704042780096100661,200,http://172.169.8.253:31112/function/opt-66b-submod-0-latency-25.cdgp
1704042775978153380,1704042785978915992,500,http://172.169.8.253:31112/function/opt-66b-submod-0-latency-25.cdgp
1704042775978219929,1704042779924342448,200,http://172.169.8.253:31112/function/opt-66b-submod-0-latency-25.cdgp
1704042775978301550,1704042785978955785,500,http://172.169.8.253:31112/function/opt-66b-submod-0-latency-25.cdgp
1704042775978371239,1704042780059856649,200,http://172.169.8.253:31112/function/opt-66b-submod-0-latency-25.cdgp
1704042775978446126,1704042780179981602,200,http://172.169.8.253:31112/function/opt-66b-submod-0-latency-25.cdgp
1704042775978528045,1704042785978895747,500,http://172.169.8.253:31112/function/opt-66b-submod-0-latency-25.cdgp
1704042775978576691,1704042785979266159,500,http://172.169.8.253:31112/function/opt-66b-submod-0-latency-25.cdgp
1704042775978637896,1704042785978961564,500,http://172.169.8.253:31112/function/opt-66b-submod-0-latency-25.cdgp
1704042775978728265,1704042785979209007,500,http://172.169.8.253:31112/function/opt-66b-submod-0-latency-25.cdgp
1704042775978797345,1704042780182806568,200,http://172.169.8.253:31112/function/opt-66b-submod-0-latency-25.cdgp
1704042775978856483,1704042785979213274,500,http://172.169.8.253:31112/function/opt-66b-submod-0-latency-25.cdgp
1704042775978938433,1704042785979218965,500,http://172.169.8.253:31112/function/opt-66b-submod-0-latency-25.cdgp
1704042775979017043,1704042785979283201,500,http://172.169.8.253:31112/function/opt-66b-submod-0-latency-25.cdgp
1704042775979092872,1704042779103718486,200,http://172.169.8.253:31112/function/opt-66b-submod-0-latency-25.cdgp
1704042775979193406,1704042780194494758,200,http://172.169.8.253:31112/function/opt-66b-submod-0-latency-25.cdgp
1704042777409910712,1704042780964731199,200,http://172.169.8.253:31112/function/opt-66b-submod-0-latency-25.cdgp
1704042777410027342,1704042779590478552,200,http://172.169.8.253:31112/function/opt-66b-submod-0-latency-25.cdgp
1704042777410145314,1704042781104134554,200,http://172.169.8.253:31112/function/opt-66b-submod-0-latency-25.cdgp
1704042777410221601,1704042786779662954,500,http://172.169.8.253:31112/function/opt-66b-submod-0-latency-25.cdgp
1704042777410246085,1704042781139081020,200,http://172.169.8.253:31112/function/opt-66b-submod-0-latency-25.cdgp
1704042777410372831,1704042786700185694,500,http://172.169.8.253:31112/function/opt-66b-submod-0-latency-25.cdgp
1704042777610857385,1704042782496241667,200,http://172.169.8.253:31112/function/opt-66b-submod-0-latency-25.cdgp
1704042777610950261,1704042786776227378,500,http://172.169.8.253:31112/function/opt-66b-submod-0-latency-25.cdgp
1704042777611045371,1704042781479542270,200,http://172.169.8.253:31112/function/opt-66b-submod-0-latency-25.cdgp
1704042777611127356,1704042786894787431,500,http://172.169.8.253:31112/function/opt-66b-submod-0-latency-25.cdgp
1704042777645550818,1704042786683741831,500,http://172.169.8.253:31112/function/opt-66b-submod-0-latency-25.cdgp
1704042777645632568,1704042780267705964,200,http://172.169.8.253:31112/function/opt-66b-submod-0-latency-25.cdgp
1704042777645722188,1704042781395226227,200,http://172.169.8.253:31112/function/opt-66b-submod-0-latency-25.cdgp
1704042777747046315,1704042786819392803,500,http://172.169.8.253:31112/function/opt-66b-submod-0-latency-25.cdgp
1704042777747132661,1704042780011754826,200,http://172.169.8.253:31112/function/opt-66b-submod-0-latency-25.cdgp
1704042777747224862,1704042786947495821,500,http://172.169.8.253:31112/function/opt-66b-submod-0-latency-25.cdgp
1704042777747283078,1704042787308798820,500,http://172.169.8.253:31112/function/opt-66b-submod-0-latency-25.cdgp
1704042777747348935,1704042782975594909,200,http://172.169.8.253:31112/function/opt-66b-submod-0-latency-25.cdgp
1704042777747411136,1704042780483034834,200,http://172.169.8.253:31112/function/opt-66b-submod-0-latency-25.cdgp
1704042777747452583,1704042780603655462,200,http://172.169.8.253:31112/function/opt-66b-submod-0-latency-25.cdgp
1704042777747533911,1704042787503245691,500,http://172.169.8.253:31112/function/opt-66b-submod-0-latency-25.cdgp
1704042777747573241,1704042782137484520,200,http://172.169.8.253:31112/function/opt-66b-submod-0-latency-25.cdgp
1704042777747666582,1704042786927849952,500,http://172.169.8.253:31112/function/opt-66b-submod-0-latency-25.cdgp
1704042777747765357,1704042781818069055,200,http://172.169.8.253:31112/function/opt-66b-submod-0-latency-25.cdgp
1704042777747861386,1704042787696434515,500,http://172.169.8.253:31112/function/opt-66b-submod-0-latency-25.cdgp
1704042777747907738,1704042786966006874,500,http://172.169.8.253:31112/function/opt-66b-submod-0-latency-25.cdgp
1704042777747999121,1704042786786467972,500,http://172.169.8.253:31112/function/opt-66b-submod-0-latency-25.cdgp
1704042777748023748,1704042780592139684,200,http://172.169.8.253:31112/function/opt-66b-submod-0-latency-25.cdgp
1704042777748141313,1704042782930871026,200,http://172.169.8.253:31112/function/opt-66b-submod-0-latency-25.cdgp
1704042777748216790,1704042786924433051,500,http://172.169.8.253:31112/function/opt-66b-submod-0-latency-25.cdgp
1704042777748290719,1704042787172031977,500,http://172.169.8.253:31112/function/opt-66b-submod-0-latency-25.cdgp
1704042777748372837,1704042783011139000,200,http://172.169.8.253:31112/function/opt-66b-submod-0-latency-25.cdgp
1704042777748459337,1704042787696579696,500,http://172.169.8.253:31112/function/opt-66b-submod-0-latency-25.cdgp
1704042777748525783,1704042781119060738,200,http://172.169.8.253:31112/function/opt-66b-submod-0-latency-25.cdgp
1704042777748588711,1704042786925877133,500,http://172.169.8.253:31112/function/opt-66b-submod-0-latency-25.cdgp
1704042777748649874,1704042780029900033,200,http://172.169.8.253:31112/function/opt-66b-submod-0-latency-25.cdgp
1704042777748727900,1704042780108370899,200,http://172.169.8.253:31112/function/opt-66b-submod-0-latency-25.cdgp
1704042777748789104,1704042780429381013,200,http://172.169.8.253:31112/function/opt-66b-submod-0-latency-25.cdgp
1704042777748862352,1704042787749856901,500,http://172.169.8.253:31112/function/opt-66b-submod-0-latency-25.cdgp
1704042777748897589,1704042787199135104,500,http://172.169.8.253:31112/function/opt-66b-submod-0-latency-25.cdgp
1704042777748979395,1704042782137214263,200,http://172.169.8.253:31112/function/opt-66b-submod-0-latency-25.cdgp
1704042777749042425,1704042781386858628,200,http://172.169.8.253:31112/function/opt-66b-submod-0-latency-25.cdgp
1704042777749123967,1704042781144784955,200,http://172.169.8.253:31112/function/opt-66b-submod-0-latency-25.cdgp
1704042777749227316,1704042780850984808,200,http://172.169.8.253:31112/function/opt-66b-submod-0-latency-25.cdgp
1704042777749321191,1704042779929885084,200,http://172.169.8.253:31112/function/opt-66b-submod-0-latency-25.cdgp
1704042777749421740,1704042787502041945,500,http://172.169.8.253:31112/function/opt-66b-submod-0-latency-25.cdgp
1704042777749494982,1704042780155195509,200,http://172.169.8.253:31112/function/opt-66b-submod-0-latency-25.cdgp
1704042777749575510,1704042787223515913,500,http://172.169.8.253:31112/function/opt-66b-submod-0-latency-25.cdgp
1704042777749654081,1704042782136486461,200,http://172.169.8.253:31112/function/opt-66b-submod-0-latency-25.cdgp
1704042777757305669,1704042787728201994,500,http://172.169.8.253:31112/function/opt-66b-submod-0-latency-25.cdgp
1704042777757385903,1704042787059042367,500,http://172.169.8.253:31112/function/opt-66b-submod-0-latency-25.cdgp
1704042777757462695,1704042787088569948,500,http://172.169.8.253:31112/function/opt-66b-submod-0-latency-25.cdgp
1704042777757545022,1704042780949979325,200,http://172.169.8.253:31112/function/opt-66b-submod-0-latency-25.cdgp
1704042777757689077,1704042787174613897,500,http://172.169.8.253:31112/function/opt-66b-submod-0-latency-25.cdgp
1704042777889597239,1704042787252446894,500,http://172.169.8.253:31112/function/opt-66b-submod-0-latency-25.cdgp
1704042777889695655,1704042787889989600,500,http://172.169.8.253:31112/function/opt-66b-submod-0-latency-25.cdgp
1704042777889792082,1704042787256395468,500,http://172.169.8.253:31112/function/opt-66b-submod-0-latency-25.cdgp
1704042777889861957,1704042782563598193,200,http://172.169.8.253:31112/function/opt-66b-submod-0-latency-25.cdgp
1704042777889900070,1704042787224093190,500,http://172.169.8.253:31112/function/opt-66b-submod-0-latency-25.cdgp
1704042777889994999,1704042780495193215,200,http://172.169.8.253:31112/function/opt-66b-submod-0-latency-25.cdgp
1704042777890033961,1704042787891197136,500,http://172.169.8.253:31112/function/opt-66b-submod-0-latency-25.cdgp
1704042777890106266,1704042787696043358,500,http://172.169.8.253:31112/function/opt-66b-submod-0-latency-25.cdgp
1704042777890175116,1704042787289436899,500,http://172.169.8.253:31112/function/opt-66b-submod-0-latency-25.cdgp
1704042777890201125,1704042787891201367,500,http://172.169.8.253:31112/function/opt-66b-submod-0-latency-25.cdgp
1704042777890284631,1704042780069121285,200,http://172.169.8.253:31112/function/opt-66b-submod-0-latency-25.cdgp
1704042777959107624,1704042783957930234,200,http://172.169.8.253:31112/function/opt-66b-submod-0-latency-25.cdgp
1704042777959227774,1704042782930556468,200,http://172.169.8.253:31112/function/opt-66b-submod-0-latency-25.cdgp
1704042777959319473,1704042781203890586,200,http://172.169.8.253:31112/function/opt-66b-submod-0-latency-25.cdgp
1704042777959441833,1704042781261843531,200,http://172.169.8.253:31112/function/opt-66b-submod-0-latency-25.cdgp
1704042777959536452,1704042783154442968,200,http://172.169.8.253:31112/function/opt-66b-submod-0-latency-25.cdgp
1704042777959662117,1704042781928316982,200,http://172.169.8.253:31112/function/opt-66b-submod-0-latency-25.cdgp
1704042777959732110,1704042787960446265,500,http://172.169.8.253:31112/function/opt-66b-submod-0-latency-25.cdgp
1704042777959790753,1704042781818595432,200,http://172.169.8.253:31112/function/opt-66b-submod-0-latency-25.cdgp
1704042777959874040,1704042782330584089,200,http://172.169.8.253:31112/function/opt-66b-submod-0-latency-25.cdgp
1704042777961135635,1704042787961610096,500,http://172.169.8.253:31112/function/opt-66b-submod-0-latency-25.cdgp
1704042777961236730,1704042787961583878,500,http://172.169.8.253:31112/function/opt-66b-submod-0-latency-25.cdgp
1704042777961330353,1704042780965225781,200,http://172.169.8.253:31112/function/opt-66b-submod-0-latency-25.cdgp
1704042777961421096,1704042784177983007,200,http://172.169.8.253:31112/function/opt-66b-submod-0-latency-25.cdgp
1704042777961482004,1704042787243653547,500,http://172.169.8.253:31112/function/opt-66b-submod-0-latency-25.cdgp
1704042777962241358,1704042787676624228,500,http://172.169.8.253:31112/function/opt-66b-submod-0-latency-25.cdgp
1704042777962485534,1704042787962721221,500,http://172.169.8.253:31112/function/opt-66b-submod-0-latency-25.cdgp
1704042777962599404,1704042782976655054,200,http://172.169.8.253:31112/function/opt-66b-submod-0-latency-25.cdgp
1704042777962691423,1704042787644336292,500,http://172.169.8.253:31112/function/opt-66b-submod-0-latency-25.cdgp
1704042777962776884,1704042783849525523,200,http://172.169.8.253:31112/function/opt-66b-submod-0-latency-25.cdgp
1704042777962858067,1704042780772345035,200,http://172.169.8.253:31112/function/opt-66b-submod-0-latency-25.cdgp
1704042777962945625,1704042787863979904,500,http://172.169.8.253:31112/function/opt-66b-submod-0-latency-25.cdgp
1704042777963037594,1704042780110129515,200,http://172.169.8.253:31112/function/opt-66b-submod-0-latency-25.cdgp
1704042777963093472,1704042787964103248,500,http://172.169.8.253:31112/function/opt-66b-submod-0-latency-25.cdgp
1704042777963196190,1704042787963863627,500,http://172.169.8.253:31112/function/opt-66b-submod-0-latency-25.cdgp
1704042777963287698,1704042787964133319,500,http://172.169.8.253:31112/function/opt-66b-submod-0-latency-25.cdgp
1704042777963343076,1704042782137313600,200,http://172.169.8.253:31112/function/opt-66b-submod-0-latency-25.cdgp
1704042777963401841,1704042783024676374,200,http://172.169.8.253:31112/function/opt-66b-submod-0-latency-25.cdgp
1704042777963469864,1704042782935668168,200,http://172.169.8.253:31112/function/opt-66b-submod-0-latency-25.cdgp
1704042777963527032,1704042781818699249,200,http://172.169.8.253:31112/function/opt-66b-submod-0-latency-25.cdgp
1704042777963611985,1704042787964126951,500,http://172.169.8.253:31112/function/opt-66b-submod-0-latency-25.cdgp
1704042777963678528,1704042787862987338,500,http://172.169.8.253:31112/function/opt-66b-submod-0-latency-25.cdgp
1704042777963746112,1704042781828294312,200,http://172.169.8.253:31112/function/opt-66b-submod-0-latency-25.cdgp
1704042777963819383,1704042787964118785,500,http://172.169.8.253:31112/function/opt-66b-submod-0-latency-25.cdgp
1704042777963862278,1704042787644085633,500,http://172.169.8.253:31112/function/opt-66b-submod-0-latency-25.cdgp
1704042777963912966,1704042781008326434,200,http://172.169.8.253:31112/function/opt-66b-submod-0-latency-25.cdgp
1704042777963978879,1704042783377070870,200,http://172.169.8.253:31112/function/opt-66b-submod-0-latency-25.cdgp
1704042777964078724,1704042782330127258,200,http://172.169.8.253:31112/function/opt-66b-submod-0-latency-25.cdgp
1704042777964147208,1704042787965183294,500,http://172.169.8.253:31112/function/opt-66b-submod-0-latency-25.cdgp
1704042777964194490,1704042782622287599,200,http://172.169.8.253:31112/function/opt-66b-submod-0-latency-25.cdgp
1704042777964291954,1704042783957001721,200,http://172.169.8.253:31112/function/opt-66b-submod-0-latency-25.cdgp
1704042777964367748,1704042784322610648,200,http://172.169.8.253:31112/function/opt-66b-submod-0-latency-25.cdgp
1704042777964434883,1704042787965170078,500,http://172.169.8.253:31112/function/opt-66b-submod-0-latency-25.cdgp
1704042777964495677,1704042780772897058,200,http://172.169.8.253:31112/function/opt-66b-submod-0-latency-25.cdgp
1704042777964560020,1704042787965152378,500,http://172.169.8.253:31112/function/opt-66b-submod-0-latency-25.cdgp
1704042777964600124,1704042781077626069,200,http://172.169.8.253:31112/function/opt-66b-submod-0-latency-25.cdgp
1704042777964652447,1704042781818525371,200,http://172.169.8.253:31112/function/opt-66b-submod-0-latency-25.cdgp
1704042777974154794,1704042781297940885,200,http://172.169.8.253:31112/function/opt-66b-submod-0-latency-25.cdgp
1704042777974920197,1704042781431054737,200,http://172.169.8.253:31112/function/opt-66b-submod-0-latency-25.cdgp
1704042777975030872,1704042782190553566,200,http://172.169.8.253:31112/function/opt-66b-submod-0-latency-25.cdgp
1704042777975120968,1704042787976449837,500,http://172.169.8.253:31112/function/opt-66b-submod-0-latency-25.cdgp
1704042777975175092,1704042787976343126,500,http://172.169.8.253:31112/function/opt-66b-submod-0-latency-25.cdgp
1704042777975209931,1704042782934044438,200,http://172.169.8.253:31112/function/opt-66b-submod-0-latency-25.cdgp
1704042777975291262,1704042787976488907,500,http://172.169.8.253:31112/function/opt-66b-submod-0-latency-25.cdgp
1704042777975333815,1704042787976502001,500,http://172.169.8.253:31112/function/opt-66b-submod-0-latency-25.cdgp
1704042777975439498,1704042781940828048,200,http://172.169.8.253:31112/function/opt-66b-submod-0-latency-25.cdgp
1704042777975472582,1704042781481405775,200,http://172.169.8.253:31112/function/opt-66b-submod-0-latency-25.cdgp
1704042777975548714,1704042782115562384,200,http://172.169.8.253:31112/function/opt-66b-submod-0-latency-25.cdgp
1704042777975634728,1704042787676697182,500,http://172.169.8.253:31112/function/opt-66b-submod-0-latency-25.cdgp
1704042777975703229,1704042787976348186,500,http://172.169.8.253:31112/function/opt-66b-submod-0-latency-25.cdgp
1704042777975787494,1704042779997658853,200,http://172.169.8.253:31112/function/opt-66b-submod-0-latency-25.cdgp
1704042777975857745,1704042787976456731,500,http://172.169.8.253:31112/function/opt-66b-submod-0-latency-25.cdgp
1704042777975929877,1704042787867708048,500,http://172.169.8.253:31112/function/opt-66b-submod-0-latency-25.cdgp
1704042777980795344,1704042787981370672,500,http://172.169.8.253:31112/function/opt-66b-submod-0-latency-25.cdgp
1704042777980895798,1704042787644339132,500,http://172.169.8.253:31112/function/opt-66b-submod-0-latency-25.cdgp
1704042777981032356,1704042781119165515,200,http://172.169.8.253:31112/function/opt-66b-submod-0-latency-25.cdgp
1704042777981116528,1704042782287932183,200,http://172.169.8.253:31112/function/opt-66b-submod-0-latency-25.cdgp
1704042777981200830,1704042782669712679,200,http://172.169.8.253:31112/function/opt-66b-submod-0-latency-25.cdgp
1704042777981283008,1704042787981437856,500,http://172.169.8.253:31112/function/opt-66b-submod-0-latency-25.cdgp
1704042777981389525,1704042784177747133,200,http://172.169.8.253:31112/function/opt-66b-submod-0-latency-25.cdgp
1704042777981459034,1704042783451769035,200,http://172.169.8.253:31112/function/opt-66b-submod-0-latency-25.cdgp
1704042777981527830,1704042787982546467,500,http://172.169.8.253:31112/function/opt-66b-submod-0-latency-25.cdgp
1704042777981609399,1704042787866669502,500,http://172.169.8.253:31112/function/opt-66b-submod-0-latency-25.cdgp
1704042777981687983,1704042787982531992,500,http://172.169.8.253:31112/function/opt-66b-submod-0-latency-25.cdgp
1704042777981773925,1704042787982701275,500,http://172.169.8.253:31112/function/opt-66b-submod-0-latency-25.cdgp
1704042777981845417,1704042781928514573,200,http://172.169.8.253:31112/function/opt-66b-submod-0-latency-25.cdgp
1704042777981897051,1704042787676626356,500,http://172.169.8.253:31112/function/opt-66b-submod-0-latency-25.cdgp
1704042777981966805,1704042780952531657,200,http://172.169.8.253:31112/function/opt-66b-submod-0-latency-25.cdgp
1704042778082342467,1704042788083166665,500,http://172.169.8.253:31112/function/opt-66b-submod-0-latency-25.cdgp
1704042778082445682,1704042787676500769,500,http://172.169.8.253:31112/function/opt-66b-submod-0-latency-25.cdgp
1704042778082525656,1704042788083147882,500,http://172.169.8.253:31112/function/opt-66b-submod-0-latency-25.cdgp
1704042778082601612,1704042787272638267,500,http://172.169.8.253:31112/function/opt-66b-submod-0-latency-25.cdgp
1704042778082626104,1704042788083270760,500,http://172.169.8.253:31112/function/opt-66b-submod-0-latency-25.cdgp
1704042778644340696,1704042783550507596,200,http://172.169.8.253:31112/function/opt-66b-submod-0-latency-25.cdgp
1704042778644425884,1704042780497131906,200,http://172.169.8.253:31112/function/opt-66b-submod-0-latency-25.cdgp
1704042778651689307,1704042782103864973,200,http://172.169.8.253:31112/function/opt-66b-submod-0-latency-25.cdgp
1704042778651745137,1704042788369149457,500,http://172.169.8.253:31112/function/opt-66b-submod-0-latency-25.cdgp
1704042778651811690,1704042783849845760,200,http://172.169.8.253:31112/function/opt-66b-submod-0-latency-25.cdgp
1704042778651865387,1704042788652805309,500,http://172.169.8.253:31112/function/opt-66b-submod-0-latency-25.cdgp
1704042778651976966,1704042788132747283,500,http://172.169.8.253:31112/function/opt-66b-submod-0-latency-25.cdgp
1704042778652619511,1704042788315411964,500,http://172.169.8.253:31112/function/opt-66b-submod-0-latency-25.cdgp
1704042778652662987,1704042782831903421,200,http://172.169.8.253:31112/function/opt-66b-submod-0-latency-25.cdgp
1704042778652796375,1704042788318927341,500,http://172.169.8.253:31112/function/opt-66b-submod-0-latency-25.cdgp
1704042778652840170,1704042788653361415,500,http://172.169.8.253:31112/function/opt-66b-submod-0-latency-25.cdgp
1704042778849601333,1704042783491063529,200,http://172.169.8.253:31112/function/opt-66b-submod-0-latency-25.cdgp
1704042778855169747,1704042782973427840,200,http://172.169.8.253:31112/function/opt-66b-submod-0-latency-25.cdgp
1704042778855349062,1704042782412981211,200,http://172.169.8.253:31112/function/opt-66b-submod-0-latency-25.cdgp
1704042778855437565,1704042783936717296,200,http://172.169.8.253:31112/function/opt-66b-submod-0-latency-25.cdgp
1704042778855503041,1704042788572378059,500,http://172.169.8.253:31112/function/opt-66b-submod-0-latency-25.cdgp
1704042778855582043,1704042788635683136,500,http://172.169.8.253:31112/function/opt-66b-submod-0-latency-25.cdgp
1704042778855678289,1704042781346012356,200,http://172.169.8.253:31112/function/opt-66b-submod-0-latency-25.cdgp
1704042778855746358,1704042788575848614,500,http://172.169.8.253:31112/function/opt-66b-submod-0-latency-25.cdgp
1704042778855810986,1704042781300689386,200,http://172.169.8.253:31112/function/opt-66b-submod-0-latency-25.cdgp
1704042778855843311,1704042784322709447,200,http://172.169.8.253:31112/function/opt-66b-submod-0-latency-25.cdgp
1704042778855875244,1704042788586054061,500,http://172.169.8.253:31112/function/opt-66b-submod-0-latency-25.cdgp
1704042778855926928,1704042788567457876,500,http://172.169.8.253:31112/function/opt-66b-submod-0-latency-25.cdgp
1704042778855984486,1704042788634328602,500,http://172.169.8.253:31112/function/opt-66b-submod-0-latency-25.cdgp
1704042778856004099,1704042788627439514,500,http://172.169.8.253:31112/function/opt-66b-submod-0-latency-25.cdgp
1704042778856039135,1704042788624472631,500,http://172.169.8.253:31112/function/opt-66b-submod-0-latency-25.cdgp
1704042778856147044,1704042788628091580,500,http://172.169.8.253:31112/function/opt-66b-submod-0-latency-25.cdgp
1704042778856221448,1704042788572481067,500,http://172.169.8.253:31112/function/opt-66b-submod-0-latency-25.cdgp
1704042778856263572,1704042783935459781,200,http://172.169.8.253:31112/function/opt-66b-submod-0-latency-25.cdgp
1704042778856372681,1704042782003548425,200,http://172.169.8.253:31112/function/opt-66b-submod-0-latency-25.cdgp
1704042778856464934,1704042782207591441,200,http://172.169.8.253:31112/function/opt-66b-submod-0-latency-25.cdgp
1704042778856539099,1704042788576140611,500,http://172.169.8.253:31112/function/opt-66b-submod-0-latency-25.cdgp
1704042778856613977,1704042781274675129,200,http://172.169.8.253:31112/function/opt-66b-submod-0-latency-25.cdgp
1704042778858537010,1704042783458102582,200,http://172.169.8.253:31112/function/opt-66b-submod-0-latency-25.cdgp
1704042778864571123,1704042783587361564,200,http://172.169.8.253:31112/function/opt-66b-submod-0-latency-25.cdgp
1704042778864665814,1704042788574200091,500,http://172.169.8.253:31112/function/opt-66b-submod-0-latency-25.cdgp
1704042778864769007,1704042788643437857,500,http://172.169.8.253:31112/function/opt-66b-submod-0-latency-25.cdgp
1704042778864842367,1704042788577827898,500,http://172.169.8.253:31112/function/opt-66b-submod-0-latency-25.cdgp
1704042778864906090,1704042788574281019,500,http://172.169.8.253:31112/function/opt-66b-submod-0-latency-25.cdgp
1704042778864995160,1704042788655065394,500,http://172.169.8.253:31112/function/opt-66b-submod-0-latency-25.cdgp
1704042778865062021,1704042783447098608,200,http://172.169.8.253:31112/function/opt-66b-submod-0-latency-25.cdgp
1704042778865103766,1704042788626364567,500,http://172.169.8.253:31112/function/opt-66b-submod-0-latency-25.cdgp
1704042778865217725,1704042788565459572,500,http://172.169.8.253:31112/function/opt-66b-submod-0-latency-25.cdgp
1704042778927861331,1704042782556935311,200,http://172.169.8.253:31112/function/opt-66b-submod-0-latency-25.cdgp
1704042778927904500,1704042788653261273,500,http://172.169.8.253:31112/function/opt-66b-submod-0-latency-25.cdgp
1704042778927992915,1704042788657991680,500,http://172.169.8.253:31112/function/opt-66b-submod-0-latency-25.cdgp
1704042779600490295,1704042782995582977,200,http://172.169.8.253:31112/function/opt-66b-submod-0-latency-25.cdgp
1704042779600589498,1704042782203896802,200,http://172.169.8.253:31112/function/opt-66b-submod-0-latency-25.cdgp
1704042779600670323,1704042784357366147,200,http://172.169.8.253:31112/function/opt-66b-submod-0-latency-25.cdgp
1704042779600772602,1704042788927423471,500,http://172.169.8.253:31112/function/opt-66b-submod-0-latency-25.cdgp
1704042779600826312,1704042788803594266,500,http://172.169.8.253:31112/function/opt-66b-submod-0-latency-25.cdgp
1704042780200996248,1704042781747512237,200,http://172.169.8.253:31112/function/opt-66b-submod-0-latency-25.cdgp
1704042780201085991,1704042783467658722,200,http://172.169.8.253:31112/function/opt-66b-submod-0-latency-25.cdgp
1704042780930110101,1704042789892750718,500,http://172.169.8.253:31112/function/opt-66b-submod-0-latency-25.cdgp
1704042780930208621,1704042782937404790,200,http://172.169.8.253:31112/function/opt-66b-submod-0-latency-25.cdgp
1704042780930294032,1704042789889136793,500,http://172.169.8.253:31112/function/opt-66b-submod-0-latency-25.cdgp
1704042780972953552,1704042790003688363,500,http://172.169.8.253:31112/function/opt-66b-submod-0-latency-25.cdgp
1704042780973069531,1704042789994598818,500,http://172.169.8.253:31112/function/opt-66b-submod-0-latency-25.cdgp
1704042780973171974,1704042789983678863,500,http://172.169.8.253:31112/function/opt-66b-submod-0-latency-25.cdgp
1704042780973253836,1704042790067668748,500,http://172.169.8.253:31112/function/opt-66b-submod-0-latency-25.cdgp
1704042780975879590,1704042789981161625,500,http://172.169.8.253:31112/function/opt-66b-submod-0-latency-25.cdgp
1704042780975971668,1704042782827668854,200,http://172.169.8.253:31112/function/opt-66b-submod-0-latency-25.cdgp
1704042780976053689,1704042790054445529,500,http://172.169.8.253:31112/function/opt-66b-submod-0-latency-25.cdgp
1704042780976137224,1704042782894741340,200,http://172.169.8.253:31112/function/opt-66b-submod-0-latency-25.cdgp
1704042780976246493,1704042790057090340,500,http://172.169.8.253:31112/function/opt-66b-submod-0-latency-25.cdgp
1704042780976328835,1704042790141172894,500,http://172.169.8.253:31112/function/opt-66b-submod-0-latency-25.cdgp
1704042780976419024,1704042790129594704,500,http://172.169.8.253:31112/function/opt-66b-submod-0-latency-25.cdgp
1704042780976500003,1704042790059907062,500,http://172.169.8.253:31112/function/opt-66b-submod-0-latency-25.cdgp
1704042780976580307,1704042782550138363,200,http://172.169.8.253:31112/function/opt-66b-submod-0-latency-25.cdgp
1704042780976633910,1704042782759527955,200,http://172.169.8.253:31112/function/opt-66b-submod-0-latency-25.cdgp
1704042780976722151,1704042784350783676,200,http://172.169.8.253:31112/function/opt-66b-submod-0-latency-25.cdgp
1704042780976779933,1704042783418479885,200,http://172.169.8.253:31112/function/opt-66b-submod-0-latency-25.cdgp
1704042780976836367,1704042783289010426,200,http://172.169.8.253:31112/function/opt-66b-submod-0-latency-25.cdgp
1704042780976917456,1704042784096800286,200,http://172.169.8.253:31112/function/opt-66b-submod-0-latency-25.cdgp
1704042780985207765,1704042790071759857,500,http://172.169.8.253:31112/function/opt-66b-submod-0-latency-25.cdgp
1704042780985289410,1704042790157925584,500,http://172.169.8.253:31112/function/opt-66b-submod-0-latency-25.cdgp
1704042781408415901,1704042790543873745,500,http://172.169.8.253:31112/function/opt-66b-submod-0-latency-25.cdgp
1704042781408574656,1704042790563574085,500,http://172.169.8.253:31112/function/opt-66b-submod-0-latency-25.cdgp
1704042781408716926,1704042784225579417,200,http://172.169.8.253:31112/function/opt-66b-submod-0-latency-25.cdgp
1704042781410390595,1704042784167690324,200,http://172.169.8.253:31112/function/opt-66b-submod-0-latency-25.cdgp
1704042781410457964,1704042790447868156,500,http://172.169.8.253:31112/function/opt-66b-submod-0-latency-25.cdgp
1704042781410501794,1704042790528790237,500,http://172.169.8.253:31112/function/opt-66b-submod-0-latency-25.cdgp
1704042781410574244,1704042782897758482,200,http://172.169.8.253:31112/function/opt-66b-submod-0-latency-25.cdgp
1704042781410650519,1704042790409845552,500,http://172.169.8.253:31112/function/opt-66b-submod-0-latency-25.cdgp
1704042781410775461,1704042790563556204,500,http://172.169.8.253:31112/function/opt-66b-submod-0-latency-25.cdgp
1704042781410876371,1704042790575232044,500,http://172.169.8.253:31112/function/opt-66b-submod-0-latency-25.cdgp
1704042781410934466,1704042784327880471,200,http://172.169.8.253:31112/function/opt-66b-submod-0-latency-25.cdgp
1704042781437377794,1704042783499611622,200,http://172.169.8.253:31112/function/opt-66b-submod-0-latency-25.cdgp
1704042781437454539,1704042783453214109,200,http://172.169.8.253:31112/function/opt-66b-submod-0-latency-25.cdgp
1704042781437602207,1704042783763787978,200,http://172.169.8.253:31112/function/opt-66b-submod-0-latency-25.cdgp
1704042781437667384,1704042783920678728,200,http://172.169.8.253:31112/function/opt-66b-submod-0-latency-25.cdgp
1704042781437697240,1704042790639687422,500,http://172.169.8.253:31112/function/opt-66b-submod-0-latency-25.cdgp
1704042781437785132,1704042783755684654,200,http://172.169.8.253:31112/function/opt-66b-submod-0-latency-25.cdgp
1704042781438773665,1704042790530531913,500,http://172.169.8.253:31112/function/opt-66b-submod-0-latency-25.cdgp
1704042781438871248,1704042790884762150,500,http://172.169.8.253:31112/function/opt-66b-submod-0-latency-25.cdgp
1704042781438953106,1704042784176984131,200,http://172.169.8.253:31112/function/opt-66b-submod-0-latency-25.cdgp
1704042781439035213,1704042784610734668,200,http://172.169.8.253:31112/function/opt-66b-submod-0-latency-25.cdgp
1704042781439112749,1704042790550261989,500,http://172.169.8.253:31112/function/opt-66b-submod-0-latency-25.cdgp
1704042781439199812,1704042783935990025,200,http://172.169.8.253:31112/function/opt-66b-submod-0-latency-25.cdgp
1704042781439271142,1704042790595128659,500,http://172.169.8.253:31112/function/opt-66b-submod-0-latency-25.cdgp
1704042781439357751,1704042790675056230,500,http://172.169.8.253:31112/function/opt-66b-submod-0-latency-25.cdgp
1704042781439444822,1704042785083252042,200,http://172.169.8.253:31112/function/opt-66b-submod-0-latency-25.cdgp
1704042781563533375,1704042790626933334,500,http://172.169.8.253:31112/function/opt-66b-submod-0-latency-25.cdgp
1704042781563655776,1704042784403747164,200,http://172.169.8.253:31112/function/opt-66b-submod-0-latency-25.cdgp
1704042781563757993,1704042784609132248,200,http://172.169.8.253:31112/function/opt-66b-submod-0-latency-25.cdgp
1704042781563825625,1704042783763561352,200,http://172.169.8.253:31112/function/opt-66b-submod-0-latency-25.cdgp
1704042781563872825,1704042784611321435,200,http://172.169.8.253:31112/function/opt-66b-submod-0-latency-25.cdgp
1704042781563946337,1704042784322724502,200,http://172.169.8.253:31112/function/opt-66b-submod-0-latency-25.cdgp
1704042781564001189,1704042783491795932,200,http://172.169.8.253:31112/function/opt-66b-submod-0-latency-25.cdgp
1704042781564031221,1704042784483252131,200,http://172.169.8.253:31112/function/opt-66b-submod-0-latency-25.cdgp
1704042781564119986,1704042790886973487,500,http://172.169.8.253:31112/function/opt-66b-submod-0-latency-25.cdgp
1704042781564154829,1704042784102540575,200,http://172.169.8.253:31112/function/opt-66b-submod-0-latency-25.cdgp
1704042781564236993,1704042791019159882,500,http://172.169.8.253:31112/function/opt-66b-submod-0-latency-25.cdgp
1704042781564334664,1704042784404392487,200,http://172.169.8.253:31112/function/opt-66b-submod-0-latency-25.cdgp
1704042781564417023,1704042790887105195,500,http://172.169.8.253:31112/function/opt-66b-submod-0-latency-25.cdgp
1704042781564480994,1704042790940824749,500,http://172.169.8.253:31112/function/opt-66b-submod-0-latency-25.cdgp
1704042781602515554,1704042790771624014,500,http://172.169.8.253:31112/function/opt-66b-submod-0-latency-25.cdgp
1704042781602567843,1704042784611197018,200,http://172.169.8.253:31112/function/opt-66b-submod-0-latency-25.cdgp
1704042781602649318,1704042790911659018,500,http://172.169.8.253:31112/function/opt-66b-submod-0-latency-25.cdgp
1704042781602718088,1704042790729802005,500,http://172.169.8.253:31112/function/opt-66b-submod-0-latency-25.cdgp
1704042781607384199,1704042784328744765,200,http://172.169.8.253:31112/function/opt-66b-submod-0-latency-25.cdgp
1704042781607469766,1704042783961128750,200,http://172.169.8.253:31112/function/opt-66b-submod-0-latency-25.cdgp
1704042781607614729,1704042790860314704,500,http://172.169.8.253:31112/function/opt-66b-submod-0-latency-25.cdgp
1704042781641161178,1704042791090293274,500,http://172.169.8.253:31112/function/opt-66b-submod-0-latency-25.cdgp
1704042781641222229,1704042784357476780,200,http://172.169.8.253:31112/function/opt-66b-submod-0-latency-25.cdgp
1704042781641430172,1704042784763649110,200,http://172.169.8.253:31112/function/opt-66b-submod-0-latency-25.cdgp
1704042781674996494,1704042784716957681,200,http://172.169.8.253:31112/function/opt-66b-submod-0-latency-25.cdgp
1704042781675082348,1704042791014691550,500,http://172.169.8.253:31112/function/opt-66b-submod-0-latency-25.cdgp
1704042781675175105,1704042784652023464,200,http://172.169.8.253:31112/function/opt-66b-submod-0-latency-25.cdgp
1704042781675220381,1704042791018390780,500,http://172.169.8.253:31112/function/opt-66b-submod-0-latency-25.cdgp
1704042781675284609,1704042791009588164,500,http://172.169.8.253:31112/function/opt-66b-submod-0-latency-25.cdgp
1704042781675363899,1704042791403627760,500,http://172.169.8.253:31112/function/opt-66b-submod-0-latency-25.cdgp
1704042781675405378,1704042791415337218,500,http://172.169.8.253:31112/function/opt-66b-submod-0-latency-25.cdgp
1704042781729722556,1704042783592881843,200,http://172.169.8.253:31112/function/opt-66b-submod-0-latency-25.cdgp
1704042781729807036,1704042791203411113,500,http://172.169.8.253:31112/function/opt-66b-submod-0-latency-25.cdgp
1704042781729961009,1704042791190513639,500,http://172.169.8.253:31112/function/opt-66b-submod-0-latency-25.cdgp
1704042781730026012,1704042791196288910,500,http://172.169.8.253:31112/function/opt-66b-submod-0-latency-25.cdgp
1704042781730133531,1704042784908081959,200,http://172.169.8.253:31112/function/opt-66b-submod-0-latency-25.cdgp
1704042781730214607,1704042784350441491,200,http://172.169.8.253:31112/function/opt-66b-submod-0-latency-25.cdgp
1704042781736576872,1704042783957679061,200,http://172.169.8.253:31112/function/opt-66b-submod-0-latency-25.cdgp
1704042781739473026,1704042784735879217,200,http://172.169.8.253:31112/function/opt-66b-submod-0-latency-25.cdgp
1704042781739579364,1704042784327994133,200,http://172.169.8.253:31112/function/opt-66b-submod-0-latency-25.cdgp
1704042781739727369,1704042784786405789,200,http://172.169.8.253:31112/function/opt-66b-submod-0-latency-25.cdgp
1704042781752889671,1704042791094437415,500,http://172.169.8.253:31112/function/opt-66b-submod-0-latency-25.cdgp
1704042781752973809,1704042791582750426,500,http://172.169.8.253:31112/function/opt-66b-submod-0-latency-25.cdgp
1704042781753063376,1704042785213713851,200,http://172.169.8.253:31112/function/opt-66b-submod-0-latency-25.cdgp
1704042781753187442,1704042785128189506,200,http://172.169.8.253:31112/function/opt-66b-submod-0-latency-25.cdgp
1704042781753273397,1704042791383674242,500,http://172.169.8.253:31112/function/opt-66b-submod-0-latency-25.cdgp
1704042781753445826,1704042784735189723,200,http://172.169.8.253:31112/function/opt-66b-submod-0-latency-25.cdgp
1704042781753535650,1704042784765275118,200,http://172.169.8.253:31112/function/opt-66b-submod-0-latency-25.cdgp
1704042782068835757,1704042791418001477,500,http://172.169.8.253:31112/function/opt-66b-submod-0-latency-25.cdgp
1704042782068938319,1704042791559795502,500,http://172.169.8.253:31112/function/opt-66b-submod-0-latency-25.cdgp
1704042782069017063,1704042784721926670,200,http://172.169.8.253:31112/function/opt-66b-submod-0-latency-25.cdgp
1704042782069106830,1704042784350338291,200,http://172.169.8.253:31112/function/opt-66b-submod-0-latency-25.cdgp
1704042782069193309,1704042791594446689,500,http://172.169.8.253:31112/function/opt-66b-submod-0-latency-25.cdgp
1704042782069246973,1704042784652034294,200,http://172.169.8.253:31112/function/opt-66b-submod-0-latency-25.cdgp
1704042782069286814,1704042791303877575,500,http://172.169.8.253:31112/function/opt-66b-submod-0-latency-25.cdgp
1704042782069335537,1704042791287492022,500,http://172.169.8.253:31112/function/opt-66b-submod-0-latency-25.cdgp
1704042782069363988,1704042784785719403,200,http://172.169.8.253:31112/function/opt-66b-submod-0-latency-25.cdgp
1704042782069414486,1704042784945389978,200,http://172.169.8.253:31112/function/opt-66b-submod-0-latency-25.cdgp
1704042782145746837,1704042784779494278,200,http://172.169.8.253:31112/function/opt-66b-submod-0-latency-25.cdgp
1704042783269431147,1704042785118365869,200,http://172.169.8.253:31112/function/opt-66b-submod-0-latency-25.cdgp
1704042783269517776,1704042784883895283,200,http://172.169.8.253:31112/function/opt-66b-submod-0-latency-25.cdgp
1704042783269629939,1704042784717514169,200,http://172.169.8.253:31112/function/opt-66b-submod-0-latency-25.cdgp
1704042783269702390,1704042792218724335,500,http://172.169.8.253:31112/function/opt-66b-submod-0-latency-25.cdgp
1704042783269731656,1704042785085293682,200,http://172.169.8.253:31112/function/opt-66b-submod-0-latency-25.cdgp
1704042783462453750,1704042792439737860,500,http://172.169.8.253:31112/function/opt-66b-submod-0-latency-25.cdgp
1704042783471437319,1704042792499718624,500,http://172.169.8.253:31112/function/opt-66b-submod-0-latency-25.cdgp
1704042783471565387,1704042792499702201,500,http://172.169.8.253:31112/function/opt-66b-submod-0-latency-25.cdgp
1704042783471668794,1704042792455654427,500,http://172.169.8.253:31112/function/opt-66b-submod-0-latency-25.cdgp
1704042783533023674,1704042792555701851,500,http://172.169.8.253:31112/function/opt-66b-submod-0-latency-25.cdgp
1704042783533105041,1704042785215477823,200,http://172.169.8.253:31112/function/opt-66b-submod-0-latency-25.cdgp
1704042783533215296,1704042785127606916,200,http://172.169.8.253:31112/function/opt-66b-submod-0-latency-25.cdgp
1704042783533269335,1704042792648769813,500,http://172.169.8.253:31112/function/opt-66b-submod-0-latency-25.cdgp
1704042783533345008,1704042792651900452,500,http://172.169.8.253:31112/function/opt-66b-submod-0-latency-25.cdgp
1704042783533401337,1704042792592455208,500,http://172.169.8.253:31112/function/opt-66b-submod-0-latency-25.cdgp
1704042783533427785,1704042792647507144,500,http://172.169.8.253:31112/function/opt-66b-submod-0-latency-25.cdgp
1704042783533495609,1704042792519079610,500,http://172.169.8.253:31112/function/opt-66b-submod-0-latency-25.cdgp
1704042783533576712,1704042792619631521,500,http://172.169.8.253:31112/function/opt-66b-submod-0-latency-25.cdgp
1704042783533612000,1704042792620952350,500,http://172.169.8.253:31112/function/opt-66b-submod-0-latency-25.cdgp
1704042783547847697,1704042785675561223,200,http://172.169.8.253:31112/function/opt-66b-submod-0-latency-25.cdgp
1704042783547910258,1704042792746266704,500,http://172.169.8.253:31112/function/opt-66b-submod-0-latency-25.cdgp
1704042783547974722,1704042785169371829,200,http://172.169.8.253:31112/function/opt-66b-submod-0-latency-25.cdgp
1704042783548033871,1704042785486561011,200,http://172.169.8.253:31112/function/opt-66b-submod-0-latency-25.cdgp
1704042783548070426,1704042792666313867,500,http://172.169.8.253:31112/function/opt-66b-submod-0-latency-25.cdgp
1704042783548154533,1704042784956025773,200,http://172.169.8.253:31112/function/opt-66b-submod-0-latency-25.cdgp
1704042783548218180,1704042785597752634,200,http://172.169.8.253:31112/function/opt-66b-submod-0-latency-25.cdgp
1704042783548288045,1704042792832323930,504,http://172.169.8.253:31112/function/opt-66b-submod-0-latency-25.cdgp
1704042783548310077,1704042793025963344,500,http://172.169.8.253:31112/function/opt-66b-submod-0-latency-25.cdgp
1704042783572872351,1704042792782711938,500,http://172.169.8.253:31112/function/opt-66b-submod-0-latency-25.cdgp
1704042783572968817,1704042793035376095,500,http://172.169.8.253:31112/function/opt-66b-submod-0-latency-25.cdgp
1704042783573072737,1704042792790798135,500,http://172.169.8.253:31112/function/opt-66b-submod-0-latency-25.cdgp
1704042783573140542,1704042785523609261,200,http://172.169.8.253:31112/function/opt-66b-submod-0-latency-25.cdgp
1704042783577399366,1704042785160745559,200,http://172.169.8.253:31112/function/opt-66b-submod-0-latency-25.cdgp
1704042783580231445,1704042785584426093,200,http://172.169.8.253:31112/function/opt-66b-submod-0-latency-25.cdgp
1704042783580394881,1704042792664545986,500,http://172.169.8.253:31112/function/opt-66b-submod-0-latency-25.cdgp
1704042783580504879,1704042792965766505,500,http://172.169.8.253:31112/function/opt-66b-submod-0-latency-25.cdgp
1704042783580560484,1704042792750658201,500,http://172.169.8.253:31112/function/opt-66b-submod-0-latency-25.cdgp
1704042783580623579,1704042793003967637,504,http://172.169.8.253:31112/function/opt-66b-submod-0-latency-25.cdgp
1704042783580733027,1704042785312560866,200,http://172.169.8.253:31112/function/opt-66b-submod-0-latency-25.cdgp
1704042783580794564,1704042785204606566,200,http://172.169.8.253:31112/function/opt-66b-submod-0-latency-25.cdgp
1704042783580860413,1704042793069045120,500,http://172.169.8.253:31112/function/opt-66b-submod-0-latency-25.cdgp
1704042783580878976,1704042793078463132,500,http://172.169.8.253:31112/function/opt-66b-submod-0-latency-25.cdgp
1704042783580971063,1704042793067183413,500,http://172.169.8.253:31112/function/opt-66b-submod-0-latency-25.cdgp
1704042783581030204,1704042792963914356,500,http://172.169.8.253:31112/function/opt-66b-submod-0-latency-25.cdgp
1704042783581121930,1704042793039511097,500,http://172.169.8.253:31112/function/opt-66b-submod-0-latency-25.cdgp
1704042783581194041,1704042785587248685,200,http://172.169.8.253:31112/function/opt-66b-submod-0-latency-25.cdgp
1704042783581255737,1704042792967379074,500,http://172.169.8.253:31112/function/opt-66b-submod-0-latency-25.cdgp
1704042783609710618,1704042792815703872,500,http://172.169.8.253:31112/function/opt-66b-submod-0-latency-25.cdgp
1704042783964766844,1704042785707971068,200,http://172.169.8.253:31112/function/opt-66b-submod-0-latency-25.cdgp
1704042783964878789,1704042786639599267,200,http://172.169.8.253:31112/function/opt-66b-submod-0-latency-25.cdgp
1704042783964976166,1704042785747593485,200,http://172.169.8.253:31112/function/opt-66b-submod-0-latency-25.cdgp
1704042783965102600,1704042793447843006,500,http://172.169.8.253:31112/function/opt-66b-submod-0-latency-25.cdgp
1704042783965148311,1704042785627671890,200,http://172.169.8.253:31112/function/opt-66b-submod-0-latency-25.cdgp
1704042783965237272,1704042785751500344,200,http://172.169.8.253:31112/function/opt-66b-submod-0-latency-25.cdgp
1704042783965282847,1704042793335541993,500,http://172.169.8.253:31112/function/opt-66b-submod-0-latency-25.cdgp
1704042783965365903,1704042786319397163,200,http://172.169.8.253:31112/function/opt-66b-submod-0-latency-25.cdgp
1704042783965398652,1704042793447866489,500,http://172.169.8.253:31112/function/opt-66b-submod-0-latency-25.cdgp
1704042783965498599,1704042793399364289,504,http://172.169.8.253:31112/function/opt-66b-submod-0-latency-25.cdgp
1704042783965573613,1704042793339596101,500,http://172.169.8.253:31112/function/opt-66b-submod-0-latency-25.cdgp
1704042783965687087,1704042793093988818,500,http://172.169.8.253:31112/function/opt-66b-submod-0-latency-25.cdgp
1704042783965757337,1704042785987558543,200,http://172.169.8.253:31112/function/opt-66b-submod-0-latency-25.cdgp
1704042783965844465,1704042785995332795,200,http://172.169.8.253:31112/function/opt-66b-submod-0-latency-25.cdgp
1704042783965939024,1704042786486816628,200,http://172.169.8.253:31112/function/opt-66b-submod-0-latency-25.cdgp
1704042783966006036,1704042785951387297,200,http://172.169.8.253:31112/function/opt-66b-submod-0-latency-25.cdgp
1704042783966109011,1704042793299520182,500,http://172.169.8.253:31112/function/opt-66b-submod-0-latency-25.cdgp
1704042783966191886,1704042786773538194,200,http://172.169.8.253:31112/function/opt-66b-submod-0-latency-25.cdgp
1704042783966211656,1704042785754860877,200,http://172.169.8.253:31112/function/opt-66b-submod-0-latency-25.cdgp
1704042783966278394,1704042793266591849,500,http://172.169.8.253:31112/function/opt-66b-submod-0-latency-25.cdgp
1704042783966341663,1704042786349263564,200,http://172.169.8.253:31112/function/opt-66b-submod-0-latency-25.cdgp
1704042783966392964,1704042785780597305,200,http://172.169.8.253:31112/function/opt-66b-submod-0-latency-25.cdgp
1704042783966476050,1704042785964051391,200,http://172.169.8.253:31112/function/opt-66b-submod-0-latency-25.cdgp
1704042783966544161,1704042793123489577,500,http://172.169.8.253:31112/function/opt-66b-submod-0-latency-25.cdgp
1704042783966578159,1704042793297496098,500,http://172.169.8.253:31112/function/opt-66b-submod-0-latency-25.cdgp
1704042783966624232,1704042785968344695,200,http://172.169.8.253:31112/function/opt-66b-submod-0-latency-25.cdgp
1704042783966693649,1704042793254905948,500,http://172.169.8.253:31112/function/opt-66b-submod-0-latency-25.cdgp
1704042783966717987,1704042793140834422,500,http://172.169.8.253:31112/function/opt-66b-submod-0-latency-25.cdgp
1704042783966796517,1704042793180772181,500,http://172.169.8.253:31112/function/opt-66b-submod-0-latency-25.cdgp
1704042783966855039,1704042793291512966,500,http://172.169.8.253:31112/function/opt-66b-submod-0-latency-25.cdgp
1704042783966928351,1704042785707816613,200,http://172.169.8.253:31112/function/opt-66b-submod-0-latency-25.cdgp
1704042783966993891,1704042793205830885,500,http://172.169.8.253:31112/function/opt-66b-submod-0-latency-25.cdgp
1704042783967024559,1704042786038034716,200,http://172.169.8.253:31112/function/opt-66b-submod-0-latency-25.cdgp
1704042784019926574,1704042786319128155,200,http://172.169.8.253:31112/function/opt-66b-submod-0-latency-25.cdgp
1704042784020052474,1704042793599135382,500,http://172.169.8.253:31112/function/opt-66b-submod-0-latency-25.cdgp
1704042784020124834,1704042786779057648,200,http://172.169.8.253:31112/function/opt-66b-submod-0-latency-25.cdgp
1704042784020204021,1704042793458466038,500,http://172.169.8.253:31112/function/opt-66b-submod-0-latency-25.cdgp
1704042784020319832,1704042786762796518,200,http://172.169.8.253:31112/function/opt-66b-submod-0-latency-25.cdgp
1704042784020382917,1704042794020973407,500,http://172.169.8.253:31112/function/opt-66b-submod-0-latency-25.cdgp
1704042784020452190,1704042793717372149,500,http://172.169.8.253:31112/function/opt-66b-submod-0-latency-25.cdgp
1704042784020508350,1704042786319041586,200,http://172.169.8.253:31112/function/opt-66b-submod-0-latency-25.cdgp
1704042784048816387,1704042793460315702,500,http://172.169.8.253:31112/function/opt-66b-submod-0-latency-25.cdgp
1704042784048901772,1704042793990287049,500,http://172.169.8.253:31112/function/opt-66b-submod-0-latency-25.cdgp
1704042784049012835,1704042787124156776,200,http://172.169.8.253:31112/function/opt-66b-submod-0-latency-25.cdgp
1704042784049079626,1704042793715634050,500,http://172.169.8.253:31112/function/opt-66b-submod-0-latency-25.cdgp
1704042784049176217,1704042787132514529,200,http://172.169.8.253:31112/function/opt-66b-submod-0-latency-25.cdgp
1704042784049308748,1704042793720600321,500,http://172.169.8.253:31112/function/opt-66b-submod-0-latency-25.cdgp
1704042784049395787,1704042786763237661,200,http://172.169.8.253:31112/function/opt-66b-submod-0-latency-25.cdgp
1704042784049494404,1704042786805501937,200,http://172.169.8.253:31112/function/opt-66b-submod-0-latency-25.cdgp
1704042784049584743,1704042793980365725,500,http://172.169.8.253:31112/function/opt-66b-submod-0-latency-25.cdgp
1704042784049673742,1704042793549305024,500,http://172.169.8.253:31112/function/opt-66b-submod-0-latency-25.cdgp
1704042784049776589,1704042787127058660,200,http://172.169.8.253:31112/function/opt-66b-submod-0-latency-25.cdgp
1704042784049839296,1704042793481300188,500,http://172.169.8.253:31112/function/opt-66b-submod-0-latency-25.cdgp
1704042784049922951,1704042786825349006,200,http://172.169.8.253:31112/function/opt-66b-submod-0-latency-25.cdgp
1704042784049999034,1704042786318935355,200,http://172.169.8.253:31112/function/opt-66b-submod-0-latency-25.cdgp
1704042784050081802,1704042793990584486,500,http://172.169.8.253:31112/function/opt-66b-submod-0-latency-25.cdgp
1704042784050172493,1704042786352247585,200,http://172.169.8.253:31112/function/opt-66b-submod-0-latency-25.cdgp
1704042784050261816,1704042786485996172,200,http://172.169.8.253:31112/function/opt-66b-submod-0-latency-25.cdgp
1704042784050316342,1704042786485399252,200,http://172.169.8.253:31112/function/opt-66b-submod-0-latency-25.cdgp
1704042784050371692,1704042786784195977,200,http://172.169.8.253:31112/function/opt-66b-submod-0-latency-25.cdgp
1704042784050426565,1704042793523245562,500,http://172.169.8.253:31112/function/opt-66b-submod-0-latency-25.cdgp
1704042784050506275,1704042793722009377,500,http://172.169.8.253:31112/function/opt-66b-submod-0-latency-25.cdgp
1704042784050553517,1704042787123556127,200,http://172.169.8.253:31112/function/opt-66b-submod-0-latency-25.cdgp
1704042784050605774,1704042787253986456,200,http://172.169.8.253:31112/function/opt-66b-submod-0-latency-25.cdgp
1704042784050671748,1704042786348603335,200,http://172.169.8.253:31112/function/opt-66b-submod-0-latency-25.cdgp
1704042784050696250,1704042793713693379,500,http://172.169.8.253:31112/function/opt-66b-submod-0-latency-25.cdgp
1704042784050761994,1704042786776080412,200,http://172.169.8.253:31112/function/opt-66b-submod-0-latency-25.cdgp
1704042784050852577,1704042793980188246,500,http://172.169.8.253:31112/function/opt-66b-submod-0-latency-25.cdgp
1704042784050911565,1704042786523892314,200,http://172.169.8.253:31112/function/opt-66b-submod-0-latency-25.cdgp
1704042784099729043,1704042786778132394,200,http://172.169.8.253:31112/function/opt-66b-submod-0-latency-25.cdgp
1704042784099805362,1704042786777128790,200,http://172.169.8.253:31112/function/opt-66b-submod-0-latency-25.cdgp
1704042784099920884,1704042793763782478,500,http://172.169.8.253:31112/function/opt-66b-submod-0-latency-25.cdgp
1704042784739011546,1704042793903628336,500,http://172.169.8.253:31112/function/opt-66b-submod-0-latency-25.cdgp
1704042784739126908,1704042787630846019,200,http://172.169.8.253:31112/function/opt-66b-submod-0-latency-25.cdgp
1704042784739216514,1704042787290079914,200,http://172.169.8.253:31112/function/opt-66b-submod-0-latency-25.cdgp
1704042784739268654,1704042787550764928,200,http://172.169.8.253:31112/function/opt-66b-submod-0-latency-25.cdgp
1704042784739348493,1704042786851479431,200,http://172.169.8.253:31112/function/opt-66b-submod-0-latency-25.cdgp
1704042784739395720,1704042787335774394,200,http://172.169.8.253:31112/function/opt-66b-submod-0-latency-25.cdgp
1704042784739482320,1704042793839903778,500,http://172.169.8.253:31112/function/opt-66b-submod-0-latency-25.cdgp
1704042784739525321,1704042794411815488,500,http://172.169.8.253:31112/function/opt-66b-submod-0-latency-25.cdgp
1704042784810564509,1704042794379655258,500,http://172.169.8.253:31112/function/opt-66b-submod-0-latency-25.cdgp
1704042784810643705,1704042787327606536,200,http://172.169.8.253:31112/function/opt-66b-submod-0-latency-25.cdgp
1704042784810761191,1704042786399676476,200,http://172.169.8.253:31112/function/opt-66b-submod-0-latency-25.cdgp
1704042784869391072,1704042787173770257,200,http://172.169.8.253:31112/function/opt-66b-submod-0-latency-25.cdgp
1704042784869459824,1704042794334672083,500,http://172.169.8.253:31112/function/opt-66b-submod-0-latency-25.cdgp
1704042784875415308,1704042787372140466,200,http://172.169.8.253:31112/function/opt-66b-submod-0-latency-25.cdgp
1704042784875569506,1704042786319051761,200,http://172.169.8.253:31112/function/opt-66b-submod-0-latency-25.cdgp
1704042785336103545,1704042786767913838,200,http://172.169.8.253:31112/function/opt-66b-submod-0-latency-25.cdgp
1704042785336228588,1704042786664454900,200,http://172.169.8.253:31112/function/opt-66b-submod-0-latency-25.cdgp
1704042785336310063,1704042794672679566,500,http://172.169.8.253:31112/function/opt-66b-submod-0-latency-25.cdgp
1704042785336371059,1704042786721279319,200,http://172.169.8.253:31112/function/opt-66b-submod-0-latency-25.cdgp
1704042785336452296,1704042787303669307,200,http://172.169.8.253:31112/function/opt-66b-submod-0-latency-25.cdgp
1704042785336552366,1704042794458375501,500,http://172.169.8.253:31112/function/opt-66b-submod-0-latency-25.cdgp
1704042785336655234,1704042794632918111,500,http://172.169.8.253:31112/function/opt-66b-submod-0-latency-25.cdgp
1704042785336740205,1704042794560424331,500,http://172.169.8.253:31112/function/opt-66b-submod-0-latency-25.cdgp
1704042785336804665,1704042794419510442,500,http://172.169.8.253:31112/function/opt-66b-submod-0-latency-25.cdgp
1704042785336883571,1704042794626092606,500,http://172.169.8.253:31112/function/opt-66b-submod-0-latency-25.cdgp
1704042785336928357,1704042786828085125,200,http://172.169.8.253:31112/function/opt-66b-submod-0-latency-25.cdgp
1704042785338944393,1704042787908438892,200,http://172.169.8.253:31112/function/opt-66b-submod-0-latency-25.cdgp
1704042785339027027,1704042794630545668,500,http://172.169.8.253:31112/function/opt-66b-submod-0-latency-25.cdgp
1704042785339179176,1704042794631035363,500,http://172.169.8.253:31112/function/opt-66b-submod-0-latency-25.cdgp
1704042785339243443,1704042794912168923,500,http://172.169.8.253:31112/function/opt-66b-submod-0-latency-25.cdgp
1704042785339272478,1704042787329548976,200,http://172.169.8.253:31112/function/opt-66b-submod-0-latency-25.cdgp
1704042785339318763,1704042794845871304,500,http://172.169.8.253:31112/function/opt-66b-submod-0-latency-25.cdgp
1704042785339360472,1704042794969254167,500,http://172.169.8.253:31112/function/opt-66b-submod-0-latency-25.cdgp
1704042785339433340,1704042788191076893,200,http://172.169.8.253:31112/function/opt-66b-submod-0-latency-25.cdgp
1704042785339467633,1704042787695960459,200,http://172.169.8.253:31112/function/opt-66b-submod-0-latency-25.cdgp
1704042785339570132,1704042794846524588,500,http://172.169.8.253:31112/function/opt-66b-submod-0-latency-25.cdgp
1704042785339643517,1704042788429502308,200,http://172.169.8.253:31112/function/opt-66b-submod-0-latency-25.cdgp
1704042785339794281,1704042787706619345,200,http://172.169.8.253:31112/function/opt-66b-submod-0-latency-25.cdgp
1704042785339890972,1704042787688057744,200,http://172.169.8.253:31112/function/opt-66b-submod-0-latency-25.cdgp
1704042785384577829,1704042787249486019,200,http://172.169.8.253:31112/function/opt-66b-submod-0-latency-25.cdgp
1704042785384662169,1704042794633235978,500,http://172.169.8.253:31112/function/opt-66b-submod-0-latency-25.cdgp
1704042785384728522,1704042794565556177,500,http://172.169.8.253:31112/function/opt-66b-submod-0-latency-25.cdgp
1704042785384784702,1704042794969773629,500,http://172.169.8.253:31112/function/opt-66b-submod-0-latency-25.cdgp
1704042785384836349,1704042787909419831,200,http://172.169.8.253:31112/function/opt-66b-submod-0-latency-25.cdgp
1704042785523371828,1704042787454375712,200,http://172.169.8.253:31112/function/opt-66b-submod-0-latency-25.cdgp
1704042785523440468,1704042787859750402,200,http://172.169.8.253:31112/function/opt-66b-submod-0-latency-25.cdgp
1704042785523550344,1704042787945092779,200,http://172.169.8.253:31112/function/opt-66b-submod-0-latency-25.cdgp
1704042785523617991,1704042794866015118,500,http://172.169.8.253:31112/function/opt-66b-submod-0-latency-25.cdgp
1704042785523651135,1704042795011722828,500,http://172.169.8.253:31112/function/opt-66b-submod-0-latency-25.cdgp
1704042785523743389,1704042794845868858,500,http://172.169.8.253:31112/function/opt-66b-submod-0-latency-25.cdgp
1704042785523772697,1704042787984514581,200,http://172.169.8.253:31112/function/opt-66b-submod-0-latency-25.cdgp
1704042785523830023,1704042787127699182,200,http://172.169.8.253:31112/function/opt-66b-submod-0-latency-25.cdgp
1704042785532706440,1704042794967060949,500,http://172.169.8.253:31112/function/opt-66b-submod-0-latency-25.cdgp
1704042785532761544,1704042794960503101,500,http://172.169.8.253:31112/function/opt-66b-submod-0-latency-25.cdgp
1704042785661627370,1704042794970696924,500,http://172.169.8.253:31112/function/opt-66b-submod-0-latency-25.cdgp
1704042785661714681,1704042787768415415,200,http://172.169.8.253:31112/function/opt-66b-submod-0-latency-25.cdgp
1704042785661838819,1704042788299629033,200,http://172.169.8.253:31112/function/opt-66b-submod-0-latency-25.cdgp
1704042785661906007,1704042788154833044,200,http://172.169.8.253:31112/function/opt-66b-submod-0-latency-25.cdgp
1704042785661980317,1704042787397779917,200,http://172.169.8.253:31112/function/opt-66b-submod-0-latency-25.cdgp
1704042785879982332,1704042795014650884,500,http://172.169.8.253:31112/function/opt-66b-submod-0-latency-25.cdgp
1704042785880079288,1704042794919953314,500,http://172.169.8.253:31112/function/opt-66b-submod-0-latency-25.cdgp
1704042785880225364,1704042795126749564,500,http://172.169.8.253:31112/function/opt-66b-submod-0-latency-25.cdgp
1704042785880308907,1704042795128438474,500,http://172.169.8.253:31112/function/opt-66b-submod-0-latency-25.cdgp
1704042785880391971,1704042788482427496,200,http://172.169.8.253:31112/function/opt-66b-submod-0-latency-25.cdgp
1704042785880458180,1704042787431774557,200,http://172.169.8.253:31112/function/opt-66b-submod-0-latency-25.cdgp
1704042785880530290,1704042795133487941,500,http://172.169.8.253:31112/function/opt-66b-submod-0-latency-25.cdgp
1704042785880552431,1704042788514851136,200,http://172.169.8.253:31112/function/opt-66b-submod-0-latency-25.cdgp
1704042785880610924,1704042788849139587,200,http://172.169.8.253:31112/function/opt-66b-submod-0-latency-25.cdgp
1704042786037341260,1704042795142167208,500,http://172.169.8.253:31112/function/opt-66b-submod-0-latency-25.cdgp
1704042786037431027,1704042795286760624,500,http://172.169.8.253:31112/function/opt-66b-submod-0-latency-25.cdgp
1704042786037517177,1704042795287874756,500,http://172.169.8.253:31112/function/opt-66b-submod-0-latency-25.cdgp
1704042786037576306,1704042787907075759,200,http://172.169.8.253:31112/function/opt-66b-submod-0-latency-25.cdgp
1704042786037640833,1704042795136242502,500,http://172.169.8.253:31112/function/opt-66b-submod-0-latency-25.cdgp
1704042786037700868,1704042795738844383,500,http://172.169.8.253:31112/function/opt-66b-submod-0-latency-25.cdgp
1704042786037770116,1704042788275919099,200,http://172.169.8.253:31112/function/opt-66b-submod-0-latency-25.cdgp
1704042786037812267,1704042795383882420,504,http://172.169.8.253:31112/function/opt-66b-submod-0-latency-25.cdgp
1704042786037876690,1704042788035443970,200,http://172.169.8.253:31112/function/opt-66b-submod-0-latency-25.cdgp
1704042786037942911,1704042787904405549,200,http://172.169.8.253:31112/function/opt-66b-submod-0-latency-25.cdgp
1704042786037999553,1704042795102915883,500,http://172.169.8.253:31112/function/opt-66b-submod-0-latency-25.cdgp
1704042786038034490,1704042787900193027,200,http://172.169.8.253:31112/function/opt-66b-submod-0-latency-25.cdgp
1704042786038105786,1704042787357242715,200,http://172.169.8.253:31112/function/opt-66b-submod-0-latency-25.cdgp
1704042786038182951,1704042795283049020,504,http://172.169.8.253:31112/function/opt-66b-submod-0-latency-25.cdgp
1704042786040221946,1704042788049720542,200,http://172.169.8.253:31112/function/opt-66b-submod-0-latency-25.cdgp
1704042786040541646,1704042795480171261,500,http://172.169.8.253:31112/function/opt-66b-submod-0-latency-25.cdgp
1704042786040641803,1704042795284901834,500,http://172.169.8.253:31112/function/opt-66b-submod-0-latency-25.cdgp
1704042786040748381,1704042788692902090,200,http://172.169.8.253:31112/function/opt-66b-submod-0-latency-25.cdgp
1704042786040859037,1704042796041622898,500,http://172.169.8.253:31112/function/opt-66b-submod-0-latency-25.cdgp
1704042786040936548,1704042788443149780,200,http://172.169.8.253:31112/function/opt-66b-submod-0-latency-25.cdgp
1704042786041064690,1704042795739176594,500,http://172.169.8.253:31112/function/opt-66b-submod-0-latency-25.cdgp
1704042786041145102,1704042788001723593,200,http://172.169.8.253:31112/function/opt-66b-submod-0-latency-25.cdgp
1704042786041210669,1704042795435243523,500,http://172.169.8.253:31112/function/opt-66b-submod-0-latency-25.cdgp
1704042786041308587,1704042788522217511,200,http://172.169.8.253:31112/function/opt-66b-submod-0-latency-25.cdgp
1704042786043214096,1704042788517138604,200,http://172.169.8.253:31112/function/opt-66b-submod-0-latency-25.cdgp
1704042786043291843,1704042788474671538,200,http://172.169.8.253:31112/function/opt-66b-submod-0-latency-25.cdgp
1704042786043427017,1704042788154671842,200,http://172.169.8.253:31112/function/opt-66b-submod-0-latency-25.cdgp
1704042786043529104,1704042795554699364,500,http://172.169.8.253:31112/function/opt-66b-submod-0-latency-25.cdgp
1704042786050279115,1704042795740746637,500,http://172.169.8.253:31112/function/opt-66b-submod-0-latency-25.cdgp
1704042786050371221,1704042795772122347,500,http://172.169.8.253:31112/function/opt-66b-submod-0-latency-25.cdgp
1704042786050460337,1704042795552685068,500,http://172.169.8.253:31112/function/opt-66b-submod-0-latency-25.cdgp
1704042786050538844,1704042788807118219,200,http://172.169.8.253:31112/function/opt-66b-submod-0-latency-25.cdgp
1704042786050607410,1704042788800110864,200,http://172.169.8.253:31112/function/opt-66b-submod-0-latency-25.cdgp
1704042786050704923,1704042796052121377,500,http://172.169.8.253:31112/function/opt-66b-submod-0-latency-25.cdgp
1704042786050798977,1704042795596373108,500,http://172.169.8.253:31112/function/opt-66b-submod-0-latency-25.cdgp
1704042786050871687,1704042788186664813,200,http://172.169.8.253:31112/function/opt-66b-submod-0-latency-25.cdgp
1704042786050935387,1704042795571700569,500,http://172.169.8.253:31112/function/opt-66b-submod-0-latency-25.cdgp
1704042786051017961,1704042795594133365,500,http://172.169.8.253:31112/function/opt-66b-submod-0-latency-25.cdgp
1704042786051100667,1704042796052095565,500,http://172.169.8.253:31112/function/opt-66b-submod-0-latency-25.cdgp
1704042786051162595,1704042796052093658,500,http://172.169.8.253:31112/function/opt-66b-submod-0-latency-25.cdgp
1704042786051247153,1704042795591650965,500,http://172.169.8.253:31112/function/opt-66b-submod-0-latency-25.cdgp
1704042786051328227,1704042795568968787,500,http://172.169.8.253:31112/function/opt-66b-submod-0-latency-25.cdgp
1704042786051409553,1704042795736772599,500,http://172.169.8.253:31112/function/opt-66b-submod-0-latency-25.cdgp
1704042786051488086,1704042796052134282,500,http://172.169.8.253:31112/function/opt-66b-submod-0-latency-25.cdgp
1704042786064896498,1704042788752831988,200,http://172.169.8.253:31112/function/opt-66b-submod-0-latency-25.cdgp
1704042786064977583,1704042795734737829,500,http://172.169.8.253:31112/function/opt-66b-submod-0-latency-25.cdgp
1704042786065064382,1704042788163473903,200,http://172.169.8.253:31112/function/opt-66b-submod-0-latency-25.cdgp
1704042786065124264,1704042789039599799,200,http://172.169.8.253:31112/function/opt-66b-submod-0-latency-25.cdgp
1704042786065194503,1704042788730047895,200,http://172.169.8.253:31112/function/opt-66b-submod-0-latency-25.cdgp
1704042786065223089,1704042788983964697,200,http://172.169.8.253:31112/function/opt-66b-submod-0-latency-25.cdgp
1704042786065328135,1704042795595918672,500,http://172.169.8.253:31112/function/opt-66b-submod-0-latency-25.cdgp
1704042786065383423,1704042796066263435,500,http://172.169.8.253:31112/function/opt-66b-submod-0-latency-25.cdgp
1704042786065451602,1704042788896849618,200,http://172.169.8.253:31112/function/opt-66b-submod-0-latency-25.cdgp
1704042786065523082,1704042788781015142,200,http://172.169.8.253:31112/function/opt-66b-submod-0-latency-25.cdgp
1704042786065597173,1704042788389672740,200,http://172.169.8.253:31112/function/opt-66b-submod-0-latency-25.cdgp
1704042787182418170,1704042796335577296,500,http://172.169.8.253:31112/function/opt-66b-submod-0-latency-25.cdgp
1704042787182532550,1704042796495817015,500,http://172.169.8.253:31112/function/opt-66b-submod-0-latency-25.cdgp
1704042787187524177,1704042788472801444,200,http://172.169.8.253:31112/function/opt-66b-submod-0-latency-25.cdgp
1704042787187685630,1704042796453241256,500,http://172.169.8.253:31112/function/opt-66b-submod-0-latency-25.cdgp
1704042787189229960,1704042788817250696,200,http://172.169.8.253:31112/function/opt-66b-submod-0-latency-25.cdgp
1704042787189323874,1704042796245716315,500,http://172.169.8.253:31112/function/opt-66b-submod-0-latency-25.cdgp
1704042787189407924,1704042796293628410,500,http://172.169.8.253:31112/function/opt-66b-submod-0-latency-25.cdgp
1704042787189470822,1704042789035652254,200,http://172.169.8.253:31112/function/opt-66b-submod-0-latency-25.cdgp
1704042787189508073,1704042789138670491,200,http://172.169.8.253:31112/function/opt-66b-submod-0-latency-25.cdgp
1704042787414142034,1704042789146422408,200,http://172.169.8.253:31112/function/opt-66b-submod-0-latency-25.cdgp
1704042787414231101,1704042789190661491,200,http://172.169.8.253:31112/function/opt-66b-submod-0-latency-25.cdgp
1704042787414379758,1704042796969310418,500,http://172.169.8.253:31112/function/opt-66b-submod-0-latency-25.cdgp
1704042787414444172,1704042796672512761,500,http://172.169.8.253:31112/function/opt-66b-submod-0-latency-25.cdgp
1704042787414499260,1704042789451204674,200,http://172.169.8.253:31112/function/opt-66b-submod-0-latency-25.cdgp
1704042787414562947,1704042796969313943,500,http://172.169.8.253:31112/function/opt-66b-submod-0-latency-25.cdgp
1704042787414629782,1704042796670607781,500,http://172.169.8.253:31112/function/opt-66b-submod-0-latency-25.cdgp
1704042787414709346,1704042789290923193,200,http://172.169.8.253:31112/function/opt-66b-submod-0-latency-25.cdgp
1704042787414834677,1704042788843835828,200,http://172.169.8.253:31112/function/opt-66b-submod-0-latency-25.cdgp
1704042787414895926,1704042796969317790,500,http://172.169.8.253:31112/function/opt-66b-submod-0-latency-25.cdgp
1704042787550293683,1704042789295164318,200,http://172.169.8.253:31112/function/opt-66b-submod-0-latency-25.cdgp
1704042787550370786,1704042796969099379,500,http://172.169.8.253:31112/function/opt-66b-submod-0-latency-25.cdgp
1704042787550522398,1704042788998235613,200,http://172.169.8.253:31112/function/opt-66b-submod-0-latency-25.cdgp
1704042787550587975,1704042788909153520,200,http://172.169.8.253:31112/function/opt-66b-submod-0-latency-25.cdgp
1704042787550638021,1704042789262927229,200,http://172.169.8.253:31112/function/opt-66b-submod-0-latency-25.cdgp
1704042787550735049,1704042788867678956,200,http://172.169.8.253:31112/function/opt-66b-submod-0-latency-25.cdgp
1704042787550763379,1704042789502246494,200,http://172.169.8.253:31112/function/opt-66b-submod-0-latency-25.cdgp
1704042787550853906,1704042797268420835,500,http://172.169.8.253:31112/function/opt-66b-submod-0-latency-25.cdgp
1704042787550933382,1704042796971964523,500,http://172.169.8.253:31112/function/opt-66b-submod-0-latency-25.cdgp
1704042787551038190,1704042789467290828,200,http://172.169.8.253:31112/function/opt-66b-submod-0-latency-25.cdgp
1704042787551166715,1704042797268509871,500,http://172.169.8.253:31112/function/opt-66b-submod-0-latency-25.cdgp
1704042787551239546,1704042797148503283,500,http://172.169.8.253:31112/function/opt-66b-submod-0-latency-25.cdgp
1704042787551350210,1704042797154394054,500,http://172.169.8.253:31112/function/opt-66b-submod-0-latency-25.cdgp
1704042787551437288,1704042797154333837,500,http://172.169.8.253:31112/function/opt-66b-submod-0-latency-25.cdgp
1704042787551462159,1704042788969005439,200,http://172.169.8.253:31112/function/opt-66b-submod-0-latency-25.cdgp
1704042787551565698,1704042789423092107,200,http://172.169.8.253:31112/function/opt-66b-submod-0-latency-25.cdgp
1704042787554267794,1704042797148459962,500,http://172.169.8.253:31112/function/opt-66b-submod-0-latency-25.cdgp
1704042787554351174,1704042789130645056,200,http://172.169.8.253:31112/function/opt-66b-submod-0-latency-25.cdgp
1704042787554425119,1704042797268323781,500,http://172.169.8.253:31112/function/opt-66b-submod-0-latency-25.cdgp
1704042787554493547,1704042796972686850,500,http://172.169.8.253:31112/function/opt-66b-submod-0-latency-25.cdgp
1704042787554594325,1704042789030091691,200,http://172.169.8.253:31112/function/opt-66b-submod-0-latency-25.cdgp
1704042787554671871,1704042796972835423,500,http://172.169.8.253:31112/function/opt-66b-submod-0-latency-25.cdgp
1704042787554749106,1704042789188013032,200,http://172.169.8.253:31112/function/opt-66b-submod-0-latency-25.cdgp
1704042787554833841,1704042788817824263,200,http://172.169.8.253:31112/function/opt-66b-submod-0-latency-25.cdgp
1704042791016792122,1704042791983753788,200,http://172.169.8.253:31112/function/opt-66b-submod-0-latency-25.cdgp
1704042791016941894,1704042800410790466,500,http://172.169.8.253:31112/function/opt-66b-submod-0-latency-25.cdgp
1704042791017025638,1704042800419742614,500,http://172.169.8.253:31112/function/opt-66b-submod-0-latency-25.cdgp
1704042791017102636,1704042791899329220,200,http://172.169.8.253:31112/function/opt-66b-submod-0-latency-25.cdgp
1704042791017201293,1704042800396064558,500,http://172.169.8.253:31112/function/opt-66b-submod-0-latency-25.cdgp
1704042791017308164,1704042800271646837,500,http://172.169.8.253:31112/function/opt-66b-submod-0-latency-25.cdgp
1704042791017385595,1704042800073626511,500,http://172.169.8.253:31112/function/opt-66b-submod-0-latency-25.cdgp
1704042791017501107,1704042800377883353,500,http://172.169.8.253:31112/function/opt-66b-submod-0-latency-25.cdgp
1704042791017571343,1704042792357860381,200,http://172.169.8.253:31112/function/opt-66b-submod-0-latency-25.cdgp
1704042791017626658,1704042792578459317,200,http://172.169.8.253:31112/function/opt-66b-submod-0-latency-25.cdgp
1704042791017652295,1704042792576563930,200,http://172.169.8.253:31112/function/opt-66b-submod-0-latency-25.cdgp
1704042791017703042,1704042792457848030,200,http://172.169.8.253:31112/function/opt-66b-submod-0-latency-25.cdgp
1704042791151823596,1704042792328762954,200,http://172.169.8.253:31112/function/opt-66b-submod-0-latency-25.cdgp
1704042791151949252,1704042800081407869,500,http://172.169.8.253:31112/function/opt-66b-submod-0-latency-25.cdgp
1704042791152102593,1704042800446737983,500,http://172.169.8.253:31112/function/opt-66b-submod-0-latency-25.cdgp
1704042791152166682,1704042792393027869,200,http://172.169.8.253:31112/function/opt-66b-submod-0-latency-25.cdgp
1704042791152191247,1704042800122493536,500,http://172.169.8.253:31112/function/opt-66b-submod-0-latency-25.cdgp
1704042791152292180,1704042800444389312,500,http://172.169.8.253:31112/function/opt-66b-submod-0-latency-25.cdgp
1704042791152338589,1704042800131106603,500,http://172.169.8.253:31112/function/opt-66b-submod-0-latency-25.cdgp
1704042791152416460,1704042800100084103,500,http://172.169.8.253:31112/function/opt-66b-submod-0-latency-25.cdgp
1704042791152563145,1704042792781932807,200,http://172.169.8.253:31112/function/opt-66b-submod-0-latency-25.cdgp
1704042791152662474,1704042792014587073,200,http://172.169.8.253:31112/function/opt-66b-submod-0-latency-25.cdgp
1704042791153798591,1704042792428298628,200,http://172.169.8.253:31112/function/opt-66b-submod-0-latency-25.cdgp
1704042791161268224,1704042792944061261,200,http://172.169.8.253:31112/function/opt-66b-submod-0-latency-25.cdgp
1704042791161381326,1704042800174267863,500,http://172.169.8.253:31112/function/opt-66b-submod-0-latency-25.cdgp
1704042791211424075,1704042792823593713,200,http://172.169.8.253:31112/function/opt-66b-submod-0-latency-25.cdgp
1704042791211544866,1704042800273479800,500,http://172.169.8.253:31112/function/opt-66b-submod-0-latency-25.cdgp
1704042791211609266,1704042800587698213,500,http://172.169.8.253:31112/function/opt-66b-submod-0-latency-25.cdgp
1704042791213096294,1704042800691673395,500,http://172.169.8.253:31112/function/opt-66b-submod-0-latency-25.cdgp
1704042791213165561,1704042792773176286,200,http://172.169.8.253:31112/function/opt-66b-submod-0-latency-25.cdgp
1704042791213197331,1704042792575301312,200,http://172.169.8.253:31112/function/opt-66b-submod-0-latency-25.cdgp
1704042791213274853,1704042793208019669,200,http://172.169.8.253:31112/function/opt-66b-submod-0-latency-25.cdgp
1704042791213346623,1704042793409121575,200,http://172.169.8.253:31112/function/opt-66b-submod-0-latency-25.cdgp
1704042791213405483,1704042792235883835,200,http://172.169.8.253:31112/function/opt-66b-submod-0-latency-25.cdgp
1704042791397235484,1704042792774830458,200,http://172.169.8.253:31112/function/opt-66b-submod-0-latency-25.cdgp
1704042791397353575,1704042801266911859,500,http://172.169.8.253:31112/function/opt-66b-submod-0-latency-25.cdgp
1704042791397466294,1704042793137254784,200,http://172.169.8.253:31112/function/opt-66b-submod-0-latency-25.cdgp
1704042791397534052,1704042801266894938,500,http://172.169.8.253:31112/function/opt-66b-submod-0-latency-25.cdgp
1704042791397598365,1704042793246316759,200,http://172.169.8.253:31112/function/opt-66b-submod-0-latency-25.cdgp
1704042791397656981,1704042792780792596,200,http://172.169.8.253:31112/function/opt-66b-submod-0-latency-25.cdgp
1704042791397703697,1704042792939564727,200,http://172.169.8.253:31112/function/opt-66b-submod-0-latency-25.cdgp
1704042791397794822,1704042800955796355,500,http://172.169.8.253:31112/function/opt-66b-submod-0-latency-25.cdgp
1704042791397885066,1704042800501668539,500,http://172.169.8.253:31112/function/opt-66b-submod-0-latency-25.cdgp
1704042791397961117,1704042800955771302,500,http://172.169.8.253:31112/function/opt-66b-submod-0-latency-25.cdgp
1704042791398038824,1704042801287750831,500,http://172.169.8.253:31112/function/opt-66b-submod-0-latency-25.cdgp
1704042791398093413,1704042792814606913,200,http://172.169.8.253:31112/function/opt-66b-submod-0-latency-25.cdgp
1704042791398171243,1704042801287514864,500,http://172.169.8.253:31112/function/opt-66b-submod-0-latency-25.cdgp
1704042791398227415,1704042793208769658,200,http://172.169.8.253:31112/function/opt-66b-submod-0-latency-25.cdgp
1704042791398314429,1704042801290645105,500,http://172.169.8.253:31112/function/opt-66b-submod-0-latency-25.cdgp
1704042791398426502,1704042801287785714,500,http://172.169.8.253:31112/function/opt-66b-submod-0-latency-25.cdgp
1704042791405364999,1704042801267328370,500,http://172.169.8.253:31112/function/opt-66b-submod-0-latency-25.cdgp
1704042791405524599,1704042801287423984,500,http://172.169.8.253:31112/function/opt-66b-submod-0-latency-25.cdgp
1704042791405658438,1704042800859229624,500,http://172.169.8.253:31112/function/opt-66b-submod-0-latency-25.cdgp
1704042791405755495,1704042801267839776,500,http://172.169.8.253:31112/function/opt-66b-submod-0-latency-25.cdgp
1704042791405822230,1704042793295333925,200,http://172.169.8.253:31112/function/opt-66b-submod-0-latency-25.cdgp
1704042791405903045,1704042801129749441,500,http://172.169.8.253:31112/function/opt-66b-submod-0-latency-25.cdgp
1704042791405989992,1704042800987541756,500,http://172.169.8.253:31112/function/opt-66b-submod-0-latency-25.cdgp
1704042791406076388,1704042800859414114,500,http://172.169.8.253:31112/function/opt-66b-submod-0-latency-25.cdgp
1704042791406174952,1704042793462869008,200,http://172.169.8.253:31112/function/opt-66b-submod-0-latency-25.cdgp
1704042791406252485,1704042793125813245,200,http://172.169.8.253:31112/function/opt-66b-submod-0-latency-25.cdgp
1704042791406345427,1704042801290638078,500,http://172.169.8.253:31112/function/opt-66b-submod-0-latency-25.cdgp
1704042791406410664,1704042793098174596,200,http://172.169.8.253:31112/function/opt-66b-submod-0-latency-25.cdgp
1704042791406516588,1704042800859024006,500,http://172.169.8.253:31112/function/opt-66b-submod-0-latency-25.cdgp
1704042791406617089,1704042793352397030,200,http://172.169.8.253:31112/function/opt-66b-submod-0-latency-25.cdgp
1704042791406705306,1704042793329387635,200,http://172.169.8.253:31112/function/opt-66b-submod-0-latency-25.cdgp
1704042791406755544,1704042793013351456,200,http://172.169.8.253:31112/function/opt-66b-submod-0-latency-25.cdgp
1704042791406812324,1704042801286984887,500,http://172.169.8.253:31112/function/opt-66b-submod-0-latency-25.cdgp
1704042791406918080,1704042801270282528,500,http://172.169.8.253:31112/function/opt-66b-submod-0-latency-25.cdgp
1704042791418631341,1704042801290501613,500,http://172.169.8.253:31112/function/opt-66b-submod-0-latency-25.cdgp
1704042791418717856,1704042801167583110,500,http://172.169.8.253:31112/function/opt-66b-submod-0-latency-25.cdgp
1704042791418803045,1704042801286507780,500,http://172.169.8.253:31112/function/opt-66b-submod-0-latency-25.cdgp
1704042791418877804,1704042793088304571,200,http://172.169.8.253:31112/function/opt-66b-submod-0-latency-25.cdgp
1704042791420008157,1704042793562341987,200,http://172.169.8.253:31112/function/opt-66b-submod-0-latency-25.cdgp
1704042791420101076,1704042801287764808,500,http://172.169.8.253:31112/function/opt-66b-submod-0-latency-25.cdgp
1704042791420203214,1704042793353989777,200,http://172.169.8.253:31112/function/opt-66b-submod-0-latency-25.cdgp
1704042791420275965,1704042801129630921,500,http://172.169.8.253:31112/function/opt-66b-submod-0-latency-25.cdgp
1704042791420333786,1704042801125967498,500,http://172.169.8.253:31112/function/opt-66b-submod-0-latency-25.cdgp
1704042791420434399,1704042801286886271,500,http://172.169.8.253:31112/function/opt-66b-submod-0-latency-25.cdgp
1704042791420504038,1704042801215672638,500,http://172.169.8.253:31112/function/opt-66b-submod-0-latency-25.cdgp
1704042793777270437,1704042795140461526,200,http://172.169.8.253:31112/function/opt-66b-submod-0-latency-25.cdgp
1704042793777396097,1704042803003784681,500,http://172.169.8.253:31112/function/opt-66b-submod-0-latency-25.cdgp
1704042793777426530,1704042802841985978,500,http://172.169.8.253:31112/function/opt-66b-submod-0-latency-25.cdgp
1704042793777511215,1704042803282016268,500,http://172.169.8.253:31112/function/opt-66b-submod-0-latency-25.cdgp
1704042793777575169,1704042794631667260,200,http://172.169.8.253:31112/function/opt-66b-submod-0-latency-25.cdgp
1704042793777665950,1704042795094980599,200,http://172.169.8.253:31112/function/opt-66b-submod-0-latency-25.cdgp
1704042793777690295,1704042794969341904,200,http://172.169.8.253:31112/function/opt-66b-submod-0-latency-25.cdgp
1704042793777806596,1704042794631121293,200,http://172.169.8.253:31112/function/opt-66b-submod-0-latency-25.cdgp
1704042793777867248,1704042802968105830,500,http://172.169.8.253:31112/function/opt-66b-submod-0-latency-25.cdgp
1704042793856525563,1704042795327871501,200,http://172.169.8.253:31112/function/opt-66b-submod-0-latency-25.cdgp
1704042793856610095,1704042803857680525,500,http://172.169.8.253:31112/function/opt-66b-submod-0-latency-25.cdgp
1704042793856674325,1704042795430799706,200,http://172.169.8.253:31112/function/opt-66b-submod-0-latency-25.cdgp
1704042793856760348,1704042795096614071,200,http://172.169.8.253:31112/function/opt-66b-submod-0-latency-25.cdgp
1704042793856864862,1704042803857688470,500,http://172.169.8.253:31112/function/opt-66b-submod-0-latency-25.cdgp
1704042793856931498,1704042802969741400,500,http://172.169.8.253:31112/function/opt-66b-submod-0-latency-25.cdgp
1704042793856964178,1704042795091724241,200,http://172.169.8.253:31112/function/opt-66b-submod-0-latency-25.cdgp
1704042793857065062,1704042803281624266,500,http://172.169.8.253:31112/function/opt-66b-submod-0-latency-25.cdgp
1704042793857159561,1704042795108286504,200,http://172.169.8.253:31112/function/opt-66b-submod-0-latency-25.cdgp
1704042793857252178,1704042803592831568,500,http://172.169.8.253:31112/function/opt-66b-submod-0-latency-25.cdgp
1704042793857308915,1704042795285037216,200,http://172.169.8.253:31112/function/opt-66b-submod-0-latency-25.cdgp
1704042793857387809,1704042795453139933,200,http://172.169.8.253:31112/function/opt-66b-submod-0-latency-25.cdgp
1704042793857453373,1704042803174107590,500,http://172.169.8.253:31112/function/opt-66b-submod-0-latency-25.cdgp
1704042793857490908,1704042803282101767,500,http://172.169.8.253:31112/function/opt-66b-submod-0-latency-25.cdgp
1704042793857571631,1704042795280776513,200,http://172.169.8.253:31112/function/opt-66b-submod-0-latency-25.cdgp
1704042793857626479,1704042803456633061,500,http://172.169.8.253:31112/function/opt-66b-submod-0-latency-25.cdgp
1704042793857659925,1704042795384296276,200,http://172.169.8.253:31112/function/opt-66b-submod-0-latency-25.cdgp
1704042793857714971,1704042803459332121,500,http://172.169.8.253:31112/function/opt-66b-submod-0-latency-25.cdgp
1704042793857758388,1704042803281587407,500,http://172.169.8.253:31112/function/opt-66b-submod-0-latency-25.cdgp
1704042793857780755,1704042803588184970,500,http://172.169.8.253:31112/function/opt-66b-submod-0-latency-25.cdgp
1704042793857853371,1704042803459616239,500,http://172.169.8.253:31112/function/opt-66b-submod-0-latency-25.cdgp
1704042793857931548,1704042803174707911,500,http://172.169.8.253:31112/function/opt-66b-submod-0-latency-25.cdgp
1704042793947743899,1704042803946509960,500,http://172.169.8.253:31112/function/opt-66b-submod-0-latency-25.cdgp
1704042793947835955,1704042795281161240,200,http://172.169.8.253:31112/function/opt-66b-submod-0-latency-25.cdgp
1704042793947926298,1704042797154254158,200,http://172.169.8.253:31112/function/opt-66b-submod-0-latency-25.cdgp
1704042793947992084,1704042803948457271,500,http://172.169.8.253:31112/function/opt-66b-submod-0-latency-25.cdgp
1704042793948055649,1704042795634265756,200,http://172.169.8.253:31112/function/opt-66b-submod-0-latency-25.cdgp
1704042793948079148,1704042797160131701,200,http://172.169.8.253:31112/function/opt-66b-submod-0-latency-25.cdgp
1704042793948156685,1704042795795391623,200,http://172.169.8.253:31112/function/opt-66b-submod-0-latency-25.cdgp
1704042793948244122,1704042803948449165,500,http://172.169.8.253:31112/function/opt-66b-submod-0-latency-25.cdgp
1704042793948314552,1704042803637673506,500,http://172.169.8.253:31112/function/opt-66b-submod-0-latency-25.cdgp
1704042793948372843,1704042803947163235,500,http://172.169.8.253:31112/function/opt-66b-submod-0-latency-25.cdgp
1704042793948410710,1704042797147953696,200,http://172.169.8.253:31112/function/opt-66b-submod-0-latency-25.cdgp
1704042793948470629,1704042795708576504,200,http://172.169.8.253:31112/function/opt-66b-submod-0-latency-25.cdgp
1704042793948548832,1704042803701386890,500,http://172.169.8.253:31112/function/opt-66b-submod-0-latency-25.cdgp
1704042793948621795,1704042803942606262,500,http://172.169.8.253:31112/function/opt-66b-submod-0-latency-25.cdgp
1704042793948651462,1704042797786737275,200,http://172.169.8.253:31112/function/opt-66b-submod-0-latency-25.cdgp
1704042793948746758,1704042796203149348,200,http://172.169.8.253:31112/function/opt-66b-submod-0-latency-25.cdgp
1704042793948786663,1704042796013233643,200,http://172.169.8.253:31112/function/opt-66b-submod-0-latency-25.cdgp
1704042793948876814,1704042796210369723,200,http://172.169.8.253:31112/function/opt-66b-submod-0-latency-25.cdgp
1704042793948955697,1704042797146418759,200,http://172.169.8.253:31112/function/opt-66b-submod-0-latency-25.cdgp
1704042793949028976,1704042797785947689,200,http://172.169.8.253:31112/function/opt-66b-submod-0-latency-25.cdgp
1704042793949102560,1704042803940667562,500,http://172.169.8.253:31112/function/opt-66b-submod-0-latency-25.cdgp
1704042793950812313,1704042803703390200,500,http://172.169.8.253:31112/function/opt-66b-submod-0-latency-25.cdgp
1704042793950906642,1704042796214207217,200,http://172.169.8.253:31112/function/opt-66b-submod-0-latency-25.cdgp
1704042793950990552,1704042803951749442,500,http://172.169.8.253:31112/function/opt-66b-submod-0-latency-25.cdgp
1704042793952277570,1704042803702755971,500,http://172.169.8.253:31112/function/opt-66b-submod-0-latency-25.cdgp
1704042793952371117,1704042796207784476,200,http://172.169.8.253:31112/function/opt-66b-submod-0-latency-25.cdgp
1704042793952441880,1704042795707116402,200,http://172.169.8.253:31112/function/opt-66b-submod-0-latency-25.cdgp
1704042793952522340,1704042803952878361,500,http://172.169.8.253:31112/function/opt-66b-submod-0-latency-25.cdgp
1704042793952606024,1704042796453046197,200,http://172.169.8.253:31112/function/opt-66b-submod-0-latency-25.cdgp
1704042793954282907,1704042803955419988,500,http://172.169.8.253:31112/function/opt-66b-submod-0-latency-25.cdgp
1704042793954372639,1704042803942671861,500,http://172.169.8.253:31112/function/opt-66b-submod-0-latency-25.cdgp
1704042793954495314,1704042803955037099,500,http://172.169.8.253:31112/function/opt-66b-submod-0-latency-25.cdgp
1704042793954537783,1704042796203419857,200,http://172.169.8.253:31112/function/opt-66b-submod-0-latency-25.cdgp
1704042793954620015,1704042803955424409,500,http://172.169.8.253:31112/function/opt-66b-submod-0-latency-25.cdgp
1704042793954695107,1704042796453123598,200,http://172.169.8.253:31112/function/opt-66b-submod-0-latency-25.cdgp
1704042793954753922,1704042797148222341,200,http://172.169.8.253:31112/function/opt-66b-submod-0-latency-25.cdgp
1704042793954836656,1704042796207842900,200,http://172.169.8.253:31112/function/opt-66b-submod-0-latency-25.cdgp
1704042793954898484,1704042803955434602,500,http://172.169.8.253:31112/function/opt-66b-submod-0-latency-25.cdgp
1704042793954953700,1704042796203475303,200,http://172.169.8.253:31112/function/opt-66b-submod-0-latency-25.cdgp
1704042793955062624,1704042803955422795,500,http://172.169.8.253:31112/function/opt-66b-submod-0-latency-25.cdgp
1704042793955155683,1704042803955446472,500,http://172.169.8.253:31112/function/opt-66b-submod-0-latency-25.cdgp
1704042793955257659,1704042803943010297,500,http://172.169.8.253:31112/function/opt-66b-submod-0-latency-25.cdgp
1704042793955346678,1704042803703746072,500,http://172.169.8.253:31112/function/opt-66b-submod-0-latency-25.cdgp
1704042793955448672,1704042797146790441,200,http://172.169.8.253:31112/function/opt-66b-submod-0-latency-25.cdgp
1704042793955617284,1704042803956538066,500,http://172.169.8.253:31112/function/opt-66b-submod-0-latency-25.cdgp
1704042793955672812,1704042797148043241,200,http://172.169.8.253:31112/function/opt-66b-submod-0-latency-25.cdgp
1704042793955758369,1704042803956525445,500,http://172.169.8.253:31112/function/opt-66b-submod-0-latency-25.cdgp
1704042793955844337,1704042796209867533,200,http://172.169.8.253:31112/function/opt-66b-submod-0-latency-25.cdgp
1704042793955920304,1704042803637199024,500,http://172.169.8.253:31112/function/opt-66b-submod-0-latency-25.cdgp
1704042793956011530,1704042803956506527,500,http://172.169.8.253:31112/function/opt-66b-submod-0-latency-25.cdgp
1704042793956105528,1704042797785663819,200,http://172.169.8.253:31112/function/opt-66b-submod-0-latency-25.cdgp
1704042793956185136,1704042803956510466,500,http://172.169.8.253:31112/function/opt-66b-submod-0-latency-25.cdgp
1704042793956264996,1704042803956532781,500,http://172.169.8.253:31112/function/opt-66b-submod-0-latency-25.cdgp
1704042793956387292,1704042797153113333,200,http://172.169.8.253:31112/function/opt-66b-submod-0-latency-25.cdgp
1704042793956480231,1704042796477605736,200,http://172.169.8.253:31112/function/opt-66b-submod-0-latency-25.cdgp
1704042793956552595,1704042803704572095,500,http://172.169.8.253:31112/function/opt-66b-submod-0-latency-25.cdgp
1704042793956592506,1704042796477311589,200,http://172.169.8.253:31112/function/opt-66b-submod-0-latency-25.cdgp
1704042793956684114,1704042803957675699,500,http://172.169.8.253:31112/function/opt-66b-submod-0-latency-25.cdgp
1704042793956758617,1704042803957664696,500,http://172.169.8.253:31112/function/opt-66b-submod-0-latency-25.cdgp
1704042793956865510,1704042796206777192,200,http://172.169.8.253:31112/function/opt-66b-submod-0-latency-25.cdgp
1704042793956984925,1704042797148054136,200,http://172.169.8.253:31112/function/opt-66b-submod-0-latency-25.cdgp
1704042793957080628,1704042795874768064,200,http://172.169.8.253:31112/function/opt-66b-submod-0-latency-25.cdgp
1704042793957167034,1704042803957680927,500,http://172.169.8.253:31112/function/opt-66b-submod-0-latency-25.cdgp
1704042793959544123,1704042803942739761,500,http://172.169.8.253:31112/function/opt-66b-submod-0-latency-25.cdgp
1704042793959641210,1704042803959904407,500,http://172.169.8.253:31112/function/opt-66b-submod-0-latency-25.cdgp
1704042793959730046,1704042797146629623,200,http://172.169.8.253:31112/function/opt-66b-submod-0-latency-25.cdgp
1704042793959814807,1704042797146546101,200,http://172.169.8.253:31112/function/opt-66b-submod-0-latency-25.cdgp
1704042793959919665,1704042803702619069,500,http://172.169.8.253:31112/function/opt-66b-submod-0-latency-25.cdgp
1704042793960011375,1704042803961032194,500,http://172.169.8.253:31112/function/opt-66b-submod-0-latency-25.cdgp
1704042793960106193,1704042796214220834,200,http://172.169.8.253:31112/function/opt-66b-submod-0-latency-25.cdgp
1704042793961662125,1704042803962187491,500,http://172.169.8.253:31112/function/opt-66b-submod-0-latency-25.cdgp
1704042793961764025,1704042797786102384,200,http://172.169.8.253:31112/function/opt-66b-submod-0-latency-25.cdgp
1704042793961829228,1704042803962195813,500,http://172.169.8.253:31112/function/opt-66b-submod-0-latency-25.cdgp
1704042793961899909,1704042797147404456,200,http://172.169.8.253:31112/function/opt-66b-submod-0-latency-25.cdgp
1704042793961981665,1704042803703734909,500,http://172.169.8.253:31112/function/opt-66b-submod-0-latency-25.cdgp
1704042793962047351,1704042797152536953,200,http://172.169.8.253:31112/function/opt-66b-submod-0-latency-25.cdgp
1704042793962449141,1704042797154780581,200,http://172.169.8.253:31112/function/opt-66b-submod-0-latency-25.cdgp
1704042793962542531,1704042803963281592,500,http://172.169.8.253:31112/function/opt-66b-submod-0-latency-25.cdgp
1704042793962583041,1704042803963282475,500,http://172.169.8.253:31112/function/opt-66b-submod-0-latency-25.cdgp
1704042795646010991,1704042804803590535,500,http://172.169.8.253:31112/function/opt-66b-submod-0-latency-25.cdgp
1704042795646103423,1704042804998353116,500,http://172.169.8.253:31112/function/opt-66b-submod-0-latency-25.cdgp
1704042795646253916,1704042797268413497,200,http://172.169.8.253:31112/function/opt-66b-submod-0-latency-25.cdgp
1704042795646371185,1704042797784871815,200,http://172.169.8.253:31112/function/opt-66b-submod-0-latency-25.cdgp
1704042795774287990,1704042797523843370,200,http://172.169.8.253:31112/function/opt-66b-submod-0-latency-25.cdgp
1704042795774369909,1704042805244464592,500,http://172.169.8.253:31112/function/opt-66b-submod-0-latency-25.cdgp
1704042795774455867,1704042797496038056,200,http://172.169.8.253:31112/function/opt-66b-submod-0-latency-25.cdgp
1704042795774516307,1704042805584632340,500,http://172.169.8.253:31112/function/opt-66b-submod-0-latency-25.cdgp
1704042795774580819,1704042797227590863,200,http://172.169.8.253:31112/function/opt-66b-submod-0-latency-25.cdgp
1704042795774641680,1704042797495752308,200,http://172.169.8.253:31112/function/opt-66b-submod-0-latency-25.cdgp
1704042795777803417,1704042798701786274,200,http://172.169.8.253:31112/function/opt-66b-submod-0-latency-25.cdgp
1704042795777880479,1704042798648977448,200,http://172.169.8.253:31112/function/opt-66b-submod-0-latency-25.cdgp
1704042795777975942,1704042798791718199,200,http://172.169.8.253:31112/function/opt-66b-submod-0-latency-25.cdgp
1704042795778041545,1704042797627470206,200,http://172.169.8.253:31112/function/opt-66b-submod-0-latency-25.cdgp
1704042795778121208,1704042805519686312,500,http://172.169.8.253:31112/function/opt-66b-submod-0-latency-25.cdgp
1704042795784791733,1704042797786755153,200,http://172.169.8.253:31112/function/opt-66b-submod-0-latency-25.cdgp
1704042795784878877,1704042805785187590,500,http://172.169.8.253:31112/function/opt-66b-submod-0-latency-25.cdgp
1704042795785015054,1704042805587967518,500,http://172.169.8.253:31112/function/opt-66b-submod-0-latency-25.cdgp
1704042795785104349,1704042797904985220,200,http://172.169.8.253:31112/function/opt-66b-submod-0-latency-25.cdgp
1704042795785208018,1704042805626006602,500,http://172.169.8.253:31112/function/opt-66b-submod-0-latency-25.cdgp
1704042795785284522,1704042805724860575,500,http://172.169.8.253:31112/function/opt-66b-submod-0-latency-25.cdgp
1704042795785389393,1704042805644392091,500,http://172.169.8.253:31112/function/opt-66b-submod-0-latency-25.cdgp
1704042795785462205,1704042805498272159,500,http://172.169.8.253:31112/function/opt-66b-submod-0-latency-25.cdgp
1704042795785487986,1704042805786376222,500,http://172.169.8.253:31112/function/opt-66b-submod-0-latency-25.cdgp
1704042795785591094,1704042798599946623,200,http://172.169.8.253:31112/function/opt-66b-submod-0-latency-25.cdgp
1704042795785649972,1704042798475327201,200,http://172.169.8.253:31112/function/opt-66b-submod-0-latency-25.cdgp
1704042795785719584,1704042797955805348,200,http://172.169.8.253:31112/function/opt-66b-submod-0-latency-25.cdgp
1704042795785782932,1704042798515635065,200,http://172.169.8.253:31112/function/opt-66b-submod-0-latency-25.cdgp
1704042795785813969,1704042798644884117,200,http://172.169.8.253:31112/function/opt-66b-submod-0-latency-25.cdgp
1704042795785867178,1704042797731125793,200,http://172.169.8.253:31112/function/opt-66b-submod-0-latency-25.cdgp
1704042795785968642,1704042805377684121,500,http://172.169.8.253:31112/function/opt-66b-submod-0-latency-25.cdgp
1704042795786063378,1704042798750361538,200,http://172.169.8.253:31112/function/opt-66b-submod-0-latency-25.cdgp
1704042795786127011,1704042805278366051,500,http://172.169.8.253:31112/function/opt-66b-submod-0-latency-25.cdgp
1704042795786218519,1704042805375961010,500,http://172.169.8.253:31112/function/opt-66b-submod-0-latency-25.cdgp
1704042795786273380,1704042805786342863,500,http://172.169.8.253:31112/function/opt-66b-submod-0-latency-25.cdgp
1704042795787062131,1704042805379448637,500,http://172.169.8.253:31112/function/opt-66b-submod-0-latency-25.cdgp
1704042795787409488,1704042805464694885,500,http://172.169.8.253:31112/function/opt-66b-submod-0-latency-25.cdgp
1704042795787601617,1704042805788994055,500,http://172.169.8.253:31112/function/opt-66b-submod-0-latency-25.cdgp
1704042795787711509,1704042805789338335,500,http://172.169.8.253:31112/function/opt-66b-submod-0-latency-25.cdgp
1704042795787873227,1704042805789340193,500,http://172.169.8.253:31112/function/opt-66b-submod-0-latency-25.cdgp
1704042795787974683,1704042799023499901,200,http://172.169.8.253:31112/function/opt-66b-submod-0-latency-25.cdgp
1704042795788090862,1704042805789358704,500,http://172.169.8.253:31112/function/opt-66b-submod-0-latency-25.cdgp
1704042795788194680,1704042798748390627,200,http://172.169.8.253:31112/function/opt-66b-submod-0-latency-25.cdgp
1704042795788300956,1704042805789314673,500,http://172.169.8.253:31112/function/opt-66b-submod-0-latency-25.cdgp
1704042795788405859,1704042799571135078,200,http://172.169.8.253:31112/function/opt-66b-submod-0-latency-25.cdgp
1704042795788499847,1704042805789032628,500,http://172.169.8.253:31112/function/opt-66b-submod-0-latency-25.cdgp
1704042795788608361,1704042801889025947,200,http://172.169.8.253:31112/function/opt-66b-submod-0-latency-25.cdgp
1704042795788705356,1704042805789201135,500,http://172.169.8.253:31112/function/opt-66b-submod-0-latency-25.cdgp
1704042795788862731,1704042798648827096,200,http://172.169.8.253:31112/function/opt-66b-submod-0-latency-25.cdgp
1704042795788975278,1704042805789337067,500,http://172.169.8.253:31112/function/opt-66b-submod-0-latency-25.cdgp
1704042795789013362,1704042797905689921,200,http://172.169.8.253:31112/function/opt-66b-submod-0-latency-25.cdgp
1704042795789131342,1704042797966531094,200,http://172.169.8.253:31112/function/opt-66b-submod-0-latency-25.cdgp
1704042795789210522,1704042805789581345,500,http://172.169.8.253:31112/function/opt-66b-submod-0-latency-25.cdgp
1704042795789288837,1704042798748825280,200,http://172.169.8.253:31112/function/opt-66b-submod-0-latency-25.cdgp
1704042795789321228,1704042797965742357,200,http://172.169.8.253:31112/function/opt-66b-submod-0-latency-25.cdgp
1704042795789431741,1704042798515848899,200,http://172.169.8.253:31112/function/opt-66b-submod-0-latency-25.cdgp
1704042795789517443,1704042800426301665,200,http://172.169.8.253:31112/function/opt-66b-submod-0-latency-25.cdgp
1704042795789611203,1704042798748378244,200,http://172.169.8.253:31112/function/opt-66b-submod-0-latency-25.cdgp
1704042795789684810,1704042805378241200,500,http://172.169.8.253:31112/function/opt-66b-submod-0-latency-25.cdgp
1704042795789940694,1704042798882296639,200,http://172.169.8.253:31112/function/opt-66b-submod-0-latency-25.cdgp
1704042795790033543,1704042797965343062,200,http://172.169.8.253:31112/function/opt-66b-submod-0-latency-25.cdgp
1704042795790051210,1704042805792312223,500,http://172.169.8.253:31112/function/opt-66b-submod-0-latency-25.cdgp
1704042795790104918,1704042799022337803,200,http://172.169.8.253:31112/function/opt-66b-submod-0-latency-25.cdgp
1704042795790813341,1704042797905707467,200,http://172.169.8.253:31112/function/opt-66b-submod-0-latency-25.cdgp
1704042795790921242,1704042798218994876,200,http://172.169.8.253:31112/function/opt-66b-submod-0-latency-25.cdgp
1704042795791018815,1704042805792330769,500,http://172.169.8.253:31112/function/opt-66b-submod-0-latency-25.cdgp
1704042795791090109,1704042805792109444,500,http://172.169.8.253:31112/function/opt-66b-submod-0-latency-25.cdgp
1704042795791137453,1704042797815753265,200,http://172.169.8.253:31112/function/opt-66b-submod-0-latency-25.cdgp
1704042795791227034,1704042805647022411,500,http://172.169.8.253:31112/function/opt-66b-submod-0-latency-25.cdgp
1704042795791301404,1704042797954808662,200,http://172.169.8.253:31112/function/opt-66b-submod-0-latency-25.cdgp
1704042795791327794,1704042799265715804,200,http://172.169.8.253:31112/function/opt-66b-submod-0-latency-25.cdgp
1704042795791407849,1704042805586331195,500,http://172.169.8.253:31112/function/opt-66b-submod-0-latency-25.cdgp
1704042795791485239,1704042805792317239,500,http://172.169.8.253:31112/function/opt-66b-submod-0-latency-25.cdgp
1704042795791547219,1704042799600555373,200,http://172.169.8.253:31112/function/opt-66b-submod-0-latency-25.cdgp
1704042795791602809,1704042799270689811,200,http://172.169.8.253:31112/function/opt-66b-submod-0-latency-25.cdgp
1704042796153933883,1704042801886629108,200,http://172.169.8.253:31112/function/opt-66b-submod-0-latency-25.cdgp
1704042796154028024,1704042805851539444,500,http://172.169.8.253:31112/function/opt-66b-submod-0-latency-25.cdgp
1704042796154126869,1704042798791964820,200,http://172.169.8.253:31112/function/opt-66b-submod-0-latency-25.cdgp
1704042796154176549,1704042805956400234,500,http://172.169.8.253:31112/function/opt-66b-submod-0-latency-25.cdgp
1704042796154258991,1704042799195057473,200,http://172.169.8.253:31112/function/opt-66b-submod-0-latency-25.cdgp
1704042796154331175,1704042800388240104,200,http://172.169.8.253:31112/function/opt-66b-submod-0-latency-25.cdgp
1704042796154433542,1704042806155544857,500,http://172.169.8.253:31112/function/opt-66b-submod-0-latency-25.cdgp
1704042796154542644,1704042806082145292,500,http://172.169.8.253:31112/function/opt-66b-submod-0-latency-25.cdgp
1704042796154607607,1704042805960415711,500,http://172.169.8.253:31112/function/opt-66b-submod-0-latency-25.cdgp
1704042796154660172,1704042798791856299,200,http://172.169.8.253:31112/function/opt-66b-submod-0-latency-25.cdgp
1704042796154736923,1704042800180891895,200,http://172.169.8.253:31112/function/opt-66b-submod-0-latency-25.cdgp
1704042796154791721,1704042799022916249,200,http://172.169.8.253:31112/function/opt-66b-submod-0-latency-25.cdgp
1704042796154843313,1704042800492362647,200,http://172.169.8.253:31112/function/opt-66b-submod-0-latency-25.cdgp
1704042796176195648,1704042801950676945,200,http://172.169.8.253:31112/function/opt-66b-submod-0-latency-25.cdgp
1704042796176277619,1704042806093969679,500,http://172.169.8.253:31112/function/opt-66b-submod-0-latency-25.cdgp
1704042796176374884,1704042806029765411,500,http://172.169.8.253:31112/function/opt-66b-submod-0-latency-25.cdgp
1704042796203395413,1704042799270831986,200,http://172.169.8.253:31112/function/opt-66b-submod-0-latency-25.cdgp
1704042796203440005,1704042806091633959,500,http://172.169.8.253:31112/function/opt-66b-submod-0-latency-25.cdgp
1704042796203520357,1704042806097507780,500,http://172.169.8.253:31112/function/opt-66b-submod-0-latency-25.cdgp
1704042796203605850,1704042801798435604,200,http://172.169.8.253:31112/function/opt-66b-submod-0-latency-25.cdgp
1704042796203682399,1704042806203944524,500,http://172.169.8.253:31112/function/opt-66b-submod-0-latency-25.cdgp
1704042796203763506,1704042803584013939,200,http://172.169.8.253:31112/function/opt-66b-submod-0-latency-25.cdgp
1704042796203858946,1704042799063562308,200,http://172.169.8.253:31112/function/opt-66b-submod-0-latency-25.cdgp
1704042796203934627,1704042799570107663,200,http://172.169.8.253:31112/function/opt-66b-submod-0-latency-25.cdgp
1704042796204020503,1704042801271204255,200,http://172.169.8.253:31112/function/opt-66b-submod-0-latency-25.cdgp
1704042796204082461,1704042800712099791,200,http://172.169.8.253:31112/function/opt-66b-submod-0-latency-25.cdgp
1704042796204112904,1704042800185918481,200,http://172.169.8.253:31112/function/opt-66b-submod-0-latency-25.cdgp
1704042796204188447,1704042800755714429,200,http://172.169.8.253:31112/function/opt-66b-submod-0-latency-25.cdgp
1704042796204261435,1704042806119061575,500,http://172.169.8.253:31112/function/opt-66b-submod-0-latency-25.cdgp
1704042796204337365,1704042806092232013,500,http://172.169.8.253:31112/function/opt-66b-submod-0-latency-25.cdgp
1704042796204376671,1704042799383677760,200,http://172.169.8.253:31112/function/opt-66b-submod-0-latency-25.cdgp
1704042796204432942,1704042799215023041,200,http://172.169.8.253:31112/function/opt-66b-submod-0-latency-25.cdgp
1704042796204484443,1704042801434287564,200,http://172.169.8.253:31112/function/opt-66b-submod-0-latency-25.cdgp
1704042796204563284,1704042801483709169,200,http://172.169.8.253:31112/function/opt-66b-submod-0-latency-25.cdgp
1704042796204613105,1704042806094803540,500,http://172.169.8.253:31112/function/opt-66b-submod-0-latency-25.cdgp
1704042796204671085,1704042806057362426,500,http://172.169.8.253:31112/function/opt-66b-submod-0-latency-25.cdgp
1704042796204753029,1704042806091669639,500,http://172.169.8.253:31112/function/opt-66b-submod-0-latency-25.cdgp
1704042796204822293,1704042806093948004,500,http://172.169.8.253:31112/function/opt-66b-submod-0-latency-25.cdgp
1704042796204899534,1704042801888593923,200,http://172.169.8.253:31112/function/opt-66b-submod-0-latency-25.cdgp
1704042796204965888,1704042799311770942,200,http://172.169.8.253:31112/function/opt-66b-submod-0-latency-25.cdgp
1704042796204997669,1704042806092985042,500,http://172.169.8.253:31112/function/opt-66b-submod-0-latency-25.cdgp
1704042796205045038,1704042806099537925,500,http://172.169.8.253:31112/function/opt-66b-submod-0-latency-25.cdgp
1704042796205072998,1704042800543782953,200,http://172.169.8.253:31112/function/opt-66b-submod-0-latency-25.cdgp
1704042796205152988,1704042799858573101,200,http://172.169.8.253:31112/function/opt-66b-submod-0-latency-25.cdgp
1704042796206996906,1704042806095620875,500,http://172.169.8.253:31112/function/opt-66b-submod-0-latency-25.cdgp
1704042796207069294,1704042800229740852,200,http://172.169.8.253:31112/function/opt-66b-submod-0-latency-25.cdgp
1704042796207142757,1704042798640007232,200,http://172.169.8.253:31112/function/opt-66b-submod-0-latency-25.cdgp
1704042796207225121,1704042799675237410,200,http://172.169.8.253:31112/function/opt-66b-submod-0-latency-25.cdgp
1704042796207304854,1704042801988605410,200,http://172.169.8.253:31112/function/opt-66b-submod-0-latency-25.cdgp
1704042796207408741,1704042799265704635,200,http://172.169.8.253:31112/function/opt-66b-submod-0-latency-25.cdgp
1704042796207496380,1704042806063752152,500,http://172.169.8.253:31112/function/opt-66b-submod-0-latency-25.cdgp
1704042796207566279,1704042800180477868,200,http://172.169.8.253:31112/function/opt-66b-submod-0-latency-25.cdgp
1704042796207665967,1704042806208320869,500,http://172.169.8.253:31112/function/opt-66b-submod-0-latency-25.cdgp
1704042796207734212,1704042799210661042,200,http://172.169.8.253:31112/function/opt-66b-submod-0-latency-25.cdgp
1704042796262168111,1704042806263004238,500,http://172.169.8.253:31112/function/opt-66b-submod-0-latency-25.cdgp
1704042796262250435,1704042800263738323,200,http://172.169.8.253:31112/function/opt-66b-submod-0-latency-25.cdgp
1704042796262405869,1704042799644985924,200,http://172.169.8.253:31112/function/opt-66b-submod-0-latency-25.cdgp
1704042796262476671,1704042806262935574,500,http://172.169.8.253:31112/function/opt-66b-submod-0-latency-25.cdgp
1704042796262498621,1704042803587804980,200,http://172.169.8.253:31112/function/opt-66b-submod-0-latency-25.cdgp
1704042796278487989,1704042806279403502,500,http://172.169.8.253:31112/function/opt-66b-submod-0-latency-25.cdgp
1704042796278572968,1704042801990373762,200,http://172.169.8.253:31112/function/opt-66b-submod-0-latency-25.cdgp
1704042796278685113,1704042801947060037,200,http://172.169.8.253:31112/function/opt-66b-submod-0-latency-25.cdgp
1704042796278767248,1704042806279425386,500,http://172.169.8.253:31112/function/opt-66b-submod-0-latency-25.cdgp
1704042796278792726,1704042806279597644,500,http://172.169.8.253:31112/function/opt-66b-submod-0-latency-25.cdgp
1704042796278881926,1704042806195586117,500,http://172.169.8.253:31112/function/opt-66b-submod-0-latency-25.cdgp
1704042796278963807,1704042801948580132,200,http://172.169.8.253:31112/function/opt-66b-submod-0-latency-25.cdgp
1704042796279029564,1704042806279403844,500,http://172.169.8.253:31112/function/opt-66b-submod-0-latency-25.cdgp
1704042796279116394,1704042801795896856,200,http://172.169.8.253:31112/function/opt-66b-submod-0-latency-25.cdgp
1704042796279217090,1704042800942435889,200,http://172.169.8.253:31112/function/opt-66b-submod-0-latency-25.cdgp
1704042796279270211,1704042806279601890,500,http://172.169.8.253:31112/function/opt-66b-submod-0-latency-25.cdgp
1704042796279337157,1704042806107609565,500,http://172.169.8.253:31112/function/opt-66b-submod-0-latency-25.cdgp
1704042796288035363,1704042801885332917,200,http://172.169.8.253:31112/function/opt-66b-submod-0-latency-25.cdgp
1704042796288118847,1704042800569841793,200,http://172.169.8.253:31112/function/opt-66b-submod-0-latency-25.cdgp
1704042796288220077,1704042806288974623,500,http://172.169.8.253:31112/function/opt-66b-submod-0-latency-25.cdgp
1704042796288274003,1704042803587945849,200,http://172.169.8.253:31112/function/opt-66b-submod-0-latency-25.cdgp
1704042796288347860,1704042799210489484,200,http://172.169.8.253:31112/function/opt-66b-submod-0-latency-25.cdgp
1704042796288414083,1704042799266345043,200,http://172.169.8.253:31112/function/opt-66b-submod-0-latency-25.cdgp
1704042796288462065,1704042806288894084,500,http://172.169.8.253:31112/function/opt-66b-submod-0-latency-25.cdgp
1704042796288537412,1704042806289000932,500,http://172.169.8.253:31112/function/opt-66b-submod-0-latency-25.cdgp
1704042796288611960,1704042800858937595,200,http://172.169.8.253:31112/function/opt-66b-submod-0-latency-25.cdgp
1704042796288639823,1704042801926277186,200,http://172.169.8.253:31112/function/opt-66b-submod-0-latency-25.cdgp
1704042796288716090,1704042806288915600,500,http://172.169.8.253:31112/function/opt-66b-submod-0-latency-25.cdgp
1704042796288789356,1704042806067502737,500,http://172.169.8.253:31112/function/opt-66b-submod-0-latency-25.cdgp
1704042796288814572,1704042799641013909,200,http://172.169.8.253:31112/function/opt-66b-submod-0-latency-25.cdgp
1704042796288870673,1704042801892290272,200,http://172.169.8.253:31112/function/opt-66b-submod-0-latency-25.cdgp
1704042796288951168,1704042800178957418,200,http://172.169.8.253:31112/function/opt-66b-submod-0-latency-25.cdgp
1704042796289019495,1704042806290359614,500,http://172.169.8.253:31112/function/opt-66b-submod-0-latency-25.cdgp
1704042796289095906,1704042806290363500,500,http://172.169.8.253:31112/function/opt-66b-submod-0-latency-25.cdgp
1704042796289177303,1704042800942523441,200,http://172.169.8.253:31112/function/opt-66b-submod-0-latency-25.cdgp
1704042796289233299,1704042806290204040,500,http://172.169.8.253:31112/function/opt-66b-submod-0-latency-25.cdgp
1704042796289266818,1704042806290215508,500,http://172.169.8.253:31112/function/opt-66b-submod-0-latency-25.cdgp
1704042796289332320,1704042806290211848,500,http://172.169.8.253:31112/function/opt-66b-submod-0-latency-25.cdgp
1704042796289384617,1704042799214331543,200,http://172.169.8.253:31112/function/opt-66b-submod-0-latency-25.cdgp
1704042796289458803,1704042801796487301,200,http://172.169.8.253:31112/function/opt-66b-submod-0-latency-25.cdgp
1704042796289486532,1704042806290317696,500,http://172.169.8.253:31112/function/opt-66b-submod-0-latency-25.cdgp
1704042796289570814,1704042806290417969,500,http://172.169.8.253:31112/function/opt-66b-submod-0-latency-25.cdgp
1704042796289654761,1704042799209929502,200,http://172.169.8.253:31112/function/opt-66b-submod-0-latency-25.cdgp
1704042796289732923,1704042801932762717,200,http://172.169.8.253:31112/function/opt-66b-submod-0-latency-25.cdgp
1704042796289807161,1704042806066410305,500,http://172.169.8.253:31112/function/opt-66b-submod-0-latency-25.cdgp
1704042796289860987,1704042806290313131,500,http://172.169.8.253:31112/function/opt-66b-submod-0-latency-25.cdgp
1704042796289975012,1704042806083586986,500,http://172.169.8.253:31112/function/opt-66b-submod-0-latency-25.cdgp
1704042796424192677,1704042802101778886,200,http://172.169.8.253:31112/function/opt-66b-submod-0-latency-25.cdgp
1704042796424279672,1704042803700845287,200,http://172.169.8.253:31112/function/opt-66b-submod-0-latency-25.cdgp
1704042796424341820,1704042806425164729,500,http://172.169.8.253:31112/function/opt-66b-submod-0-latency-25.cdgp
1704042796424386785,1704042805007705605,200,http://172.169.8.253:31112/function/opt-66b-submod-0-latency-25.cdgp
1704042796424463600,1704042800489896100,200,http://172.169.8.253:31112/function/opt-66b-submod-0-latency-25.cdgp
1704042796424504336,1704042801891147018,200,http://172.169.8.253:31112/function/opt-66b-submod-0-latency-25.cdgp
1704042796424595081,1704042804875485049,200,http://172.169.8.253:31112/function/opt-66b-submod-0-latency-25.cdgp
1704042796424633149,1704042806425035639,500,http://172.169.8.253:31112/function/opt-66b-submod-0-latency-25.cdgp
1704042796424710997,1704042806425170834,500,http://172.169.8.253:31112/function/opt-66b-submod-0-latency-25.cdgp
1704042796424738150,1704042806425180175,500,http://172.169.8.253:31112/function/opt-66b-submod-0-latency-25.cdgp
1704042796424803992,1704042800942079882,200,http://172.169.8.253:31112/function/opt-66b-submod-0-latency-25.cdgp
1704042796424898262,1704042801948489806,200,http://172.169.8.253:31112/function/opt-66b-submod-0-latency-25.cdgp
1704042796424949996,1704042806425225897,500,http://172.169.8.253:31112/function/opt-66b-submod-0-latency-25.cdgp
1704042796425027466,1704042802842004698,200,http://172.169.8.253:31112/function/opt-66b-submod-0-latency-25.cdgp
1704042796429396339,1704042803701182215,200,http://172.169.8.253:31112/function/opt-66b-submod-0-latency-25.cdgp
1704042796429486102,1704042806430381790,500,http://172.169.8.253:31112/function/opt-66b-submod-0-latency-25.cdgp
1704042796429555391,1704042806430291832,500,http://172.169.8.253:31112/function/opt-66b-submod-0-latency-25.cdgp
1704042796429641639,1704042806430374755,500,http://172.169.8.253:31112/function/opt-66b-submod-0-latency-25.cdgp
1704042796429735476,1704042801973165168,200,http://172.169.8.253:31112/function/opt-66b-submod-0-latency-25.cdgp
1704042796429842152,1704042806430361792,500,http://172.169.8.253:31112/function/opt-66b-submod-0-latency-25.cdgp
1704042796429927144,1704042806430370854,500,http://172.169.8.253:31112/function/opt-66b-submod-0-latency-25.cdgp
1704042796430006207,1704042806430291496,500,http://172.169.8.253:31112/function/opt-66b-submod-0-latency-25.cdgp
1704042796430096996,1704042801950935554,200,http://172.169.8.253:31112/function/opt-66b-submod-0-latency-25.cdgp
1704042796430188403,1704042806430530998,500,http://172.169.8.253:31112/function/opt-66b-submod-0-latency-25.cdgp
1704042796430266607,1704042806430547070,500,http://172.169.8.253:31112/function/opt-66b-submod-0-latency-25.cdgp
1704042796430348407,1704042806430540207,500,http://172.169.8.253:31112/function/opt-66b-submod-0-latency-25.cdgp
1704042796430413478,1704042806430700109,500,http://172.169.8.253:31112/function/opt-66b-submod-0-latency-25.cdgp
1704042796430498978,1704042804064116873,200,http://172.169.8.253:31112/function/opt-66b-submod-0-latency-25.cdgp
1704042796430577666,1704042801892769877,200,http://172.169.8.253:31112/function/opt-66b-submod-0-latency-25.cdgp
1704042796430644227,1704042801891187160,200,http://172.169.8.253:31112/function/opt-66b-submod-0-latency-25.cdgp
1704042796430701955,1704042799213631906,200,http://172.169.8.253:31112/function/opt-66b-submod-0-latency-25.cdgp
1704042796430811246,1704042803698707942,200,http://172.169.8.253:31112/function/opt-66b-submod-0-latency-25.cdgp
1704042796430900799,1704042806431867068,500,http://172.169.8.253:31112/function/opt-66b-submod-0-latency-25.cdgp
1704042796430968246,1704042806431883209,500,http://172.169.8.253:31112/function/opt-66b-submod-0-latency-25.cdgp
1704042796431052375,1704042801890365018,200,http://172.169.8.253:31112/function/opt-66b-submod-0-latency-25.cdgp
1704042796431165838,1704042806431742770,500,http://172.169.8.253:31112/function/opt-66b-submod-0-latency-25.cdgp
1704042796431253473,1704042806431904679,500,http://172.169.8.253:31112/function/opt-66b-submod-0-latency-25.cdgp
1704042796431331496,1704042806431880680,500,http://172.169.8.253:31112/function/opt-66b-submod-0-latency-25.cdgp
1704042796431410252,1704042806431901092,500,http://172.169.8.253:31112/function/opt-66b-submod-0-latency-25.cdgp
1704042796431503475,1704042806431740535,500,http://172.169.8.253:31112/function/opt-66b-submod-0-latency-25.cdgp
1704042796431590031,1704042801886730385,200,http://172.169.8.253:31112/function/opt-66b-submod-0-latency-25.cdgp
1704042796458037994,1704042806458513466,500,http://172.169.8.253:31112/function/opt-66b-submod-0-latency-25.cdgp
1704042796458118805,1704042799966554316,200,http://172.169.8.253:31112/function/opt-66b-submod-0-latency-25.cdgp
1704042796458197209,1704042806458468274,500,http://172.169.8.253:31112/function/opt-66b-submod-0-latency-25.cdgp
1704042796458285320,1704042801796907473,200,http://172.169.8.253:31112/function/opt-66b-submod-0-latency-25.cdgp
1704042796458360102,1704042801799596315,200,http://172.169.8.253:31112/function/opt-66b-submod-0-latency-25.cdgp
1704042796458438893,1704042801840054618,200,http://172.169.8.253:31112/function/opt-66b-submod-0-latency-25.cdgp
1704042796458503420,1704042804130373915,200,http://172.169.8.253:31112/function/opt-66b-submod-0-latency-25.cdgp
1704042796458585768,1704042799567922718,200,http://172.169.8.253:31112/function/opt-66b-submod-0-latency-25.cdgp
1704042796458674489,1704042800955918029,200,http://172.169.8.253:31112/function/opt-66b-submod-0-latency-25.cdgp
1704042796458757500,1704042806459776118,500,http://172.169.8.253:31112/function/opt-66b-submod-0-latency-25.cdgp
1704042796458836233,1704042806459774933,500,http://172.169.8.253:31112/function/opt-66b-submod-0-latency-25.cdgp
1704042796458899413,1704042800587707540,200,http://172.169.8.253:31112/function/opt-66b-submod-0-latency-25.cdgp
1704042796458965929,1704042806459740229,500,http://172.169.8.253:31112/function/opt-66b-submod-0-latency-25.cdgp
1704042796461083606,1704042804834067817,200,http://172.169.8.253:31112/function/opt-66b-submod-0-latency-25.cdgp
1704042796461180318,1704042800151898987,200,http://172.169.8.253:31112/function/opt-66b-submod-0-latency-25.cdgp
1704042796461271705,1704042806462318754,500,http://172.169.8.253:31112/function/opt-66b-submod-0-latency-25.cdgp
1704042796461361152,1704042806462325291,500,http://172.169.8.253:31112/function/opt-66b-submod-0-latency-25.cdgp
1704042796461438637,1704042806462210425,500,http://172.169.8.253:31112/function/opt-66b-submod-0-latency-25.cdgp
1704042796461488044,1704042803592808920,200,http://172.169.8.253:31112/function/opt-66b-submod-0-latency-25.cdgp
1704042796461576708,1704042806462084337,500,http://172.169.8.253:31112/function/opt-66b-submod-0-latency-25.cdgp
1704042796461649508,1704042806462341906,500,http://172.169.8.253:31112/function/opt-66b-submod-0-latency-25.cdgp
1704042796461729911,1704042804875981257,200,http://172.169.8.253:31112/function/opt-66b-submod-0-latency-25.cdgp
1704042796461775199,1704042804875675389,200,http://172.169.8.253:31112/function/opt-66b-submod-0-latency-25.cdgp
1704042796461829496,1704042800005811296,200,http://172.169.8.253:31112/function/opt-66b-submod-0-latency-25.cdgp
1704042796461926324,1704042806462340042,500,http://172.169.8.253:31112/function/opt-66b-submod-0-latency-25.cdgp
1704042796462006659,1704042803635423410,200,http://172.169.8.253:31112/function/opt-66b-submod-0-latency-25.cdgp
1704042796462114012,1704042806462320727,500,http://172.169.8.253:31112/function/opt-66b-submod-0-latency-25.cdgp
1704042796462180783,1704042801924334083,200,http://172.169.8.253:31112/function/opt-66b-submod-0-latency-25.cdgp
1704042796462251308,1704042804875151292,200,http://172.169.8.253:31112/function/opt-66b-submod-0-latency-25.cdgp
1704042796462312593,1704042805204841355,200,http://172.169.8.253:31112/function/opt-66b-submod-0-latency-25.cdgp
1704042796462350668,1704042804875696909,200,http://172.169.8.253:31112/function/opt-66b-submod-0-latency-25.cdgp
1704042796462415437,1704042806463540353,500,http://172.169.8.253:31112/function/opt-66b-submod-0-latency-25.cdgp
1704042796462495860,1704042806463529558,500,http://172.169.8.253:31112/function/opt-66b-submod-0-latency-25.cdgp
1704042796462551808,1704042803592702692,200,http://172.169.8.253:31112/function/opt-66b-submod-0-latency-25.cdgp
1704042796462578278,1704042800942415316,200,http://172.169.8.253:31112/function/opt-66b-submod-0-latency-25.cdgp
1704042796462656643,1704042806463535670,500,http://172.169.8.253:31112/function/opt-66b-submod-0-latency-25.cdgp
1704042796462735971,1704042806463511898,500,http://172.169.8.253:31112/function/opt-66b-submod-0-latency-25.cdgp
1704042796462794387,1704042806463515248,500,http://172.169.8.253:31112/function/opt-66b-submod-0-latency-25.cdgp
1704042796462840794,1704042806463544323,500,http://172.169.8.253:31112/function/opt-66b-submod-0-latency-25.cdgp
1704042796553660009,1704042805201740054,200,http://172.169.8.253:31112/function/opt-66b-submod-0-latency-25.cdgp
1704042796605352645,1704042800544310940,200,http://172.169.8.253:31112/function/opt-66b-submod-0-latency-25.cdgp
1704042796605453049,1704042803455678733,200,http://172.169.8.253:31112/function/opt-66b-submod-0-latency-25.cdgp
1704042796605526687,1704042805277699873,200,http://172.169.8.253:31112/function/opt-66b-submod-0-latency-25.cdgp
1704042796605584534,1704042804875108159,200,http://172.169.8.253:31112/function/opt-66b-submod-0-latency-25.cdgp
1704042796605661683,1704042806606492057,500,http://172.169.8.253:31112/function/opt-66b-submod-0-latency-25.cdgp
1704042796605698311,1704042801894422309,200,http://172.169.8.253:31112/function/opt-66b-submod-0-latency-25.cdgp
1704042796605746491,1704042804874896163,200,http://172.169.8.253:31112/function/opt-66b-submod-0-latency-25.cdgp
1704042796605775248,1704042802354445296,200,http://172.169.8.253:31112/function/opt-66b-submod-0-latency-25.cdgp
1704042796605866588,1704042806606509288,500,http://172.169.8.253:31112/function/opt-66b-submod-0-latency-25.cdgp
1704042796605923166,1704042806606495349,500,http://172.169.8.253:31112/function/opt-66b-submod-0-latency-25.cdgp
1704042796605949993,1704042806606509393,500,http://172.169.8.253:31112/function/opt-66b-submod-0-latency-25.cdgp
1704042796606051437,1704042804185235817,200,http://172.169.8.253:31112/function/opt-66b-submod-0-latency-25.cdgp
1704042796630962394,1704042806631868909,500,http://172.169.8.253:31112/function/opt-66b-submod-0-latency-25.cdgp
1704042796631069864,1704042806631735121,500,http://172.169.8.253:31112/function/opt-66b-submod-0-latency-25.cdgp
1704042796631227189,1704042804185215943,200,http://172.169.8.253:31112/function/opt-66b-submod-0-latency-25.cdgp
1704042796631291770,1704042806631730136,500,http://172.169.8.253:31112/function/opt-66b-submod-0-latency-25.cdgp
1704042796875891307,1704042806876528472,500,http://172.169.8.253:31112/function/opt-66b-submod-0-latency-25.cdgp
1704042796875986575,1704042806876775088,500,http://172.169.8.253:31112/function/opt-66b-submod-0-latency-25.cdgp
1704042796876054597,1704042806876498125,500,http://172.169.8.253:31112/function/opt-66b-submod-0-latency-25.cdgp
1704042796876138976,1704042806175808072,200,http://172.169.8.253:31112/function/opt-66b-submod-0-latency-25.cdgp
1704042796876255761,1704042806876505543,500,http://172.169.8.253:31112/function/opt-66b-submod-0-latency-25.cdgp
1704042796876357898,1704042804875974393,200,http://172.169.8.253:31112/function/opt-66b-submod-0-latency-25.cdgp
1704042796876386226,1704042806876745478,500,http://172.169.8.253:31112/function/opt-66b-submod-0-latency-25.cdgp
1704042796876453466,1704042803636452478,200,http://172.169.8.253:31112/function/opt-66b-submod-0-latency-25.cdgp
1704042796876536707,1704042806876757651,500,http://172.169.8.253:31112/function/opt-66b-submod-0-latency-25.cdgp
1704042796876601440,1704042804834340469,200,http://172.169.8.253:31112/function/opt-66b-submod-0-latency-25.cdgp
1704042796876674432,1704042801271340228,200,http://172.169.8.253:31112/function/opt-66b-submod-0-latency-25.cdgp
1704042796876759244,1704042806876998262,500,http://172.169.8.253:31112/function/opt-66b-submod-0-latency-25.cdgp
1704042796877302547,1704042806877418057,500,http://172.169.8.253:31112/function/opt-66b-submod-0-latency-25.cdgp
1704042796877331897,1704042806877550488,500,http://172.169.8.253:31112/function/opt-66b-submod-0-latency-25.cdgp
1704042796877409253,1704042804833449602,200,http://172.169.8.253:31112/function/opt-66b-submod-0-latency-25.cdgp
1704042796877496658,1704042806877614709,500,http://172.169.8.253:31112/function/opt-66b-submod-0-latency-25.cdgp
1704042796877569609,1704042806877729966,500,http://172.169.8.253:31112/function/opt-66b-submod-0-latency-25.cdgp
1704042796881408380,1704042806881795188,500,http://172.169.8.253:31112/function/opt-66b-submod-0-latency-25.cdgp
1704042796881497949,1704042806881767699,500,http://172.169.8.253:31112/function/opt-66b-submod-0-latency-25.cdgp
1704042796881597728,1704042806881771642,500,http://172.169.8.253:31112/function/opt-66b-submod-0-latency-25.cdgp
1704042796881725627,1704042804874915860,200,http://172.169.8.253:31112/function/opt-66b-submod-0-latency-25.cdgp
1704042796881847960,1704042806883082344,500,http://172.169.8.253:31112/function/opt-66b-submod-0-latency-25.cdgp
1704042796881919539,1704042806883038350,500,http://172.169.8.253:31112/function/opt-66b-submod-0-latency-25.cdgp
1704042796882003344,1704042802843118541,200,http://172.169.8.253:31112/function/opt-66b-submod-0-latency-25.cdgp
1704042796882047125,1704042799787146641,200,http://172.169.8.253:31112/function/opt-66b-submod-0-latency-25.cdgp
1704042796882099578,1704042806882824234,500,http://172.169.8.253:31112/function/opt-66b-submod-0-latency-25.cdgp
1704042796882199745,1704042800207759379,200,http://172.169.8.253:31112/function/opt-66b-submod-0-latency-25.cdgp
1704042796882255873,1704042806883063247,500,http://172.169.8.253:31112/function/opt-66b-submod-0-latency-25.cdgp
1704042796965425895,1704042806965831353,500,http://172.169.8.253:31112/function/opt-66b-submod-0-latency-25.cdgp
1704042796965563610,1704042806965976337,500,http://172.169.8.253:31112/function/opt-66b-submod-0-latency-25.cdgp
1704042796989624847,1704042805243630844,200,http://172.169.8.253:31112/function/opt-66b-submod-0-latency-25.cdgp
1704042796990435358,1704042806991444779,500,http://172.169.8.253:31112/function/opt-66b-submod-0-latency-25.cdgp
1704042796990528917,1704042800084722978,200,http://172.169.8.253:31112/function/opt-66b-submod-0-latency-25.cdgp
1704042796990642871,1704042806991431681,500,http://172.169.8.253:31112/function/opt-66b-submod-0-latency-25.cdgp
1704042796992346740,1704042806992472437,500,http://172.169.8.253:31112/function/opt-66b-submod-0-latency-25.cdgp
1704042797020185138,1704042807020935162,500,http://172.169.8.253:31112/function/opt-66b-submod-0-latency-25.cdgp
1704042797020357729,1704042807020708598,500,http://172.169.8.253:31112/function/opt-66b-submod-0-latency-25.cdgp
1704042797020464245,1704042807020629155,500,http://172.169.8.253:31112/function/opt-66b-submod-0-latency-25.cdgp
1704042797020527929,1704042807020919976,500,http://172.169.8.253:31112/function/opt-66b-submod-0-latency-25.cdgp
1704042797020604622,1704042804875092303,200,http://172.169.8.253:31112/function/opt-66b-submod-0-latency-25.cdgp
1704042797020689241,1704042807020941087,500,http://172.169.8.253:31112/function/opt-66b-submod-0-latency-25.cdgp
1704042797020775343,1704042804874849474,200,http://172.169.8.253:31112/function/opt-66b-submod-0-latency-25.cdgp
1704042797187776654,1704042802094778533,200,http://172.169.8.253:31112/function/opt-66b-submod-0-latency-25.cdgp
1704042797187862440,1704042807188927013,500,http://172.169.8.253:31112/function/opt-66b-submod-0-latency-25.cdgp
1704042797187891979,1704042807188953161,500,http://172.169.8.253:31112/function/opt-66b-submod-0-latency-25.cdgp
1704042797187981618,1704042801178939873,200,http://172.169.8.253:31112/function/opt-66b-submod-0-latency-25.cdgp
1704042797198391799,1704042807199257705,500,http://172.169.8.253:31112/function/opt-66b-submod-0-latency-25.cdgp
1704042797198479401,1704042804875196617,200,http://172.169.8.253:31112/function/opt-66b-submod-0-latency-25.cdgp
1704042797376369071,1704042807276687547,500,http://172.169.8.253:31112/function/opt-66b-submod-0-latency-25.cdgp
1704042797376465589,1704042801271304925,200,http://172.169.8.253:31112/function/opt-66b-submod-0-latency-25.cdgp
1704042797376536761,1704042800001228741,200,http://172.169.8.253:31112/function/opt-66b-submod-0-latency-25.cdgp
1704042797376614183,1704042807276848566,500,http://172.169.8.253:31112/function/opt-66b-submod-0-latency-25.cdgp
1704042797376678807,1704042806700181703,200,http://172.169.8.253:31112/function/opt-66b-submod-0-latency-25.cdgp
1704042797376721474,1704042804058045716,200,http://172.169.8.253:31112/function/opt-66b-submod-0-latency-25.cdgp
1704042797376820729,1704042804081139101,200,http://172.169.8.253:31112/function/opt-66b-submod-0-latency-25.cdgp
1704042797376868470,1704042807276719995,500,http://172.169.8.253:31112/function/opt-66b-submod-0-latency-25.cdgp
1704042797376944170,1704042804833908396,200,http://172.169.8.253:31112/function/opt-66b-submod-0-latency-25.cdgp
1704042797377008384,1704042804093282904,200,http://172.169.8.253:31112/function/opt-66b-submod-0-latency-25.cdgp
1704042797377061556,1704042807276603694,500,http://172.169.8.253:31112/function/opt-66b-submod-0-latency-25.cdgp
1704042797377107626,1704042806718200974,200,http://172.169.8.253:31112/function/opt-66b-submod-0-latency-25.cdgp
1704042797455650840,1704042801891847325,200,http://172.169.8.253:31112/function/opt-66b-submod-0-latency-25.cdgp
1704042797455717161,1704042807294123862,500,http://172.169.8.253:31112/function/opt-66b-submod-0-latency-25.cdgp
1704042797455759652,1704042807291449950,500,http://172.169.8.253:31112/function/opt-66b-submod-0-latency-25.cdgp
1704042797455834111,1704042800059286394,200,http://172.169.8.253:31112/function/opt-66b-submod-0-latency-25.cdgp
1704042797455897134,1704042803636441050,200,http://172.169.8.253:31112/function/opt-66b-submod-0-latency-25.cdgp
1704042797455969885,1704042807291596481,500,http://172.169.8.253:31112/function/opt-66b-submod-0-latency-25.cdgp
1704042797456010188,1704042804068560361,200,http://172.169.8.253:31112/function/opt-66b-submod-0-latency-25.cdgp
1704042797456103591,1704042799858416474,200,http://172.169.8.253:31112/function/opt-66b-submod-0-latency-25.cdgp
1704042797456134436,1704042805201666591,200,http://172.169.8.253:31112/function/opt-66b-submod-0-latency-25.cdgp
1704042798454862443,1704042807740756020,500,http://172.169.8.253:31112/function/opt-66b-submod-0-latency-25.cdgp
1704042798454991619,1704042808131603458,500,http://172.169.8.253:31112/function/opt-66b-submod-0-latency-25.cdgp
1704042798455090956,1704042804063868958,200,http://172.169.8.253:31112/function/opt-66b-submod-0-latency-25.cdgp
1704042798455129547,1704042808126996486,500,http://172.169.8.253:31112/function/opt-66b-submod-0-latency-25.cdgp
1704042798455230319,1704042805320131281,200,http://172.169.8.253:31112/function/opt-66b-submod-0-latency-25.cdgp
1704042798469735660,1704042801971761133,200,http://172.169.8.253:31112/function/opt-66b-submod-0-latency-25.cdgp
1704042798469846470,1704042802969932796,200,http://172.169.8.253:31112/function/opt-66b-submod-0-latency-25.cdgp
1704042798469920429,1704042808217259919,500,http://172.169.8.253:31112/function/opt-66b-submod-0-latency-25.cdgp
1704042798469986139,1704042801433068181,200,http://172.169.8.253:31112/function/opt-66b-submod-0-latency-25.cdgp
1704042798470055422,1704042808470968533,500,http://172.169.8.253:31112/function/opt-66b-submod-0-latency-25.cdgp
1704042798470085077,1704042802638061707,200,http://172.169.8.253:31112/function/opt-66b-submod-0-latency-25.cdgp
1704042798470185232,1704042806872067458,200,http://172.169.8.253:31112/function/opt-66b-submod-0-latency-25.cdgp
1704042798470250528,1704042808232564480,500,http://172.169.8.253:31112/function/opt-66b-submod-0-latency-25.cdgp
1704042798470320834,1704042807908313767,500,http://172.169.8.253:31112/function/opt-66b-submod-0-latency-25.cdgp
1704042798470345078,1704042808235730125,500,http://172.169.8.253:31112/function/opt-66b-submod-0-latency-25.cdgp
1704042798470387816,1704042808223392220,500,http://172.169.8.253:31112/function/opt-66b-submod-0-latency-25.cdgp
1704042798470456002,1704042805387401482,200,http://172.169.8.253:31112/function/opt-66b-submod-0-latency-25.cdgp
1704042798470523012,1704042808041084088,500,http://172.169.8.253:31112/function/opt-66b-submod-0-latency-25.cdgp
1704042798470534164,1704042808052403797,504,http://172.169.8.253:31112/function/opt-66b-submod-0-latency-25.cdgp
1704042798470590220,1704042808221765508,500,http://172.169.8.253:31112/function/opt-66b-submod-0-latency-25.cdgp
1704042798471063184,1704042804107771309,200,http://172.169.8.253:31112/function/opt-66b-submod-0-latency-25.cdgp
1704042798471130123,1704042808219455134,500,http://172.169.8.253:31112/function/opt-66b-submod-0-latency-25.cdgp
1704042798471147768,1704042806699625762,200,http://172.169.8.253:31112/function/opt-66b-submod-0-latency-25.cdgp
1704042798471256320,1704042808036659775,500,http://172.169.8.253:31112/function/opt-66b-submod-0-latency-25.cdgp
1704042798472734635,1704042808055743807,500,http://172.169.8.253:31112/function/opt-66b-submod-0-latency-25.cdgp
1704042798472790608,1704042807909127004,500,http://172.169.8.253:31112/function/opt-66b-submod-0-latency-25.cdgp
1704042798472870575,1704042801441383206,200,http://172.169.8.253:31112/function/opt-66b-submod-0-latency-25.cdgp
1704042798472943236,1704042808234084261,500,http://172.169.8.253:31112/function/opt-66b-submod-0-latency-25.cdgp
1704042798487545920,1704042804833263577,200,http://172.169.8.253:31112/function/opt-66b-submod-0-latency-25.cdgp
1704042798487664481,1704042806869284606,200,http://172.169.8.253:31112/function/opt-66b-submod-0-latency-25.cdgp
1704042798487768509,1704042808223575449,500,http://172.169.8.253:31112/function/opt-66b-submod-0-latency-25.cdgp
1704042798653755242,1704042808063607318,500,http://172.169.8.253:31112/function/opt-66b-submod-0-latency-25.cdgp
1704042798653889568,1704042808067033194,500,http://172.169.8.253:31112/function/opt-66b-submod-0-latency-25.cdgp
1704042798654004202,1704042801311661646,200,http://172.169.8.253:31112/function/opt-66b-submod-0-latency-25.cdgp
1704042798654068263,1704042808068883706,500,http://172.169.8.253:31112/function/opt-66b-submod-0-latency-25.cdgp
1704042798654128656,1704042808287517793,500,http://172.169.8.253:31112/function/opt-66b-submod-0-latency-25.cdgp
1704042798656582388,1704042808151786853,500,http://172.169.8.253:31112/function/opt-66b-submod-0-latency-25.cdgp
1704042798656666362,1704042801307698846,200,http://172.169.8.253:31112/function/opt-66b-submod-0-latency-25.cdgp
1704042798826028681,1704042808135721326,500,http://172.169.8.253:31112/function/opt-66b-submod-0-latency-25.cdgp
1704042798826139567,1704042808402792935,500,http://172.169.8.253:31112/function/opt-66b-submod-0-latency-25.cdgp
1704042798826202821,1704042804231644278,200,http://172.169.8.253:31112/function/opt-66b-submod-0-latency-25.cdgp
1704042798826272034,1704042808175612546,500,http://172.169.8.253:31112/function/opt-66b-submod-0-latency-25.cdgp
1704042798826318325,1704042808472631145,500,http://172.169.8.253:31112/function/opt-66b-submod-0-latency-25.cdgp
1704042798827560627,1704042808378279208,500,http://172.169.8.253:31112/function/opt-66b-submod-0-latency-25.cdgp
1704042798827620393,1704042805277868287,200,http://172.169.8.253:31112/function/opt-66b-submod-0-latency-25.cdgp
1704042798827654384,1704042808667712858,500,http://172.169.8.253:31112/function/opt-66b-submod-0-latency-25.cdgp
1704042798828731446,1704042808380454380,500,http://172.169.8.253:31112/function/opt-66b-submod-0-latency-25.cdgp
1704042798828835385,1704042806698648427,200,http://172.169.8.253:31112/function/opt-66b-submod-0-latency-25.cdgp
1704042798828916768,1704042808382442595,500,http://172.169.8.253:31112/function/opt-66b-submod-0-latency-25.cdgp
1704042798828991331,1704042806174743349,200,http://172.169.8.253:31112/function/opt-66b-submod-0-latency-25.cdgp
1704042798829049873,1704042808380742845,500,http://172.169.8.253:31112/function/opt-66b-submod-0-latency-25.cdgp
1704042798829116712,1704042808600484970,500,http://172.169.8.253:31112/function/opt-66b-submod-0-latency-25.cdgp
1704042798829235590,1704042808272490308,500,http://172.169.8.253:31112/function/opt-66b-submod-0-latency-25.cdgp
1704042798829302130,1704042808666803382,500,http://172.169.8.253:31112/function/opt-66b-submod-0-latency-25.cdgp
1704042798829382942,1704042801266809303,200,http://172.169.8.253:31112/function/opt-66b-submod-0-latency-25.cdgp
1704042798829464539,1704042803281824764,200,http://172.169.8.253:31112/function/opt-66b-submod-0-latency-25.cdgp
1704042798829521396,1704042805276873232,200,http://172.169.8.253:31112/function/opt-66b-submod-0-latency-25.cdgp
1704042798829548274,1704042808474592684,500,http://172.169.8.253:31112/function/opt-66b-submod-0-latency-25.cdgp
1704042798829634408,1704042806867944694,200,http://172.169.8.253:31112/function/opt-66b-submod-0-latency-25.cdgp
1704042798829731850,1704042808379636376,500,http://172.169.8.253:31112/function/opt-66b-submod-0-latency-25.cdgp
1704042798831465184,1704042803701393949,200,http://172.169.8.253:31112/function/opt-66b-submod-0-latency-25.cdgp
1704042798831558149,1704042808406051790,500,http://172.169.8.253:31112/function/opt-66b-submod-0-latency-25.cdgp
1704042798831631757,1704042804832987302,200,http://172.169.8.253:31112/function/opt-66b-submod-0-latency-25.cdgp
1704042798831727729,1704042808375903775,500,http://172.169.8.253:31112/function/opt-66b-submod-0-latency-25.cdgp
1704042798831814937,1704042808599546359,500,http://172.169.8.253:31112/function/opt-66b-submod-0-latency-25.cdgp
1704042798831907100,1704042808404412815,500,http://172.169.8.253:31112/function/opt-66b-submod-0-latency-25.cdgp
1704042798831996048,1704042805389971188,200,http://172.169.8.253:31112/function/opt-66b-submod-0-latency-25.cdgp
1704042798832048607,1704042808469638360,500,http://172.169.8.253:31112/function/opt-66b-submod-0-latency-25.cdgp
1704042798832143210,1704042808598737307,500,http://172.169.8.253:31112/function/opt-66b-submod-0-latency-25.cdgp
1704042798832214048,1704042802491918716,200,http://172.169.8.253:31112/function/opt-66b-submod-0-latency-25.cdgp
1704042798832322960,1704042804833805727,200,http://172.169.8.253:31112/function/opt-66b-submod-0-latency-25.cdgp
1704042799643734794,1704042808607784030,500,http://172.169.8.253:31112/function/opt-66b-submod-0-latency-25.cdgp
1704042799643890231,1704042808746186625,500,http://172.169.8.253:31112/function/opt-66b-submod-0-latency-25.cdgp
1704042799643973338,1704042801287932670,200,http://172.169.8.253:31112/function/opt-66b-submod-0-latency-25.cdgp
1704042799644033947,1704042807741333475,200,http://172.169.8.253:31112/function/opt-66b-submod-0-latency-25.cdgp
1704042799644099490,1704042809043800606,500,http://172.169.8.253:31112/function/opt-66b-submod-0-latency-25.cdgp
1704042799644154505,1704042808842614352,500,http://172.169.8.253:31112/function/opt-66b-submod-0-latency-25.cdgp
1704042799644233697,1704042806696956632,200,http://172.169.8.253:31112/function/opt-66b-submod-0-latency-25.cdgp
1704042799647673968,1704042806718893566,200,http://172.169.8.253:31112/function/opt-66b-submod-0-latency-25.cdgp
1704042799647790910,1704042803281495132,200,http://172.169.8.253:31112/function/opt-66b-submod-0-latency-25.cdgp
1704042799647925824,1704042808932452980,500,http://172.169.8.253:31112/function/opt-66b-submod-0-latency-25.cdgp
1704042799648008863,1704042807756551877,200,http://172.169.8.253:31112/function/opt-66b-submod-0-latency-25.cdgp
1704042799648125266,1704042801502513446,200,http://172.169.8.253:31112/function/opt-66b-submod-0-latency-25.cdgp
1704042799648208517,1704042809424522502,500,http://172.169.8.253:31112/function/opt-66b-submod-0-latency-25.cdgp
1704042799648297503,1704042809397452286,500,http://172.169.8.253:31112/function/opt-66b-submod-0-latency-25.cdgp
1704042799648358364,1704042801153075204,200,http://172.169.8.253:31112/function/opt-66b-submod-0-latency-25.cdgp
1704042800498332967,1704042809878184064,500,http://172.169.8.253:31112/function/opt-66b-submod-0-latency-25.cdgp
1704042800498555789,1704042801935550839,200,http://172.169.8.253:31112/function/opt-66b-submod-0-latency-25.cdgp
1704042800498691833,1704042809799575444,500,http://172.169.8.253:31112/function/opt-66b-submod-0-latency-25.cdgp
1704042800498768813,1704042806759825412,200,http://172.169.8.253:31112/function/opt-66b-submod-0-latency-25.cdgp
1704042800498870535,1704042810145912257,500,http://172.169.8.253:31112/function/opt-66b-submod-0-latency-25.cdgp
1704042800498976547,1704042802637977009,200,http://172.169.8.253:31112/function/opt-66b-submod-0-latency-25.cdgp
1704042800563806306,1704042810404984943,500,http://172.169.8.253:31112/function/opt-66b-submod-0-latency-25.cdgp
1704042800563921934,1704042802223783020,200,http://172.169.8.253:31112/function/opt-66b-submod-0-latency-25.cdgp
1704042800564016330,1704042805389130690,200,http://172.169.8.253:31112/function/opt-66b-submod-0-latency-25.cdgp
1704042800564117394,1704042810189116699,500,http://172.169.8.253:31112/function/opt-66b-submod-0-latency-25.cdgp
1704042800564186798,1704042810449666385,500,http://172.169.8.253:31112/function/opt-66b-submod-0-latency-25.cdgp
1704042800564255602,1704042809878061475,500,http://172.169.8.253:31112/function/opt-66b-submod-0-latency-25.cdgp
1704042800564321839,1704042802554870081,200,http://172.169.8.253:31112/function/opt-66b-submod-0-latency-25.cdgp
1704042800564406376,1704042802427472604,200,http://172.169.8.253:31112/function/opt-66b-submod-0-latency-25.cdgp
1704042800564533608,1704042810519988288,500,http://172.169.8.253:31112/function/opt-66b-submod-0-latency-25.cdgp
1704042800564621217,1704042806698301078,200,http://172.169.8.253:31112/function/opt-66b-submod-0-latency-25.cdgp
1704042800564735602,1704042809878210230,500,http://172.169.8.253:31112/function/opt-66b-submod-0-latency-25.cdgp
1704042800564875711,1704042810405380027,500,http://172.169.8.253:31112/function/opt-66b-submod-0-latency-25.cdgp
1704042800564949940,1704042802539945695,200,http://172.169.8.253:31112/function/opt-66b-submod-0-latency-25.cdgp
1704042800565043538,1704042810565441881,500,http://172.169.8.253:31112/function/opt-66b-submod-0-latency-25.cdgp
1704042800565100377,1704042806868748802,200,http://172.169.8.253:31112/function/opt-66b-submod-0-latency-25.cdgp
1704042800565179753,1704042804187770564,200,http://172.169.8.253:31112/function/opt-66b-submod-0-latency-25.cdgp
1704042800565284952,1704042809878146592,500,http://172.169.8.253:31112/function/opt-66b-submod-0-latency-25.cdgp
1704042800565355900,1704042806224460647,200,http://172.169.8.253:31112/function/opt-66b-submod-0-latency-25.cdgp
1704042800565429876,1704042810431699185,500,http://172.169.8.253:31112/function/opt-66b-submod-0-latency-25.cdgp
1704042800565498779,1704042810520137262,500,http://172.169.8.253:31112/function/opt-66b-submod-0-latency-25.cdgp
1704042800565605902,1704042806697277750,200,http://172.169.8.253:31112/function/opt-66b-submod-0-latency-25.cdgp
1704042800565664455,1704042810404815648,500,http://172.169.8.253:31112/function/opt-66b-submod-0-latency-25.cdgp
1704042800565708947,1704042806718800852,200,http://172.169.8.253:31112/function/opt-66b-submod-0-latency-25.cdgp
1704042800565783086,1704042808498144279,200,http://172.169.8.253:31112/function/opt-66b-submod-0-latency-25.cdgp
1704042800565860258,1704042810431436600,500,http://172.169.8.253:31112/function/opt-66b-submod-0-latency-25.cdgp
1704042800565942966,1704042803700336161,200,http://172.169.8.253:31112/function/opt-66b-submod-0-latency-25.cdgp
1704042800566026514,1704042803215723637,200,http://172.169.8.253:31112/function/opt-66b-submod-0-latency-25.cdgp
1704042800566113981,1704042806718822193,200,http://172.169.8.253:31112/function/opt-66b-submod-0-latency-25.cdgp
1704042800566204008,1704042810479740828,500,http://172.169.8.253:31112/function/opt-66b-submod-0-latency-25.cdgp
1704042800566277445,1704042810566649937,500,http://172.169.8.253:31112/function/opt-66b-submod-0-latency-25.cdgp
1704042800566357305,1704042810566642820,500,http://172.169.8.253:31112/function/opt-66b-submod-0-latency-25.cdgp
1704042800566457735,1704042810475942207,500,http://172.169.8.253:31112/function/opt-66b-submod-0-latency-25.cdgp
1704042800566531894,1704042810479724165,500,http://172.169.8.253:31112/function/opt-66b-submod-0-latency-25.cdgp
1704042800566636682,1704042802969858349,200,http://172.169.8.253:31112/function/opt-66b-submod-0-latency-25.cdgp
1704042800566715349,1704042810567976460,500,http://172.169.8.253:31112/function/opt-66b-submod-0-latency-25.cdgp
1704042800566800509,1704042806575995781,200,http://172.169.8.253:31112/function/opt-66b-submod-0-latency-25.cdgp
1704042800566843777,1704042810567969803,500,http://172.169.8.253:31112/function/opt-66b-submod-0-latency-25.cdgp
1704042800566965667,1704042810568055652,500,http://172.169.8.253:31112/function/opt-66b-submod-0-latency-25.cdgp
1704042800567043301,1704042810568040861,500,http://172.169.8.253:31112/function/opt-66b-submod-0-latency-25.cdgp
1704042800567139001,1704042804181706068,200,http://172.169.8.253:31112/function/opt-66b-submod-0-latency-25.cdgp
1704042800567194795,1704042803174907370,200,http://172.169.8.253:31112/function/opt-66b-submod-0-latency-25.cdgp
1704042800567233954,1704042806718555989,200,http://172.169.8.253:31112/function/opt-66b-submod-0-latency-25.cdgp
1704042800567290056,1704042804881129171,200,http://172.169.8.253:31112/function/opt-66b-submod-0-latency-25.cdgp
1704042800567343418,1704042810568031684,500,http://172.169.8.253:31112/function/opt-66b-submod-0-latency-25.cdgp
1704042800567419672,1704042802538211872,200,http://172.169.8.253:31112/function/opt-66b-submod-0-latency-25.cdgp
1704042800567490519,1704042810567981944,500,http://172.169.8.253:31112/function/opt-66b-submod-0-latency-25.cdgp
1704042800567584044,1704042802977871944,200,http://172.169.8.253:31112/function/opt-66b-submod-0-latency-25.cdgp
1704042800567801485,1704042803637470969,200,http://172.169.8.253:31112/function/opt-66b-submod-0-latency-25.cdgp
1704042800567920570,1704042810478872455,500,http://172.169.8.253:31112/function/opt-66b-submod-0-latency-25.cdgp
1704042800567961925,1704042810568182991,500,http://172.169.8.253:31112/function/opt-66b-submod-0-latency-25.cdgp
1704042800568061730,1704042804517608104,200,http://172.169.8.253:31112/function/opt-66b-submod-0-latency-25.cdgp
1704042800568157432,1704042804183374938,200,http://172.169.8.253:31112/function/opt-66b-submod-0-latency-25.cdgp
1704042800568232212,1704042810405605839,500,http://172.169.8.253:31112/function/opt-66b-submod-0-latency-25.cdgp
1704042800568322467,1704042810569008065,500,http://172.169.8.253:31112/function/opt-66b-submod-0-latency-25.cdgp
1704042800568396446,1704042810569043693,500,http://172.169.8.253:31112/function/opt-66b-submod-0-latency-25.cdgp
1704042800568482148,1704042806718245908,200,http://172.169.8.253:31112/function/opt-66b-submod-0-latency-25.cdgp
1704042800568556955,1704042810515955476,500,http://172.169.8.253:31112/function/opt-66b-submod-0-latency-25.cdgp
1704042800568649919,1704042810478525388,500,http://172.169.8.253:31112/function/opt-66b-submod-0-latency-25.cdgp
1704042800568728885,1704042803281578495,200,http://172.169.8.253:31112/function/opt-66b-submod-0-latency-25.cdgp
1704042800568809251,1704042810569036005,500,http://172.169.8.253:31112/function/opt-66b-submod-0-latency-25.cdgp
1704042800568884847,1704042810569027562,500,http://172.169.8.253:31112/function/opt-66b-submod-0-latency-25.cdgp
1704042800568962950,1704042810405391166,500,http://172.169.8.253:31112/function/opt-66b-submod-0-latency-25.cdgp
1704042800569036714,1704042810570252642,500,http://172.169.8.253:31112/function/opt-66b-submod-0-latency-25.cdgp
1704042800569123621,1704042807742407459,200,http://172.169.8.253:31112/function/opt-66b-submod-0-latency-25.cdgp
1704042800569204397,1704042810570236227,500,http://172.169.8.253:31112/function/opt-66b-submod-0-latency-25.cdgp
1704042800569300402,1704042810570336418,500,http://172.169.8.253:31112/function/opt-66b-submod-0-latency-25.cdgp
1704042800569375079,1704042803701256734,200,http://172.169.8.253:31112/function/opt-66b-submod-0-latency-25.cdgp
1704042800569518141,1704042810431128340,500,http://172.169.8.253:31112/function/opt-66b-submod-0-latency-25.cdgp
1704042800569676664,1704042808930182899,200,http://172.169.8.253:31112/function/opt-66b-submod-0-latency-25.cdgp
1704042800569750359,1704042810405588973,500,http://172.169.8.253:31112/function/opt-66b-submod-0-latency-25.cdgp
1704042800569820724,1704042810570241347,500,http://172.169.8.253:31112/function/opt-66b-submod-0-latency-25.cdgp
1704042800569902422,1704042809397630306,200,http://172.169.8.253:31112/function/opt-66b-submod-0-latency-25.cdgp
1704042800569963087,1704042810570331149,500,http://172.169.8.253:31112/function/opt-66b-submod-0-latency-25.cdgp
1704042800570024437,1704042810570346456,500,http://172.169.8.253:31112/function/opt-66b-submod-0-latency-25.cdgp
1704042800570127917,1704042810484166211,500,http://172.169.8.253:31112/function/opt-66b-submod-0-latency-25.cdgp
1704042800638795782,1704042810639792672,500,http://172.169.8.253:31112/function/opt-66b-submod-0-latency-25.cdgp
1704042800638884178,1704042806735418585,200,http://172.169.8.253:31112/function/opt-66b-submod-0-latency-25.cdgp
1704042800638974681,1704042810640053509,500,http://172.169.8.253:31112/function/opt-66b-submod-0-latency-25.cdgp
1704042800639108516,1704042808296220225,200,http://172.169.8.253:31112/function/opt-66b-submod-0-latency-25.cdgp
1704042800639198239,1704042810640047124,500,http://172.169.8.253:31112/function/opt-66b-submod-0-latency-25.cdgp
1704042800639282882,1704042810484668523,500,http://172.169.8.253:31112/function/opt-66b-submod-0-latency-25.cdgp
1704042800639416064,1704042810640016457,500,http://172.169.8.253:31112/function/opt-66b-submod-0-latency-25.cdgp
1704042800639505108,1704042810640033495,500,http://172.169.8.253:31112/function/opt-66b-submod-0-latency-25.cdgp
1704042800639580489,1704042804516668399,200,http://172.169.8.253:31112/function/opt-66b-submod-0-latency-25.cdgp
1704042800639617718,1704042810639857900,500,http://172.169.8.253:31112/function/opt-66b-submod-0-latency-25.cdgp
1704042800639679468,1704042810639861000,500,http://172.169.8.253:31112/function/opt-66b-submod-0-latency-25.cdgp
1704042800640095841,1704042804065644701,200,http://172.169.8.253:31112/function/opt-66b-submod-0-latency-25.cdgp
1704042800640193702,1704042810640937029,500,http://172.169.8.253:31112/function/opt-66b-submod-0-latency-25.cdgp
1704042800642013590,1704042810643379212,500,http://172.169.8.253:31112/function/opt-66b-submod-0-latency-25.cdgp
1704042800642137245,1704042810643223272,500,http://172.169.8.253:31112/function/opt-66b-submod-0-latency-25.cdgp
1704042800642231855,1704042808432206588,200,http://172.169.8.253:31112/function/opt-66b-submod-0-latency-25.cdgp
1704042800642322775,1704042810643206961,500,http://172.169.8.253:31112/function/opt-66b-submod-0-latency-25.cdgp
1704042800642396603,1704042805008009252,200,http://172.169.8.253:31112/function/opt-66b-submod-0-latency-25.cdgp
1704042800642469867,1704042810643413226,500,http://172.169.8.253:31112/function/opt-66b-submod-0-latency-25.cdgp
1704042800649008262,1704042806718324373,200,http://172.169.8.253:31112/function/opt-66b-submod-0-latency-25.cdgp
1704042800652121438,1704042810652563935,500,http://172.169.8.253:31112/function/opt-66b-submod-0-latency-25.cdgp
1704042800652284098,1704042810405262420,500,http://172.169.8.253:31112/function/opt-66b-submod-0-latency-25.cdgp
1704042800652367420,1704042810652569863,500,http://172.169.8.253:31112/function/opt-66b-submod-0-latency-25.cdgp
1704042800652456975,1704042810485473823,500,http://172.169.8.253:31112/function/opt-66b-submod-0-latency-25.cdgp
1704042800652542927,1704042802975598752,200,http://172.169.8.253:31112/function/opt-66b-submod-0-latency-25.cdgp
1704042800652609528,1704042810654141647,500,http://172.169.8.253:31112/function/opt-66b-submod-0-latency-25.cdgp
1704042800652664224,1704042810653897966,500,http://172.169.8.253:31112/function/opt-66b-submod-0-latency-25.cdgp
1704042800652722588,1704042810516688158,500,http://172.169.8.253:31112/function/opt-66b-submod-0-latency-25.cdgp
1704042800652782499,1704042810654134689,500,http://172.169.8.253:31112/function/opt-66b-submod-0-latency-25.cdgp
1704042800652853156,1704042810654119721,500,http://172.169.8.253:31112/function/opt-66b-submod-0-latency-25.cdgp
1704042800652920560,1704042810654143443,500,http://172.169.8.253:31112/function/opt-66b-submod-0-latency-25.cdgp
1704042800652983031,1704042810515868136,500,http://172.169.8.253:31112/function/opt-66b-submod-0-latency-25.cdgp
1704042800653060196,1704042810653701879,500,http://172.169.8.253:31112/function/opt-66b-submod-0-latency-25.cdgp
1704042800653122179,1704042808213788899,200,http://172.169.8.253:31112/function/opt-66b-submod-0-latency-25.cdgp
1704042800653173233,1704042810654140273,500,http://172.169.8.253:31112/function/opt-66b-submod-0-latency-25.cdgp
1704042800653282466,1704042810654126651,500,http://172.169.8.253:31112/function/opt-66b-submod-0-latency-25.cdgp
1704042800653365115,1704042810654149600,500,http://172.169.8.253:31112/function/opt-66b-submod-0-latency-25.cdgp
1704042800653416767,1704042810653703266,500,http://172.169.8.253:31112/function/opt-66b-submod-0-latency-25.cdgp
1704042800653483304,1704042806022961637,200,http://172.169.8.253:31112/function/opt-66b-submod-0-latency-25.cdgp
1704042800653545095,1704042804086563970,200,http://172.169.8.253:31112/function/opt-66b-submod-0-latency-25.cdgp
1704042800653622187,1704042810654130466,500,http://172.169.8.253:31112/function/opt-66b-submod-0-latency-25.cdgp
1704042800653735338,1704042810653893301,500,http://172.169.8.253:31112/function/opt-66b-submod-0-latency-25.cdgp
1704042800683145380,1704042808387090060,200,http://172.169.8.253:31112/function/opt-66b-submod-0-latency-25.cdgp
1704042800787346516,1704042807741892421,200,http://172.169.8.253:31112/function/opt-66b-submod-0-latency-25.cdgp
1704042800787434303,1704042803795493477,200,http://172.169.8.253:31112/function/opt-66b-submod-0-latency-25.cdgp
1704042800787630358,1704042806718701670,200,http://172.169.8.253:31112/function/opt-66b-submod-0-latency-25.cdgp
1704042800787694702,1704042808497632652,200,http://172.169.8.253:31112/function/opt-66b-submod-0-latency-25.cdgp
1704042800805681175,1704042806912546314,200,http://172.169.8.253:31112/function/opt-66b-submod-0-latency-25.cdgp
1704042800805765076,1704042810806438652,500,http://172.169.8.253:31112/function/opt-66b-submod-0-latency-25.cdgp
1704042800805831033,1704042808248506656,200,http://172.169.8.253:31112/function/opt-66b-submod-0-latency-25.cdgp
1704042800805907460,1704042810806371517,500,http://172.169.8.253:31112/function/opt-66b-submod-0-latency-25.cdgp
1704042800805973103,1704042810806371468,500,http://172.169.8.253:31112/function/opt-66b-submod-0-latency-25.cdgp
1704042800806465478,1704042810485588511,500,http://172.169.8.253:31112/function/opt-66b-submod-0-latency-25.cdgp
1704042800806566878,1704042810807459287,500,http://172.169.8.253:31112/function/opt-66b-submod-0-latency-25.cdgp
1704042800963467979,1704042808811657091,200,http://172.169.8.253:31112/function/opt-66b-submod-0-latency-25.cdgp
1704042800963578449,1704042810964370290,500,http://172.169.8.253:31112/function/opt-66b-submod-0-latency-25.cdgp
1704042800963683337,1704042810964408124,500,http://172.169.8.253:31112/function/opt-66b-submod-0-latency-25.cdgp
1704042800963752880,1704042808429520518,200,http://172.169.8.253:31112/function/opt-66b-submod-0-latency-25.cdgp
1704042800963800897,1704042807741893493,200,http://172.169.8.253:31112/function/opt-66b-submod-0-latency-25.cdgp
1704042800963897428,1704042806149050363,200,http://172.169.8.253:31112/function/opt-66b-submod-0-latency-25.cdgp
1704042801020416934,1704042811013725092,500,http://172.169.8.253:31112/function/opt-66b-submod-0-latency-25.cdgp
1704042801020518344,1704042804544344848,200,http://172.169.8.253:31112/function/opt-66b-submod-0-latency-25.cdgp
1704042801020591523,1704042806759804854,200,http://172.169.8.253:31112/function/opt-66b-submod-0-latency-25.cdgp
1704042801020673805,1704042808209927374,200,http://172.169.8.253:31112/function/opt-66b-submod-0-latency-25.cdgp
1704042802560643156,1704042812108521322,500,http://172.169.8.253:31112/function/opt-66b-submod-0-latency-25.cdgp
1704042802560758403,1704042811855545451,500,http://172.169.8.253:31112/function/opt-66b-submod-0-latency-25.cdgp
1704042802560842958,1704042812348558077,500,http://172.169.8.253:31112/function/opt-66b-submod-0-latency-25.cdgp
1704042802560957655,1704042811251037031,500,http://172.169.8.253:31112/function/opt-66b-submod-0-latency-25.cdgp
1704042802561032374,1704042805075443281,200,http://172.169.8.253:31112/function/opt-66b-submod-0-latency-25.cdgp
1704042802561066702,1704042810071603398,200,http://172.169.8.253:31112/function/opt-66b-submod-0-latency-25.cdgp
1704042802561174696,1704042811999579630,500,http://172.169.8.253:31112/function/opt-66b-submod-0-latency-25.cdgp
1704042802561272433,1704042812562460030,500,http://172.169.8.253:31112/function/opt-66b-submod-0-latency-25.cdgp
1704042802561356419,1704042812225344225,500,http://172.169.8.253:31112/function/opt-66b-submod-0-latency-25.cdgp
1704042802561438085,1704042812176629451,500,http://172.169.8.253:31112/function/opt-66b-submod-0-latency-25.cdgp
1704042802561561808,1704042812186410148,500,http://172.169.8.253:31112/function/opt-66b-submod-0-latency-25.cdgp
1704042802561670660,1704042811919488954,500,http://172.169.8.253:31112/function/opt-66b-submod-0-latency-25.cdgp
1704042802561723493,1704042812509280762,500,http://172.169.8.253:31112/function/opt-66b-submod-0-latency-25.cdgp
1704042802561814026,1704042808207931731,200,http://172.169.8.253:31112/function/opt-66b-submod-0-latency-25.cdgp
1704042802561891697,1704042805374466871,200,http://172.169.8.253:31112/function/opt-66b-submod-0-latency-25.cdgp
1704042802561977890,1704042811723471794,500,http://172.169.8.253:31112/function/opt-66b-submod-0-latency-25.cdgp
1704042802562037386,1704042808381686584,200,http://172.169.8.253:31112/function/opt-66b-submod-0-latency-25.cdgp
1704042802562105874,1704042805065104401,200,http://172.169.8.253:31112/function/opt-66b-submod-0-latency-25.cdgp
1704042802562194637,1704042812124670183,500,http://172.169.8.253:31112/function/opt-66b-submod-0-latency-25.cdgp
1704042802562266343,1704042811891690738,500,http://172.169.8.253:31112/function/opt-66b-submod-0-latency-25.cdgp
1704042802562325665,1704042811766590726,500,http://172.169.8.253:31112/function/opt-66b-submod-0-latency-25.cdgp
1704042802562391243,1704042812135350129,500,http://172.169.8.253:31112/function/opt-66b-submod-0-latency-25.cdgp
1704042802562484930,1704042809397898062,200,http://172.169.8.253:31112/function/opt-66b-submod-0-latency-25.cdgp
1704042802562565450,1704042808531329952,200,http://172.169.8.253:31112/function/opt-66b-submod-0-latency-25.cdgp
1704042802562627247,1704042811077817020,500,http://172.169.8.253:31112/function/opt-66b-submod-0-latency-25.cdgp
1704042802562657304,1704042805065089288,200,http://172.169.8.253:31112/function/opt-66b-submod-0-latency-25.cdgp
1704042802562778977,1704042812243193405,500,http://172.169.8.253:31112/function/opt-66b-submod-0-latency-25.cdgp
1704042802562843565,1704042811723352419,500,http://172.169.8.253:31112/function/opt-66b-submod-0-latency-25.cdgp
1704042802566157369,1704042812241433547,500,http://172.169.8.253:31112/function/opt-66b-submod-0-latency-25.cdgp
1704042802566294226,1704042812387979101,500,http://172.169.8.253:31112/function/opt-66b-submod-0-latency-25.cdgp
1704042802566441627,1704042804711435335,200,http://172.169.8.253:31112/function/opt-66b-submod-0-latency-25.cdgp
1704042802566528953,1704042812187576369,500,http://172.169.8.253:31112/function/opt-66b-submod-0-latency-25.cdgp
1704042802566597103,1704042805201085775,200,http://172.169.8.253:31112/function/opt-66b-submod-0-latency-25.cdgp
1704042802566682599,1704042812384962882,500,http://172.169.8.253:31112/function/opt-66b-submod-0-latency-25.cdgp
1704042802566748321,1704042812511589293,500,http://172.169.8.253:31112/function/opt-66b-submod-0-latency-25.cdgp
1704042802566806112,1704042811971960391,500,http://172.169.8.253:31112/function/opt-66b-submod-0-latency-25.cdgp
1704042802566873092,1704042807252518656,200,http://172.169.8.253:31112/function/opt-66b-submod-0-latency-25.cdgp
1704042802566912403,1704042812179450308,500,http://172.169.8.253:31112/function/opt-66b-submod-0-latency-25.cdgp
1704042802566994193,1704042812234133867,500,http://172.169.8.253:31112/function/opt-66b-submod-0-latency-25.cdgp
1704042802567027746,1704042806909194960,200,http://172.169.8.253:31112/function/opt-66b-submod-0-latency-25.cdgp
1704042802567078879,1704042812344449799,500,http://172.169.8.253:31112/function/opt-66b-submod-0-latency-25.cdgp
1704042802567147389,1704042811933353105,500,http://172.169.8.253:31112/function/opt-66b-submod-0-latency-25.cdgp
1704042802567218623,1704042812103574441,500,http://172.169.8.253:31112/function/opt-66b-submod-0-latency-25.cdgp
1704042802567270232,1704042812342497380,500,http://172.169.8.253:31112/function/opt-66b-submod-0-latency-25.cdgp
1704042802567336003,1704042812350557556,500,http://172.169.8.253:31112/function/opt-66b-submod-0-latency-25.cdgp
1704042802567395217,1704042811931024752,500,http://172.169.8.253:31112/function/opt-66b-submod-0-latency-25.cdgp
1704042802567467172,1704042812513301055,500,http://172.169.8.253:31112/function/opt-66b-submod-0-latency-25.cdgp
1704042802567533494,1704042808451467443,200,http://172.169.8.253:31112/function/opt-66b-submod-0-latency-25.cdgp
1704042802567624133,1704042812383112488,500,http://172.169.8.253:31112/function/opt-66b-submod-0-latency-25.cdgp
1704042802567678072,1704042811890072228,500,http://172.169.8.253:31112/function/opt-66b-submod-0-latency-25.cdgp
1704042802567740968,1704042812347632494,500,http://172.169.8.253:31112/function/opt-66b-submod-0-latency-25.cdgp
1704042802567819304,1704042812568127987,500,http://172.169.8.253:31112/function/opt-66b-submod-0-latency-25.cdgp
1704042802567919386,1704042812249304536,500,http://172.169.8.253:31112/function/opt-66b-submod-0-latency-25.cdgp
1704042802567994956,1704042812116162687,500,http://172.169.8.253:31112/function/opt-66b-submod-0-latency-25.cdgp
1704042802568068654,1704042812387639324,500,http://172.169.8.253:31112/function/opt-66b-submod-0-latency-25.cdgp
1704042802568110810,1704042804760441522,200,http://172.169.8.253:31112/function/opt-66b-submod-0-latency-25.cdgp
1704042802568196257,1704042806870467325,200,http://172.169.8.253:31112/function/opt-66b-submod-0-latency-25.cdgp
1704042802568268478,1704042812244874026,500,http://172.169.8.253:31112/function/opt-66b-submod-0-latency-25.cdgp
1704042802568739661,1704042805417755494,200,http://172.169.8.253:31112/function/opt-66b-submod-0-latency-25.cdgp
1704042802568836030,1704042811966145406,500,http://172.169.8.253:31112/function/opt-66b-submod-0-latency-25.cdgp
1704042802568875291,1704042812239416870,500,http://172.169.8.253:31112/function/opt-66b-submod-0-latency-25.cdgp
1704042802568936049,1704042805832748090,200,http://172.169.8.253:31112/function/opt-66b-submod-0-latency-25.cdgp
1704042802740247298,1704042806429984845,200,http://172.169.8.253:31112/function/opt-66b-submod-0-latency-25.cdgp
1704042802740930042,1704042812741930474,500,http://172.169.8.253:31112/function/opt-66b-submod-0-latency-25.cdgp
1704042802741062178,1704042808432908134,200,http://172.169.8.253:31112/function/opt-66b-submod-0-latency-25.cdgp
1704042802741154679,1704042812742003339,500,http://172.169.8.253:31112/function/opt-66b-submod-0-latency-25.cdgp
1704042802759430546,1704042809397784926,200,http://172.169.8.253:31112/function/opt-66b-submod-0-latency-25.cdgp
1704042802759536407,1704042808390017774,200,http://172.169.8.253:31112/function/opt-66b-submod-0-latency-25.cdgp
1704042802759604907,1704042812589588469,500,http://172.169.8.253:31112/function/opt-66b-submod-0-latency-25.cdgp
1704042802759682698,1704042812022457757,200,http://172.169.8.253:31112/function/opt-66b-submod-0-latency-25.cdgp
1704042802759768200,1704042809410711795,200,http://172.169.8.253:31112/function/opt-66b-submod-0-latency-25.cdgp
1704042802759901167,1704042807480454924,200,http://172.169.8.253:31112/function/opt-66b-submod-0-latency-25.cdgp
1704042802759964602,1704042806351526421,200,http://172.169.8.253:31112/function/opt-66b-submod-0-latency-25.cdgp
1704042802760012172,1704042812760840760,500,http://172.169.8.253:31112/function/opt-66b-submod-0-latency-25.cdgp
1704042802760100635,1704042812424821299,500,http://172.169.8.253:31112/function/opt-66b-submod-0-latency-25.cdgp
1704042802760153317,1704042812726631419,500,http://172.169.8.253:31112/function/opt-66b-submod-0-latency-25.cdgp
1704042802760249931,1704042812760550499,500,http://172.169.8.253:31112/function/opt-66b-submod-0-latency-25.cdgp
1704042802760335296,1704042812760555537,500,http://172.169.8.253:31112/function/opt-66b-submod-0-latency-25.cdgp
1704042802760399131,1704042812099027852,200,http://172.169.8.253:31112/function/opt-66b-submod-0-latency-25.cdgp
1704042802760449237,1704042805064939434,200,http://172.169.8.253:31112/function/opt-66b-submod-0-latency-25.cdgp
1704042802760550642,1704042812760781204,500,http://172.169.8.253:31112/function/opt-66b-submod-0-latency-25.cdgp
1704042802760637582,1704042812542892387,500,http://172.169.8.253:31112/function/opt-66b-submod-0-latency-25.cdgp
1704042802760727166,1704042805721690179,200,http://172.169.8.253:31112/function/opt-66b-submod-0-latency-25.cdgp
1704042802760765606,1704042812761989891,500,http://172.169.8.253:31112/function/opt-66b-submod-0-latency-25.cdgp
1704042802760857719,1704042812762100692,500,http://172.169.8.253:31112/function/opt-66b-submod-0-latency-25.cdgp
1704042802760933320,1704042807756923438,200,http://172.169.8.253:31112/function/opt-66b-submod-0-latency-25.cdgp
1704042802761000347,1704042812592871552,500,http://172.169.8.253:31112/function/opt-66b-submod-0-latency-25.cdgp
1704042802761070269,1704042807756082659,200,http://172.169.8.253:31112/function/opt-66b-submod-0-latency-25.cdgp
1704042802761130250,1704042808489154409,200,http://172.169.8.253:31112/function/opt-66b-submod-0-latency-25.cdgp
1704042802761219569,1704042812590915107,500,http://172.169.8.253:31112/function/opt-66b-submod-0-latency-25.cdgp
1704042802761255763,1704042812761980061,500,http://172.169.8.253:31112/function/opt-66b-submod-0-latency-25.cdgp
1704042802761462146,1704042812762096740,500,http://172.169.8.253:31112/function/opt-66b-submod-0-latency-25.cdgp
1704042802761552693,1704042807338758886,200,http://172.169.8.253:31112/function/opt-66b-submod-0-latency-25.cdgp
1704042802761632286,1704042812426375856,500,http://172.169.8.253:31112/function/opt-66b-submod-0-latency-25.cdgp
1704042802761715912,1704042812762097396,500,http://172.169.8.253:31112/function/opt-66b-submod-0-latency-25.cdgp
1704042802762363941,1704042812763048432,500,http://172.169.8.253:31112/function/opt-66b-submod-0-latency-25.cdgp
1704042802762436377,1704042806877342322,200,http://172.169.8.253:31112/function/opt-66b-submod-0-latency-25.cdgp
1704042802762520560,1704042805650907592,200,http://172.169.8.253:31112/function/opt-66b-submod-0-latency-25.cdgp
1704042802762611306,1704042806871190382,200,http://172.169.8.253:31112/function/opt-66b-submod-0-latency-25.cdgp
1704042802801920305,1704042805719370933,200,http://172.169.8.253:31112/function/opt-66b-submod-0-latency-25.cdgp
1704042802802029666,1704042812008928673,200,http://172.169.8.253:31112/function/opt-66b-submod-0-latency-25.cdgp
1704042802802182603,1704042808499772905,200,http://172.169.8.253:31112/function/opt-66b-submod-0-latency-25.cdgp
1704042802802249346,1704042812803381833,500,http://172.169.8.253:31112/function/opt-66b-submod-0-latency-25.cdgp
1704042802802280196,1704042811981502929,200,http://172.169.8.253:31112/function/opt-66b-submod-0-latency-25.cdgp
1704042802802337028,1704042812730694208,500,http://172.169.8.253:31112/function/opt-66b-submod-0-latency-25.cdgp
1704042802802402622,1704042807757612747,200,http://172.169.8.253:31112/function/opt-66b-submod-0-latency-25.cdgp
1704042802802478573,1704042812586694380,500,http://172.169.8.253:31112/function/opt-66b-submod-0-latency-25.cdgp
1704042802802569032,1704042812569035028,500,http://172.169.8.253:31112/function/opt-66b-submod-0-latency-25.cdgp
1704042802802647482,1704042807291603885,200,http://172.169.8.253:31112/function/opt-66b-submod-0-latency-25.cdgp
1704042802802746337,1704042812594360658,200,http://172.169.8.253:31112/function/opt-66b-submod-0-latency-25.cdgp
1704042802802775044,1704042812593033992,200,http://172.169.8.253:31112/function/opt-66b-submod-0-latency-25.cdgp
1704042802802857285,1704042808391579326,200,http://172.169.8.253:31112/function/opt-66b-submod-0-latency-25.cdgp
1704042802805164281,1704042809428809352,200,http://172.169.8.253:31112/function/opt-66b-submod-0-latency-25.cdgp
1704042802805314496,1704042812591624143,200,http://172.169.8.253:31112/function/opt-66b-submod-0-latency-25.cdgp
1704042802805407601,1704042812729754959,500,http://172.169.8.253:31112/function/opt-66b-submod-0-latency-25.cdgp
1704042802805534168,1704042805722852679,200,http://172.169.8.253:31112/function/opt-66b-submod-0-latency-25.cdgp
1704042802805617539,1704042812799031132,200,http://172.169.8.253:31112/function/opt-66b-submod-0-latency-25.cdgp
1704042802805714066,1704042812806679481,500,http://172.169.8.253:31112/function/opt-66b-submod-0-latency-25.cdgp
1704042802805790467,1704042809397942508,200,http://172.169.8.253:31112/function/opt-66b-submod-0-latency-25.cdgp
1704042802805867752,1704042812730403263,500,http://172.169.8.253:31112/function/opt-66b-submod-0-latency-25.cdgp
1704042802806173823,1704042807573855425,200,http://172.169.8.253:31112/function/opt-66b-submod-0-latency-25.cdgp
1704042803004929635,1704042813005361792,500,http://172.169.8.253:31112/function/opt-66b-submod-0-latency-25.cdgp
1704042803222344293,1704042813221236751,500,http://172.169.8.253:31112/function/opt-66b-submod-0-latency-25.cdgp
1704042803222434833,1704042808072181676,200,http://172.169.8.253:31112/function/opt-66b-submod-0-latency-25.cdgp
1704042803222515680,1704042813221181645,500,http://172.169.8.253:31112/function/opt-66b-submod-0-latency-25.cdgp
1704042803222583137,1704042807573749686,200,http://172.169.8.253:31112/function/opt-66b-submod-0-latency-25.cdgp
1704042803222665483,1704042806069512192,200,http://172.169.8.253:31112/function/opt-66b-submod-0-latency-25.cdgp
1704042803222706309,1704042813222623360,500,http://172.169.8.253:31112/function/opt-66b-submod-0-latency-25.cdgp
1704042803222785695,1704042812683750412,200,http://172.169.8.253:31112/function/opt-66b-submod-0-latency-25.cdgp
1704042803222866543,1704042813222999699,500,http://172.169.8.253:31112/function/opt-66b-submod-0-latency-25.cdgp
1704042803222964490,1704042813063369195,500,http://172.169.8.253:31112/function/opt-66b-submod-0-latency-25.cdgp
1704042803223044398,1704042810150071461,200,http://172.169.8.253:31112/function/opt-66b-submod-0-latency-25.cdgp
1704042803223105335,1704042813092047925,500,http://172.169.8.253:31112/function/opt-66b-submod-0-latency-25.cdgp
1704042803223202773,1704042813065082009,500,http://172.169.8.253:31112/function/opt-66b-submod-0-latency-25.cdgp
1704042803223350549,1704042813224001585,500,http://172.169.8.253:31112/function/opt-66b-submod-0-latency-25.cdgp
1704042803223459854,1704042813222903508,500,http://172.169.8.253:31112/function/opt-66b-submod-0-latency-25.cdgp
1704042803223536238,1704042807573841790,200,http://172.169.8.253:31112/function/opt-66b-submod-0-latency-25.cdgp
1704042803223614394,1704042813065811429,500,http://172.169.8.253:31112/function/opt-66b-submod-0-latency-25.cdgp
1704042803223695110,1704042812960426387,500,http://172.169.8.253:31112/function/opt-66b-submod-0-latency-25.cdgp
1704042803223769139,1704042813223897461,500,http://172.169.8.253:31112/function/opt-66b-submod-0-latency-25.cdgp
1704042803223849628,1704042812075733942,200,http://172.169.8.253:31112/function/opt-66b-submod-0-latency-25.cdgp
1704042803223955734,1704042813088583405,500,http://172.169.8.253:31112/function/opt-66b-submod-0-latency-25.cdgp
1704042803224024014,1704042813224523610,500,http://172.169.8.253:31112/function/opt-66b-submod-0-latency-25.cdgp
1704042803224116932,1704042813221566784,500,http://172.169.8.253:31112/function/opt-66b-submod-0-latency-25.cdgp
1704042803224143740,1704042809000251656,200,http://172.169.8.253:31112/function/opt-66b-submod-0-latency-25.cdgp
1704042803224241924,1704042813096412405,500,http://172.169.8.253:31112/function/opt-66b-submod-0-latency-25.cdgp
1704042803224322405,1704042808296719485,200,http://172.169.8.253:31112/function/opt-66b-submod-0-latency-25.cdgp
1704042803224388498,1704042813224530560,500,http://172.169.8.253:31112/function/opt-66b-submod-0-latency-25.cdgp
1704042803224416427,1704042813224386112,500,http://172.169.8.253:31112/function/opt-66b-submod-0-latency-25.cdgp
1704042803224530709,1704042812029303640,200,http://172.169.8.253:31112/function/opt-66b-submod-0-latency-25.cdgp
1704042803224635110,1704042811983628664,200,http://172.169.8.253:31112/function/opt-66b-submod-0-latency-25.cdgp
1704042803224689546,1704042813225488228,500,http://172.169.8.253:31112/function/opt-66b-submod-0-latency-25.cdgp
1704042803224788614,1704042813091745975,500,http://172.169.8.253:31112/function/opt-66b-submod-0-latency-25.cdgp
1704042803228711080,1704042813228955798,500,http://172.169.8.253:31112/function/opt-66b-submod-0-latency-25.cdgp
1704042803228796848,1704042805910158611,200,http://172.169.8.253:31112/function/opt-66b-submod-0-latency-25.cdgp
1704042803228884198,1704042805819044320,200,http://172.169.8.253:31112/function/opt-66b-submod-0-latency-25.cdgp
1704042803228967278,1704042813226104338,500,http://172.169.8.253:31112/function/opt-66b-submod-0-latency-25.cdgp
1704042803229040646,1704042811838221603,200,http://172.169.8.253:31112/function/opt-66b-submod-0-latency-25.cdgp
1704042803229111191,1704042808206486876,200,http://172.169.8.253:31112/function/opt-66b-submod-0-latency-25.cdgp
1704042803229209669,1704042813089131118,500,http://172.169.8.253:31112/function/opt-66b-submod-0-latency-25.cdgp
1704042803229276732,1704042813225380416,500,http://172.169.8.253:31112/function/opt-66b-submod-0-latency-25.cdgp
1704042803229382930,1704042813092914124,500,http://172.169.8.253:31112/function/opt-66b-submod-0-latency-25.cdgp
1704042803229465601,1704042813086156724,500,http://172.169.8.253:31112/function/opt-66b-submod-0-latency-25.cdgp
1704042803229528173,1704042811991553950,200,http://172.169.8.253:31112/function/opt-66b-submod-0-latency-25.cdgp
1704042803229620837,1704042813092393739,500,http://172.169.8.253:31112/function/opt-66b-submod-0-latency-25.cdgp
1704042803229726808,1704042808070469381,200,http://172.169.8.253:31112/function/opt-66b-submod-0-latency-25.cdgp
1704042803229849502,1704042813223277562,500,http://172.169.8.253:31112/function/opt-66b-submod-0-latency-25.cdgp
1704042803229922603,1704042813093405413,500,http://172.169.8.253:31112/function/opt-66b-submod-0-latency-25.cdgp
1704042803229964574,1704042813223034864,500,http://172.169.8.253:31112/function/opt-66b-submod-0-latency-25.cdgp
1704042803230018258,1704042806508453057,200,http://172.169.8.253:31112/function/opt-66b-submod-0-latency-25.cdgp
1704042803230084364,1704042806681470164,200,http://172.169.8.253:31112/function/opt-66b-submod-0-latency-25.cdgp
1704042803230156421,1704042813228819694,500,http://172.169.8.253:31112/function/opt-66b-submod-0-latency-25.cdgp
1704042803230236174,1704042811978352272,200,http://172.169.8.253:31112/function/opt-66b-submod-0-latency-25.cdgp
1704042803230326866,1704042813225726663,500,http://172.169.8.253:31112/function/opt-66b-submod-0-latency-25.cdgp
1704042803230417355,1704042808072826994,200,http://172.169.8.253:31112/function/opt-66b-submod-0-latency-25.cdgp
1704042803230485203,1704042813223021602,500,http://172.169.8.253:31112/function/opt-66b-submod-0-latency-25.cdgp
1704042803499857371,1704042813118834095,500,http://172.169.8.253:31112/function/opt-66b-submod-0-latency-25.cdgp
1704042803853744395,1704042812032039043,200,http://172.169.8.253:31112/function/opt-66b-submod-0-latency-25.cdgp
1704042803853836586,1704042813547970568,500,http://172.169.8.253:31112/function/opt-66b-submod-0-latency-25.cdgp
1704042803853989114,1704042808681134530,200,http://172.169.8.253:31112/function/opt-66b-submod-0-latency-25.cdgp
1704042803854639208,1704042812673968151,200,http://172.169.8.253:31112/function/opt-66b-submod-0-latency-25.cdgp
1704042803854720063,1704042813580173617,500,http://172.169.8.253:31112/function/opt-66b-submod-0-latency-25.cdgp
1704042803854767222,1704042813547954053,500,http://172.169.8.253:31112/function/opt-66b-submod-0-latency-25.cdgp
1704042803854856764,1704042813548040384,500,http://172.169.8.253:31112/function/opt-66b-submod-0-latency-25.cdgp
1704042803854882720,1704042812138705389,200,http://172.169.8.253:31112/function/opt-66b-submod-0-latency-25.cdgp
1704042803854951833,1704042813548266324,500,http://172.169.8.253:31112/function/opt-66b-submod-0-latency-25.cdgp
1704042803855018474,1704042811250717723,200,http://172.169.8.253:31112/function/opt-66b-submod-0-latency-25.cdgp
1704042803855108893,1704042808668412107,200,http://172.169.8.253:31112/function/opt-66b-submod-0-latency-25.cdgp
1704042803855188556,1704042813440626941,500,http://172.169.8.253:31112/function/opt-66b-submod-0-latency-25.cdgp
1704042803855275234,1704042813534747657,500,http://172.169.8.253:31112/function/opt-66b-submod-0-latency-25.cdgp
1704042803855361299,1704042813547870650,500,http://172.169.8.253:31112/function/opt-66b-submod-0-latency-25.cdgp
1704042804387024299,1704042811976350069,200,http://172.169.8.253:31112/function/opt-66b-submod-0-latency-25.cdgp
1704042804388019469,1704042812026289799,200,http://172.169.8.253:31112/function/opt-66b-submod-0-latency-25.cdgp
1704042804388100540,1704042813806157299,500,http://172.169.8.253:31112/function/opt-66b-submod-0-latency-25.cdgp
1704042804388240739,1704042812547051036,200,http://172.169.8.253:31112/function/opt-66b-submod-0-latency-25.cdgp
1704042804388326341,1704042813803264626,500,http://172.169.8.253:31112/function/opt-66b-submod-0-latency-25.cdgp
1704042804388404734,1704042813807163367,500,http://172.169.8.253:31112/function/opt-66b-submod-0-latency-25.cdgp
1704042804388489093,1704042813803998389,500,http://172.169.8.253:31112/function/opt-66b-submod-0-latency-25.cdgp
1704042804388571724,1704042813806413511,500,http://172.169.8.253:31112/function/opt-66b-submod-0-latency-25.cdgp
1704042804388662829,1704042813801310876,500,http://172.169.8.253:31112/function/opt-66b-submod-0-latency-25.cdgp
1704042804388751402,1704042813803908397,500,http://172.169.8.253:31112/function/opt-66b-submod-0-latency-25.cdgp
1704042804566903832,1704042812639593265,200,http://172.169.8.253:31112/function/opt-66b-submod-0-latency-25.cdgp
1704042804566989198,1704042813803674271,500,http://172.169.8.253:31112/function/opt-66b-submod-0-latency-25.cdgp
1704042804567069681,1704042813964331751,500,http://172.169.8.253:31112/function/opt-66b-submod-0-latency-25.cdgp
1704042804567207546,1704042813807339612,500,http://172.169.8.253:31112/function/opt-66b-submod-0-latency-25.cdgp
1704042804567325672,1704042813807041688,500,http://172.169.8.253:31112/function/opt-66b-submod-0-latency-25.cdgp
1704042804568603910,1704042809085906162,200,http://172.169.8.253:31112/function/opt-66b-submod-0-latency-25.cdgp
1704042804568673527,1704042813899802468,500,http://172.169.8.253:31112/function/opt-66b-submod-0-latency-25.cdgp
1704042804568716876,1704042814568908601,500,http://172.169.8.253:31112/function/opt-66b-submod-0-latency-25.cdgp
1704042804568799331,1704042812024334511,200,http://172.169.8.253:31112/function/opt-66b-submod-0-latency-25.cdgp
1704042804574280545,1704042814575207787,500,http://172.169.8.253:31112/function/opt-66b-submod-0-latency-25.cdgp
1704042804574364492,1704042808681153421,200,http://172.169.8.253:31112/function/opt-66b-submod-0-latency-25.cdgp
1704042804574443437,1704042806064807467,200,http://172.169.8.253:31112/function/opt-66b-submod-0-latency-25.cdgp
1704042804574507513,1704042814441970113,500,http://172.169.8.253:31112/function/opt-66b-submod-0-latency-25.cdgp
1704042804574584251,1704042808997155931,200,http://172.169.8.253:31112/function/opt-66b-submod-0-latency-25.cdgp
1704042804574645655,1704042811088178958,200,http://172.169.8.253:31112/function/opt-66b-submod-0-latency-25.cdgp
1704042804580752139,1704042811982990862,200,http://172.169.8.253:31112/function/opt-66b-submod-0-latency-25.cdgp
1704042804580840473,1704042809398457923,200,http://172.169.8.253:31112/function/opt-66b-submod-0-latency-25.cdgp
1704042804580916498,1704042807985862891,200,http://172.169.8.253:31112/function/opt-66b-submod-0-latency-25.cdgp
1704042804581024100,1704042814441870758,500,http://172.169.8.253:31112/function/opt-66b-submod-0-latency-25.cdgp
1704042804581127253,1704042809428445298,200,http://172.169.8.253:31112/function/opt-66b-submod-0-latency-25.cdgp
1704042804581203517,1704042811974768696,200,http://172.169.8.253:31112/function/opt-66b-submod-0-latency-25.cdgp
1704042804581258413,1704042813822108051,500,http://172.169.8.253:31112/function/opt-66b-submod-0-latency-25.cdgp
1704042804581324377,1704042814442174774,500,http://172.169.8.253:31112/function/opt-66b-submod-0-latency-25.cdgp
1704042804581391156,1704042811089510897,200,http://172.169.8.253:31112/function/opt-66b-submod-0-latency-25.cdgp
1704042804581424269,1704042814487887729,500,http://172.169.8.253:31112/function/opt-66b-submod-0-latency-25.cdgp
1704042804581498892,1704042814582505384,500,http://172.169.8.253:31112/function/opt-66b-submod-0-latency-25.cdgp
1704042804581579817,1704042812018768529,200,http://172.169.8.253:31112/function/opt-66b-submod-0-latency-25.cdgp
1704042804581642094,1704042808995353095,200,http://172.169.8.253:31112/function/opt-66b-submod-0-latency-25.cdgp
1704042804581711731,1704042812886210010,500,http://172.169.8.253:31112/function/opt-66b-submod-0-latency-25.cdgp
1704042804581753724,1704042809397512060,200,http://172.169.8.253:31112/function/opt-66b-submod-0-latency-25.cdgp
1704042804637665517,1704042814471889526,500,http://172.169.8.253:31112/function/opt-66b-submod-0-latency-25.cdgp
1704042804637755967,1704042814603086517,500,http://172.169.8.253:31112/function/opt-66b-submod-0-latency-25.cdgp
1704042804637819955,1704042808294771916,200,http://172.169.8.253:31112/function/opt-66b-submod-0-latency-25.cdgp
1704042804637895529,1704042812020712392,200,http://172.169.8.253:31112/function/opt-66b-submod-0-latency-25.cdgp
1704042804637986443,1704042811980638508,200,http://172.169.8.253:31112/function/opt-66b-submod-0-latency-25.cdgp
1704042804638056486,1704042814063099494,500,http://172.169.8.253:31112/function/opt-66b-submod-0-latency-25.cdgp
1704042804638090621,1704042812630641180,200,http://172.169.8.253:31112/function/opt-66b-submod-0-latency-25.cdgp
1704042804638199834,1704042806433061771,200,http://172.169.8.253:31112/function/opt-66b-submod-0-latency-25.cdgp
1704042804638290104,1704042814156272212,500,http://172.169.8.253:31112/function/opt-66b-submod-0-latency-25.cdgp
1704042804638373407,1704042814472937055,500,http://172.169.8.253:31112/function/opt-66b-submod-0-latency-25.cdgp
1704042804638437905,1704042814472448790,500,http://172.169.8.253:31112/function/opt-66b-submod-0-latency-25.cdgp
1704042804638529096,1704042814472011317,500,http://172.169.8.253:31112/function/opt-66b-submod-0-latency-25.cdgp
1704042804644552124,1704042814441985927,500,http://172.169.8.253:31112/function/opt-66b-submod-0-latency-25.cdgp
1704042804644624800,1704042814122238485,500,http://172.169.8.253:31112/function/opt-66b-submod-0-latency-25.cdgp
1704042804644652319,1704042814442136760,500,http://172.169.8.253:31112/function/opt-66b-submod-0-latency-25.cdgp
1704042804644747326,1704042814603409311,500,http://172.169.8.253:31112/function/opt-66b-submod-0-latency-25.cdgp
1704042804644808285,1704042814056473692,500,http://172.169.8.253:31112/function/opt-66b-submod-0-latency-25.cdgp
1704042804644874616,1704042814603020107,500,http://172.169.8.253:31112/function/opt-66b-submod-0-latency-25.cdgp
1704042804644892818,1704042814472409790,500,http://172.169.8.253:31112/function/opt-66b-submod-0-latency-25.cdgp
1704042804645015098,1704042814442534198,500,http://172.169.8.253:31112/function/opt-66b-submod-0-latency-25.cdgp
1704042804645092218,1704042814471995823,500,http://172.169.8.253:31112/function/opt-66b-submod-0-latency-25.cdgp
1704042804744030522,1704042814612941304,500,http://172.169.8.253:31112/function/opt-66b-submod-0-latency-25.cdgp
1704042804744128709,1704042814607435271,500,http://172.169.8.253:31112/function/opt-66b-submod-0-latency-25.cdgp
1704042804744203543,1704042812776777011,200,http://172.169.8.253:31112/function/opt-66b-submod-0-latency-25.cdgp
1704042804744306234,1704042811986660028,200,http://172.169.8.253:31112/function/opt-66b-submod-0-latency-25.cdgp
1704042804744368210,1704042811253230121,200,http://172.169.8.253:31112/function/opt-66b-submod-0-latency-25.cdgp
1704042804744397461,1704042814613533249,500,http://172.169.8.253:31112/function/opt-66b-submod-0-latency-25.cdgp
1704042804744474199,1704042811074978305,200,http://172.169.8.253:31112/function/opt-66b-submod-0-latency-25.cdgp
1704042804826405900,1704042814647640170,500,http://172.169.8.253:31112/function/opt-66b-submod-0-latency-25.cdgp
1704042804826528890,1704042808507416984,200,http://172.169.8.253:31112/function/opt-66b-submod-0-latency-25.cdgp
1704042804826667465,1704042812071042914,200,http://172.169.8.253:31112/function/opt-66b-submod-0-latency-25.cdgp
1704042804826733334,1704042809398831216,200,http://172.169.8.253:31112/function/opt-66b-submod-0-latency-25.cdgp
1704042804826776363,1704042811857980338,200,http://172.169.8.253:31112/function/opt-66b-submod-0-latency-25.cdgp
1704042804826856932,1704042814488203587,500,http://172.169.8.253:31112/function/opt-66b-submod-0-latency-25.cdgp
1704042804826914185,1704042814603719582,500,http://172.169.8.253:31112/function/opt-66b-submod-0-latency-25.cdgp
1704042804827010183,1704042814491782405,500,http://172.169.8.253:31112/function/opt-66b-submod-0-latency-25.cdgp
1704042804827068889,1704042814603121538,500,http://172.169.8.253:31112/function/opt-66b-submod-0-latency-25.cdgp
1704042804827133447,1704042807169589420,200,http://172.169.8.253:31112/function/opt-66b-submod-0-latency-25.cdgp
1704042804827220914,1704042811973548135,200,http://172.169.8.253:31112/function/opt-66b-submod-0-latency-25.cdgp
1704042804827337797,1704042809428531535,200,http://172.169.8.253:31112/function/opt-66b-submod-0-latency-25.cdgp
1704042804827405824,1704042814488501757,500,http://172.169.8.253:31112/function/opt-66b-submod-0-latency-25.cdgp
1704042804827436797,1704042814614121785,500,http://172.169.8.253:31112/function/opt-66b-submod-0-latency-25.cdgp
1704042804827524113,1704042814531661105,500,http://172.169.8.253:31112/function/opt-66b-submod-0-latency-25.cdgp
1704042804827599444,1704042814603140453,500,http://172.169.8.253:31112/function/opt-66b-submod-0-latency-25.cdgp
1704042804827625546,1704042812135588016,200,http://172.169.8.253:31112/function/opt-66b-submod-0-latency-25.cdgp
1704042804827710692,1704042814603960914,500,http://172.169.8.253:31112/function/opt-66b-submod-0-latency-25.cdgp
1704042804827794765,1704042814607414112,500,http://172.169.8.253:31112/function/opt-66b-submod-0-latency-25.cdgp
1704042804827843663,1704042814607382503,500,http://172.169.8.253:31112/function/opt-66b-submod-0-latency-25.cdgp
1704042804827905614,1704042806681099124,200,http://172.169.8.253:31112/function/opt-66b-submod-0-latency-25.cdgp
1704042804827997914,1704042814493448785,500,http://172.169.8.253:31112/function/opt-66b-submod-0-latency-25.cdgp
1704042804828090608,1704042809759058915,200,http://172.169.8.253:31112/function/opt-66b-submod-0-latency-25.cdgp
1704042805663466748,1704042814888418773,500,http://172.169.8.253:31112/function/opt-66b-submod-0-latency-25.cdgp
1704042805663583839,1704042815295646209,500,http://172.169.8.253:31112/function/opt-66b-submod-0-latency-25.cdgp
1704042805663667478,1704042815207487128,500,http://172.169.8.253:31112/function/opt-66b-submod-0-latency-25.cdgp
1704042805663738391,1704042814923694797,500,http://172.169.8.253:31112/function/opt-66b-submod-0-latency-25.cdgp
1704042805663805191,1704042809398156909,200,http://172.169.8.253:31112/function/opt-66b-submod-0-latency-25.cdgp
1704042805663869295,1704042815009243541,500,http://172.169.8.253:31112/function/opt-66b-submod-0-latency-25.cdgp
1704042805663907714,1704042814889253607,500,http://172.169.8.253:31112/function/opt-66b-submod-0-latency-25.cdgp
1704042805663995166,1704042812783690154,200,http://172.169.8.253:31112/function/opt-66b-submod-0-latency-25.cdgp
1704042805664026509,1704042812031104679,200,http://172.169.8.253:31112/function/opt-66b-submod-0-latency-25.cdgp
1704042805664121484,1704042814884198779,500,http://172.169.8.253:31112/function/opt-66b-submod-0-latency-25.cdgp
1704042805706867319,1704042814129874184,500,http://172.169.8.253:31112/function/opt-66b-submod-0-latency-25.cdgp
1704042805706951379,1704042814888203856,500,http://172.169.8.253:31112/function/opt-66b-submod-0-latency-25.cdgp
1704042805708581017,1704042809723741692,200,http://172.169.8.253:31112/function/opt-66b-submod-0-latency-25.cdgp
1704042805708672532,1704042812771277059,200,http://172.169.8.253:31112/function/opt-66b-submod-0-latency-25.cdgp
1704042805708849137,1704042807338621439,200,http://172.169.8.253:31112/function/opt-66b-submod-0-latency-25.cdgp
1704042805708935951,1704042815088797926,500,http://172.169.8.253:31112/function/opt-66b-submod-0-latency-25.cdgp
1704042805709022459,1704042814888757839,500,http://172.169.8.253:31112/function/opt-66b-submod-0-latency-25.cdgp
1704042805709086346,1704042814888793106,500,http://172.169.8.253:31112/function/opt-66b-submod-0-latency-25.cdgp
1704042805709136763,1704042815210127707,500,http://172.169.8.253:31112/function/opt-66b-submod-0-latency-25.cdgp
1704042805709227333,1704042814076659450,500,http://172.169.8.253:31112/function/opt-66b-submod-0-latency-25.cdgp
1704042805709255578,1704042814887783158,500,http://172.169.8.253:31112/function/opt-66b-submod-0-latency-25.cdgp
1704042805709315643,1704042809428903566,200,http://172.169.8.253:31112/function/opt-66b-submod-0-latency-25.cdgp
1704042805884808454,1704042814062609756,500,http://172.169.8.253:31112/function/opt-66b-submod-0-latency-25.cdgp
1704042805884895998,1704042815009441002,500,http://172.169.8.253:31112/function/opt-66b-submod-0-latency-25.cdgp
1704042805884973382,1704042811861950796,200,http://172.169.8.253:31112/function/opt-66b-submod-0-latency-25.cdgp
1704042805968484331,1704042815272931764,500,http://172.169.8.253:31112/function/opt-66b-submod-0-latency-25.cdgp
1704042805968611906,1704042815319807869,500,http://172.169.8.253:31112/function/opt-66b-submod-0-latency-25.cdgp
1704042805968721004,1704042811897869035,200,http://172.169.8.253:31112/function/opt-66b-submod-0-latency-25.cdgp
1704042805968789520,1704042815316078235,500,http://172.169.8.253:31112/function/opt-66b-submod-0-latency-25.cdgp
1704042805968814107,1704042815274703278,500,http://172.169.8.253:31112/function/opt-66b-submod-0-latency-25.cdgp
1704042805969860617,1704042815272874505,500,http://172.169.8.253:31112/function/opt-66b-submod-0-latency-25.cdgp
1704042806554875984,1704042814604071991,500,http://172.169.8.253:31112/function/opt-66b-submod-0-latency-25.cdgp
1704042806555001232,1704042808541010238,200,http://172.169.8.253:31112/function/opt-66b-submod-0-latency-25.cdgp
1704042806555068299,1704042816230988864,500,http://172.169.8.253:31112/function/opt-66b-submod-0-latency-25.cdgp
1704042806555138639,1704042816096601775,500,http://172.169.8.253:31112/function/opt-66b-submod-0-latency-25.cdgp
1704042806555216483,1704042815884377496,500,http://172.169.8.253:31112/function/opt-66b-submod-0-latency-25.cdgp
1704042806555279854,1704042815969940536,500,http://172.169.8.253:31112/function/opt-66b-submod-0-latency-25.cdgp
1704042806555344935,1704042816012729420,500,http://172.169.8.253:31112/function/opt-66b-submod-0-latency-25.cdgp
1704042806555376180,1704042810077462830,200,http://172.169.8.253:31112/function/opt-66b-submod-0-latency-25.cdgp
1704042806555462608,1704042816231121040,500,http://172.169.8.253:31112/function/opt-66b-submod-0-latency-25.cdgp
1704042806555539897,1704042808336548840,200,http://172.169.8.253:31112/function/opt-66b-submod-0-latency-25.cdgp
1704042806555631031,1704042809398817610,200,http://172.169.8.253:31112/function/opt-66b-submod-0-latency-25.cdgp
1704042806555716299,1704042816263962741,500,http://172.169.8.253:31112/function/opt-66b-submod-0-latency-25.cdgp
1704042806555810414,1704042815970472468,500,http://172.169.8.253:31112/function/opt-66b-submod-0-latency-25.cdgp
1704042806555846063,1704042816264372179,500,http://172.169.8.253:31112/function/opt-66b-submod-0-latency-25.cdgp
1704042806555970922,1704042811881061716,200,http://172.169.8.253:31112/function/opt-66b-submod-0-latency-25.cdgp
1704042806556040664,1704042816231299771,500,http://172.169.8.253:31112/function/opt-66b-submod-0-latency-25.cdgp
1704042806556115355,1704042815884122095,500,http://172.169.8.253:31112/function/opt-66b-submod-0-latency-25.cdgp
1704042806556190383,1704042815884885604,500,http://172.169.8.253:31112/function/opt-66b-submod-0-latency-25.cdgp
1704042806556253662,1704042816096231938,500,http://172.169.8.253:31112/function/opt-66b-submod-0-latency-25.cdgp
1704042806556321753,1704042809648716513,200,http://172.169.8.253:31112/function/opt-66b-submod-0-latency-25.cdgp
1704042807143333343,1704042815556818592,500,http://172.169.8.253:31112/function/opt-66b-submod-0-latency-25.cdgp
1704042807143460526,1704042816535337922,500,http://172.169.8.253:31112/function/opt-66b-submod-0-latency-25.cdgp
1704042807143542581,1704042816678984901,500,http://172.169.8.253:31112/function/opt-66b-submod-0-latency-25.cdgp
1704042807143614846,1704042815683679322,500,http://172.169.8.253:31112/function/opt-66b-submod-0-latency-25.cdgp
1704042807143683191,1704042816231096617,500,http://172.169.8.253:31112/function/opt-66b-submod-0-latency-25.cdgp
1704042807143775099,1704042816684725645,500,http://172.169.8.253:31112/function/opt-66b-submod-0-latency-25.cdgp
1704042807143838725,1704042811236930621,200,http://172.169.8.253:31112/function/opt-66b-submod-0-latency-25.cdgp
1704042807143878989,1704042816684572277,500,http://172.169.8.253:31112/function/opt-66b-submod-0-latency-25.cdgp
1704042807143951943,1704042816482826533,500,http://172.169.8.253:31112/function/opt-66b-submod-0-latency-25.cdgp
1704042807144014491,1704042817124006650,500,http://172.169.8.253:31112/function/opt-66b-submod-0-latency-25.cdgp
1704042807144048257,1704042817124128679,500,http://172.169.8.253:31112/function/opt-66b-submod-0-latency-25.cdgp
1704042807144122029,1704042816020876908,500,http://172.169.8.253:31112/function/opt-66b-submod-0-latency-25.cdgp
1704042807144187670,1704042815278646266,500,http://172.169.8.253:31112/function/opt-66b-submod-0-latency-25.cdgp
1704042807144285946,1704042816989374814,500,http://172.169.8.253:31112/function/opt-66b-submod-0-latency-25.cdgp
1704042807144358775,1704042817124226122,500,http://172.169.8.253:31112/function/opt-66b-submod-0-latency-25.cdgp
1704042807144435197,1704042816684161620,500,http://172.169.8.253:31112/function/opt-66b-submod-0-latency-25.cdgp
1704042807144496631,1704042809878202875,200,http://172.169.8.253:31112/function/opt-66b-submod-0-latency-25.cdgp
1704042807144524811,1704042816231639602,500,http://172.169.8.253:31112/function/opt-66b-submod-0-latency-25.cdgp
1704042807144623500,1704042817019184448,500,http://172.169.8.253:31112/function/opt-66b-submod-0-latency-25.cdgp
1704042807144684126,1704042816684363349,500,http://172.169.8.253:31112/function/opt-66b-submod-0-latency-25.cdgp
1704042807144755464,1704042817145660527,500,http://172.169.8.253:31112/function/opt-66b-submod-0-latency-25.cdgp
1704042807144781797,1704042816684493992,500,http://172.169.8.253:31112/function/opt-66b-submod-0-latency-25.cdgp
1704042807144874961,1704042809398290968,200,http://172.169.8.253:31112/function/opt-66b-submod-0-latency-25.cdgp
1704042807161429923,1704042809039557508,200,http://172.169.8.253:31112/function/opt-66b-submod-0-latency-25.cdgp
1704042807161491373,1704042816397033228,500,http://172.169.8.253:31112/function/opt-66b-submod-0-latency-25.cdgp
1704042807161529997,1704042816016886388,500,http://172.169.8.253:31112/function/opt-66b-submod-0-latency-25.cdgp
1704042807161604565,1704042816989698040,500,http://172.169.8.253:31112/function/opt-66b-submod-0-latency-25.cdgp
1704042807161641666,1704042816685023124,500,http://172.169.8.253:31112/function/opt-66b-submod-0-latency-25.cdgp
1704042807164381414,1704042817164925238,500,http://172.169.8.253:31112/function/opt-66b-submod-0-latency-25.cdgp
1704042807164476114,1704042816263946869,200,http://172.169.8.253:31112/function/opt-66b-submod-0-latency-25.cdgp
1704042807165009871,1704042811721286610,200,http://172.169.8.253:31112/function/opt-66b-submod-0-latency-25.cdgp
1704042807165126580,1704042815414621116,500,http://172.169.8.253:31112/function/opt-66b-submod-0-latency-25.cdgp
1704042807165198557,1704042815485849974,500,http://172.169.8.253:31112/function/opt-66b-submod-0-latency-25.cdgp
1704042807165368363,1704042816684953030,500,http://172.169.8.253:31112/function/opt-66b-submod-0-latency-25.cdgp
1704042807165459286,1704042817166129325,500,http://172.169.8.253:31112/function/opt-66b-submod-0-latency-25.cdgp
1704042807165535457,1704042816263808236,200,http://172.169.8.253:31112/function/opt-66b-submod-0-latency-25.cdgp
1704042807165621360,1704042817166130632,500,http://172.169.8.253:31112/function/opt-66b-submod-0-latency-25.cdgp
1704042807209199990,1704042811280227253,200,http://172.169.8.253:31112/function/opt-66b-submod-0-latency-25.cdgp
1704042807209289949,1704042812741988659,200,http://172.169.8.253:31112/function/opt-66b-submod-0-latency-25.cdgp
1704042807209406380,1704042817210114601,500,http://172.169.8.253:31112/function/opt-66b-submod-0-latency-25.cdgp
1704042807209449852,1704042817015428212,500,http://172.169.8.253:31112/function/opt-66b-submod-0-latency-25.cdgp
1704042807209531712,1704042810432239053,200,http://172.169.8.253:31112/function/opt-66b-submod-0-latency-25.cdgp
1704042807209587118,1704042817188763881,500,http://172.169.8.253:31112/function/opt-66b-submod-0-latency-25.cdgp
1704042807209651791,1704042809648885967,200,http://172.169.8.253:31112/function/opt-66b-submod-0-latency-25.cdgp
1704042807209707464,1704042815442291487,500,http://172.169.8.253:31112/function/opt-66b-submod-0-latency-25.cdgp
1704042807209785140,1704042812778261713,200,http://172.169.8.253:31112/function/opt-66b-submod-0-latency-25.cdgp
1704042807209822823,1704042817181620081,500,http://172.169.8.253:31112/function/opt-66b-submod-0-latency-25.cdgp
1704042807209911327,1704042817180183333,500,http://172.169.8.253:31112/function/opt-66b-submod-0-latency-25.cdgp
1704042807209937069,1704042817181376738,500,http://172.169.8.253:31112/function/opt-66b-submod-0-latency-25.cdgp
1704042807210014618,1704042816993667455,500,http://172.169.8.253:31112/function/opt-66b-submod-0-latency-25.cdgp
1704042807210088641,1704042815665750351,500,http://172.169.8.253:31112/function/opt-66b-submod-0-latency-25.cdgp
1704042807210143556,1704042817118427992,500,http://172.169.8.253:31112/function/opt-66b-submod-0-latency-25.cdgp
1704042807210168767,1704042817181798682,500,http://172.169.8.253:31112/function/opt-66b-submod-0-latency-25.cdgp
1704042807210237828,1704042815417250063,500,http://172.169.8.253:31112/function/opt-66b-submod-0-latency-25.cdgp
1704042807210319657,1704042816231655247,200,http://172.169.8.253:31112/function/opt-66b-submod-0-latency-25.cdgp
1704042807210386723,1704042817118470303,500,http://172.169.8.253:31112/function/opt-66b-submod-0-latency-25.cdgp
1704042807210444659,1704042812142071002,200,http://172.169.8.253:31112/function/opt-66b-submod-0-latency-25.cdgp
1704042807210516607,1704042815915716116,500,http://172.169.8.253:31112/function/opt-66b-submod-0-latency-25.cdgp
1704042807210548657,1704042817015590966,500,http://172.169.8.253:31112/function/opt-66b-submod-0-latency-25.cdgp
1704042807210623171,1704042817122474358,500,http://172.169.8.253:31112/function/opt-66b-submod-0-latency-25.cdgp
1704042808596802744,1704042816267539908,200,http://172.169.8.253:31112/function/opt-66b-submod-0-latency-25.cdgp
1704042808596888927,1704042817059869727,500,http://172.169.8.253:31112/function/opt-66b-submod-0-latency-25.cdgp
1704042808597001916,1704042817475801384,500,http://172.169.8.253:31112/function/opt-66b-submod-0-latency-25.cdgp
1704042808597098549,1704042818077628355,500,http://172.169.8.253:31112/function/opt-66b-submod-0-latency-25.cdgp
1704042808597169380,1704042816989042827,500,http://172.169.8.253:31112/function/opt-66b-submod-0-latency-25.cdgp
1704042808597231408,1704042818308076932,500,http://172.169.8.253:31112/function/opt-66b-submod-0-latency-25.cdgp
1704042808597290331,1704042816685029615,500,http://172.169.8.253:31112/function/opt-66b-submod-0-latency-25.cdgp
1704042808597343892,1704042817475692369,500,http://172.169.8.253:31112/function/opt-66b-submod-0-latency-25.cdgp
1704042808597462282,1704042812351954129,200,http://172.169.8.253:31112/function/opt-66b-submod-0-latency-25.cdgp
1704042808597565914,1704042817972377519,500,http://172.169.8.253:31112/function/opt-66b-submod-0-latency-25.cdgp
1704042808597636589,1704042810931042290,200,http://172.169.8.253:31112/function/opt-66b-submod-0-latency-25.cdgp
1704042808597679578,1704042818082527096,504,http://172.169.8.253:31112/function/opt-66b-submod-0-latency-25.cdgp
1704042808597798438,1704042817231976722,500,http://172.169.8.253:31112/function/opt-66b-submod-0-latency-25.cdgp
1704042808597886256,1704042810930529488,200,http://172.169.8.253:31112/function/opt-66b-submod-0-latency-25.cdgp
1704042808597962462,1704042816988941989,500,http://172.169.8.253:31112/function/opt-66b-submod-0-latency-25.cdgp
1704042808597989202,1704042812998029568,200,http://172.169.8.253:31112/function/opt-66b-submod-0-latency-25.cdgp
1704042808598022001,1704042817957393914,500,http://172.169.8.253:31112/function/opt-66b-submod-0-latency-25.cdgp
1704042808598099433,1704042817430774793,500,http://172.169.8.253:31112/function/opt-66b-submod-0-latency-25.cdgp
1704042808598183129,1704042811837798811,200,http://172.169.8.253:31112/function/opt-66b-submod-0-latency-25.cdgp
1704042808598255249,1704042818010179751,500,http://172.169.8.253:31112/function/opt-66b-submod-0-latency-25.cdgp
1704042808740587298,1704042812952016019,200,http://172.169.8.253:31112/function/opt-66b-submod-0-latency-25.cdgp
1704042808740706611,1704042812977661812,200,http://172.169.8.253:31112/function/opt-66b-submod-0-latency-25.cdgp
1704042808740807240,1704042817971714313,500,http://172.169.8.253:31112/function/opt-66b-submod-0-latency-25.cdgp
1704042808740862738,1704042812182874433,200,http://172.169.8.253:31112/function/opt-66b-submod-0-latency-25.cdgp
1704042808740960088,1704042817432373746,500,http://172.169.8.253:31112/function/opt-66b-submod-0-latency-25.cdgp
1704042808740988343,1704042818144481698,500,http://172.169.8.253:31112/function/opt-66b-submod-0-latency-25.cdgp
1704042808741079423,1704042818055944334,500,http://172.169.8.253:31112/function/opt-66b-submod-0-latency-25.cdgp
1704042808741157260,1704042811720930720,200,http://172.169.8.253:31112/function/opt-66b-submod-0-latency-25.cdgp
1704042808741225777,1704042818459908034,500,http://172.169.8.253:31112/function/opt-66b-submod-0-latency-25.cdgp
1704042808741305881,1704042818191228489,500,http://172.169.8.253:31112/function/opt-66b-submod-0-latency-25.cdgp
1704042808741371304,1704042811240315802,200,http://172.169.8.253:31112/function/opt-66b-submod-0-latency-25.cdgp
1704042808741446479,1704042817413204905,500,http://172.169.8.253:31112/function/opt-66b-submod-0-latency-25.cdgp
1704042808741470546,1704042811252023629,200,http://172.169.8.253:31112/function/opt-66b-submod-0-latency-25.cdgp
1704042808741539004,1704042817431529077,500,http://172.169.8.253:31112/function/opt-66b-submod-0-latency-25.cdgp
1704042808741617361,1704042818212354429,500,http://172.169.8.253:31112/function/opt-66b-submod-0-latency-25.cdgp
1704042808741641525,1704042818461950854,500,http://172.169.8.253:31112/function/opt-66b-submod-0-latency-25.cdgp
1704042808741707123,1704042818231540597,500,http://172.169.8.253:31112/function/opt-66b-submod-0-latency-25.cdgp
1704042808741809213,1704042813289605134,200,http://172.169.8.253:31112/function/opt-66b-submod-0-latency-25.cdgp
1704042808741887097,1704042818693202199,500,http://172.169.8.253:31112/function/opt-66b-submod-0-latency-25.cdgp
1704042808741914565,1704042817648721797,500,http://172.169.8.253:31112/function/opt-66b-submod-0-latency-25.cdgp
1704042808741981845,1704042818400977083,500,http://172.169.8.253:31112/function/opt-66b-submod-0-latency-25.cdgp
1704042808742325180,1704042818110842721,500,http://172.169.8.253:31112/function/opt-66b-submod-0-latency-25.cdgp
1704042808742389023,1704042818344385655,500,http://172.169.8.253:31112/function/opt-66b-submod-0-latency-25.cdgp
1704042808742420035,1704042818343234784,500,http://172.169.8.253:31112/function/opt-66b-submod-0-latency-25.cdgp
1704042808743006759,1704042818339278115,500,http://172.169.8.253:31112/function/opt-66b-submod-0-latency-25.cdgp
1704042808743102656,1704042814156191410,200,http://172.169.8.253:31112/function/opt-66b-submod-0-latency-25.cdgp
1704042808743189653,1704042811858802915,200,http://172.169.8.253:31112/function/opt-66b-submod-0-latency-25.cdgp
1704042808743255135,1704042818235722540,500,http://172.169.8.253:31112/function/opt-66b-submod-0-latency-25.cdgp
1704042808743350814,1704042818296813025,500,http://172.169.8.253:31112/function/opt-66b-submod-0-latency-25.cdgp
1704042808743433250,1704042813533662228,200,http://172.169.8.253:31112/function/opt-66b-submod-0-latency-25.cdgp
1704042808743511456,1704042818233605980,500,http://172.169.8.253:31112/function/opt-66b-submod-0-latency-25.cdgp
1704042808743622669,1704042818200253487,500,http://172.169.8.253:31112/function/opt-66b-submod-0-latency-25.cdgp
1704042808743696550,1704042814075063606,200,http://172.169.8.253:31112/function/opt-66b-submod-0-latency-25.cdgp
1704042808743746364,1704042818605498753,500,http://172.169.8.253:31112/function/opt-66b-submod-0-latency-25.cdgp
1704042808743840410,1704042817415962028,500,http://172.169.8.253:31112/function/opt-66b-submod-0-latency-25.cdgp
1704042808743933288,1704042817415469933,500,http://172.169.8.253:31112/function/opt-66b-submod-0-latency-25.cdgp
1704042808744392338,1704042813213157249,200,http://172.169.8.253:31112/function/opt-66b-submod-0-latency-25.cdgp
1704042808744458372,1704042817415976817,500,http://172.169.8.253:31112/function/opt-66b-submod-0-latency-25.cdgp
1704042808744541498,1704042817968801174,500,http://172.169.8.253:31112/function/opt-66b-submod-0-latency-25.cdgp
1704042808744610873,1704042817670705937,500,http://172.169.8.253:31112/function/opt-66b-submod-0-latency-25.cdgp
1704042808744690198,1704042818198296800,500,http://172.169.8.253:31112/function/opt-66b-submod-0-latency-25.cdgp
1704042808744759589,1704042818341309572,500,http://172.169.8.253:31112/function/opt-66b-submod-0-latency-25.cdgp
1704042808744820515,1704042818402530449,500,http://172.169.8.253:31112/function/opt-66b-submod-0-latency-25.cdgp
1704042808744840681,1704042811249984593,200,http://172.169.8.253:31112/function/opt-66b-submod-0-latency-25.cdgp
1704042808751951603,1704042818240253720,500,http://172.169.8.253:31112/function/opt-66b-submod-0-latency-25.cdgp
1704042808752043520,1704042817671000673,500,http://172.169.8.253:31112/function/opt-66b-submod-0-latency-25.cdgp
1704042808752146464,1704042818504468221,500,http://172.169.8.253:31112/function/opt-66b-submod-0-latency-25.cdgp
1704042808752225866,1704042817968322598,500,http://172.169.8.253:31112/function/opt-66b-submod-0-latency-25.cdgp
1704042808752309799,1704042818556755615,500,http://172.169.8.253:31112/function/opt-66b-submod-0-latency-25.cdgp
1704042808752397984,1704042818434450868,500,http://172.169.8.253:31112/function/opt-66b-submod-0-latency-25.cdgp
1704042808752480801,1704042818234615604,500,http://172.169.8.253:31112/function/opt-66b-submod-0-latency-25.cdgp
1704042808752523935,1704042818121399741,500,http://172.169.8.253:31112/function/opt-66b-submod-0-latency-25.cdgp
1704042808752609438,1704042818436265478,500,http://172.169.8.253:31112/function/opt-66b-submod-0-latency-25.cdgp
1704042808752684435,1704042817966611785,500,http://172.169.8.253:31112/function/opt-66b-submod-0-latency-25.cdgp
1704042808753737185,1704042817417629366,500,http://172.169.8.253:31112/function/opt-66b-submod-0-latency-25.cdgp
1704042808753827143,1704042811863103397,200,http://172.169.8.253:31112/function/opt-66b-submod-0-latency-25.cdgp
1704042808753900644,1704042811240597461,200,http://172.169.8.253:31112/function/opt-66b-submod-0-latency-25.cdgp
1704042808821858345,1704042818431057123,500,http://172.169.8.253:31112/function/opt-66b-submod-0-latency-25.cdgp
1704042808821963560,1704042818822920978,500,http://172.169.8.253:31112/function/opt-66b-submod-0-latency-25.cdgp
1704042808822099483,1704042814081533454,200,http://172.169.8.253:31112/function/opt-66b-submod-0-latency-25.cdgp
1704042808822166098,1704042818243580660,500,http://172.169.8.253:31112/function/opt-66b-submod-0-latency-25.cdgp
1704042808822220178,1704042814123719721,200,http://172.169.8.253:31112/function/opt-66b-submod-0-latency-25.cdgp
1704042808822294179,1704042814868457999,200,http://172.169.8.253:31112/function/opt-66b-submod-0-latency-25.cdgp
1704042808822350273,1704042818823059885,500,http://172.169.8.253:31112/function/opt-66b-submod-0-latency-25.cdgp
1704042808822425054,1704042818823070723,500,http://172.169.8.253:31112/function/opt-66b-submod-0-latency-25.cdgp
1704042808822467557,1704042818073092371,500,http://172.169.8.253:31112/function/opt-66b-submod-0-latency-25.cdgp
1704042808822549261,1704042818823179875,500,http://172.169.8.253:31112/function/opt-66b-submod-0-latency-25.cdgp
1704042808822593151,1704042814075513359,200,http://172.169.8.253:31112/function/opt-66b-submod-0-latency-25.cdgp
1704042808822668665,1704042814889536126,200,http://172.169.8.253:31112/function/opt-66b-submod-0-latency-25.cdgp
1704042808822698208,1704042818822943624,500,http://172.169.8.253:31112/function/opt-66b-submod-0-latency-25.cdgp
1704042808822780325,1704042818823187584,500,http://172.169.8.253:31112/function/opt-66b-submod-0-latency-25.cdgp
1704042808883551951,1704042818884391167,500,http://172.169.8.253:31112/function/opt-66b-submod-0-latency-25.cdgp
1704042808883632522,1704042818184051365,500,http://172.169.8.253:31112/function/opt-66b-submod-0-latency-25.cdgp
1704042808883696496,1704042818884374184,500,http://172.169.8.253:31112/function/opt-66b-submod-0-latency-25.cdgp
1704042808883984365,1704042812932204018,200,http://172.169.8.253:31112/function/opt-66b-submod-0-latency-25.cdgp
1704042808884046455,1704042814055702842,200,http://172.169.8.253:31112/function/opt-66b-submod-0-latency-25.cdgp
1704042808884081339,1704042818884368297,500,http://172.169.8.253:31112/function/opt-66b-submod-0-latency-25.cdgp
1704042808884155767,1704042817971234260,500,http://172.169.8.253:31112/function/opt-66b-submod-0-latency-25.cdgp
1704042808884222957,1704042818397082569,500,http://172.169.8.253:31112/function/opt-66b-submod-0-latency-25.cdgp
1704042808884291525,1704042818108503634,500,http://172.169.8.253:31112/function/opt-66b-submod-0-latency-25.cdgp
1704042808884331200,1704042818554724800,500,http://172.169.8.253:31112/function/opt-66b-submod-0-latency-25.cdgp
1704042808884423039,1704042818180110353,500,http://172.169.8.253:31112/function/opt-66b-submod-0-latency-25.cdgp
1704042808884496986,1704042813220668122,200,http://172.169.8.253:31112/function/opt-66b-submod-0-latency-25.cdgp
1704042808884564273,1704042811861598960,200,http://172.169.8.253:31112/function/opt-66b-submod-0-latency-25.cdgp
1704042808884648660,1704042818770828670,500,http://172.169.8.253:31112/function/opt-66b-submod-0-latency-25.cdgp
1704042808884728167,1704042814081458778,200,http://172.169.8.253:31112/function/opt-66b-submod-0-latency-25.cdgp
1704042808884793251,1704042818885580558,500,http://172.169.8.253:31112/function/opt-66b-submod-0-latency-25.cdgp
1704042808884877214,1704042818885703976,500,http://172.169.8.253:31112/function/opt-66b-submod-0-latency-25.cdgp
1704042808884935522,1704042818885697074,500,http://172.169.8.253:31112/function/opt-66b-submod-0-latency-25.cdgp
1704042808885023250,1704042811902124742,200,http://172.169.8.253:31112/function/opt-66b-submod-0-latency-25.cdgp
1704042808885094609,1704042818670108981,500,http://172.169.8.253:31112/function/opt-66b-submod-0-latency-25.cdgp
1704042808885155541,1704042813212780924,200,http://172.169.8.253:31112/function/opt-66b-submod-0-latency-25.cdgp
1704042808885211520,1704042811721720993,200,http://172.169.8.253:31112/function/opt-66b-submod-0-latency-25.cdgp
1704042808885312441,1704042818367896020,500,http://172.169.8.253:31112/function/opt-66b-submod-0-latency-25.cdgp
1704042808885386450,1704042818885761194,500,http://172.169.8.253:31112/function/opt-66b-submod-0-latency-25.cdgp
1704042808885454783,1704042818885773581,500,http://172.169.8.253:31112/function/opt-66b-submod-0-latency-25.cdgp
1704042808885527892,1704042812054754993,200,http://172.169.8.253:31112/function/opt-66b-submod-0-latency-25.cdgp
1704042808885600423,1704042814056192777,200,http://172.169.8.253:31112/function/opt-66b-submod-0-latency-25.cdgp
1704042808885686862,1704042811887597434,200,http://172.169.8.253:31112/function/opt-66b-submod-0-latency-25.cdgp
1704042808885737922,1704042811240214979,200,http://172.169.8.253:31112/function/opt-66b-submod-0-latency-25.cdgp
1704042808885790192,1704042817966666087,500,http://172.169.8.253:31112/function/opt-66b-submod-0-latency-25.cdgp
1704042808885878526,1704042818886555747,500,http://172.169.8.253:31112/function/opt-66b-submod-0-latency-25.cdgp
1704042808885964929,1704042818772472621,500,http://172.169.8.253:31112/function/opt-66b-submod-0-latency-25.cdgp
1704042808886018474,1704042818768433332,500,http://172.169.8.253:31112/function/opt-66b-submod-0-latency-25.cdgp
1704042808886107783,1704042818078097508,500,http://172.169.8.253:31112/function/opt-66b-submod-0-latency-25.cdgp
1704042808886188953,1704042818671427374,500,http://172.169.8.253:31112/function/opt-66b-submod-0-latency-25.cdgp
1704042808886246567,1704042811860393726,200,http://172.169.8.253:31112/function/opt-66b-submod-0-latency-25.cdgp
1704042808886338742,1704042818851272058,500,http://172.169.8.253:31112/function/opt-66b-submod-0-latency-25.cdgp
1704042808886393226,1704042811724859451,200,http://172.169.8.253:31112/function/opt-66b-submod-0-latency-25.cdgp
1704042808886475425,1704042818872910937,500,http://172.169.8.253:31112/function/opt-66b-submod-0-latency-25.cdgp
1704042808886531401,1704042818886644740,500,http://172.169.8.253:31112/function/opt-66b-submod-0-latency-25.cdgp
1704042808886592216,1704042813440418172,200,http://172.169.8.253:31112/function/opt-66b-submod-0-latency-25.cdgp
1704042808886644890,1704042818887781574,500,http://172.169.8.253:31112/function/opt-66b-submod-0-latency-25.cdgp
1704042808886741416,1704042818887892880,500,http://172.169.8.253:31112/function/opt-66b-submod-0-latency-25.cdgp
1704042808886811639,1704042814055125095,200,http://172.169.8.253:31112/function/opt-66b-submod-0-latency-25.cdgp
1704042808886894029,1704042811446127281,200,http://172.169.8.253:31112/function/opt-66b-submod-0-latency-25.cdgp
1704042808886959588,1704042818887882405,500,http://172.169.8.253:31112/function/opt-66b-submod-0-latency-25.cdgp
1704042808887044947,1704042818666078705,500,http://172.169.8.253:31112/function/opt-66b-submod-0-latency-25.cdgp
1704042808887155538,1704042818887788758,500,http://172.169.8.253:31112/function/opt-66b-submod-0-latency-25.cdgp
1704042808887223998,1704042818887895369,500,http://172.169.8.253:31112/function/opt-66b-submod-0-latency-25.cdgp
1704042808887279502,1704042818887784676,500,http://172.169.8.253:31112/function/opt-66b-submod-0-latency-25.cdgp
1704042808887367732,1704042813056002289,200,http://172.169.8.253:31112/function/opt-66b-submod-0-latency-25.cdgp
1704042809538467142,1704042819178374938,500,http://172.169.8.253:31112/function/opt-66b-submod-0-latency-25.cdgp
1704042809538636441,1704042819174666626,500,http://172.169.8.253:31112/function/opt-66b-submod-0-latency-25.cdgp
1704042809543027712,1704042818907175430,500,http://172.169.8.253:31112/function/opt-66b-submod-0-latency-25.cdgp
1704042809543115248,1704042819364170794,500,http://172.169.8.253:31112/function/opt-66b-submod-0-latency-25.cdgp
1704042809543265088,1704042819369425386,500,http://172.169.8.253:31112/function/opt-66b-submod-0-latency-25.cdgp
1704042809543355829,1704042819213362625,500,http://172.169.8.253:31112/function/opt-66b-submod-0-latency-25.cdgp
1704042809543409055,1704042818766408709,500,http://172.169.8.253:31112/function/opt-66b-submod-0-latency-25.cdgp
1704042809543516132,1704042819365166680,500,http://172.169.8.253:31112/function/opt-66b-submod-0-latency-25.cdgp
1704042809543597650,1704042814883715692,200,http://172.169.8.253:31112/function/opt-66b-submod-0-latency-25.cdgp
1704042809543701992,1704042814473324973,200,http://172.169.8.253:31112/function/opt-66b-submod-0-latency-25.cdgp
1704042809543762383,1704042818248939579,500,http://172.169.8.253:31112/function/opt-66b-submod-0-latency-25.cdgp
1704042809543884905,1704042819371618283,500,http://172.169.8.253:31112/function/opt-66b-submod-0-latency-25.cdgp
1704042809543949049,1704042816688933222,200,http://172.169.8.253:31112/function/opt-66b-submod-0-latency-25.cdgp
1704042809544023448,1704042818667873407,500,http://172.169.8.253:31112/function/opt-66b-submod-0-latency-25.cdgp
1704042809544052526,1704042819271229857,500,http://172.169.8.253:31112/function/opt-66b-submod-0-latency-25.cdgp
1704042809544099933,1704042814066661481,200,http://172.169.8.253:31112/function/opt-66b-submod-0-latency-25.cdgp
1704042809544131753,1704042818201415278,500,http://172.169.8.253:31112/function/opt-66b-submod-0-latency-25.cdgp
1704042809544212134,1704042819064516848,500,http://172.169.8.253:31112/function/opt-66b-submod-0-latency-25.cdgp
1704042809544279289,1704042819372832929,500,http://172.169.8.253:31112/function/opt-66b-submod-0-latency-25.cdgp
1704042809544323261,1704042812891040054,200,http://172.169.8.253:31112/function/opt-66b-submod-0-latency-25.cdgp
1704042809544399905,1704042818404330595,500,http://172.169.8.253:31112/function/opt-66b-submod-0-latency-25.cdgp
1704042809544475438,1704042814472569642,200,http://172.169.8.253:31112/function/opt-66b-submod-0-latency-25.cdgp
1704042809544539883,1704042819371123714,500,http://172.169.8.253:31112/function/opt-66b-submod-0-latency-25.cdgp
1704042809544562834,1704042819545391408,500,http://172.169.8.253:31112/function/opt-66b-submod-0-latency-25.cdgp
1704042809544654198,1704042819204825289,500,http://172.169.8.253:31112/function/opt-66b-submod-0-latency-25.cdgp
1704042809544677249,1704042814156400907,200,http://172.169.8.253:31112/function/opt-66b-submod-0-latency-25.cdgp
1704042809544708247,1704042819372420806,500,http://172.169.8.253:31112/function/opt-66b-submod-0-latency-25.cdgp
1704042809544774769,1704042818244333883,500,http://172.169.8.253:31112/function/opt-66b-submod-0-latency-25.cdgp
1704042809545449394,1704042811721474098,200,http://172.169.8.253:31112/function/opt-66b-submod-0-latency-25.cdgp
1704042809545530705,1704042817415366570,200,http://172.169.8.253:31112/function/opt-66b-submod-0-latency-25.cdgp
1704042809545642863,1704042819174269759,500,http://172.169.8.253:31112/function/opt-66b-submod-0-latency-25.cdgp
1704042809648841649,1704042819643041552,500,http://172.169.8.253:31112/function/opt-66b-submod-0-latency-25.cdgp
1704042809648897944,1704042819012391275,500,http://172.169.8.253:31112/function/opt-66b-submod-0-latency-25.cdgp
1704042809648978724,1704042819649228951,500,http://172.169.8.253:31112/function/opt-66b-submod-0-latency-25.cdgp
1704042809649052355,1704042819636258210,500,http://172.169.8.253:31112/function/opt-66b-submod-0-latency-25.cdgp
1704042809649121112,1704042819416645106,500,http://172.169.8.253:31112/function/opt-66b-submod-0-latency-25.cdgp
1704042809649220638,1704042819650461558,500,http://172.169.8.253:31112/function/opt-66b-submod-0-latency-25.cdgp
1704042809649287733,1704042813847697322,200,http://172.169.8.253:31112/function/opt-66b-submod-0-latency-25.cdgp
1704042809649318666,1704042819368335248,500,http://172.169.8.253:31112/function/opt-66b-submod-0-latency-25.cdgp
1704042809649424148,1704042818727699178,500,http://172.169.8.253:31112/function/opt-66b-submod-0-latency-25.cdgp
1704042809649463560,1704042813051370495,200,http://172.169.8.253:31112/function/opt-66b-submod-0-latency-25.cdgp
1704042809649540901,1704042819650318923,500,http://172.169.8.253:31112/function/opt-66b-submod-0-latency-25.cdgp
1704042809649581284,1704042814603502255,200,http://172.169.8.253:31112/function/opt-66b-submod-0-latency-25.cdgp
1704042809649641963,1704042813548279757,200,http://172.169.8.253:31112/function/opt-66b-submod-0-latency-25.cdgp
1704042809649673268,1704042818911778716,500,http://172.169.8.253:31112/function/opt-66b-submod-0-latency-25.cdgp
1704042809649775038,1704042819205722939,500,http://172.169.8.253:31112/function/opt-66b-submod-0-latency-25.cdgp
1704042809649803961,1704042819650442177,500,http://172.169.8.253:31112/function/opt-66b-submod-0-latency-25.cdgp
1704042809649898405,1704042818236369427,500,http://172.169.8.253:31112/function/opt-66b-submod-0-latency-25.cdgp
1704042809649985183,1704042819184867285,500,http://172.169.8.253:31112/function/opt-66b-submod-0-latency-25.cdgp
1704042809650064742,1704042815552496658,200,http://172.169.8.253:31112/function/opt-66b-submod-0-latency-25.cdgp
1704042809665576381,1704042819666755606,500,http://172.169.8.253:31112/function/opt-66b-submod-0-latency-25.cdgp
1704042809665659695,1704042819666730631,500,http://172.169.8.253:31112/function/opt-66b-submod-0-latency-25.cdgp
1704042809665709210,1704042819374023095,500,http://172.169.8.253:31112/function/opt-66b-submod-0-latency-25.cdgp
1704042809665764640,1704042819372725427,500,http://172.169.8.253:31112/function/opt-66b-submod-0-latency-25.cdgp
1704042809665832033,1704042814077409648,200,http://172.169.8.253:31112/function/opt-66b-submod-0-latency-25.cdgp
1704042809665885657,1704042818668010575,500,http://172.169.8.253:31112/function/opt-66b-submod-0-latency-25.cdgp
1704042809665932108,1704042815416166088,200,http://172.169.8.253:31112/function/opt-66b-submod-0-latency-25.cdgp
1704042809727315182,1704042819713563039,500,http://172.169.8.253:31112/function/opt-66b-submod-0-latency-25.cdgp
1704042809727425722,1704042819641022641,500,http://172.169.8.253:31112/function/opt-66b-submod-0-latency-25.cdgp
1704042809727526486,1704042818851893642,500,http://172.169.8.253:31112/function/opt-66b-submod-0-latency-25.cdgp
1704042809727591370,1704042819644869507,500,http://172.169.8.253:31112/function/opt-66b-submod-0-latency-25.cdgp
1704042809727661578,1704042819670774319,500,http://172.169.8.253:31112/function/opt-66b-submod-0-latency-25.cdgp
1704042809727721256,1704042814076089323,200,http://172.169.8.253:31112/function/opt-66b-submod-0-latency-25.cdgp
1704042809727759050,1704042819251756207,500,http://172.169.8.253:31112/function/opt-66b-submod-0-latency-25.cdgp
1704042809727839456,1704042819490218876,500,http://172.169.8.253:31112/function/opt-66b-submod-0-latency-25.cdgp
1704042809727874175,1704042812743140645,200,http://172.169.8.253:31112/function/opt-66b-submod-0-latency-25.cdgp
1704042809727942538,1704042815552958726,200,http://172.169.8.253:31112/function/opt-66b-submod-0-latency-25.cdgp
1704042809728011210,1704042819487344435,500,http://172.169.8.253:31112/function/opt-66b-submod-0-latency-25.cdgp
1704042809728081577,1704042813102221579,200,http://172.169.8.253:31112/function/opt-66b-submod-0-latency-25.cdgp
1704042809728198715,1704042819728717169,500,http://172.169.8.253:31112/function/opt-66b-submod-0-latency-25.cdgp
1704042809728279219,1704042819687242263,500,http://172.169.8.253:31112/function/opt-66b-submod-0-latency-25.cdgp
1704042809728337709,1704042815490567427,200,http://172.169.8.253:31112/function/opt-66b-submod-0-latency-25.cdgp
1704042809728392298,1704042818997499534,500,http://172.169.8.253:31112/function/opt-66b-submod-0-latency-25.cdgp
1704042809728505343,1704042819715294507,500,http://172.169.8.253:31112/function/opt-66b-submod-0-latency-25.cdgp
1704042809728592864,1704042818919888635,500,http://172.169.8.253:31112/function/opt-66b-submod-0-latency-25.cdgp
1704042809728677389,1704042819668652817,500,http://172.169.8.253:31112/function/opt-66b-submod-0-latency-25.cdgp
1704042809728761875,1704042818827665806,500,http://172.169.8.253:31112/function/opt-66b-submod-0-latency-25.cdgp
1704042809728879854,1704042819684395018,500,http://172.169.8.253:31112/function/opt-66b-submod-0-latency-25.cdgp
1704042809728936546,1704042818836109186,500,http://172.169.8.253:31112/function/opt-66b-submod-0-latency-25.cdgp
1704042809728984552,1704042819291967222,500,http://172.169.8.253:31112/function/opt-66b-submod-0-latency-25.cdgp
1704042809729047464,1704042819488530461,500,http://172.169.8.253:31112/function/opt-66b-submod-0-latency-25.cdgp
1704042809729123264,1704042819729887514,500,http://172.169.8.253:31112/function/opt-66b-submod-0-latency-25.cdgp
1704042809729173585,1704042819685362403,500,http://172.169.8.253:31112/function/opt-66b-submod-0-latency-25.cdgp
1704042809729266237,1704042812143564529,200,http://172.169.8.253:31112/function/opt-66b-submod-0-latency-25.cdgp
1704042809791064547,1704042819791601310,500,http://172.169.8.253:31112/function/opt-66b-submod-0-latency-25.cdgp
1704042809791155493,1704042819740531676,500,http://172.169.8.253:31112/function/opt-66b-submod-0-latency-25.cdgp
1704042809791297497,1704042819791774087,500,http://172.169.8.253:31112/function/opt-66b-submod-0-latency-25.cdgp
1704042809791371611,1704042819791607190,500,http://172.169.8.253:31112/function/opt-66b-submod-0-latency-25.cdgp
1704042809791414783,1704042819791791519,500,http://172.169.8.253:31112/function/opt-66b-submod-0-latency-25.cdgp
1704042809791496492,1704042813692144244,200,http://172.169.8.253:31112/function/opt-66b-submod-0-latency-25.cdgp
1704042809791568617,1704042815552735105,200,http://172.169.8.253:31112/function/opt-66b-submod-0-latency-25.cdgp
1704042809791658195,1704042819791856316,500,http://172.169.8.253:31112/function/opt-66b-submod-0-latency-25.cdgp
1704042809791745761,1704042819792008468,500,http://172.169.8.253:31112/function/opt-66b-submod-0-latency-25.cdgp
1704042809791833533,1704042819792017721,500,http://172.169.8.253:31112/function/opt-66b-submod-0-latency-25.cdgp
1704042809793658281,1704042819793895302,500,http://172.169.8.253:31112/function/opt-66b-submod-0-latency-25.cdgp
1704042809794093460,1704042819034379209,500,http://172.169.8.253:31112/function/opt-66b-submod-0-latency-25.cdgp
1704042809794151532,1704042814883549680,200,http://172.169.8.253:31112/function/opt-66b-submod-0-latency-25.cdgp
1704042809794187249,1704042819795330684,500,http://172.169.8.253:31112/function/opt-66b-submod-0-latency-25.cdgp
1704042809794285666,1704042819795217510,500,http://172.169.8.253:31112/function/opt-66b-submod-0-latency-25.cdgp
1704042809794370718,1704042819795354095,500,http://172.169.8.253:31112/function/opt-66b-submod-0-latency-25.cdgp
1704042809794448653,1704042819795119050,500,http://172.169.8.253:31112/function/opt-66b-submod-0-latency-25.cdgp
1704042809794505496,1704042819795305189,500,http://172.169.8.253:31112/function/opt-66b-submod-0-latency-25.cdgp
1704042809794592671,1704042819795033557,500,http://172.169.8.253:31112/function/opt-66b-submod-0-latency-25.cdgp
1704042809794674448,1704042819795105555,500,http://172.169.8.253:31112/function/opt-66b-submod-0-latency-25.cdgp
1704042809853222413,1704042819854550166,500,http://172.169.8.253:31112/function/opt-66b-submod-0-latency-25.cdgp
1704042809853838340,1704042819854627358,500,http://172.169.8.253:31112/function/opt-66b-submod-0-latency-25.cdgp
1704042809853950925,1704042819802402862,500,http://172.169.8.253:31112/function/opt-66b-submod-0-latency-25.cdgp
1704042809854017479,1704042819804389088,500,http://172.169.8.253:31112/function/opt-66b-submod-0-latency-25.cdgp
1704042809854080976,1704042819803549453,500,http://172.169.8.253:31112/function/opt-66b-submod-0-latency-25.cdgp
1704042809854107286,1704042813548624666,200,http://172.169.8.253:31112/function/opt-66b-submod-0-latency-25.cdgp
1704042809854234317,1704042819802993481,500,http://172.169.8.253:31112/function/opt-66b-submod-0-latency-25.cdgp
1704042809854295145,1704042819818073246,500,http://172.169.8.253:31112/function/opt-66b-submod-0-latency-25.cdgp
1704042809854341085,1704042819854533936,500,http://172.169.8.253:31112/function/opt-66b-submod-0-latency-25.cdgp
1704042809854403591,1704042819805014427,500,http://172.169.8.253:31112/function/opt-66b-submod-0-latency-25.cdgp
1704042809854481865,1704042812979806771,200,http://172.169.8.253:31112/function/opt-66b-submod-0-latency-25.cdgp
1704042809854540868,1704042819803193079,500,http://172.169.8.253:31112/function/opt-66b-submod-0-latency-25.cdgp
1704042809854601532,1704042813010241952,200,http://172.169.8.253:31112/function/opt-66b-submod-0-latency-25.cdgp
1704042809854645026,1704042819805032170,500,http://172.169.8.253:31112/function/opt-66b-submod-0-latency-25.cdgp
1704042809854724073,1704042819801430692,500,http://172.169.8.253:31112/function/opt-66b-submod-0-latency-25.cdgp
1704042809854809679,1704042819855852944,500,http://172.169.8.253:31112/function/opt-66b-submod-0-latency-25.cdgp
1704042809854844128,1704042819855844632,500,http://172.169.8.253:31112/function/opt-66b-submod-0-latency-25.cdgp
1704042809854952309,1704042819805291882,500,http://172.169.8.253:31112/function/opt-66b-submod-0-latency-25.cdgp
1704042809855024645,1704042819811423514,500,http://172.169.8.253:31112/function/opt-66b-submod-0-latency-25.cdgp
1704042809878643716,1704042819880112299,500,http://172.169.8.253:31112/function/opt-66b-submod-0-latency-25.cdgp
1704042809878707264,1704042814483875238,200,http://172.169.8.253:31112/function/opt-66b-submod-0-latency-25.cdgp
1704042809878752713,1704042819880279035,500,http://172.169.8.253:31112/function/opt-66b-submod-0-latency-25.cdgp
1704042809878819549,1704042819880285246,500,http://172.169.8.253:31112/function/opt-66b-submod-0-latency-25.cdgp
1704042809878875279,1704042819322301401,500,http://172.169.8.253:31112/function/opt-66b-submod-0-latency-25.cdgp
1704042809878897073,1704042819879829106,500,http://172.169.8.253:31112/function/opt-66b-submod-0-latency-25.cdgp
1704042809878986092,1704042817971576053,200,http://172.169.8.253:31112/function/opt-66b-submod-0-latency-25.cdgp
1704042809879049709,1704042819880266725,500,http://172.169.8.253:31112/function/opt-66b-submod-0-latency-25.cdgp
1704042809879090501,1704042819880257951,500,http://172.169.8.253:31112/function/opt-66b-submod-0-latency-25.cdgp
1704042809879172540,1704042819743748151,200,http://172.169.8.253:31112/function/opt-66b-submod-0-latency-25.cdgp
1704042809879259772,1704042819210329031,500,http://172.169.8.253:31112/function/opt-66b-submod-0-latency-25.cdgp
1704042809879338752,1704042815552516131,200,http://172.169.8.253:31112/function/opt-66b-submod-0-latency-25.cdgp
1704042809879412285,1704042819880102762,500,http://172.169.8.253:31112/function/opt-66b-submod-0-latency-25.cdgp
1704042809896646536,1704042819872615368,500,http://172.169.8.253:31112/function/opt-66b-submod-0-latency-25.cdgp
1704042810004438291,1704042820005661978,500,http://172.169.8.253:31112/function/opt-66b-submod-0-latency-25.cdgp
1704042810004532452,1704042820005668857,500,http://172.169.8.253:31112/function/opt-66b-submod-0-latency-25.cdgp
1704042810004621417,1704042817414964277,200,http://172.169.8.253:31112/function/opt-66b-submod-0-latency-25.cdgp
1704042810004696093,1704042819876534149,500,http://172.169.8.253:31112/function/opt-66b-submod-0-latency-25.cdgp
1704042810004763085,1704042814868613068,200,http://172.169.8.253:31112/function/opt-66b-submod-0-latency-25.cdgp
1704042810004804178,1704042819874830107,500,http://172.169.8.253:31112/function/opt-66b-submod-0-latency-25.cdgp
1704042810004878060,1704042813841202282,200,http://172.169.8.253:31112/function/opt-66b-submod-0-latency-25.cdgp
1704042810004930004,1704042814641900584,200,http://172.169.8.253:31112/function/opt-66b-submod-0-latency-25.cdgp
1704042810005007136,1704042820005681614,500,http://172.169.8.253:31112/function/opt-66b-submod-0-latency-25.cdgp
1704042810005071189,1704042814871715121,200,http://172.169.8.253:31112/function/opt-66b-submod-0-latency-25.cdgp
1704042810005167331,1704042820005610452,500,http://172.169.8.253:31112/function/opt-66b-submod-0-latency-25.cdgp
1704042810005200852,1704042819875500486,500,http://172.169.8.253:31112/function/opt-66b-submod-0-latency-25.cdgp
1704042810005257115,1704042820005598884,500,http://172.169.8.253:31112/function/opt-66b-submod-0-latency-25.cdgp
1704042810005312293,1704042817413696781,200,http://172.169.8.253:31112/function/opt-66b-submod-0-latency-25.cdgp
1704042810005356555,1704042817970794239,200,http://172.169.8.253:31112/function/opt-66b-submod-0-latency-25.cdgp
1704042810005427856,1704042817613750702,200,http://172.169.8.253:31112/function/opt-66b-submod-0-latency-25.cdgp
1704042810005501009,1704042820005606632,500,http://172.169.8.253:31112/function/opt-66b-submod-0-latency-25.cdgp
1704042810005609906,1704042817433240139,200,http://172.169.8.253:31112/function/opt-66b-submod-0-latency-25.cdgp
1704042810005701072,1704042820005925894,500,http://172.169.8.253:31112/function/opt-66b-submod-0-latency-25.cdgp
1704042810779173511,1704042817613768002,200,http://172.169.8.253:31112/function/opt-66b-submod-0-latency-25.cdgp
1704042810779264660,1704042820118411019,500,http://172.169.8.253:31112/function/opt-66b-submod-0-latency-25.cdgp
1704042811280392508,1704042817432802106,200,http://172.169.8.253:31112/function/opt-66b-submod-0-latency-25.cdgp
1704042811280487042,1704042813847679138,200,http://172.169.8.253:31112/function/opt-66b-submod-0-latency-25.cdgp
1704042811280643754,1704042821281390840,500,http://172.169.8.253:31112/function/opt-66b-submod-0-latency-25.cdgp
1704042811280711274,1704042815531835921,200,http://172.169.8.253:31112/function/opt-66b-submod-0-latency-25.cdgp
1704042811280846908,1704042820619834713,500,http://172.169.8.253:31112/function/opt-66b-submod-0-latency-25.cdgp
1704042811280903434,1704042820577018715,500,http://172.169.8.253:31112/function/opt-66b-submod-0-latency-25.cdgp
1704042811552217745,1704042820697978070,500,http://172.169.8.253:31112/function/opt-66b-submod-0-latency-25.cdgp
1704042811552346387,1704042820699567317,500,http://172.169.8.253:31112/function/opt-66b-submod-0-latency-25.cdgp
1704042811552646359,1704042816441231702,200,http://172.169.8.253:31112/function/opt-66b-submod-0-latency-25.cdgp
1704042811552731451,1704042817416416844,200,http://172.169.8.253:31112/function/opt-66b-submod-0-latency-25.cdgp
1704042811552798118,1704042815552864068,200,http://172.169.8.253:31112/function/opt-66b-submod-0-latency-25.cdgp
1704042811552892350,1704042815486285895,200,http://172.169.8.253:31112/function/opt-66b-submod-0-latency-25.cdgp
1704042811552972051,1704042814869322920,200,http://172.169.8.253:31112/function/opt-66b-submod-0-latency-25.cdgp
1704042811553045282,1704042820917035712,500,http://172.169.8.253:31112/function/opt-66b-submod-0-latency-25.cdgp
1704042811553120648,1704042814861046425,200,http://172.169.8.253:31112/function/opt-66b-submod-0-latency-25.cdgp
1704042811553189781,1704042820697836650,500,http://172.169.8.253:31112/function/opt-66b-submod-0-latency-25.cdgp
1704042813143075942,1704042821127763542,500,http://172.169.8.253:31112/function/opt-66b-submod-0-latency-25.cdgp
1704042813162493450,1704042815680499000,200,http://172.169.8.253:31112/function/opt-66b-submod-0-latency-25.cdgp
1704042813162648361,1704042817414174500,200,http://172.169.8.253:31112/function/opt-66b-submod-0-latency-25.cdgp
1704042813162722127,1704042817459799504,200,http://172.169.8.253:31112/function/opt-66b-submod-0-latency-25.cdgp
1704042813162798170,1704042821164959439,500,http://172.169.8.253:31112/function/opt-66b-submod-0-latency-25.cdgp
1704042813162871750,1704042822138101094,500,http://172.169.8.253:31112/function/opt-66b-submod-0-latency-25.cdgp
1704042813162924720,1704042822134313901,500,http://172.169.8.253:31112/function/opt-66b-submod-0-latency-25.cdgp
1704042813162996528,1704042821036253223,500,http://172.169.8.253:31112/function/opt-66b-submod-0-latency-25.cdgp
1704042813179391215,1704042822803019997,500,http://172.169.8.253:31112/function/opt-66b-submod-0-latency-25.cdgp
1704042813179448831,1704042816230720042,200,http://172.169.8.253:31112/function/opt-66b-submod-0-latency-25.cdgp
1704042813179528789,1704042822196094010,500,http://172.169.8.253:31112/function/opt-66b-submod-0-latency-25.cdgp
1704042813179615979,1704042821163841411,500,http://172.169.8.253:31112/function/opt-66b-submod-0-latency-25.cdgp
1704042813179691282,1704042822428195245,500,http://172.169.8.253:31112/function/opt-66b-submod-0-latency-25.cdgp
1704042813179790396,1704042822223357923,500,http://172.169.8.253:31112/function/opt-66b-submod-0-latency-25.cdgp
1704042813181590728,1704042822647262520,500,http://172.169.8.253:31112/function/opt-66b-submod-0-latency-25.cdgp
1704042813181683823,1704042822647607571,500,http://172.169.8.253:31112/function/opt-66b-submod-0-latency-25.cdgp
1704042813181766553,1704042822647714613,500,http://172.169.8.253:31112/function/opt-66b-submod-0-latency-25.cdgp
1704042813181854694,1704042815969332963,200,http://172.169.8.253:31112/function/opt-66b-submod-0-latency-25.cdgp
1704042813181933940,1704042821579369505,500,http://172.169.8.253:31112/function/opt-66b-submod-0-latency-25.cdgp
1704042813182004735,1704042822177527700,500,http://172.169.8.253:31112/function/opt-66b-submod-0-latency-25.cdgp
1704042813182046613,1704042815413370351,200,http://172.169.8.253:31112/function/opt-66b-submod-0-latency-25.cdgp
1704042813182099202,1704042822026842269,500,http://172.169.8.253:31112/function/opt-66b-submod-0-latency-25.cdgp
1704042813182174077,1704042815552965161,200,http://172.169.8.253:31112/function/opt-66b-submod-0-latency-25.cdgp
1704042813182248157,1704042822648032487,500,http://172.169.8.253:31112/function/opt-66b-submod-0-latency-25.cdgp
1704042813182312915,1704042823030409299,500,http://172.169.8.253:31112/function/opt-66b-submod-0-latency-25.cdgp
1704042813182649923,1704042823027003863,500,http://172.169.8.253:31112/function/opt-66b-submod-0-latency-25.cdgp
1704042813182718781,1704042817413717410,200,http://172.169.8.253:31112/function/opt-66b-submod-0-latency-25.cdgp
1704042813182783205,1704042822373054277,500,http://172.169.8.253:31112/function/opt-66b-submod-0-latency-25.cdgp
1704042813229453551,1704042821359778115,500,http://172.169.8.253:31112/function/opt-66b-submod-0-latency-25.cdgp
1704042813234582318,1704042823011537896,500,http://172.169.8.253:31112/function/opt-66b-submod-0-latency-25.cdgp
1704042813234680479,1704042818279734507,200,http://172.169.8.253:31112/function/opt-66b-submod-0-latency-25.cdgp
1704042813234790917,1704042823067599742,500,http://172.169.8.253:31112/function/opt-66b-submod-0-latency-25.cdgp
1704042813234861243,1704042822541472925,500,http://172.169.8.253:31112/function/opt-66b-submod-0-latency-25.cdgp
1704042813234943662,1704042821587900035,500,http://172.169.8.253:31112/function/opt-66b-submod-0-latency-25.cdgp
1704042813235025305,1704042821431438336,500,http://172.169.8.253:31112/function/opt-66b-submod-0-latency-25.cdgp
1704042813235097322,1704042823011709135,500,http://172.169.8.253:31112/function/opt-66b-submod-0-latency-25.cdgp
1704042813235111956,1704042821975847142,500,http://172.169.8.253:31112/function/opt-66b-submod-0-latency-25.cdgp
1704042813235169603,1704042815552413437,200,http://172.169.8.253:31112/function/opt-66b-submod-0-latency-25.cdgp
1704042813235248926,1704042822971480336,500,http://172.169.8.253:31112/function/opt-66b-submod-0-latency-25.cdgp
1704042813235316830,1704042822592246664,500,http://172.169.8.253:31112/function/opt-66b-submod-0-latency-25.cdgp
1704042813235406798,1704042821935763227,500,http://172.169.8.253:31112/function/opt-66b-submod-0-latency-25.cdgp
1704042813235466061,1704042816271550532,200,http://172.169.8.253:31112/function/opt-66b-submod-0-latency-25.cdgp
1704042813235508660,1704042814884604276,200,http://172.169.8.253:31112/function/opt-66b-submod-0-latency-25.cdgp
1704042813235588055,1704042816340969221,200,http://172.169.8.253:31112/function/opt-66b-submod-0-latency-25.cdgp
1704042813235615460,1704042823011695663,500,http://172.169.8.253:31112/function/opt-66b-submod-0-latency-25.cdgp
1704042813235712376,1704042822031763621,500,http://172.169.8.253:31112/function/opt-66b-submod-0-latency-25.cdgp
1704042813235771447,1704042817413719436,200,http://172.169.8.253:31112/function/opt-66b-submod-0-latency-25.cdgp
1704042813235860694,1704042822592214316,500,http://172.169.8.253:31112/function/opt-66b-submod-0-latency-25.cdgp
1704042813235948686,1704042823103768271,500,http://172.169.8.253:31112/function/opt-66b-submod-0-latency-25.cdgp
1704042813236029290,1704042823011648869,500,http://172.169.8.253:31112/function/opt-66b-submod-0-latency-25.cdgp
1704042813236068378,1704042823011676932,500,http://172.169.8.253:31112/function/opt-66b-submod-0-latency-25.cdgp
1704042813236151456,1704042816015579822,200,http://172.169.8.253:31112/function/opt-66b-submod-0-latency-25.cdgp
1704042813236205665,1704042818239572671,200,http://172.169.8.253:31112/function/opt-66b-submod-0-latency-25.cdgp
1704042813236315737,1704042821939725178,500,http://172.169.8.253:31112/function/opt-66b-submod-0-latency-25.cdgp
1704042813236407279,1704042822592231203,500,http://172.169.8.253:31112/function/opt-66b-submod-0-latency-25.cdgp
1704042813236511424,1704042823139692412,500,http://172.169.8.253:31112/function/opt-66b-submod-0-latency-25.cdgp
1704042813236562286,1704042815745755619,200,http://172.169.8.253:31112/function/opt-66b-submod-0-latency-25.cdgp
1704042813236636514,1704042817437114442,200,http://172.169.8.253:31112/function/opt-66b-submod-0-latency-25.cdgp
1704042813236703161,1704042817475791138,200,http://172.169.8.253:31112/function/opt-66b-submod-0-latency-25.cdgp
1704042813236758772,1704042818227582219,200,http://172.169.8.253:31112/function/opt-66b-submod-0-latency-25.cdgp
1704042813236848442,1704042822391011785,500,http://172.169.8.253:31112/function/opt-66b-submod-0-latency-25.cdgp
1704042813236926775,1704042823139848350,500,http://172.169.8.253:31112/function/opt-66b-submod-0-latency-25.cdgp
1704042813237010608,1704042823103761699,500,http://172.169.8.253:31112/function/opt-66b-submod-0-latency-25.cdgp
1704042814018722111,1704042823236080199,500,http://172.169.8.253:31112/function/opt-66b-submod-0-latency-25.cdgp
1704042814018825722,1704042823189472284,500,http://172.169.8.253:31112/function/opt-66b-submod-0-latency-25.cdgp
1704042814018934768,1704042823235675067,500,http://172.169.8.253:31112/function/opt-66b-submod-0-latency-25.cdgp
1704042814019010441,1704042822205171498,500,http://172.169.8.253:31112/function/opt-66b-submod-0-latency-25.cdgp
1704042814019105651,1704042822113139779,500,http://172.169.8.253:31112/function/opt-66b-submod-0-latency-25.cdgp
1704042814019168889,1704042823192880998,500,http://172.169.8.253:31112/function/opt-66b-submod-0-latency-25.cdgp
1704042814019188924,1704042818188370498,200,http://172.169.8.253:31112/function/opt-66b-submod-0-latency-25.cdgp
1704042814044388934,1704042823207246400,500,http://172.169.8.253:31112/function/opt-66b-submod-0-latency-25.cdgp
1704042814044478583,1704042823207550300,500,http://172.169.8.253:31112/function/opt-66b-submod-0-latency-25.cdgp
1704042814044642271,1704042822179224139,500,http://172.169.8.253:31112/function/opt-66b-submod-0-latency-25.cdgp
1704042814044709601,1704042823673156081,500,http://172.169.8.253:31112/function/opt-66b-submod-0-latency-25.cdgp
1704042814044741426,1704042823186225208,500,http://172.169.8.253:31112/function/opt-66b-submod-0-latency-25.cdgp
1704042814044857527,1704042822164483673,500,http://172.169.8.253:31112/function/opt-66b-submod-0-latency-25.cdgp
1704042814044925563,1704042818203529804,200,http://172.169.8.253:31112/function/opt-66b-submod-0-latency-25.cdgp
1704042814044949437,1704042818110616324,200,http://172.169.8.253:31112/function/opt-66b-submod-0-latency-25.cdgp
1704042814045031649,1704042823401292910,500,http://172.169.8.253:31112/function/opt-66b-submod-0-latency-25.cdgp
1704042814045125723,1704042823239199352,500,http://172.169.8.253:31112/function/opt-66b-submod-0-latency-25.cdgp
1704042814045204995,1704042823474556763,500,http://172.169.8.253:31112/function/opt-66b-submod-0-latency-25.cdgp
1704042814089824109,1704042823633879195,200,http://172.169.8.253:31112/function/opt-66b-submod-0-latency-25.cdgp
1704042814089903965,1704042823915735637,500,http://172.169.8.253:31112/function/opt-66b-submod-0-latency-25.cdgp
1704042814089974139,1704042823227777658,500,http://172.169.8.253:31112/function/opt-66b-submod-0-latency-25.cdgp
1704042814090044613,1704042823915812607,500,http://172.169.8.253:31112/function/opt-66b-submod-0-latency-25.cdgp
1704042814090789213,1704042823455663664,500,http://172.169.8.253:31112/function/opt-66b-submod-0-latency-25.cdgp
1704042814090864586,1704042823591809417,500,http://172.169.8.253:31112/function/opt-66b-submod-0-latency-25.cdgp
1704042814090945692,1704042818115710358,200,http://172.169.8.253:31112/function/opt-66b-submod-0-latency-25.cdgp
1704042814091016355,1704042823863652233,500,http://172.169.8.253:31112/function/opt-66b-submod-0-latency-25.cdgp
1704042814091106646,1704042816523717290,200,http://172.169.8.253:31112/function/opt-66b-submod-0-latency-25.cdgp
1704042814091195841,1704042822819801920,500,http://172.169.8.253:31112/function/opt-66b-submod-0-latency-25.cdgp
1704042814091272550,1704042823211459193,200,http://172.169.8.253:31112/function/opt-66b-submod-0-latency-25.cdgp
1704042814091344530,1704042824092084151,500,http://172.169.8.253:31112/function/opt-66b-submod-0-latency-25.cdgp
1704042814091421029,1704042818402107816,200,http://172.169.8.253:31112/function/opt-66b-submod-0-latency-25.cdgp
1704042814091517062,1704042822985209297,500,http://172.169.8.253:31112/function/opt-66b-submod-0-latency-25.cdgp
1704042814091597728,1704042822991543031,500,http://172.169.8.253:31112/function/opt-66b-submod-0-latency-25.cdgp
1704042814091667560,1704042823997349927,500,http://172.169.8.253:31112/function/opt-66b-submod-0-latency-25.cdgp
1704042814091735766,1704042823923613196,500,http://172.169.8.253:31112/function/opt-66b-submod-0-latency-25.cdgp
1704042814091819070,1704042823192870345,200,http://172.169.8.253:31112/function/opt-66b-submod-0-latency-25.cdgp
1704042814091875244,1704042823900008436,500,http://172.169.8.253:31112/function/opt-66b-submod-0-latency-25.cdgp
1704042814091948602,1704042823814253402,504,http://172.169.8.253:31112/function/opt-66b-submod-0-latency-25.cdgp
1704042814092026385,1704042823673140233,500,http://172.169.8.253:31112/function/opt-66b-submod-0-latency-25.cdgp
1704042814092079619,1704042823684545568,500,http://172.169.8.253:31112/function/opt-66b-submod-0-latency-25.cdgp
1704042814092131769,1704042823855802281,500,http://172.169.8.253:31112/function/opt-66b-submod-0-latency-25.cdgp
1704042814092211763,1704042824093478297,500,http://172.169.8.253:31112/function/opt-66b-submod-0-latency-25.cdgp
1704042814092287633,1704042824093461508,500,http://172.169.8.253:31112/function/opt-66b-submod-0-latency-25.cdgp
1704042814092385830,1704042816482405603,200,http://172.169.8.253:31112/function/opt-66b-submod-0-latency-25.cdgp
1704042814092430681,1704042824086630524,500,http://172.169.8.253:31112/function/opt-66b-submod-0-latency-25.cdgp
1704042814092461969,1704042823596575862,500,http://172.169.8.253:31112/function/opt-66b-submod-0-latency-25.cdgp
1704042814092513565,1704042824093268515,500,http://172.169.8.253:31112/function/opt-66b-submod-0-latency-25.cdgp
1704042814092594431,1704042822644616504,500,http://172.169.8.253:31112/function/opt-66b-submod-0-latency-25.cdgp
1704042814092676510,1704042824093626650,500,http://172.169.8.253:31112/function/opt-66b-submod-0-latency-25.cdgp
1704042814092758575,1704042820025425472,200,http://172.169.8.253:31112/function/opt-66b-submod-0-latency-25.cdgp
1704042814092841604,1704042823951826377,500,http://172.169.8.253:31112/function/opt-66b-submod-0-latency-25.cdgp
1704042814092931803,1704042824093269632,500,http://172.169.8.253:31112/function/opt-66b-submod-0-latency-25.cdgp
1704042814093042256,1704042815550870800,200,http://172.169.8.253:31112/function/opt-66b-submod-0-latency-25.cdgp
1704042814093119727,1704042822985644904,500,http://172.169.8.253:31112/function/opt-66b-submod-0-latency-25.cdgp
1704042814093188023,1704042824093702448,500,http://172.169.8.253:31112/function/opt-66b-submod-0-latency-25.cdgp
1704042814093268928,1704042824093640376,500,http://172.169.8.253:31112/function/opt-66b-submod-0-latency-25.cdgp
1704042814093355052,1704042823641136224,500,http://172.169.8.253:31112/function/opt-66b-submod-0-latency-25.cdgp
1704042814093438877,1704042824093739584,500,http://172.169.8.253:31112/function/opt-66b-submod-0-latency-25.cdgp
1704042814093531707,1704042823641446148,500,http://172.169.8.253:31112/function/opt-66b-submod-0-latency-25.cdgp
1704042814093604582,1704042823643577478,500,http://172.169.8.253:31112/function/opt-66b-submod-0-latency-25.cdgp
1704042814093670455,1704042822647436731,500,http://172.169.8.253:31112/function/opt-66b-submod-0-latency-25.cdgp
1704042814093730589,1704042817416683535,200,http://172.169.8.253:31112/function/opt-66b-submod-0-latency-25.cdgp
1704042814093828827,1704042824094398102,500,http://172.169.8.253:31112/function/opt-66b-submod-0-latency-25.cdgp
1704042814093905166,1704042823635604796,500,http://172.169.8.253:31112/function/opt-66b-submod-0-latency-25.cdgp
1704042814093985785,1704042818408075585,200,http://172.169.8.253:31112/function/opt-66b-submod-0-latency-25.cdgp
1704042814094064435,1704042818374933852,200,http://172.169.8.253:31112/function/opt-66b-submod-0-latency-25.cdgp
1704042814094127711,1704042823980195538,500,http://172.169.8.253:31112/function/opt-66b-submod-0-latency-25.cdgp
1704042814094215094,1704042824094404571,500,http://172.169.8.253:31112/function/opt-66b-submod-0-latency-25.cdgp
1704042814094283822,1704042817414255681,200,http://172.169.8.253:31112/function/opt-66b-submod-0-latency-25.cdgp
1704042814094349815,1704042823947677783,500,http://172.169.8.253:31112/function/opt-66b-submod-0-latency-25.cdgp
1704042814094425447,1704042823630723837,500,http://172.169.8.253:31112/function/opt-66b-submod-0-latency-25.cdgp
1704042814094482628,1704042822646814217,500,http://172.169.8.253:31112/function/opt-66b-submod-0-latency-25.cdgp
1704042814094569882,1704042817972828710,200,http://172.169.8.253:31112/function/opt-66b-submod-0-latency-25.cdgp
1704042814094629257,1704042823877747155,500,http://172.169.8.253:31112/function/opt-66b-submod-0-latency-25.cdgp
1704042814094755536,1704042818190274171,200,http://172.169.8.253:31112/function/opt-66b-submod-0-latency-25.cdgp
1704042814094864114,1704042823031046833,500,http://172.169.8.253:31112/function/opt-66b-submod-0-latency-25.cdgp
1704042814094921502,1704042822986126903,500,http://172.169.8.253:31112/function/opt-66b-submod-0-latency-25.cdgp
1704042814095000209,1704042817646758939,200,http://172.169.8.253:31112/function/opt-66b-submod-0-latency-25.cdgp
1704042814095035040,1704042824095433547,500,http://172.169.8.253:31112/function/opt-66b-submod-0-latency-25.cdgp
1704042814095127566,1704042822986208712,500,http://172.169.8.253:31112/function/opt-66b-submod-0-latency-25.cdgp
1704042814095198944,1704042823953697178,500,http://172.169.8.253:31112/function/opt-66b-submod-0-latency-25.cdgp
1704042814095278647,1704042823637298723,500,http://172.169.8.253:31112/function/opt-66b-submod-0-latency-25.cdgp
1704042814095342166,1704042824095610891,500,http://172.169.8.253:31112/function/opt-66b-submod-0-latency-25.cdgp
1704042814095421518,1704042824095635957,500,http://172.169.8.253:31112/function/opt-66b-submod-0-latency-25.cdgp
1704042814095509744,1704042824095623665,500,http://172.169.8.253:31112/function/opt-66b-submod-0-latency-25.cdgp
1704042814096724378,1704042824097645063,500,http://172.169.8.253:31112/function/opt-66b-submod-0-latency-25.cdgp
1704042814108983878,1704042824110053873,500,http://172.169.8.253:31112/function/opt-66b-submod-0-latency-25.cdgp
1704042814109157025,1704042824110028971,500,http://172.169.8.253:31112/function/opt-66b-submod-0-latency-25.cdgp
1704042814109281425,1704042823639433577,500,http://172.169.8.253:31112/function/opt-66b-submod-0-latency-25.cdgp
1704042814109405684,1704042823639471874,500,http://172.169.8.253:31112/function/opt-66b-submod-0-latency-25.cdgp
1704042814109448180,1704042818239301065,200,http://172.169.8.253:31112/function/opt-66b-submod-0-latency-25.cdgp
1704042814109501541,1704042823313965032,200,http://172.169.8.253:31112/function/opt-66b-submod-0-latency-25.cdgp
1704042814109534464,1704042823955361889,500,http://172.169.8.253:31112/function/opt-66b-submod-0-latency-25.cdgp
1704042814109587374,1704042823313066927,500,http://172.169.8.253:31112/function/opt-66b-submod-0-latency-25.cdgp
1704042814110222248,1704042817415446844,200,http://172.169.8.253:31112/function/opt-66b-submod-0-latency-25.cdgp
1704042814110275448,1704042820132966557,200,http://172.169.8.253:31112/function/opt-66b-submod-0-latency-25.cdgp
1704042814110382588,1704042824111113247,500,http://172.169.8.253:31112/function/opt-66b-submod-0-latency-25.cdgp
1704042814285168858,1704042824246599393,500,http://172.169.8.253:31112/function/opt-66b-submod-0-latency-25.cdgp
1704042814285255786,1704042820037335330,200,http://172.169.8.253:31112/function/opt-66b-submod-0-latency-25.cdgp
1704042814285337901,1704042818202109985,200,http://172.169.8.253:31112/function/opt-66b-submod-0-latency-25.cdgp
1704042814285400402,1704042818237853383,200,http://172.169.8.253:31112/function/opt-66b-submod-0-latency-25.cdgp
1704042815140862103,1704042824504307753,500,http://172.169.8.253:31112/function/opt-66b-submod-0-latency-25.cdgp
1704042815140955546,1704042824524535997,500,http://172.169.8.253:31112/function/opt-66b-submod-0-latency-25.cdgp
1704042815141055510,1704042824307809603,500,http://172.169.8.253:31112/function/opt-66b-submod-0-latency-25.cdgp
1704042815141144991,1704042823912812993,200,http://172.169.8.253:31112/function/opt-66b-submod-0-latency-25.cdgp
1704042815141194370,1704042823208678094,200,http://172.169.8.253:31112/function/opt-66b-submod-0-latency-25.cdgp
1704042815141273168,1704042824503907389,500,http://172.169.8.253:31112/function/opt-66b-submod-0-latency-25.cdgp
1704042815141316365,1704042823208213988,200,http://172.169.8.253:31112/function/opt-66b-submod-0-latency-25.cdgp
1704042815141401462,1704042817436977179,200,http://172.169.8.253:31112/function/opt-66b-submod-0-latency-25.cdgp
1704042815141457299,1704042824268571296,500,http://172.169.8.253:31112/function/opt-66b-submod-0-latency-25.cdgp
1704042815141528123,1704042824434612582,500,http://172.169.8.253:31112/function/opt-66b-submod-0-latency-25.cdgp
1704042815450038561,1704042825108257601,500,http://172.169.8.253:31112/function/opt-66b-submod-0-latency-25.cdgp
1704042815450116739,1704042824435759609,500,http://172.169.8.253:31112/function/opt-66b-submod-0-latency-25.cdgp
1704042815450210101,1704042818199592928,200,http://172.169.8.253:31112/function/opt-66b-submod-0-latency-25.cdgp
1704042815450286357,1704042824844033068,500,http://172.169.8.253:31112/function/opt-66b-submod-0-latency-25.cdgp
1704042815450371418,1704042818275829496,200,http://172.169.8.253:31112/function/opt-66b-submod-0-latency-25.cdgp
1704042815450459615,1704042824944843990,500,http://172.169.8.253:31112/function/opt-66b-submod-0-latency-25.cdgp
1704042815450541839,1704042824101508204,500,http://172.169.8.253:31112/function/opt-66b-submod-0-latency-25.cdgp
1704042815450594081,1704042824444257519,500,http://172.169.8.253:31112/function/opt-66b-submod-0-latency-25.cdgp
1704042815450668861,1704042822392720848,200,http://172.169.8.253:31112/function/opt-66b-submod-0-latency-25.cdgp
1704042815450701859,1704042824960880747,500,http://172.169.8.253:31112/function/opt-66b-submod-0-latency-25.cdgp
1704042815450780332,1704042824951131031,500,http://172.169.8.253:31112/function/opt-66b-submod-0-latency-25.cdgp
1704042815450866413,1704042821673920550,200,http://172.169.8.253:31112/function/opt-66b-submod-0-latency-25.cdgp
1704042815450923160,1704042818678997491,200,http://172.169.8.253:31112/function/opt-66b-submod-0-latency-25.cdgp
1704042815450941272,1704042824035993706,500,http://172.169.8.253:31112/function/opt-66b-submod-0-latency-25.cdgp
1704042815451021280,1704042821575457532,200,http://172.169.8.253:31112/function/opt-66b-submod-0-latency-25.cdgp
1704042815451097301,1704042818579080860,200,http://172.169.8.253:31112/function/opt-66b-submod-0-latency-25.cdgp
1704042815451129828,1704042823879512566,200,http://172.169.8.253:31112/function/opt-66b-submod-0-latency-25.cdgp
1704042815451186582,1704042825297567591,500,http://172.169.8.253:31112/function/opt-66b-submod-0-latency-25.cdgp
1704042815451268366,1704042824579483973,500,http://172.169.8.253:31112/function/opt-66b-submod-0-latency-25.cdgp
1704042815451339286,1704042824802379439,500,http://172.169.8.253:31112/function/opt-66b-submod-0-latency-25.cdgp
1704042815451416359,1704042825295877078,500,http://172.169.8.253:31112/function/opt-66b-submod-0-latency-25.cdgp
1704042815451479406,1704042824394632306,500,http://172.169.8.253:31112/function/opt-66b-submod-0-latency-25.cdgp
1704042815451540180,1704042825321799285,500,http://172.169.8.253:31112/function/opt-66b-submod-0-latency-25.cdgp
1704042815451562066,1704042824042929970,500,http://172.169.8.253:31112/function/opt-66b-submod-0-latency-25.cdgp
1704042815451638174,1704042825222591513,500,http://172.169.8.253:31112/function/opt-66b-submod-0-latency-25.cdgp
1704042815451689007,1704042818590131416,200,http://172.169.8.253:31112/function/opt-66b-submod-0-latency-25.cdgp
1704042815451773888,1704042825272699915,500,http://172.169.8.253:31112/function/opt-66b-submod-0-latency-25.cdgp
1704042815451844395,1704042822388146040,200,http://172.169.8.253:31112/function/opt-66b-submod-0-latency-25.cdgp
1704042815451874980,1704042824247537679,200,http://172.169.8.253:31112/function/opt-66b-submod-0-latency-25.cdgp
1704042815451981861,1704042821614818225,200,http://172.169.8.253:31112/function/opt-66b-submod-0-latency-25.cdgp
1704042815452061413,1704042825294224194,500,http://172.169.8.253:31112/function/opt-66b-submod-0-latency-25.cdgp
1704042815452122309,1704042818457320583,200,http://172.169.8.253:31112/function/opt-66b-submod-0-latency-25.cdgp
1704042815452162423,1704042825322444182,500,http://172.169.8.253:31112/function/opt-66b-submod-0-latency-25.cdgp
1704042815452271668,1704042825295514030,500,http://172.169.8.253:31112/function/opt-66b-submod-0-latency-25.cdgp
1704042815452341247,1704042821585696578,200,http://172.169.8.253:31112/function/opt-66b-submod-0-latency-25.cdgp
1704042815452399426,1704042825121614966,500,http://172.169.8.253:31112/function/opt-66b-submod-0-latency-25.cdgp
1704042815452451294,1704042823191763720,200,http://172.169.8.253:31112/function/opt-66b-submod-0-latency-25.cdgp
1704042815452591659,1704042824018874087,500,http://172.169.8.253:31112/function/opt-66b-submod-0-latency-25.cdgp
1704042815577906561,1704042825391537522,500,http://172.169.8.253:31112/function/opt-66b-submod-0-latency-25.cdgp
1704042815577993646,1704042824291807629,200,http://172.169.8.253:31112/function/opt-66b-submod-0-latency-25.cdgp
1704042815578074176,1704042825399795880,500,http://172.169.8.253:31112/function/opt-66b-submod-0-latency-25.cdgp
1704042815578139680,1704042824759561445,500,http://172.169.8.253:31112/function/opt-66b-submod-0-latency-25.cdgp
1704042815578240752,1704042824679782108,500,http://172.169.8.253:31112/function/opt-66b-submod-0-latency-25.cdgp
1704042815578375258,1704042819119459122,200,http://172.169.8.253:31112/function/opt-66b-submod-0-latency-25.cdgp
1704042815578439383,1704042824400132322,500,http://172.169.8.253:31112/function/opt-66b-submod-0-latency-25.cdgp
1704042815592969872,1704042825377733245,500,http://172.169.8.253:31112/function/opt-66b-submod-0-latency-25.cdgp
1704042815593052712,1704042825221560550,504,http://172.169.8.253:31112/function/opt-66b-submod-0-latency-25.cdgp
1704042815593274418,1704042825376191106,500,http://172.169.8.253:31112/function/opt-66b-submod-0-latency-25.cdgp
1704042815593341000,1704042824409922329,500,http://172.169.8.253:31112/function/opt-66b-submod-0-latency-25.cdgp
1704042815593412585,1704042822307414735,200,http://172.169.8.253:31112/function/opt-66b-submod-0-latency-25.cdgp
1704042815593511136,1704042825373884867,500,http://172.169.8.253:31112/function/opt-66b-submod-0-latency-25.cdgp
1704042815593576258,1704042824504630507,500,http://172.169.8.253:31112/function/opt-66b-submod-0-latency-25.cdgp
1704042815593614376,1704042824605390000,500,http://172.169.8.253:31112/function/opt-66b-submod-0-latency-25.cdgp
1704042815593646034,1704042824602926310,500,http://172.169.8.253:31112/function/opt-66b-submod-0-latency-25.cdgp
1704042815593702994,1704042824714932053,500,http://172.169.8.253:31112/function/opt-66b-submod-0-latency-25.cdgp
1704042816036431366,1704042821536954091,200,http://172.169.8.253:31112/function/opt-66b-submod-0-latency-25.cdgp
1704042816036521887,1704042825685970382,500,http://172.169.8.253:31112/function/opt-66b-submod-0-latency-25.cdgp
1704042816036623170,1704042824637585479,200,http://172.169.8.253:31112/function/opt-66b-submod-0-latency-25.cdgp
1704042816036691751,1704042821703725910,200,http://172.169.8.253:31112/function/opt-66b-submod-0-latency-25.cdgp
1704042816036732343,1704042825383626288,500,http://172.169.8.253:31112/function/opt-66b-submod-0-latency-25.cdgp
1704042816036807617,1704042826038066835,500,http://172.169.8.253:31112/function/opt-66b-submod-0-latency-25.cdgp
1704042816036867240,1704042825365415997,500,http://172.169.8.253:31112/function/opt-66b-submod-0-latency-25.cdgp
1704042816036968469,1704042825733027395,500,http://172.169.8.253:31112/function/opt-66b-submod-0-latency-25.cdgp
1704042816037044922,1704042825695627013,500,http://172.169.8.253:31112/function/opt-66b-submod-0-latency-25.cdgp
1704042816037089717,1704042825147653345,500,http://172.169.8.253:31112/function/opt-66b-submod-0-latency-25.cdgp
1704042816037169311,1704042819116982221,200,http://172.169.8.253:31112/function/opt-66b-submod-0-latency-25.cdgp
1704042816037251648,1704042819262895167,200,http://172.169.8.253:31112/function/opt-66b-submod-0-latency-25.cdgp
1704042816037310093,1704042825346622831,500,http://172.169.8.253:31112/function/opt-66b-submod-0-latency-25.cdgp
1704042816037358854,1704042825479919274,500,http://172.169.8.253:31112/function/opt-66b-submod-0-latency-25.cdgp
1704042816037436374,1704042821639556608,200,http://172.169.8.253:31112/function/opt-66b-submod-0-latency-25.cdgp
1704042816037522533,1704042825688567658,500,http://172.169.8.253:31112/function/opt-66b-submod-0-latency-25.cdgp
1704042816052818855,1704042821708697326,200,http://172.169.8.253:31112/function/opt-66b-submod-0-latency-25.cdgp
1704042816052896973,1704042825692181313,500,http://172.169.8.253:31112/function/opt-66b-submod-0-latency-25.cdgp
1704042816053056621,1704042825698114693,500,http://172.169.8.253:31112/function/opt-66b-submod-0-latency-25.cdgp
1704042816053123865,1704042819516700098,200,http://172.169.8.253:31112/function/opt-66b-submod-0-latency-25.cdgp
1704042816053141007,1704042825573202739,500,http://172.169.8.253:31112/function/opt-66b-submod-0-latency-25.cdgp
1704042816053192210,1704042825701676144,500,http://172.169.8.253:31112/function/opt-66b-submod-0-latency-25.cdgp
1704042816053213150,1704042826053416791,500,http://172.169.8.253:31112/function/opt-66b-submod-0-latency-25.cdgp
1704042816053303102,1704042825693162093,500,http://172.169.8.253:31112/function/opt-66b-submod-0-latency-25.cdgp
1704042816053336174,1704042825702336775,500,http://172.169.8.253:31112/function/opt-66b-submod-0-latency-25.cdgp
1704042816053424304,1704042818786320630,200,http://172.169.8.253:31112/function/opt-66b-submod-0-latency-25.cdgp
1704042816053497952,1704042825700916928,500,http://172.169.8.253:31112/function/opt-66b-submod-0-latency-25.cdgp
1704042816053524363,1704042824579038472,500,http://172.169.8.253:31112/function/opt-66b-submod-0-latency-25.cdgp
1704042816053584940,1704042821621962041,200,http://172.169.8.253:31112/function/opt-66b-submod-0-latency-25.cdgp
1704042816053653760,1704042826054549169,500,http://172.169.8.253:31112/function/opt-66b-submod-0-latency-25.cdgp
1704042816053748441,1704042825698314424,500,http://172.169.8.253:31112/function/opt-66b-submod-0-latency-25.cdgp
1704042816053777660,1704042824989113776,200,http://172.169.8.253:31112/function/opt-66b-submod-0-latency-25.cdgp
1704042816053888836,1704042825703941963,500,http://172.169.8.253:31112/function/opt-66b-submod-0-latency-25.cdgp
1704042816053968171,1704042825540842275,500,http://172.169.8.253:31112/function/opt-66b-submod-0-latency-25.cdgp
1704042816053990157,1704042825183819050,500,http://172.169.8.253:31112/function/opt-66b-submod-0-latency-25.cdgp
1704042816054066641,1704042825692630894,500,http://172.169.8.253:31112/function/opt-66b-submod-0-latency-25.cdgp
1704042816054552485,1704042819484448947,200,http://172.169.8.253:31112/function/opt-66b-submod-0-latency-25.cdgp
1704042816054646296,1704042824993996523,200,http://172.169.8.253:31112/function/opt-66b-submod-0-latency-25.cdgp
1704042816054756884,1704042819557519932,200,http://172.169.8.253:31112/function/opt-66b-submod-0-latency-25.cdgp
1704042816054831519,1704042825547229693,500,http://172.169.8.253:31112/function/opt-66b-submod-0-latency-25.cdgp
1704042816054929813,1704042819615141749,200,http://172.169.8.253:31112/function/opt-66b-submod-0-latency-25.cdgp
1704042816372264967,1704042825833805955,500,http://172.169.8.253:31112/function/opt-66b-submod-0-latency-25.cdgp
1704042816372350656,1704042825743717274,500,http://172.169.8.253:31112/function/opt-66b-submod-0-latency-25.cdgp
1704042816372382364,1704042825380754609,500,http://172.169.8.253:31112/function/opt-66b-submod-0-latency-25.cdgp
1704042816372477492,1704042825877075232,500,http://172.169.8.253:31112/function/opt-66b-submod-0-latency-25.cdgp
1704042816372541145,1704042825875480743,500,http://172.169.8.253:31112/function/opt-66b-submod-0-latency-25.cdgp
1704042816372582155,1704042825830903269,500,http://172.169.8.253:31112/function/opt-66b-submod-0-latency-25.cdgp
1704042816372655071,1704042819171180760,200,http://172.169.8.253:31112/function/opt-66b-submod-0-latency-25.cdgp
1704042816392902252,1704042825741799761,500,http://172.169.8.253:31112/function/opt-66b-submod-0-latency-25.cdgp
1704042816392991797,1704042819383539993,200,http://172.169.8.253:31112/function/opt-66b-submod-0-latency-25.cdgp
1704042816393137580,1704042825859925937,500,http://172.169.8.253:31112/function/opt-66b-submod-0-latency-25.cdgp
1704042816393204696,1704042825858236503,500,http://172.169.8.253:31112/function/opt-66b-submod-0-latency-25.cdgp
1704042816411818540,1704042819016280205,200,http://172.169.8.253:31112/function/opt-66b-submod-0-latency-25.cdgp
1704042816411904231,1704042825887240303,500,http://172.169.8.253:31112/function/opt-66b-submod-0-latency-25.cdgp
1704042816431886043,1704042819213677633,200,http://172.169.8.253:31112/function/opt-66b-submod-0-latency-25.cdgp
1704042816432001947,1704042821639497182,200,http://172.169.8.253:31112/function/opt-66b-submod-0-latency-25.cdgp
1704042816432143472,1704042824931154439,200,http://172.169.8.253:31112/function/opt-66b-submod-0-latency-25.cdgp
1704042816432211888,1704042824944039295,200,http://172.169.8.253:31112/function/opt-66b-submod-0-latency-25.cdgp
1704042816432242275,1704042819461047585,200,http://172.169.8.253:31112/function/opt-66b-submod-0-latency-25.cdgp
1704042816593870480,1704042826046695836,500,http://172.169.8.253:31112/function/opt-66b-submod-0-latency-25.cdgp
1704042816593955731,1704042821658138220,200,http://172.169.8.253:31112/function/opt-66b-submod-0-latency-25.cdgp
1704042816594038777,1704042826252769491,500,http://172.169.8.253:31112/function/opt-66b-submod-0-latency-25.cdgp
1704042816594898184,1704042825401148048,500,http://172.169.8.253:31112/function/opt-66b-submod-0-latency-25.cdgp
1704042816594991310,1704042824943783760,200,http://172.169.8.253:31112/function/opt-66b-submod-0-latency-25.cdgp
1704042816595089205,1704042819102209117,200,http://172.169.8.253:31112/function/opt-66b-submod-0-latency-25.cdgp
1704042816595160350,1704042825955245619,500,http://172.169.8.253:31112/function/opt-66b-submod-0-latency-25.cdgp
1704042816595246253,1704042821672972976,200,http://172.169.8.253:31112/function/opt-66b-submod-0-latency-25.cdgp
1704042816595322819,1704042826038087762,500,http://172.169.8.253:31112/function/opt-66b-submod-0-latency-25.cdgp
1704042816598015691,1704042821552623819,200,http://172.169.8.253:31112/function/opt-66b-submod-0-latency-25.cdgp
1704042816598103734,1704042826039832612,500,http://172.169.8.253:31112/function/opt-66b-submod-0-latency-25.cdgp
1704042816598178012,1704042826000643313,500,http://172.169.8.253:31112/function/opt-66b-submod-0-latency-25.cdgp
1704042816598266278,1704042825330172625,500,http://172.169.8.253:31112/function/opt-66b-submod-0-latency-25.cdgp
1704042816598340927,1704042825031953531,200,http://172.169.8.253:31112/function/opt-66b-submod-0-latency-25.cdgp
1704042816598427776,1704042826294763254,500,http://172.169.8.253:31112/function/opt-66b-submod-0-latency-25.cdgp
1704042816598510052,1704042821588826365,200,http://172.169.8.253:31112/function/opt-66b-submod-0-latency-25.cdgp
1704042816614161926,1704042822350826462,200,http://172.169.8.253:31112/function/opt-66b-submod-0-latency-25.cdgp
1704042816614250619,1704042824728746853,200,http://172.169.8.253:31112/function/opt-66b-submod-0-latency-25.cdgp
1704042816614388559,1704042826046380232,200,http://172.169.8.253:31112/function/opt-66b-submod-0-latency-25.cdgp
1704042816614456757,1704042825337774380,200,http://172.169.8.253:31112/function/opt-66b-submod-0-latency-25.cdgp
1704042816614514575,1704042826615465337,500,http://172.169.8.253:31112/function/opt-66b-submod-0-latency-25.cdgp
1704042816614607460,1704042826486369897,500,http://172.169.8.253:31112/function/opt-66b-submod-0-latency-25.cdgp
1704042816614711662,1704042821550667005,200,http://172.169.8.253:31112/function/opt-66b-submod-0-latency-25.cdgp
1704042816614788216,1704042826615366882,500,http://172.169.8.253:31112/function/opt-66b-submod-0-latency-25.cdgp
1704042816614856185,1704042824952601907,200,http://172.169.8.253:31112/function/opt-66b-submod-0-latency-25.cdgp
1704042816614885525,1704042825949918494,200,http://172.169.8.253:31112/function/opt-66b-submod-0-latency-25.cdgp
1704042816614933261,1704042826615347710,500,http://172.169.8.253:31112/function/opt-66b-submod-0-latency-25.cdgp
1704042816614965858,1704042826097123610,500,http://172.169.8.253:31112/function/opt-66b-submod-0-latency-25.cdgp
1704042816615059244,1704042825329739692,200,http://172.169.8.253:31112/function/opt-66b-submod-0-latency-25.cdgp
1704042816615126483,1704042825705638856,200,http://172.169.8.253:31112/function/opt-66b-submod-0-latency-25.cdgp
1704042816615193123,1704042826122469009,500,http://172.169.8.253:31112/function/opt-66b-submod-0-latency-25.cdgp
1704042816615221731,1704042826604631778,500,http://172.169.8.253:31112/function/opt-66b-submod-0-latency-25.cdgp
1704042816615329098,1704042826173193079,200,http://172.169.8.253:31112/function/opt-66b-submod-0-latency-25.cdgp
1704042816620073659,1704042826620783858,500,http://172.169.8.253:31112/function/opt-66b-submod-0-latency-25.cdgp
1704042816620166403,1704042826620822537,500,http://172.169.8.253:31112/function/opt-66b-submod-0-latency-25.cdgp
1704042816620258783,1704042826482051880,500,http://172.169.8.253:31112/function/opt-66b-submod-0-latency-25.cdgp
1704042816620329353,1704042819300410381,200,http://172.169.8.253:31112/function/opt-66b-submod-0-latency-25.cdgp
1704042816620447413,1704042826605118192,500,http://172.169.8.253:31112/function/opt-66b-submod-0-latency-25.cdgp
1704042816620566277,1704042820195554060,200,http://172.169.8.253:31112/function/opt-66b-submod-0-latency-25.cdgp
1704042816620647641,1704042826488913087,500,http://172.169.8.253:31112/function/opt-66b-submod-0-latency-25.cdgp
1704042816620727929,1704042826620897088,500,http://172.169.8.253:31112/function/opt-66b-submod-0-latency-25.cdgp
1704042816620821850,1704042826620963182,500,http://172.169.8.253:31112/function/opt-66b-submod-0-latency-25.cdgp
1704042816620883558,1704042826490057043,500,http://172.169.8.253:31112/function/opt-66b-submod-0-latency-25.cdgp
1704042816620955861,1704042826621039340,500,http://172.169.8.253:31112/function/opt-66b-submod-0-latency-25.cdgp
1704042816621004910,1704042826601380885,500,http://172.169.8.253:31112/function/opt-66b-submod-0-latency-25.cdgp
1704042816621057126,1704042825720299327,200,http://172.169.8.253:31112/function/opt-66b-submod-0-latency-25.cdgp
1704042816621112684,1704042826621971269,500,http://172.169.8.253:31112/function/opt-66b-submod-0-latency-25.cdgp
1704042816621210155,1704042826622288279,500,http://172.169.8.253:31112/function/opt-66b-submod-0-latency-25.cdgp
1704042816621296901,1704042825181821280,200,http://172.169.8.253:31112/function/opt-66b-submod-0-latency-25.cdgp
1704042816621410017,1704042825110590314,200,http://172.169.8.253:31112/function/opt-66b-submod-0-latency-25.cdgp
1704042816621544952,1704042826622278283,500,http://172.169.8.253:31112/function/opt-66b-submod-0-latency-25.cdgp
1704042816621635923,1704042826622259622,500,http://172.169.8.253:31112/function/opt-66b-submod-0-latency-25.cdgp
1704042816621712914,1704042826622295127,500,http://172.169.8.253:31112/function/opt-66b-submod-0-latency-25.cdgp
1704042816621773555,1704042825502374955,500,http://172.169.8.253:31112/function/opt-66b-submod-0-latency-25.cdgp
1704042816621847360,1704042826484461929,500,http://172.169.8.253:31112/function/opt-66b-submod-0-latency-25.cdgp
1704042816621905217,1704042826622054812,500,http://172.169.8.253:31112/function/opt-66b-submod-0-latency-25.cdgp
1704042816622004644,1704042822301177290,200,http://172.169.8.253:31112/function/opt-66b-submod-0-latency-25.cdgp
1704042816622105702,1704042826622282637,500,http://172.169.8.253:31112/function/opt-66b-submod-0-latency-25.cdgp
1704042816622165321,1704042826607722353,500,http://172.169.8.253:31112/function/opt-66b-submod-0-latency-25.cdgp
1704042816622259793,1704042824728994761,200,http://172.169.8.253:31112/function/opt-66b-submod-0-latency-25.cdgp
1704042816640869110,1704042826607406013,500,http://172.169.8.253:31112/function/opt-66b-submod-0-latency-25.cdgp
1704042816640952003,1704042826492828150,500,http://172.169.8.253:31112/function/opt-66b-submod-0-latency-25.cdgp
1704042816641034512,1704042826610779153,500,http://172.169.8.253:31112/function/opt-66b-submod-0-latency-25.cdgp
1704042816641095550,1704042826642167752,500,http://172.169.8.253:31112/function/opt-66b-submod-0-latency-25.cdgp
1704042816641178904,1704042826496117693,500,http://172.169.8.253:31112/function/opt-66b-submod-0-latency-25.cdgp
1704042816641245297,1704042826490951286,500,http://172.169.8.253:31112/function/opt-66b-submod-0-latency-25.cdgp
1704042816641298293,1704042826604106359,500,http://172.169.8.253:31112/function/opt-66b-submod-0-latency-25.cdgp
1704042816641383430,1704042826523437330,500,http://172.169.8.253:31112/function/opt-66b-submod-0-latency-25.cdgp
1704042816641453797,1704042826639879599,500,http://172.169.8.253:31112/function/opt-66b-submod-0-latency-25.cdgp
1704042816641476143,1704042826635851241,500,http://172.169.8.253:31112/function/opt-66b-submod-0-latency-25.cdgp
1704042816641530851,1704042826639355232,500,http://172.169.8.253:31112/function/opt-66b-submod-0-latency-25.cdgp
1704042816641607061,1704042825337264713,200,http://172.169.8.253:31112/function/opt-66b-submod-0-latency-25.cdgp
1704042816641695055,1704042825340558553,200,http://172.169.8.253:31112/function/opt-66b-submod-0-latency-25.cdgp
1704042816641765936,1704042826605586367,500,http://172.169.8.253:31112/function/opt-66b-submod-0-latency-25.cdgp
1704042816646734977,1704042826620623555,500,http://172.169.8.253:31112/function/opt-66b-submod-0-latency-25.cdgp
1704042816646813439,1704042826622915536,500,http://172.169.8.253:31112/function/opt-66b-submod-0-latency-25.cdgp
1704042816646896023,1704042825482741039,500,http://172.169.8.253:31112/function/opt-66b-submod-0-latency-25.cdgp
1704042816654101761,1704042821678794178,200,http://172.169.8.253:31112/function/opt-66b-submod-0-latency-25.cdgp
1704042816662526593,1704042826622037082,500,http://172.169.8.253:31112/function/opt-66b-submod-0-latency-25.cdgp
1704042816662639380,1704042826494474964,500,http://172.169.8.253:31112/function/opt-66b-submod-0-latency-25.cdgp
1704042816764269712,1704042822274815355,200,http://172.169.8.253:31112/function/opt-66b-submod-0-latency-25.cdgp
1704042816764389364,1704042822945082732,200,http://172.169.8.253:31112/function/opt-66b-submod-0-latency-25.cdgp
1704042816764556258,1704042826727760192,500,http://172.169.8.253:31112/function/opt-66b-submod-0-latency-25.cdgp
1704042816764624925,1704042820068527330,200,http://172.169.8.253:31112/function/opt-66b-submod-0-latency-25.cdgp
1704042816764695160,1704042826733726896,500,http://172.169.8.253:31112/function/opt-66b-submod-0-latency-25.cdgp
1704042816764758011,1704042819417525558,200,http://172.169.8.253:31112/function/opt-66b-submod-0-latency-25.cdgp
1704042816764817977,1704042826724910317,500,http://172.169.8.253:31112/function/opt-66b-submod-0-latency-25.cdgp
1704042816764870373,1704042825740898988,200,http://172.169.8.253:31112/function/opt-66b-submod-0-latency-25.cdgp
1704042816764949414,1704042826731636994,500,http://172.169.8.253:31112/function/opt-66b-submod-0-latency-25.cdgp
1704042816764999648,1704042826734243996,500,http://172.169.8.253:31112/function/opt-66b-submod-0-latency-25.cdgp
1704042816765067215,1704042822803097802,200,http://172.169.8.253:31112/function/opt-66b-submod-0-latency-25.cdgp
1704042816765134934,1704042819264952213,200,http://172.169.8.253:31112/function/opt-66b-submod-0-latency-25.cdgp
1704042816765243703,1704042826734584323,500,http://172.169.8.253:31112/function/opt-66b-submod-0-latency-25.cdgp
1704042816765332032,1704042826733344605,500,http://172.169.8.253:31112/function/opt-66b-submod-0-latency-25.cdgp
1704042816765411662,1704042826727457314,500,http://172.169.8.253:31112/function/opt-66b-submod-0-latency-25.cdgp
1704042816765480072,1704042819569450202,200,http://172.169.8.253:31112/function/opt-66b-submod-0-latency-25.cdgp
1704042816765543437,1704042825692663814,200,http://172.169.8.253:31112/function/opt-66b-submod-0-latency-25.cdgp
1704042816765608479,1704042825598429404,200,http://172.169.8.253:31112/function/opt-66b-submod-0-latency-25.cdgp
1704042816765649050,1704042819706072812,200,http://172.169.8.253:31112/function/opt-66b-submod-0-latency-25.cdgp
1704042816765752814,1704042825249585287,200,http://172.169.8.253:31112/function/opt-66b-submod-0-latency-25.cdgp
1704042816849036362,1704042825252926659,200,http://172.169.8.253:31112/function/opt-66b-submod-0-latency-25.cdgp
1704042816849119086,1704042826741793747,500,http://172.169.8.253:31112/function/opt-66b-submod-0-latency-25.cdgp
1704042816849205013,1704042826735759253,500,http://172.169.8.253:31112/function/opt-66b-submod-0-latency-25.cdgp
1704042819114369254,1704042828436066770,500,http://172.169.8.253:31112/function/opt-66b-submod-0-latency-25.cdgp
1704042819114489987,1704042828435780227,500,http://172.169.8.253:31112/function/opt-66b-submod-0-latency-25.cdgp
1704042819114595942,1704042820343687882,200,http://172.169.8.253:31112/function/opt-66b-submod-0-latency-25.cdgp
1704042819114672545,1704042825149736371,200,http://172.169.8.253:31112/function/opt-66b-submod-0-latency-25.cdgp
1704042819114756480,1704042820424338577,200,http://172.169.8.253:31112/function/opt-66b-submod-0-latency-25.cdgp
1704042819114854389,1704042820541500786,200,http://172.169.8.253:31112/function/opt-66b-submod-0-latency-25.cdgp
1704042819114942186,1704042822344486948,200,http://172.169.8.253:31112/function/opt-66b-submod-0-latency-25.cdgp
1704042819115026155,1704042828351590234,500,http://172.169.8.253:31112/function/opt-66b-submod-0-latency-25.cdgp
1704042819115102729,1704042828291564855,500,http://172.169.8.253:31112/function/opt-66b-submod-0-latency-25.cdgp
1704042819115172584,1704042828355355121,500,http://172.169.8.253:31112/function/opt-66b-submod-0-latency-25.cdgp
1704042819748236875,1704042828953726603,500,http://172.169.8.253:31112/function/opt-66b-submod-0-latency-25.cdgp
1704042819748350731,1704042822843709010,200,http://172.169.8.253:31112/function/opt-66b-submod-0-latency-25.cdgp
1704042819748444079,1704042821779820199,200,http://172.169.8.253:31112/function/opt-66b-submod-0-latency-25.cdgp
1704042819748525258,1704042828954132426,500,http://172.169.8.253:31112/function/opt-66b-submod-0-latency-25.cdgp
1704042819748601678,1704042821870790979,200,http://172.169.8.253:31112/function/opt-66b-submod-0-latency-25.cdgp
1704042819748637646,1704042826049132094,200,http://172.169.8.253:31112/function/opt-66b-submod-0-latency-25.cdgp
1704042819748710589,1704042828955742125,500,http://172.169.8.253:31112/function/opt-66b-submod-0-latency-25.cdgp
1704042819748777743,1704042823416902156,200,http://172.169.8.253:31112/function/opt-66b-submod-0-latency-25.cdgp
1704042820404939087,1704042829313841774,500,http://172.169.8.253:31112/function/opt-66b-submod-0-latency-25.cdgp
1704042820405023323,1704042829341068961,500,http://172.169.8.253:31112/function/opt-66b-submod-0-latency-25.cdgp
1704042820405195802,1704042825434112790,200,http://172.169.8.253:31112/function/opt-66b-submod-0-latency-25.cdgp
1704042820461026463,1704042821677742377,200,http://172.169.8.253:31112/function/opt-66b-submod-0-latency-25.cdgp
1704042820461118062,1704042829345280048,500,http://172.169.8.253:31112/function/opt-66b-submod-0-latency-25.cdgp
1704042820461200676,1704042822646867040,200,http://172.169.8.253:31112/function/opt-66b-submod-0-latency-25.cdgp
1704042822353794673,1704042825871063387,200,http://172.169.8.253:31112/function/opt-66b-submod-0-latency-25.cdgp
1704042822353947588,1704042823734166565,200,http://172.169.8.253:31112/function/opt-66b-submod-0-latency-25.cdgp
1704042822354044249,1704042831394926281,500,http://172.169.8.253:31112/function/opt-66b-submod-0-latency-25.cdgp
1704042822354119199,1704042825489406752,200,http://172.169.8.253:31112/function/opt-66b-submod-0-latency-25.cdgp
1704042822354212416,1704042831427974222,500,http://172.169.8.253:31112/function/opt-66b-submod-0-latency-25.cdgp
1704042822354329182,1704042825963699574,200,http://172.169.8.253:31112/function/opt-66b-submod-0-latency-25.cdgp
1704042822354442350,1704042823867680861,200,http://172.169.8.253:31112/function/opt-66b-submod-0-latency-25.cdgp
1704042822440420561,1704042831489412562,500,http://172.169.8.253:31112/function/opt-66b-submod-0-latency-25.cdgp
1704042822440531800,1704042831954150578,500,http://172.169.8.253:31112/function/opt-66b-submod-0-latency-25.cdgp
1704042822440591872,1704042831554617758,500,http://172.169.8.253:31112/function/opt-66b-submod-0-latency-25.cdgp
1704042822440661977,1704042825601691171,200,http://172.169.8.253:31112/function/opt-66b-submod-0-latency-25.cdgp
1704042822440693309,1704042831554608995,500,http://172.169.8.253:31112/function/opt-66b-submod-0-latency-25.cdgp
1704042822440788150,1704042826455034912,200,http://172.169.8.253:31112/function/opt-66b-submod-0-latency-25.cdgp
1704042822440930604,1704042832144134325,500,http://172.169.8.253:31112/function/opt-66b-submod-0-latency-25.cdgp
1704042822440991511,1704042831748261179,500,http://172.169.8.253:31112/function/opt-66b-submod-0-latency-25.cdgp
1704042822441047303,1704042831862575208,500,http://172.169.8.253:31112/function/opt-66b-submod-0-latency-25.cdgp
1704042822441121095,1704042823908590010,200,http://172.169.8.253:31112/function/opt-66b-submod-0-latency-25.cdgp
1704042822441163539,1704042825829341303,200,http://172.169.8.253:31112/function/opt-66b-submod-0-latency-25.cdgp
1704042822441260817,1704042831701717779,500,http://172.169.8.253:31112/function/opt-66b-submod-0-latency-25.cdgp
1704042822441287167,1704042831992998487,500,http://172.169.8.253:31112/function/opt-66b-submod-0-latency-25.cdgp
1704042822441354270,1704042831947068078,500,http://172.169.8.253:31112/function/opt-66b-submod-0-latency-25.cdgp
1704042822441403493,1704042826523912442,200,http://172.169.8.253:31112/function/opt-66b-submod-0-latency-25.cdgp
1704042822441492279,1704042831951511095,500,http://172.169.8.253:31112/function/opt-66b-submod-0-latency-25.cdgp
1704042822441567728,1704042826497844855,200,http://172.169.8.253:31112/function/opt-66b-submod-0-latency-25.cdgp
1704042822441593149,1704042831864534388,500,http://172.169.8.253:31112/function/opt-66b-submod-0-latency-25.cdgp
1704042822441653256,1704042825499650727,200,http://172.169.8.253:31112/function/opt-66b-submod-0-latency-25.cdgp
1704042822441669107,1704042825644156242,200,http://172.169.8.253:31112/function/opt-66b-submod-0-latency-25.cdgp
1704042822441750043,1704042831948023641,500,http://172.169.8.253:31112/function/opt-66b-submod-0-latency-25.cdgp
1704042822441788406,1704042826266833177,200,http://172.169.8.253:31112/function/opt-66b-submod-0-latency-25.cdgp
1704042822441860427,1704042825390482352,200,http://172.169.8.253:31112/function/opt-66b-submod-0-latency-25.cdgp
1704042822441965901,1704042825725653986,200,http://172.169.8.253:31112/function/opt-66b-submod-0-latency-25.cdgp
1704042822442049669,1704042825485312677,200,http://172.169.8.253:31112/function/opt-66b-submod-0-latency-25.cdgp
1704042822442118411,1704042831536530008,500,http://172.169.8.253:31112/function/opt-66b-submod-0-latency-25.cdgp
1704042822442187295,1704042831957430225,500,http://172.169.8.253:31112/function/opt-66b-submod-0-latency-25.cdgp
1704042822442239282,1704042832146234510,500,http://172.169.8.253:31112/function/opt-66b-submod-0-latency-25.cdgp
1704042822442307333,1704042831951464790,500,http://172.169.8.253:31112/function/opt-66b-submod-0-latency-25.cdgp
1704042822442353798,1704042831949672131,500,http://172.169.8.253:31112/function/opt-66b-submod-0-latency-25.cdgp
1704042822442386640,1704042831747892400,500,http://172.169.8.253:31112/function/opt-66b-submod-0-latency-25.cdgp
1704042822442449631,1704042825486960418,200,http://172.169.8.253:31112/function/opt-66b-submod-0-latency-25.cdgp
1704042822442499023,1704042825270537931,200,http://172.169.8.253:31112/function/opt-66b-submod-0-latency-25.cdgp
1704042822442554680,1704042826677486421,200,http://172.169.8.253:31112/function/opt-66b-submod-0-latency-25.cdgp
1704042822629994380,1704042832148019356,500,http://172.169.8.253:31112/function/opt-66b-submod-0-latency-25.cdgp
1704042822630091651,1704042825961186114,200,http://172.169.8.253:31112/function/opt-66b-submod-0-latency-25.cdgp
1704042822630209987,1704042831935287610,500,http://172.169.8.253:31112/function/opt-66b-submod-0-latency-25.cdgp
1704042822630271813,1704042831779574553,500,http://172.169.8.253:31112/function/opt-66b-submod-0-latency-25.cdgp
1704042822691140327,1704042832167981121,500,http://172.169.8.253:31112/function/opt-66b-submod-0-latency-25.cdgp
1704042822691230117,1704042831827586681,500,http://172.169.8.253:31112/function/opt-66b-submod-0-latency-25.cdgp
1704042822691319976,1704042825810732913,200,http://172.169.8.253:31112/function/opt-66b-submod-0-latency-25.cdgp
1704042822691414285,1704042827035360987,200,http://172.169.8.253:31112/function/opt-66b-submod-0-latency-25.cdgp
1704042822691439902,1704042831937506937,500,http://172.169.8.253:31112/function/opt-66b-submod-0-latency-25.cdgp
1704042822691541307,1704042832051519221,500,http://172.169.8.253:31112/function/opt-66b-submod-0-latency-25.cdgp
1704042822691606381,1704042826765083023,200,http://172.169.8.253:31112/function/opt-66b-submod-0-latency-25.cdgp
1704042822691662500,1704042831829729412,500,http://172.169.8.253:31112/function/opt-66b-submod-0-latency-25.cdgp
1704042822691700717,1704042832149531088,500,http://172.169.8.253:31112/function/opt-66b-submod-0-latency-25.cdgp
1704042822691784446,1704042826056271041,200,http://172.169.8.253:31112/function/opt-66b-submod-0-latency-25.cdgp
1704042822693465636,1704042826404624636,200,http://172.169.8.253:31112/function/opt-66b-submod-0-latency-25.cdgp
1704042822693526793,1704042831868869968,500,http://172.169.8.253:31112/function/opt-66b-submod-0-latency-25.cdgp
1704042822693561299,1704042826568492074,200,http://172.169.8.253:31112/function/opt-66b-submod-0-latency-25.cdgp
1704042822701388581,1704042825889086271,200,http://172.169.8.253:31112/function/opt-66b-submod-0-latency-25.cdgp
1704042822701538935,1704042826361187185,200,http://172.169.8.253:31112/function/opt-66b-submod-0-latency-25.cdgp
1704042822701624306,1704042826690332547,200,http://172.169.8.253:31112/function/opt-66b-submod-0-latency-25.cdgp
1704042822704484692,1704042832260250788,500,http://172.169.8.253:31112/function/opt-66b-submod-0-latency-25.cdgp
1704042822704578272,1704042831926995072,500,http://172.169.8.253:31112/function/opt-66b-submod-0-latency-25.cdgp
1704042822704656094,1704042825726809214,200,http://172.169.8.253:31112/function/opt-66b-submod-0-latency-25.cdgp
1704042822704732366,1704042826493080110,200,http://172.169.8.253:31112/function/opt-66b-submod-0-latency-25.cdgp
1704042822704825048,1704042826554223790,200,http://172.169.8.253:31112/function/opt-66b-submod-0-latency-25.cdgp
1704042822704871857,1704042831928870658,500,http://172.169.8.253:31112/function/opt-66b-submod-0-latency-25.cdgp
1704042822704973852,1704042832258571107,500,http://172.169.8.253:31112/function/opt-66b-submod-0-latency-25.cdgp
1704042822705048407,1704042825572521222,200,http://172.169.8.253:31112/function/opt-66b-submod-0-latency-25.cdgp
1704042822705134620,1704042826476083567,200,http://172.169.8.253:31112/function/opt-66b-submod-0-latency-25.cdgp
1704042822705213891,1704042832264164744,500,http://172.169.8.253:31112/function/opt-66b-submod-0-latency-25.cdgp
1704042822705299691,1704042832552821393,500,http://172.169.8.253:31112/function/opt-66b-submod-0-latency-25.cdgp
1704042822705365034,1704042832224662224,500,http://172.169.8.253:31112/function/opt-66b-submod-0-latency-25.cdgp
1704042822705415806,1704042832218422969,500,http://172.169.8.253:31112/function/opt-66b-submod-0-latency-25.cdgp
1704042822705482578,1704042832552112911,500,http://172.169.8.253:31112/function/opt-66b-submod-0-latency-25.cdgp
1704042822705561935,1704042825281290619,200,http://172.169.8.253:31112/function/opt-66b-submod-0-latency-25.cdgp
1704042822705674612,1704042826550059858,200,http://172.169.8.253:31112/function/opt-66b-submod-0-latency-25.cdgp
1704042822705790699,1704042825982245666,200,http://172.169.8.253:31112/function/opt-66b-submod-0-latency-25.cdgp
1704042822705846492,1704042825826051269,200,http://172.169.8.253:31112/function/opt-66b-submod-0-latency-25.cdgp
1704042822705900463,1704042832577318424,500,http://172.169.8.253:31112/function/opt-66b-submod-0-latency-25.cdgp
1704042822705956440,1704042832222596167,500,http://172.169.8.253:31112/function/opt-66b-submod-0-latency-25.cdgp
1704042822706020455,1704042832396569162,500,http://172.169.8.253:31112/function/opt-66b-submod-0-latency-25.cdgp
1704042822706104104,1704042826610924780,200,http://172.169.8.253:31112/function/opt-66b-submod-0-latency-25.cdgp
1704042822706188929,1704042832244045607,500,http://172.169.8.253:31112/function/opt-66b-submod-0-latency-25.cdgp
1704042822706258501,1704042832268753531,500,http://172.169.8.253:31112/function/opt-66b-submod-0-latency-25.cdgp
1704042822706334675,1704042832578404859,500,http://172.169.8.253:31112/function/opt-66b-submod-0-latency-25.cdgp
1704042822706381800,1704042832234379322,500,http://172.169.8.253:31112/function/opt-66b-submod-0-latency-25.cdgp
1704042822706472795,1704042825738525186,200,http://172.169.8.253:31112/function/opt-66b-submod-0-latency-25.cdgp
1704042824466023164,1704042833643633869,500,http://172.169.8.253:31112/function/opt-66b-submod-0-latency-25.cdgp
1704042824466153528,1704042833481856237,500,http://172.169.8.253:31112/function/opt-66b-submod-0-latency-25.cdgp
1704042824466184642,1704042833583889691,500,http://172.169.8.253:31112/function/opt-66b-submod-0-latency-25.cdgp
1704042824466268147,1704042833587800377,500,http://172.169.8.253:31112/function/opt-66b-submod-0-latency-25.cdgp
1704042824466342861,1704042833600692618,500,http://172.169.8.253:31112/function/opt-66b-submod-0-latency-25.cdgp
1704042824467022618,1704042833544586736,500,http://172.169.8.253:31112/function/opt-66b-submod-0-latency-25.cdgp
1704042824532307001,1704042833619677116,500,http://172.169.8.253:31112/function/opt-66b-submod-0-latency-25.cdgp
1704042824532388605,1704042833663740707,500,http://172.169.8.253:31112/function/opt-66b-submod-0-latency-25.cdgp
1704042824532493559,1704042826556877399,200,http://172.169.8.253:31112/function/opt-66b-submod-0-latency-25.cdgp
1704042824532560328,1704042833570747826,504,http://172.169.8.253:31112/function/opt-66b-submod-0-latency-25.cdgp
1704042824532603545,1704042833776010573,500,http://172.169.8.253:31112/function/opt-66b-submod-0-latency-25.cdgp
1704042824533211357,1704042833851223826,504,http://172.169.8.253:31112/function/opt-66b-submod-0-latency-25.cdgp
1704042824533267893,1704042826801077089,200,http://172.169.8.253:31112/function/opt-66b-submod-0-latency-25.cdgp
1704042824533324297,1704042833631653794,500,http://172.169.8.253:31112/function/opt-66b-submod-0-latency-25.cdgp
1704042824533402286,1704042826255826459,200,http://172.169.8.253:31112/function/opt-66b-submod-0-latency-25.cdgp
1704042824533472696,1704042826371689664,200,http://172.169.8.253:31112/function/opt-66b-submod-0-latency-25.cdgp
1704042824533511461,1704042833734047793,500,http://172.169.8.253:31112/function/opt-66b-submod-0-latency-25.cdgp
1704042824533580026,1704042833683125861,500,http://172.169.8.253:31112/function/opt-66b-submod-0-latency-25.cdgp
1704042824535501002,1704042826161096439,200,http://172.169.8.253:31112/function/opt-66b-submod-0-latency-25.cdgp
1704042824535560016,1704042826555158758,200,http://172.169.8.253:31112/function/opt-66b-submod-0-latency-25.cdgp
1704042824564523633,1704042827044098987,200,http://172.169.8.253:31112/function/opt-66b-submod-0-latency-25.cdgp
1704042824564620742,1704042833789004402,500,http://172.169.8.253:31112/function/opt-66b-submod-0-latency-25.cdgp
1704042824564682162,1704042826432736612,200,http://172.169.8.253:31112/function/opt-66b-submod-0-latency-25.cdgp
1704042824564756339,1704042826098382691,200,http://172.169.8.253:31112/function/opt-66b-submod-0-latency-25.cdgp
1704042824564868860,1704042827054638963,200,http://172.169.8.253:31112/function/opt-66b-submod-0-latency-25.cdgp
1704042824564939841,1704042833833375989,500,http://172.169.8.253:31112/function/opt-66b-submod-0-latency-25.cdgp
1704042824564986385,1704042833929687246,500,http://172.169.8.253:31112/function/opt-66b-submod-0-latency-25.cdgp
1704042824565018061,1704042827049462045,200,http://172.169.8.253:31112/function/opt-66b-submod-0-latency-25.cdgp
1704042824565096560,1704042833789365499,500,http://172.169.8.253:31112/function/opt-66b-submod-0-latency-25.cdgp
1704042824565168686,1704042833851668783,500,http://172.169.8.253:31112/function/opt-66b-submod-0-latency-25.cdgp
1704042824565190370,1704042833921954582,500,http://172.169.8.253:31112/function/opt-66b-submod-0-latency-25.cdgp
1704042824565224346,1704042827049774662,200,http://172.169.8.253:31112/function/opt-66b-submod-0-latency-25.cdgp
1704042824565272150,1704042826388802241,200,http://172.169.8.253:31112/function/opt-66b-submod-0-latency-25.cdgp
1704042824565353533,1704042833981650899,500,http://172.169.8.253:31112/function/opt-66b-submod-0-latency-25.cdgp
1704042824565382955,1704042826456514950,200,http://172.169.8.253:31112/function/opt-66b-submod-0-latency-25.cdgp
1704042824565454613,1704042826646095281,200,http://172.169.8.253:31112/function/opt-66b-submod-0-latency-25.cdgp
1704042824565512846,1704042833990766872,500,http://172.169.8.253:31112/function/opt-66b-submod-0-latency-25.cdgp
1704042824565559008,1704042834221571400,500,http://172.169.8.253:31112/function/opt-66b-submod-0-latency-25.cdgp
1704042824565639208,1704042834200292203,500,http://172.169.8.253:31112/function/opt-66b-submod-0-latency-25.cdgp
1704042824565725571,1704042833788483352,500,http://172.169.8.253:31112/function/opt-66b-submod-0-latency-25.cdgp
1704042824696772673,1704042834200052447,500,http://172.169.8.253:31112/function/opt-66b-submod-0-latency-25.cdgp
1704042824696855018,1704042827195244805,200,http://172.169.8.253:31112/function/opt-66b-submod-0-latency-25.cdgp
1704042824696919103,1704042834156460094,500,http://172.169.8.253:31112/function/opt-66b-submod-0-latency-25.cdgp
1704042824696976085,1704042827038705229,200,http://172.169.8.253:31112/function/opt-66b-submod-0-latency-25.cdgp
1704042824697029434,1704042826498808249,200,http://172.169.8.253:31112/function/opt-66b-submod-0-latency-25.cdgp
1704042824697074536,1704042834200150088,500,http://172.169.8.253:31112/function/opt-66b-submod-0-latency-25.cdgp
1704042824697140764,1704042834043839961,500,http://172.169.8.253:31112/function/opt-66b-submod-0-latency-25.cdgp
1704042824697194910,1704042827049530803,200,http://172.169.8.253:31112/function/opt-66b-submod-0-latency-25.cdgp
1704042824697234881,1704042833994093936,500,http://172.169.8.253:31112/function/opt-66b-submod-0-latency-25.cdgp
1704042824697317043,1704042834046246417,500,http://172.169.8.253:31112/function/opt-66b-submod-0-latency-25.cdgp
1704042824697375015,1704042833966165397,500,http://172.169.8.253:31112/function/opt-66b-submod-0-latency-25.cdgp
1704042824697406554,1704042834159169249,500,http://172.169.8.253:31112/function/opt-66b-submod-0-latency-25.cdgp
1704042824697482440,1704042833982434995,500,http://172.169.8.253:31112/function/opt-66b-submod-0-latency-25.cdgp
1704042826745682629,1704042835775636882,500,http://172.169.8.253:31112/function/opt-66b-submod-0-latency-25.cdgp
1704042826745773114,1704042835772001658,500,http://172.169.8.253:31112/function/opt-66b-submod-0-latency-25.cdgp
1704042826745864383,1704042827819781662,200,http://172.169.8.253:31112/function/opt-66b-submod-0-latency-25.cdgp
1704042826745915601,1704042828047657760,200,http://172.169.8.253:31112/function/opt-66b-submod-0-latency-25.cdgp
1704042826746035854,1704042828099659544,200,http://172.169.8.253:31112/function/opt-66b-submod-0-latency-25.cdgp
1704042826765228935,1704042828959785199,200,http://172.169.8.253:31112/function/opt-66b-submod-0-latency-25.cdgp
1704042826765286734,1704042828659898606,200,http://172.169.8.253:31112/function/opt-66b-submod-0-latency-25.cdgp
1704042826765319311,1704042828395701208,200,http://172.169.8.253:31112/function/opt-66b-submod-0-latency-25.cdgp
1704042826766034768,1704042836380699851,500,http://172.169.8.253:31112/function/opt-66b-submod-0-latency-25.cdgp
1704042826766627954,1704042836301296284,500,http://172.169.8.253:31112/function/opt-66b-submod-0-latency-25.cdgp
1704042826766715312,1704042836463540920,500,http://172.169.8.253:31112/function/opt-66b-submod-0-latency-25.cdgp
1704042826766797978,1704042828081071061,200,http://172.169.8.253:31112/function/opt-66b-submod-0-latency-25.cdgp
1704042826766876511,1704042828844119728,200,http://172.169.8.253:31112/function/opt-66b-submod-0-latency-25.cdgp
1704042826766957961,1704042835994405158,500,http://172.169.8.253:31112/function/opt-66b-submod-0-latency-25.cdgp
1704042826767027713,1704042836023184203,500,http://172.169.8.253:31112/function/opt-66b-submod-0-latency-25.cdgp
1704042826767115931,1704042836460835101,500,http://172.169.8.253:31112/function/opt-66b-submod-0-latency-25.cdgp
1704042826767187215,1704042829838037006,200,http://172.169.8.253:31112/function/opt-66b-submod-0-latency-25.cdgp
1704042826767244889,1704042836157660498,500,http://172.169.8.253:31112/function/opt-66b-submod-0-latency-25.cdgp
1704042826767322912,1704042836044226578,500,http://172.169.8.253:31112/function/opt-66b-submod-0-latency-25.cdgp
1704042826767388015,1704042828349450389,200,http://172.169.8.253:31112/function/opt-66b-submod-0-latency-25.cdgp
1704042826767477968,1704042836378774042,500,http://172.169.8.253:31112/function/opt-66b-submod-0-latency-25.cdgp
1704042826767568389,1704042828958144047,200,http://172.169.8.253:31112/function/opt-66b-submod-0-latency-25.cdgp
1704042826767622812,1704042828511291394,200,http://172.169.8.253:31112/function/opt-66b-submod-0-latency-25.cdgp
1704042826767701148,1704042828354302019,200,http://172.169.8.253:31112/function/opt-66b-submod-0-latency-25.cdgp
1704042826767766612,1704042828826544069,200,http://172.169.8.253:31112/function/opt-66b-submod-0-latency-25.cdgp
1704042826767852756,1704042828352215592,200,http://172.169.8.253:31112/function/opt-66b-submod-0-latency-25.cdgp
1704042826767932205,1704042836298293711,500,http://172.169.8.253:31112/function/opt-66b-submod-0-latency-25.cdgp
1704042826767995296,1704042828288477715,200,http://172.169.8.253:31112/function/opt-66b-submod-0-latency-25.cdgp
1704042826768042930,1704042828008943299,200,http://172.169.8.253:31112/function/opt-66b-submod-0-latency-25.cdgp
1704042826768134861,1704042836304528738,500,http://172.169.8.253:31112/function/opt-66b-submod-0-latency-25.cdgp
1704042826768161245,1704042828751984349,200,http://172.169.8.253:31112/function/opt-66b-submod-0-latency-25.cdgp
1704042826768267360,1704042828336326987,200,http://172.169.8.253:31112/function/opt-66b-submod-0-latency-25.cdgp
1704042826768348123,1704042836090767503,500,http://172.169.8.253:31112/function/opt-66b-submod-0-latency-25.cdgp
1704042826768432502,1704042829434993799,200,http://172.169.8.253:31112/function/opt-66b-submod-0-latency-25.cdgp
1704042826768514494,1704042829019948124,200,http://172.169.8.253:31112/function/opt-66b-submod-0-latency-25.cdgp
1704042826768571598,1704042830262147956,200,http://172.169.8.253:31112/function/opt-66b-submod-0-latency-25.cdgp
1704042826768659491,1704042828940568193,200,http://172.169.8.253:31112/function/opt-66b-submod-0-latency-25.cdgp
1704042826769060707,1704042829484142795,200,http://172.169.8.253:31112/function/opt-66b-submod-0-latency-25.cdgp
1704042826769128900,1704042828035648312,200,http://172.169.8.253:31112/function/opt-66b-submod-0-latency-25.cdgp
1704042826769158941,1704042828951871907,200,http://172.169.8.253:31112/function/opt-66b-submod-0-latency-25.cdgp
1704042826769218636,1704042836160779487,500,http://172.169.8.253:31112/function/opt-66b-submod-0-latency-25.cdgp
1704042826792107419,1704042829239268632,200,http://172.169.8.253:31112/function/opt-66b-submod-0-latency-25.cdgp
1704042826792187487,1704042836501037760,500,http://172.169.8.253:31112/function/opt-66b-submod-0-latency-25.cdgp
1704042826792297165,1704042829159843436,200,http://172.169.8.253:31112/function/opt-66b-submod-0-latency-25.cdgp
1704042826792361909,1704042836793427478,500,http://172.169.8.253:31112/function/opt-66b-submod-0-latency-25.cdgp
1704042826792438896,1704042836302928066,500,http://172.169.8.253:31112/function/opt-66b-submod-0-latency-25.cdgp
1704042826792533076,1704042836499902119,500,http://172.169.8.253:31112/function/opt-66b-submod-0-latency-25.cdgp
1704042826792616795,1704042828961206234,200,http://172.169.8.253:31112/function/opt-66b-submod-0-latency-25.cdgp
1704042826792678498,1704042828576503142,200,http://172.169.8.253:31112/function/opt-66b-submod-0-latency-25.cdgp
1704042826792762397,1704042829405447237,200,http://172.169.8.253:31112/function/opt-66b-submod-0-latency-25.cdgp
1704042826792838772,1704042828959856680,200,http://172.169.8.253:31112/function/opt-66b-submod-0-latency-25.cdgp
1704042826792914363,1704042836793446407,500,http://172.169.8.253:31112/function/opt-66b-submod-0-latency-25.cdgp
1704042826792937291,1704042836496420467,500,http://172.169.8.253:31112/function/opt-66b-submod-0-latency-25.cdgp
1704042826985651800,1704042829024821030,200,http://172.169.8.253:31112/function/opt-66b-submod-0-latency-25.cdgp
1704042826985712115,1704042836465308326,500,http://172.169.8.253:31112/function/opt-66b-submod-0-latency-25.cdgp
1704042826985835739,1704042828958395356,200,http://172.169.8.253:31112/function/opt-66b-submod-0-latency-25.cdgp
1704042826985902433,1704042829265667170,200,http://172.169.8.253:31112/function/opt-66b-submod-0-latency-25.cdgp
1704042826985971556,1704042830261912125,200,http://172.169.8.253:31112/function/opt-66b-submod-0-latency-25.cdgp
1704042826986005617,1704042836498624118,500,http://172.169.8.253:31112/function/opt-66b-submod-0-latency-25.cdgp
1704042826986109010,1704042830175507789,200,http://172.169.8.253:31112/function/opt-66b-submod-0-latency-25.cdgp
1704042826986221300,1704042828957765533,200,http://172.169.8.253:31112/function/opt-66b-submod-0-latency-25.cdgp
1704042826986288673,1704042829905348694,200,http://172.169.8.253:31112/function/opt-66b-submod-0-latency-25.cdgp
1704042826986351053,1704042829437308465,200,http://172.169.8.253:31112/function/opt-66b-submod-0-latency-25.cdgp
1704042826986407216,1704042836815538744,500,http://172.169.8.253:31112/function/opt-66b-submod-0-latency-25.cdgp
1704042826986453650,1704042836798513141,500,http://172.169.8.253:31112/function/opt-66b-submod-0-latency-25.cdgp
1704042826986528321,1704042829839987575,200,http://172.169.8.253:31112/function/opt-66b-submod-0-latency-25.cdgp
1704042826986596414,1704042836987037706,500,http://172.169.8.253:31112/function/opt-66b-submod-0-latency-25.cdgp
1704042826986642253,1704042828938542951,200,http://172.169.8.253:31112/function/opt-66b-submod-0-latency-25.cdgp
1704042826986732512,1704042829836935264,200,http://172.169.8.253:31112/function/opt-66b-submod-0-latency-25.cdgp
1704042826986806817,1704042829944263681,200,http://172.169.8.253:31112/function/opt-66b-submod-0-latency-25.cdgp
1704042826986870089,1704042836502557468,500,http://172.169.8.253:31112/function/opt-66b-submod-0-latency-25.cdgp
1704042827304377310,1704042836952912523,500,http://172.169.8.253:31112/function/opt-66b-submod-0-latency-25.cdgp
1704042827312615163,1704042836742158589,500,http://172.169.8.253:31112/function/opt-66b-submod-0-latency-25.cdgp
1704042827312696603,1704042830423994154,200,http://172.169.8.253:31112/function/opt-66b-submod-0-latency-25.cdgp
1704042827312793297,1704042830251103192,200,http://172.169.8.253:31112/function/opt-66b-submod-0-latency-25.cdgp
1704042827312874450,1704042830710343134,200,http://172.169.8.253:31112/function/opt-66b-submod-0-latency-25.cdgp
1704042827312928874,1704042836740225920,500,http://172.169.8.253:31112/function/opt-66b-submod-0-latency-25.cdgp
1704042827312987849,1704042836946436828,500,http://172.169.8.253:31112/function/opt-66b-submod-0-latency-25.cdgp
1704042827313037228,1704042836922893549,500,http://172.169.8.253:31112/function/opt-66b-submod-0-latency-25.cdgp
1704042827313101562,1704042829955440192,200,http://172.169.8.253:31112/function/opt-66b-submod-0-latency-25.cdgp
1704042827313171149,1704042836947451230,500,http://172.169.8.253:31112/function/opt-66b-submod-0-latency-25.cdgp
1704042827313256359,1704042829388054009,200,http://172.169.8.253:31112/function/opt-66b-submod-0-latency-25.cdgp
1704042827313333508,1704042830968546343,200,http://172.169.8.253:31112/function/opt-66b-submod-0-latency-25.cdgp
1704042827313406893,1704042829891087118,200,http://172.169.8.253:31112/function/opt-66b-submod-0-latency-25.cdgp
1704042827313477874,1704042829439054219,200,http://172.169.8.253:31112/function/opt-66b-submod-0-latency-25.cdgp
1704042827313492411,1704042836740384008,500,http://172.169.8.253:31112/function/opt-66b-submod-0-latency-25.cdgp
1704042827613886522,1704042836815388239,500,http://172.169.8.253:31112/function/opt-66b-submod-0-latency-25.cdgp
1704042827613989902,1704042829624021275,200,http://172.169.8.253:31112/function/opt-66b-submod-0-latency-25.cdgp
1704042827614102767,1704042836925683235,500,http://172.169.8.253:31112/function/opt-66b-submod-0-latency-25.cdgp
1704042827626413117,1704042831337411012,200,http://172.169.8.253:31112/function/opt-66b-submod-0-latency-25.cdgp
1704042827626487830,1704042836921843261,500,http://172.169.8.253:31112/function/opt-66b-submod-0-latency-25.cdgp
1704042827626540021,1704042830600102226,200,http://172.169.8.253:31112/function/opt-66b-submod-0-latency-25.cdgp
1704042827626630505,1704042830407252117,200,http://172.169.8.253:31112/function/opt-66b-submod-0-latency-25.cdgp
1704042827626684103,1704042836982986352,500,http://172.169.8.253:31112/function/opt-66b-submod-0-latency-25.cdgp
1704042827626748903,1704042829882196021,200,http://172.169.8.253:31112/function/opt-66b-submod-0-latency-25.cdgp
1704042827626835708,1704042830969509472,200,http://172.169.8.253:31112/function/opt-66b-submod-0-latency-25.cdgp
1704042827626943907,1704042830878839339,200,http://172.169.8.253:31112/function/opt-66b-submod-0-latency-25.cdgp
1704042827626999369,1704042836803278141,500,http://172.169.8.253:31112/function/opt-66b-submod-0-latency-25.cdgp
1704042827627033458,1704042837106324603,500,http://172.169.8.253:31112/function/opt-66b-submod-0-latency-25.cdgp
1704042827627096398,1704042836860519904,500,http://172.169.8.253:31112/function/opt-66b-submod-0-latency-25.cdgp
1704042827627173383,1704042830265954959,200,http://172.169.8.253:31112/function/opt-66b-submod-0-latency-25.cdgp
1704042827627199768,1704042837079656094,500,http://172.169.8.253:31112/function/opt-66b-submod-0-latency-25.cdgp
1704042827627279788,1704042837253072436,500,http://172.169.8.253:31112/function/opt-66b-submod-0-latency-25.cdgp
1704042827627357556,1704042836922154352,500,http://172.169.8.253:31112/function/opt-66b-submod-0-latency-25.cdgp
1704042827627399934,1704042830251093576,200,http://172.169.8.253:31112/function/opt-66b-submod-0-latency-25.cdgp
1704042827627464528,1704042837246643294,500,http://172.169.8.253:31112/function/opt-66b-submod-0-latency-25.cdgp
1704042827627556826,1704042830710678121,200,http://172.169.8.253:31112/function/opt-66b-submod-0-latency-25.cdgp
1704042827627614622,1704042829091423150,200,http://172.169.8.253:31112/function/opt-66b-submod-0-latency-25.cdgp
1704042827627632390,1704042830599803689,200,http://172.169.8.253:31112/function/opt-66b-submod-0-latency-25.cdgp
1704042827627686214,1704042837103779685,500,http://172.169.8.253:31112/function/opt-66b-submod-0-latency-25.cdgp
1704042827627720756,1704042830254127987,200,http://172.169.8.253:31112/function/opt-66b-submod-0-latency-25.cdgp
1704042827627795250,1704042837073865314,500,http://172.169.8.253:31112/function/opt-66b-submod-0-latency-25.cdgp
1704042827627823027,1704042837110195464,500,http://172.169.8.253:31112/function/opt-66b-submod-0-latency-25.cdgp
1704042827627863734,1704042829110017642,200,http://172.169.8.253:31112/function/opt-66b-submod-0-latency-25.cdgp
1704042827627907227,1704042837010820348,500,http://172.169.8.253:31112/function/opt-66b-submod-0-latency-25.cdgp
1704042827636048073,1704042837013314390,500,http://172.169.8.253:31112/function/opt-66b-submod-0-latency-25.cdgp
1704042827636130437,1704042837244882760,500,http://172.169.8.253:31112/function/opt-66b-submod-0-latency-25.cdgp
1704042827636226908,1704042837191453532,500,http://172.169.8.253:31112/function/opt-66b-submod-0-latency-25.cdgp
1704042827636309535,1704042837247781531,500,http://172.169.8.253:31112/function/opt-66b-submod-0-latency-25.cdgp
1704042827636379497,1704042837498259868,500,http://172.169.8.253:31112/function/opt-66b-submod-0-latency-25.cdgp
1704042827636472826,1704042830792490934,200,http://172.169.8.253:31112/function/opt-66b-submod-0-latency-25.cdgp
1704042827636548180,1704042831343216764,200,http://172.169.8.253:31112/function/opt-66b-submod-0-latency-25.cdgp
1704042827636622869,1704042830972153570,200,http://172.169.8.253:31112/function/opt-66b-submod-0-latency-25.cdgp
1704042827636708605,1704042836995428687,500,http://172.169.8.253:31112/function/opt-66b-submod-0-latency-25.cdgp
1704042827636777730,1704042837010489314,500,http://172.169.8.253:31112/function/opt-66b-submod-0-latency-25.cdgp
1704042827636851887,1704042837500408862,500,http://172.169.8.253:31112/function/opt-66b-submod-0-latency-25.cdgp
1704042827636912182,1704042830462900295,200,http://172.169.8.253:31112/function/opt-66b-submod-0-latency-25.cdgp
1704042827672926020,1704042837500785977,500,http://172.169.8.253:31112/function/opt-66b-submod-0-latency-25.cdgp
1704042827673006942,1704042837188116472,500,http://172.169.8.253:31112/function/opt-66b-submod-0-latency-25.cdgp
1704042827673075582,1704042830968985880,200,http://172.169.8.253:31112/function/opt-66b-submod-0-latency-25.cdgp
1704042827673153929,1704042830137609464,200,http://172.169.8.253:31112/function/opt-66b-submod-0-latency-25.cdgp
1704042827691394822,1704042830710855433,200,http://172.169.8.253:31112/function/opt-66b-submod-0-latency-25.cdgp
1704042827691479603,1704042830407620048,200,http://172.169.8.253:31112/function/opt-66b-submod-0-latency-25.cdgp
1704042827691546274,1704042837495814087,500,http://172.169.8.253:31112/function/opt-66b-submod-0-latency-25.cdgp
1704042827695628725,1704042831338810742,200,http://172.169.8.253:31112/function/opt-66b-submod-0-latency-25.cdgp
1704042827695720914,1704042837189862902,500,http://172.169.8.253:31112/function/opt-66b-submod-0-latency-25.cdgp
1704042827695799042,1704042830039633424,200,http://172.169.8.253:31112/function/opt-66b-submod-0-latency-25.cdgp
1704042827695898153,1704042837289563249,500,http://172.169.8.253:31112/function/opt-66b-submod-0-latency-25.cdgp
1704042827695970554,1704042837288119678,500,http://172.169.8.253:31112/function/opt-66b-submod-0-latency-25.cdgp
1704042827696050273,1704042829295084157,200,http://172.169.8.253:31112/function/opt-66b-submod-0-latency-25.cdgp
1704042827696118870,1704042830710854453,200,http://172.169.8.253:31112/function/opt-66b-submod-0-latency-25.cdgp
1704042827696193595,1704042837501556321,500,http://172.169.8.253:31112/function/opt-66b-submod-0-latency-25.cdgp
1704042827696225105,1704042837385614833,500,http://172.169.8.253:31112/function/opt-66b-submod-0-latency-25.cdgp
1704042827696285380,1704042830423899952,200,http://172.169.8.253:31112/function/opt-66b-submod-0-latency-25.cdgp
1704042827696356088,1704042829530799634,200,http://172.169.8.253:31112/function/opt-66b-submod-0-latency-25.cdgp
1704042827696430595,1704042830710763438,200,http://172.169.8.253:31112/function/opt-66b-submod-0-latency-25.cdgp
1704042827696511180,1704042837497787507,500,http://172.169.8.253:31112/function/opt-66b-submod-0-latency-25.cdgp
1704042827834246275,1704042837145647792,500,http://172.169.8.253:31112/function/opt-66b-submod-0-latency-25.cdgp
1704042827834337226,1704042837544002311,500,http://172.169.8.253:31112/function/opt-66b-submod-0-latency-25.cdgp
1704042827834481848,1704042837189600095,500,http://172.169.8.253:31112/function/opt-66b-submod-0-latency-25.cdgp
1704042827836114489,1704042837096314289,500,http://172.169.8.253:31112/function/opt-66b-submod-0-latency-25.cdgp
1704042827836181615,1704042830970433220,200,http://172.169.8.253:31112/function/opt-66b-submod-0-latency-25.cdgp
1704042827836217455,1704042830139855802,200,http://172.169.8.253:31112/function/opt-66b-submod-0-latency-25.cdgp
1704042829845090760,1704042831336106488,200,http://172.169.8.253:31112/function/opt-66b-submod-0-latency-25.cdgp
1704042829845173816,1704042839022920038,500,http://172.169.8.253:31112/function/opt-66b-submod-0-latency-25.cdgp
1704042829845256435,1704042838817251305,500,http://172.169.8.253:31112/function/opt-66b-submod-0-latency-25.cdgp
1704042829845364499,1704042838991753267,500,http://172.169.8.253:31112/function/opt-66b-submod-0-latency-25.cdgp
1704042829845419045,1704042831387715040,200,http://172.169.8.253:31112/function/opt-66b-submod-0-latency-25.cdgp
1704042829845497876,1704042831163406055,200,http://172.169.8.253:31112/function/opt-66b-submod-0-latency-25.cdgp
1704042829915202428,1704042831427836277,200,http://172.169.8.253:31112/function/opt-66b-submod-0-latency-25.cdgp
1704042829915280196,1704042839067811777,500,http://172.169.8.253:31112/function/opt-66b-submod-0-latency-25.cdgp
1704042829915425575,1704042831315849467,200,http://172.169.8.253:31112/function/opt-66b-submod-0-latency-25.cdgp
1704042829952162996,1704042839023654193,500,http://172.169.8.253:31112/function/opt-66b-submod-0-latency-25.cdgp
1704042829952217327,1704042839425774915,500,http://172.169.8.253:31112/function/opt-66b-submod-0-latency-25.cdgp
1704042829952314210,1704042831902871275,200,http://172.169.8.253:31112/function/opt-66b-submod-0-latency-25.cdgp
1704042829952381429,1704042838937229603,500,http://172.169.8.253:31112/function/opt-66b-submod-0-latency-25.cdgp
1704042829952401181,1704042831653082726,200,http://172.169.8.253:31112/function/opt-66b-submod-0-latency-25.cdgp
1704042829952460888,1704042831009789705,200,http://172.169.8.253:31112/function/opt-66b-submod-0-latency-25.cdgp
1704042829952495412,1704042838980026430,500,http://172.169.8.253:31112/function/opt-66b-submod-0-latency-25.cdgp
1704042829952583839,1704042839024589980,500,http://172.169.8.253:31112/function/opt-66b-submod-0-latency-25.cdgp
1704042829952617831,1704042832549711574,200,http://172.169.8.253:31112/function/opt-66b-submod-0-latency-25.cdgp
1704042829952697873,1704042839025117416,500,http://172.169.8.253:31112/function/opt-66b-submod-0-latency-25.cdgp
1704042829952768445,1704042831451453794,200,http://172.169.8.253:31112/function/opt-66b-submod-0-latency-25.cdgp
1704042829952844742,1704042838947640680,500,http://172.169.8.253:31112/function/opt-66b-submod-0-latency-25.cdgp
1704042829955340927,1704042832505049261,200,http://172.169.8.253:31112/function/opt-66b-submod-0-latency-25.cdgp
1704042829955422914,1704042831595608770,200,http://172.169.8.253:31112/function/opt-66b-submod-0-latency-25.cdgp
1704042829970962625,1704042831575474225,200,http://172.169.8.253:31112/function/opt-66b-submod-0-latency-25.cdgp
1704042829971024824,1704042831938635514,200,http://172.169.8.253:31112/function/opt-66b-submod-0-latency-25.cdgp
1704042829971106917,1704042832096397474,200,http://172.169.8.253:31112/function/opt-66b-submod-0-latency-25.cdgp
1704042829971174305,1704042831692787287,200,http://172.169.8.253:31112/function/opt-66b-submod-0-latency-25.cdgp
1704042829971253575,1704042831526866765,200,http://172.169.8.253:31112/function/opt-66b-submod-0-latency-25.cdgp
1704042829971371505,1704042831787072600,200,http://172.169.8.253:31112/function/opt-66b-submod-0-latency-25.cdgp
1704042829971439526,1704042832031357286,200,http://172.169.8.253:31112/function/opt-66b-submod-0-latency-25.cdgp
1704042829971482153,1704042839369923551,500,http://172.169.8.253:31112/function/opt-66b-submod-0-latency-25.cdgp
1704042829971537795,1704042839611139413,500,http://172.169.8.253:31112/function/opt-66b-submod-0-latency-25.cdgp
1704042829971568186,1704042831683029843,200,http://172.169.8.253:31112/function/opt-66b-submod-0-latency-25.cdgp
1704042829971611216,1704042832188463015,200,http://172.169.8.253:31112/function/opt-66b-submod-0-latency-25.cdgp
1704042829971689074,1704042831904696062,200,http://172.169.8.253:31112/function/opt-66b-submod-0-latency-25.cdgp
1704042829971737770,1704042831943616068,200,http://172.169.8.253:31112/function/opt-66b-submod-0-latency-25.cdgp
1704042829971816311,1704042839425194848,500,http://172.169.8.253:31112/function/opt-66b-submod-0-latency-25.cdgp
1704042829971847490,1704042831945719817,200,http://172.169.8.253:31112/function/opt-66b-submod-0-latency-25.cdgp
1704042829971890530,1704042839155834417,500,http://172.169.8.253:31112/function/opt-66b-submod-0-latency-25.cdgp
1704042829971932527,1704042839508213649,500,http://172.169.8.253:31112/function/opt-66b-submod-0-latency-25.cdgp
1704042829972014160,1704042839152623635,500,http://172.169.8.253:31112/function/opt-66b-submod-0-latency-25.cdgp
1704042829972059640,1704042839310811312,500,http://172.169.8.253:31112/function/opt-66b-submod-0-latency-25.cdgp
1704042829972131572,1704042832177722095,200,http://172.169.8.253:31112/function/opt-66b-submod-0-latency-25.cdgp
1704042829972207970,1704042839371032894,500,http://172.169.8.253:31112/function/opt-66b-submod-0-latency-25.cdgp
1704042829972278349,1704042831443353806,200,http://172.169.8.253:31112/function/opt-66b-submod-0-latency-25.cdgp
1704042829972337209,1704042831955792215,200,http://172.169.8.253:31112/function/opt-66b-submod-0-latency-25.cdgp
1704042830076324349,1704042839466883540,500,http://172.169.8.253:31112/function/opt-66b-submod-0-latency-25.cdgp
1704042830076451640,1704042832528375521,200,http://172.169.8.253:31112/function/opt-66b-submod-0-latency-25.cdgp
1704042830076608437,1704042832228791111,200,http://172.169.8.253:31112/function/opt-66b-submod-0-latency-25.cdgp
1704042830076676434,1704042839678854816,500,http://172.169.8.253:31112/function/opt-66b-submod-0-latency-25.cdgp
1704042830076724706,1704042839666025704,500,http://172.169.8.253:31112/function/opt-66b-submod-0-latency-25.cdgp
1704042830076806789,1704042839610820007,500,http://172.169.8.253:31112/function/opt-66b-submod-0-latency-25.cdgp
1704042830076875002,1704042832844916145,200,http://172.169.8.253:31112/function/opt-66b-submod-0-latency-25.cdgp
1704042830076973265,1704042832545190108,200,http://172.169.8.253:31112/function/opt-66b-submod-0-latency-25.cdgp
1704042830077053106,1704042832554973636,200,http://172.169.8.253:31112/function/opt-66b-submod-0-latency-25.cdgp
1704042830077128095,1704042831901175673,200,http://172.169.8.253:31112/function/opt-66b-submod-0-latency-25.cdgp
1704042830077491297,1704042839466932823,500,http://172.169.8.253:31112/function/opt-66b-submod-0-latency-25.cdgp
1704042830077571775,1704042839609913211,500,http://172.169.8.253:31112/function/opt-66b-submod-0-latency-25.cdgp
1704042830077640053,1704042832660522982,200,http://172.169.8.253:31112/function/opt-66b-submod-0-latency-25.cdgp
1704042830077725234,1704042833130987644,200,http://172.169.8.253:31112/function/opt-66b-submod-0-latency-25.cdgp
1704042830077794546,1704042839512115066,500,http://172.169.8.253:31112/function/opt-66b-submod-0-latency-25.cdgp
1704042830077848739,1704042839610709365,500,http://172.169.8.253:31112/function/opt-66b-submod-0-latency-25.cdgp
1704042830077930541,1704042839609607049,500,http://172.169.8.253:31112/function/opt-66b-submod-0-latency-25.cdgp
1704042830077983972,1704042832574868668,200,http://172.169.8.253:31112/function/opt-66b-submod-0-latency-25.cdgp
1704042830154669235,1704042840152959921,500,http://172.169.8.253:31112/function/opt-66b-submod-0-latency-25.cdgp
1704042830154749866,1704042832547615652,200,http://172.169.8.253:31112/function/opt-66b-submod-0-latency-25.cdgp
1704042830154767976,1704042839693688115,500,http://172.169.8.253:31112/function/opt-66b-submod-0-latency-25.cdgp
1704042830154868685,1704042839655662417,500,http://172.169.8.253:31112/function/opt-66b-submod-0-latency-25.cdgp
1704042830154920760,1704042832692225309,200,http://172.169.8.253:31112/function/opt-66b-submod-0-latency-25.cdgp
1704042830154997005,1704042832294804623,200,http://172.169.8.253:31112/function/opt-66b-submod-0-latency-25.cdgp
1704042830246852019,1704042832269427812,200,http://172.169.8.253:31112/function/opt-66b-submod-0-latency-25.cdgp
1704042830246934953,1704042832804971549,200,http://172.169.8.253:31112/function/opt-66b-submod-0-latency-25.cdgp
1704042830247005362,1704042840144440562,500,http://172.169.8.253:31112/function/opt-66b-submod-0-latency-25.cdgp
1704042830247065141,1704042839985427018,500,http://172.169.8.253:31112/function/opt-66b-submod-0-latency-25.cdgp
1704042830247119961,1704042833023964225,200,http://172.169.8.253:31112/function/opt-66b-submod-0-latency-25.cdgp
1704042830247166218,1704042839859084444,500,http://172.169.8.253:31112/function/opt-66b-submod-0-latency-25.cdgp
1704042830247249796,1704042840144445406,500,http://172.169.8.253:31112/function/opt-66b-submod-0-latency-25.cdgp
1704042830247411702,1704042833038916903,200,http://172.169.8.253:31112/function/opt-66b-submod-0-latency-25.cdgp
1704042830247533122,1704042832556204628,200,http://172.169.8.253:31112/function/opt-66b-submod-0-latency-25.cdgp
1704042830247618495,1704042839925053265,500,http://172.169.8.253:31112/function/opt-66b-submod-0-latency-25.cdgp
1704042830247724982,1704042832508054523,200,http://172.169.8.253:31112/function/opt-66b-submod-0-latency-25.cdgp
1704042830247750803,1704042832771624578,200,http://172.169.8.253:31112/function/opt-66b-submod-0-latency-25.cdgp
1704042830247823431,1704042832843641481,200,http://172.169.8.253:31112/function/opt-66b-submod-0-latency-25.cdgp
1704042830247902825,1704042839924760125,500,http://172.169.8.253:31112/function/opt-66b-submod-0-latency-25.cdgp
1704042830247986972,1704042832899556808,200,http://172.169.8.253:31112/function/opt-66b-submod-0-latency-25.cdgp
1704042830248065302,1704042832985653859,200,http://172.169.8.253:31112/function/opt-66b-submod-0-latency-25.cdgp
1704042830248165882,1704042832065253481,200,http://172.169.8.253:31112/function/opt-66b-submod-0-latency-25.cdgp
1704042830248243017,1704042832676804278,200,http://172.169.8.253:31112/function/opt-66b-submod-0-latency-25.cdgp
1704042830248301349,1704042833069601073,200,http://172.169.8.253:31112/function/opt-66b-submod-0-latency-25.cdgp
1704042830248382503,1704042833074771798,200,http://172.169.8.253:31112/function/opt-66b-submod-0-latency-25.cdgp
1704042830248471433,1704042832448328606,200,http://172.169.8.253:31112/function/opt-66b-submod-0-latency-25.cdgp
1704042830248564386,1704042840000766118,500,http://172.169.8.253:31112/function/opt-66b-submod-0-latency-25.cdgp
1704042830248645671,1704042839968004701,500,http://172.169.8.253:31112/function/opt-66b-submod-0-latency-25.cdgp
1704042830248721324,1704042833270632713,200,http://172.169.8.253:31112/function/opt-66b-submod-0-latency-25.cdgp
1704042830248748052,1704042832861168548,200,http://172.169.8.253:31112/function/opt-66b-submod-0-latency-25.cdgp
1704042830248815488,1704042832234581103,200,http://172.169.8.253:31112/function/opt-66b-submod-0-latency-25.cdgp
1704042830462104260,1704042833015848248,200,http://172.169.8.253:31112/function/opt-66b-submod-0-latency-25.cdgp
1704042830462191412,1704042832699644195,200,http://172.169.8.253:31112/function/opt-66b-submod-0-latency-25.cdgp
1704042830462331682,1704042832855382775,200,http://172.169.8.253:31112/function/opt-66b-submod-0-latency-25.cdgp
1704042830462458154,1704042840000747487,500,http://172.169.8.253:31112/function/opt-66b-submod-0-latency-25.cdgp
1704042830462573935,1704042832774145647,200,http://172.169.8.253:31112/function/opt-66b-submod-0-latency-25.cdgp
1704042830462720748,1704042840154108489,500,http://172.169.8.253:31112/function/opt-66b-submod-0-latency-25.cdgp
1704042830462803811,1704042840145093549,500,http://172.169.8.253:31112/function/opt-66b-submod-0-latency-25.cdgp
1704042830462894702,1704042833004219234,200,http://172.169.8.253:31112/function/opt-66b-submod-0-latency-25.cdgp
1704042830462980763,1704042840144833661,500,http://172.169.8.253:31112/function/opt-66b-submod-0-latency-25.cdgp
1704042830463070818,1704042840149069909,500,http://172.169.8.253:31112/function/opt-66b-submod-0-latency-25.cdgp
1704042830463152505,1704042840147150397,500,http://172.169.8.253:31112/function/opt-66b-submod-0-latency-25.cdgp
1704042830463236185,1704042833001211957,200,http://172.169.8.253:31112/function/opt-66b-submod-0-latency-25.cdgp
1704042830463306395,1704042840148992418,500,http://172.169.8.253:31112/function/opt-66b-submod-0-latency-25.cdgp
1704042830463804118,1704042840144070484,500,http://172.169.8.253:31112/function/opt-66b-submod-0-latency-25.cdgp
1704042830463900992,1704042840157829654,500,http://172.169.8.253:31112/function/opt-66b-submod-0-latency-25.cdgp
1704042830694667491,1704042832528642122,200,http://172.169.8.253:31112/function/opt-66b-submod-0-latency-25.cdgp
1704042830694750057,1704042833270212520,200,http://172.169.8.253:31112/function/opt-66b-submod-0-latency-25.cdgp
1704042830694837022,1704042833127482529,200,http://172.169.8.253:31112/function/opt-66b-submod-0-latency-25.cdgp
1704042830694916587,1704042840179554300,500,http://172.169.8.253:31112/function/opt-66b-submod-0-latency-25.cdgp
1704042830694977012,1704042840145959031,500,http://172.169.8.253:31112/function/opt-66b-submod-0-latency-25.cdgp
1704042833033949422,1704042842123653358,500,http://172.169.8.253:31112/function/opt-66b-submod-0-latency-25.cdgp
1704042833034063309,1704042834158961301,200,http://172.169.8.253:31112/function/opt-66b-submod-0-latency-25.cdgp
1704042833034208098,1704042842132764696,500,http://172.169.8.253:31112/function/opt-66b-submod-0-latency-25.cdgp
1704042833034276488,1704042842039668485,500,http://172.169.8.253:31112/function/opt-66b-submod-0-latency-25.cdgp
1704042833034338024,1704042842395463303,500,http://172.169.8.253:31112/function/opt-66b-submod-0-latency-25.cdgp
1704042833034403471,1704042833875757233,200,http://172.169.8.253:31112/function/opt-66b-submod-0-latency-25.cdgp
1704042833034455995,1704042842128730889,500,http://172.169.8.253:31112/function/opt-66b-submod-0-latency-25.cdgp
1704042833034527531,1704042842126978927,500,http://172.169.8.253:31112/function/opt-66b-submod-0-latency-25.cdgp
1704042833034582823,1704042833935763222,200,http://172.169.8.253:31112/function/opt-66b-submod-0-latency-25.cdgp
1704042833034615781,1704042834199622029,200,http://172.169.8.253:31112/function/opt-66b-submod-0-latency-25.cdgp
1704042833060727641,1704042842087440322,500,http://172.169.8.253:31112/function/opt-66b-submod-0-latency-25.cdgp
1704042833060809153,1704042842395300677,500,http://172.169.8.253:31112/function/opt-66b-submod-0-latency-25.cdgp
1704042833060901862,1704042834200100978,200,http://172.169.8.253:31112/function/opt-66b-submod-0-latency-25.cdgp
1704042833060948365,1704042842395565405,500,http://172.169.8.253:31112/function/opt-66b-submod-0-latency-25.cdgp
1704042833061041976,1704042834190767169,200,http://172.169.8.253:31112/function/opt-66b-submod-0-latency-25.cdgp
1704042833061100106,1704042834730456004,200,http://172.169.8.253:31112/function/opt-66b-submod-0-latency-25.cdgp
1704042833061163129,1704042834514049760,200,http://172.169.8.253:31112/function/opt-66b-submod-0-latency-25.cdgp
1704042833074720077,1704042842034649505,500,http://172.169.8.253:31112/function/opt-66b-submod-0-latency-25.cdgp
1704042833074785437,1704042842227581567,500,http://172.169.8.253:31112/function/opt-66b-submod-0-latency-25.cdgp
1704042833074897526,1704042834478474222,200,http://172.169.8.253:31112/function/opt-66b-submod-0-latency-25.cdgp
1704042833074962383,1704042842395558275,500,http://172.169.8.253:31112/function/opt-66b-submod-0-latency-25.cdgp
1704042833075004546,1704042834017330270,200,http://172.169.8.253:31112/function/opt-66b-submod-0-latency-25.cdgp
1704042833108580940,1704042842249887466,500,http://172.169.8.253:31112/function/opt-66b-submod-0-latency-25.cdgp
1704042833108662030,1704042834524045373,200,http://172.169.8.253:31112/function/opt-66b-submod-0-latency-25.cdgp
1704042833410658258,1704042834772449062,200,http://172.169.8.253:31112/function/opt-66b-submod-0-latency-25.cdgp
1704042833410756836,1704042842505326854,500,http://172.169.8.253:31112/function/opt-66b-submod-0-latency-25.cdgp
1704042833410815531,1704042842793081271,500,http://172.169.8.253:31112/function/opt-66b-submod-0-latency-25.cdgp
1704042833410859312,1704042835329037167,200,http://172.169.8.253:31112/function/opt-66b-submod-0-latency-25.cdgp
1704042833410931198,1704042834514064594,200,http://172.169.8.253:31112/function/opt-66b-submod-0-latency-25.cdgp
1704042833410991779,1704042842584027759,500,http://172.169.8.253:31112/function/opt-66b-submod-0-latency-25.cdgp
1704042833411031136,1704042842751371750,500,http://172.169.8.253:31112/function/opt-66b-submod-0-latency-25.cdgp
1704042833411105093,1704042834813414331,200,http://172.169.8.253:31112/function/opt-66b-submod-0-latency-25.cdgp
1704042833411158660,1704042842670161182,500,http://172.169.8.253:31112/function/opt-66b-submod-0-latency-25.cdgp
1704042833411212733,1704042834809736162,200,http://172.169.8.253:31112/function/opt-66b-submod-0-latency-25.cdgp
1704042833411457354,1704042842681932127,500,http://172.169.8.253:31112/function/opt-66b-submod-0-latency-25.cdgp
1704042833411379717,1704042834739075761,200,http://172.169.8.253:31112/function/opt-66b-submod-0-latency-25.cdgp
1704042833411523799,1704042842793474413,500,http://172.169.8.253:31112/function/opt-66b-submod-0-latency-25.cdgp
1704042833411592363,1704042842506714917,500,http://172.169.8.253:31112/function/opt-66b-submod-0-latency-25.cdgp
1704042833411629666,1704042842900534942,500,http://172.169.8.253:31112/function/opt-66b-submod-0-latency-25.cdgp
1704042833411731946,1704042834739551959,200,http://172.169.8.253:31112/function/opt-66b-submod-0-latency-25.cdgp
1704042833411807152,1704042834731819485,200,http://172.169.8.253:31112/function/opt-66b-submod-0-latency-25.cdgp
1704042833411883901,1704042842681191007,500,http://172.169.8.253:31112/function/opt-66b-submod-0-latency-25.cdgp
1704042833411944127,1704042842651800265,500,http://172.169.8.253:31112/function/opt-66b-submod-0-latency-25.cdgp
1704042833412005909,1704042842652087030,500,http://172.169.8.253:31112/function/opt-66b-submod-0-latency-25.cdgp
1704042833412034426,1704042842539889711,500,http://172.169.8.253:31112/function/opt-66b-submod-0-latency-25.cdgp
1704042833412121882,1704042842777314404,500,http://172.169.8.253:31112/function/opt-66b-submod-0-latency-25.cdgp
1704042833412185302,1704042835198055764,200,http://172.169.8.253:31112/function/opt-66b-submod-0-latency-25.cdgp
1704042833412259117,1704042835413626590,200,http://172.169.8.253:31112/function/opt-66b-submod-0-latency-25.cdgp
1704042833412287559,1704042842729614943,500,http://172.169.8.253:31112/function/opt-66b-submod-0-latency-25.cdgp
1704042833412357231,1704042835374586499,200,http://172.169.8.253:31112/function/opt-66b-submod-0-latency-25.cdgp
1704042833412461129,1704042835212357405,200,http://172.169.8.253:31112/function/opt-66b-submod-0-latency-25.cdgp
1704042833412492821,1704042842888852908,500,http://172.169.8.253:31112/function/opt-66b-submod-0-latency-25.cdgp
1704042833412575153,1704042842730122147,500,http://172.169.8.253:31112/function/opt-66b-submod-0-latency-25.cdgp
1704042833618320159,1704042842755634250,500,http://172.169.8.253:31112/function/opt-66b-submod-0-latency-25.cdgp
1704042833621063641,1704042834979684748,200,http://172.169.8.253:31112/function/opt-66b-submod-0-latency-25.cdgp
1704042833621221771,1704042842819460529,500,http://172.169.8.253:31112/function/opt-66b-submod-0-latency-25.cdgp
1704042833621319558,1704042834771766089,200,http://172.169.8.253:31112/function/opt-66b-submod-0-latency-25.cdgp
1704042833621415331,1704042842903394697,500,http://172.169.8.253:31112/function/opt-66b-submod-0-latency-25.cdgp
1704042833621480308,1704042835110499084,200,http://172.169.8.253:31112/function/opt-66b-submod-0-latency-25.cdgp
1704042833621600769,1704042835374443545,200,http://172.169.8.253:31112/function/opt-66b-submod-0-latency-25.cdgp
1704042833768858701,1704042842840085021,500,http://172.169.8.253:31112/function/opt-66b-submod-0-latency-25.cdgp
1704042833768946119,1704042842895141776,500,http://172.169.8.253:31112/function/opt-66b-submod-0-latency-25.cdgp
1704042834018595553,1704042835388754124,200,http://172.169.8.253:31112/function/opt-66b-submod-0-latency-25.cdgp
1704042834018705264,1704042835039746309,200,http://172.169.8.253:31112/function/opt-66b-submod-0-latency-25.cdgp
1704042834018769208,1704042843102188814,500,http://172.169.8.253:31112/function/opt-66b-submod-0-latency-25.cdgp
1704042834023961410,1704042843123247431,500,http://172.169.8.253:31112/function/opt-66b-submod-0-latency-25.cdgp
1704042834024121040,1704042836257694148,200,http://172.169.8.253:31112/function/opt-66b-submod-0-latency-25.cdgp
1704042834024187172,1704042835863745605,200,http://172.169.8.253:31112/function/opt-66b-submod-0-latency-25.cdgp
1704042834024264836,1704042843476766358,500,http://172.169.8.253:31112/function/opt-66b-submod-0-latency-25.cdgp
1704042834024304822,1704042835376011153,200,http://172.169.8.253:31112/function/opt-66b-submod-0-latency-25.cdgp
1704042834024361298,1704042836253189712,200,http://172.169.8.253:31112/function/opt-66b-submod-0-latency-25.cdgp
1704042834024445608,1704042835574403661,200,http://172.169.8.253:31112/function/opt-66b-submod-0-latency-25.cdgp
1704042834024520261,1704042835580642571,200,http://172.169.8.253:31112/function/opt-66b-submod-0-latency-25.cdgp
1704042834024613297,1704042835913593431,200,http://172.169.8.253:31112/function/opt-66b-submod-0-latency-25.cdgp
1704042834024674613,1704042836292792528,200,http://172.169.8.253:31112/function/opt-66b-submod-0-latency-25.cdgp
1704042834024733241,1704042843401395512,500,http://172.169.8.253:31112/function/opt-66b-submod-0-latency-25.cdgp
1704042834024789184,1704042835685345797,200,http://172.169.8.253:31112/function/opt-66b-submod-0-latency-25.cdgp
1704042834024805024,1704042843255824683,500,http://172.169.8.253:31112/function/opt-66b-submod-0-latency-25.cdgp
1704042834024877422,1704042835923699598,200,http://172.169.8.253:31112/function/opt-66b-submod-0-latency-25.cdgp
1704042834024937345,1704042835915240795,200,http://172.169.8.253:31112/function/opt-66b-submod-0-latency-25.cdgp
1704042834025058124,1704042836246199798,200,http://172.169.8.253:31112/function/opt-66b-submod-0-latency-25.cdgp
1704042834025137162,1704042835610653957,200,http://172.169.8.253:31112/function/opt-66b-submod-0-latency-25.cdgp
1704042834025187846,1704042843403045420,500,http://172.169.8.253:31112/function/opt-66b-submod-0-latency-25.cdgp
1704042834025228753,1704042843452958054,500,http://172.169.8.253:31112/function/opt-66b-submod-0-latency-25.cdgp
1704042834025336953,1704042843116612472,500,http://172.169.8.253:31112/function/opt-66b-submod-0-latency-25.cdgp
1704042834025400235,1704042835880944782,200,http://172.169.8.253:31112/function/opt-66b-submod-0-latency-25.cdgp
1704042834025445823,1704042835768228404,200,http://172.169.8.253:31112/function/opt-66b-submod-0-latency-25.cdgp
1704042834025514021,1704042843404310170,500,http://172.169.8.253:31112/function/opt-66b-submod-0-latency-25.cdgp
1704042834025595167,1704042835611108234,200,http://172.169.8.253:31112/function/opt-66b-submod-0-latency-25.cdgp
1704042834025688914,1704042835574293859,200,http://172.169.8.253:31112/function/opt-66b-submod-0-latency-25.cdgp
1704042834026398403,1704042835611261042,200,http://172.169.8.253:31112/function/opt-66b-submod-0-latency-25.cdgp
1704042834026477373,1704042836061383002,200,http://172.169.8.253:31112/function/opt-66b-submod-0-latency-25.cdgp
1704042834026521561,1704042836064896458,200,http://172.169.8.253:31112/function/opt-66b-submod-0-latency-25.cdgp
1704042834028921084,1704042835655930311,200,http://172.169.8.253:31112/function/opt-66b-submod-0-latency-25.cdgp
1704042834248004485,1704042836259724712,200,http://172.169.8.253:31112/function/opt-66b-submod-0-latency-25.cdgp
1704042834248098947,1704042843582144321,500,http://172.169.8.253:31112/function/opt-66b-submod-0-latency-25.cdgp
1704042834248210184,1704042835915961551,200,http://172.169.8.253:31112/function/opt-66b-submod-0-latency-25.cdgp
1704042834248274682,1704042843502548476,500,http://172.169.8.253:31112/function/opt-66b-submod-0-latency-25.cdgp
1704042834269284926,1704042836110218192,200,http://172.169.8.253:31112/function/opt-66b-submod-0-latency-25.cdgp
1704042834269379251,1704042835914393644,200,http://172.169.8.253:31112/function/opt-66b-submod-0-latency-25.cdgp
1704042834269493321,1704042843506014217,500,http://172.169.8.253:31112/function/opt-66b-submod-0-latency-25.cdgp
1704042834269563361,1704042835915559060,200,http://172.169.8.253:31112/function/opt-66b-submod-0-latency-25.cdgp
1704042834269600949,1704042835916658539,200,http://172.169.8.253:31112/function/opt-66b-submod-0-latency-25.cdgp
1704042834301488830,1704042843404680618,500,http://172.169.8.253:31112/function/opt-66b-submod-0-latency-25.cdgp
1704042834301585608,1704042836072409202,200,http://172.169.8.253:31112/function/opt-66b-submod-0-latency-25.cdgp
1704042834301682006,1704042844173011421,500,http://172.169.8.253:31112/function/opt-66b-submod-0-latency-25.cdgp
1704042834301738440,1704042836399141582,200,http://172.169.8.253:31112/function/opt-66b-submod-0-latency-25.cdgp
1704042834301849311,1704042836537091461,200,http://172.169.8.253:31112/function/opt-66b-submod-0-latency-25.cdgp
1704042834301915353,1704042843583931051,500,http://172.169.8.253:31112/function/opt-66b-submod-0-latency-25.cdgp
1704042834301947887,1704042843501044517,500,http://172.169.8.253:31112/function/opt-66b-submod-0-latency-25.cdgp
1704042834302025060,1704042843910407177,500,http://172.169.8.253:31112/function/opt-66b-submod-0-latency-25.cdgp
1704042834302094659,1704042844168895109,500,http://172.169.8.253:31112/function/opt-66b-submod-0-latency-25.cdgp
1704042834302128701,1704042836438624522,200,http://172.169.8.253:31112/function/opt-66b-submod-0-latency-25.cdgp
1704042834302188461,1704042843910386647,500,http://172.169.8.253:31112/function/opt-66b-submod-0-latency-25.cdgp
1704042834302267401,1704042836776638175,200,http://172.169.8.253:31112/function/opt-66b-submod-0-latency-25.cdgp
1704042834302381768,1704042837223435917,200,http://172.169.8.253:31112/function/opt-66b-submod-0-latency-25.cdgp
1704042834302449101,1704042844172737372,500,http://172.169.8.253:31112/function/opt-66b-submod-0-latency-25.cdgp
1704042834302530009,1704042836620635436,200,http://172.169.8.253:31112/function/opt-66b-submod-0-latency-25.cdgp
1704042834302624707,1704042843580915425,500,http://172.169.8.253:31112/function/opt-66b-submod-0-latency-25.cdgp
1704042834302714516,1704042844172741827,500,http://172.169.8.253:31112/function/opt-66b-submod-0-latency-25.cdgp
1704042834302793534,1704042836163787446,200,http://172.169.8.253:31112/function/opt-66b-submod-0-latency-25.cdgp
1704042834302885763,1704042844169073317,500,http://172.169.8.253:31112/function/opt-66b-submod-0-latency-25.cdgp
1704042834303001918,1704042843910088011,500,http://172.169.8.253:31112/function/opt-66b-submod-0-latency-25.cdgp
1704042834303085609,1704042844172726225,500,http://172.169.8.253:31112/function/opt-66b-submod-0-latency-25.cdgp
1704042834303188344,1704042843584963495,500,http://172.169.8.253:31112/function/opt-66b-submod-0-latency-25.cdgp
1704042834303278090,1704042836861431817,200,http://172.169.8.253:31112/function/opt-66b-submod-0-latency-25.cdgp
1704042834303403153,1704042843585815719,500,http://172.169.8.253:31112/function/opt-66b-submod-0-latency-25.cdgp
1704042834303483493,1704042844169367905,500,http://172.169.8.253:31112/function/opt-66b-submod-0-latency-25.cdgp
1704042834303566079,1704042836330028526,200,http://172.169.8.253:31112/function/opt-66b-submod-0-latency-25.cdgp
1704042834303630230,1704042843914596501,500,http://172.169.8.253:31112/function/opt-66b-submod-0-latency-25.cdgp
1704042834303681839,1704042836317280765,200,http://172.169.8.253:31112/function/opt-66b-submod-0-latency-25.cdgp
1704042834303726158,1704042836645706669,200,http://172.169.8.253:31112/function/opt-66b-submod-0-latency-25.cdgp
1704042834303798489,1704042843914586419,500,http://172.169.8.253:31112/function/opt-66b-submod-0-latency-25.cdgp
1704042834303879386,1704042836196863013,200,http://172.169.8.253:31112/function/opt-66b-submod-0-latency-25.cdgp
1704042834303932559,1704042843914496919,500,http://172.169.8.253:31112/function/opt-66b-submod-0-latency-25.cdgp
1704042834303970309,1704042843815951256,500,http://172.169.8.253:31112/function/opt-66b-submod-0-latency-25.cdgp
1704042834304014070,1704042836742173146,200,http://172.169.8.253:31112/function/opt-66b-submod-0-latency-25.cdgp
1704042834304032099,1704042836566421400,200,http://172.169.8.253:31112/function/opt-66b-submod-0-latency-25.cdgp
1704042834304090340,1704042844172649673,500,http://172.169.8.253:31112/function/opt-66b-submod-0-latency-25.cdgp
1704042834646935686,1704042836743381392,200,http://172.169.8.253:31112/function/opt-66b-submod-0-latency-25.cdgp
1704042834647036458,1704042843914575205,500,http://172.169.8.253:31112/function/opt-66b-submod-0-latency-25.cdgp
1704042835300016550,1704042836776962650,200,http://172.169.8.253:31112/function/opt-66b-submod-0-latency-25.cdgp
1704042835300118950,1704042836904511514,200,http://172.169.8.253:31112/function/opt-66b-submod-0-latency-25.cdgp
1704042835300223656,1704042844385922250,500,http://172.169.8.253:31112/function/opt-66b-submod-0-latency-25.cdgp
1704042835392604749,1704042836775755016,200,http://172.169.8.253:31112/function/opt-66b-submod-0-latency-25.cdgp
1704042835392688091,1704042844675879033,500,http://172.169.8.253:31112/function/opt-66b-submod-0-latency-25.cdgp
1704042835392764265,1704042844635912594,500,http://172.169.8.253:31112/function/opt-66b-submod-0-latency-25.cdgp
1704042835392832410,1704042836923585230,200,http://172.169.8.253:31112/function/opt-66b-submod-0-latency-25.cdgp
1704042835392978962,1704042837226121253,200,http://172.169.8.253:31112/function/opt-66b-submod-0-latency-25.cdgp
1704042835393045352,1704042836862264434,200,http://172.169.8.253:31112/function/opt-66b-submod-0-latency-25.cdgp
1704042835393098665,1704042845180299811,500,http://172.169.8.253:31112/function/opt-66b-submod-0-latency-25.cdgp
1704042835393173338,1704042844729543770,500,http://172.169.8.253:31112/function/opt-66b-submod-0-latency-25.cdgp
1704042835393217328,1704042844764444784,500,http://172.169.8.253:31112/function/opt-66b-submod-0-latency-25.cdgp
1704042835393291169,1704042844792301091,500,http://172.169.8.253:31112/function/opt-66b-submod-0-latency-25.cdgp
1704042835393364504,1704042844792213258,500,http://172.169.8.253:31112/function/opt-66b-submod-0-latency-25.cdgp
1704042835393418500,1704042844788635591,500,http://172.169.8.253:31112/function/opt-66b-submod-0-latency-25.cdgp
1704042835393490477,1704042836991729318,200,http://172.169.8.253:31112/function/opt-66b-submod-0-latency-25.cdgp
1704042835393561964,1704042837228922512,200,http://172.169.8.253:31112/function/opt-66b-submod-0-latency-25.cdgp
1704042835393623953,1704042837281605185,200,http://172.169.8.253:31112/function/opt-66b-submod-0-latency-25.cdgp
1704042835393691322,1704042837107507857,200,http://172.169.8.253:31112/function/opt-66b-submod-0-latency-25.cdgp
1704042835395561565,1704042844633914641,500,http://172.169.8.253:31112/function/opt-66b-submod-0-latency-25.cdgp
1704042835395620511,1704042837222570782,200,http://172.169.8.253:31112/function/opt-66b-submod-0-latency-25.cdgp
1704042835395651165,1704042844724010735,500,http://172.169.8.253:31112/function/opt-66b-submod-0-latency-25.cdgp
1704042835395727911,1704042837270684636,200,http://172.169.8.253:31112/function/opt-66b-submod-0-latency-25.cdgp
1704042835395795057,1704042844639010849,500,http://172.169.8.253:31112/function/opt-66b-submod-0-latency-25.cdgp
1704042835395852442,1704042836986864402,200,http://172.169.8.253:31112/function/opt-66b-submod-0-latency-25.cdgp
1704042835405294500,1704042844636517717,500,http://172.169.8.253:31112/function/opt-66b-submod-0-latency-25.cdgp
1704042835405378416,1704042837217334377,200,http://172.169.8.253:31112/function/opt-66b-submod-0-latency-25.cdgp
1704042835405540695,1704042844974712386,500,http://172.169.8.253:31112/function/opt-66b-submod-0-latency-25.cdgp
1704042835405604732,1704042844791408452,500,http://172.169.8.253:31112/function/opt-66b-submod-0-latency-25.cdgp
1704042835618269545,1704042845292688804,500,http://172.169.8.253:31112/function/opt-66b-submod-0-latency-25.cdgp
1704042835618353471,1704042836996191294,200,http://172.169.8.253:31112/function/opt-66b-submod-0-latency-25.cdgp
1704042835618508670,1704042844794044273,500,http://172.169.8.253:31112/function/opt-66b-submod-0-latency-25.cdgp
1704042835618574595,1704042844767668526,500,http://172.169.8.253:31112/function/opt-66b-submod-0-latency-25.cdgp
1704042835618635536,1704042837187733823,200,http://172.169.8.253:31112/function/opt-66b-submod-0-latency-25.cdgp
1704042835618690479,1704042845092978741,500,http://172.169.8.253:31112/function/opt-66b-submod-0-latency-25.cdgp
1704042835618729011,1704042844766251205,500,http://172.169.8.253:31112/function/opt-66b-submod-0-latency-25.cdgp
1704042835618809011,1704042844771699499,500,http://172.169.8.253:31112/function/opt-66b-submod-0-latency-25.cdgp
1704042835618852958,1704042837223980610,200,http://172.169.8.253:31112/function/opt-66b-submod-0-latency-25.cdgp
1704042835639102472,1704042844969197830,500,http://172.169.8.253:31112/function/opt-66b-submod-0-latency-25.cdgp
1704042835639163731,1704042837178189683,200,http://172.169.8.253:31112/function/opt-66b-submod-0-latency-25.cdgp
1704042836646811623,1704042846003641848,500,http://172.169.8.253:31112/function/opt-66b-submod-0-latency-25.cdgp
1704042836646908215,1704042845774610520,500,http://172.169.8.253:31112/function/opt-66b-submod-0-latency-25.cdgp
1704042836647006402,1704042837672912050,200,http://172.169.8.253:31112/function/opt-66b-submod-0-latency-25.cdgp
1704042836647050028,1704042837671517129,200,http://172.169.8.253:31112/function/opt-66b-submod-0-latency-25.cdgp
1704042836647133977,1704042837867629346,200,http://172.169.8.253:31112/function/opt-66b-submod-0-latency-25.cdgp
1704042836647210170,1704042837968631148,200,http://172.169.8.253:31112/function/opt-66b-submod-0-latency-25.cdgp
1704042836647303350,1704042846088502428,500,http://172.169.8.253:31112/function/opt-66b-submod-0-latency-25.cdgp
1704042836647381772,1704042837740757042,200,http://172.169.8.253:31112/function/opt-66b-submod-0-latency-25.cdgp
1704042836647411831,1704042845920899075,500,http://172.169.8.253:31112/function/opt-66b-submod-0-latency-25.cdgp
1704042836647504359,1704042846033284537,500,http://172.169.8.253:31112/function/opt-66b-submod-0-latency-25.cdgp
1704042836647576818,1704042845923174410,500,http://172.169.8.253:31112/function/opt-66b-submod-0-latency-25.cdgp
1704042836647659498,1704042845819719457,500,http://172.169.8.253:31112/function/opt-66b-submod-0-latency-25.cdgp
1704042836647735138,1704042845864626154,500,http://172.169.8.253:31112/function/opt-66b-submod-0-latency-25.cdgp
1704042836667228105,1704042837936042646,200,http://172.169.8.253:31112/function/opt-66b-submod-0-latency-25.cdgp
1704042836667303532,1704042845728814151,500,http://172.169.8.253:31112/function/opt-66b-submod-0-latency-25.cdgp
1704042836667366187,1704042838048376724,200,http://172.169.8.253:31112/function/opt-66b-submod-0-latency-25.cdgp
1704042836667441999,1704042846077385809,500,http://172.169.8.253:31112/function/opt-66b-submod-0-latency-25.cdgp
1704042836667543019,1704042846043568631,500,http://172.169.8.253:31112/function/opt-66b-submod-0-latency-25.cdgp
1704042836667598013,1704042846035588814,500,http://172.169.8.253:31112/function/opt-66b-submod-0-latency-25.cdgp
1704042836667628262,1704042846036215927,500,http://172.169.8.253:31112/function/opt-66b-submod-0-latency-25.cdgp
1704042836667703432,1704042846034798594,500,http://172.169.8.253:31112/function/opt-66b-submod-0-latency-25.cdgp
1704042836667798075,1704042838204193920,200,http://172.169.8.253:31112/function/opt-66b-submod-0-latency-25.cdgp
1704042836667875634,1704042837946636926,200,http://172.169.8.253:31112/function/opt-66b-submod-0-latency-25.cdgp
1704042836667981405,1704042838049090874,200,http://172.169.8.253:31112/function/opt-66b-submod-0-latency-25.cdgp
1704042837869892314,1704042838852593683,200,http://172.169.8.253:31112/function/opt-66b-submod-0-latency-25.cdgp
1704042837870008589,1704042847263975301,500,http://172.169.8.253:31112/function/opt-66b-submod-0-latency-25.cdgp
1704042837870098358,1704042847019155992,500,http://172.169.8.253:31112/function/opt-66b-submod-0-latency-25.cdgp
1704042837870160199,1704042846923072185,500,http://172.169.8.253:31112/function/opt-66b-submod-0-latency-25.cdgp
1704042837870228352,1704042839693971138,200,http://172.169.8.253:31112/function/opt-66b-submod-0-latency-25.cdgp
1704042837870290101,1704042840143909454,200,http://172.169.8.253:31112/function/opt-66b-submod-0-latency-25.cdgp
1704042837870355356,1704042847212929922,500,http://172.169.8.253:31112/function/opt-66b-submod-0-latency-25.cdgp
1704042837870419135,1704042839023670162,200,http://172.169.8.253:31112/function/opt-66b-submod-0-latency-25.cdgp
1704042837870462058,1704042839320095710,200,http://172.169.8.253:31112/function/opt-66b-submod-0-latency-25.cdgp
1704042837870545770,1704042847039475990,500,http://172.169.8.253:31112/function/opt-66b-submod-0-latency-25.cdgp
1704042837870603444,1704042838887605528,200,http://172.169.8.253:31112/function/opt-66b-submod-0-latency-25.cdgp
1704042837870636306,1704042847014999099,500,http://172.169.8.253:31112/function/opt-66b-submod-0-latency-25.cdgp
1704042837870723744,1704042839063810666,200,http://172.169.8.253:31112/function/opt-66b-submod-0-latency-25.cdgp
1704042837870786270,1704042847122044496,500,http://172.169.8.253:31112/function/opt-66b-submod-0-latency-25.cdgp
1704042837870836902,1704042847654990044,500,http://172.169.8.253:31112/function/opt-66b-submod-0-latency-25.cdgp
1704042837870919816,1704042847017574780,500,http://172.169.8.253:31112/function/opt-66b-submod-0-latency-25.cdgp
1704042837870988084,1704042847185567106,500,http://172.169.8.253:31112/function/opt-66b-submod-0-latency-25.cdgp
1704042837871071475,1704042839695988024,200,http://172.169.8.253:31112/function/opt-66b-submod-0-latency-25.cdgp
1704042837871139503,1704042847683029596,500,http://172.169.8.253:31112/function/opt-66b-submod-0-latency-25.cdgp
1704042837871205890,1704042839207449072,200,http://172.169.8.253:31112/function/opt-66b-submod-0-latency-25.cdgp
1704042837871236256,1704042840492282530,200,http://172.169.8.253:31112/function/opt-66b-submod-0-latency-25.cdgp
1704042837871321491,1704042847450759357,500,http://172.169.8.253:31112/function/opt-66b-submod-0-latency-25.cdgp
1704042837871393142,1704042847086372038,500,http://172.169.8.253:31112/function/opt-66b-submod-0-latency-25.cdgp
1704042837871464511,1704042847056547447,500,http://172.169.8.253:31112/function/opt-66b-submod-0-latency-25.cdgp
1704042837871513448,1704042847465231749,500,http://172.169.8.253:31112/function/opt-66b-submod-0-latency-25.cdgp
1704042837871587068,1704042847453156214,500,http://172.169.8.253:31112/function/opt-66b-submod-0-latency-25.cdgp
1704042837871656184,1704042839422911833,200,http://172.169.8.253:31112/function/opt-66b-submod-0-latency-25.cdgp
1704042837871688898,1704042847265705650,500,http://172.169.8.253:31112/function/opt-66b-submod-0-latency-25.cdgp
1704042837871738178,1704042840489182088,200,http://172.169.8.253:31112/function/opt-66b-submod-0-latency-25.cdgp
1704042837871796879,1704042847123665247,500,http://172.169.8.253:31112/function/opt-66b-submod-0-latency-25.cdgp
1704042837871857747,1704042840153448482,200,http://172.169.8.253:31112/function/opt-66b-submod-0-latency-25.cdgp
1704042837936835251,1704042847640305472,500,http://172.169.8.253:31112/function/opt-66b-submod-0-latency-25.cdgp
1704042837936946970,1704042847771439084,500,http://172.169.8.253:31112/function/opt-66b-submod-0-latency-25.cdgp
1704042837937076303,1704042840187710886,200,http://172.169.8.253:31112/function/opt-66b-submod-0-latency-25.cdgp
1704042837937195285,1704042841451689264,200,http://172.169.8.253:31112/function/opt-66b-submod-0-latency-25.cdgp
1704042837937221391,1704042840509379169,200,http://172.169.8.253:31112/function/opt-66b-submod-0-latency-25.cdgp
1704042837937285932,1704042847640951536,500,http://172.169.8.253:31112/function/opt-66b-submod-0-latency-25.cdgp
1704042837937381537,1704042847752637562,500,http://172.169.8.253:31112/function/opt-66b-submod-0-latency-25.cdgp
1704042837937444572,1704042840433628820,200,http://172.169.8.253:31112/function/opt-66b-submod-0-latency-25.cdgp
1704042837937474860,1704042847753588833,500,http://172.169.8.253:31112/function/opt-66b-submod-0-latency-25.cdgp
1704042837937562441,1704042839696235365,200,http://172.169.8.253:31112/function/opt-66b-submod-0-latency-25.cdgp
1704042837937675804,1704042847655094571,500,http://172.169.8.253:31112/function/opt-66b-submod-0-latency-25.cdgp
1704042837937712912,1704042847754458746,500,http://172.169.8.253:31112/function/opt-66b-submod-0-latency-25.cdgp
1704042837937773495,1704042840433198422,200,http://172.169.8.253:31112/function/opt-66b-submod-0-latency-25.cdgp
1704042837937860794,1704042839596161751,200,http://172.169.8.253:31112/function/opt-66b-submod-0-latency-25.cdgp
1704042837937907790,1704042840488261944,200,http://172.169.8.253:31112/function/opt-66b-submod-0-latency-25.cdgp
1704042837937968496,1704042847655386432,500,http://172.169.8.253:31112/function/opt-66b-submod-0-latency-25.cdgp
1704042837938031413,1704042847769779549,500,http://172.169.8.253:31112/function/opt-66b-submod-0-latency-25.cdgp
1704042837938114326,1704042841452753960,200,http://172.169.8.253:31112/function/opt-66b-submod-0-latency-25.cdgp
1704042837938146937,1704042840432263220,200,http://172.169.8.253:31112/function/opt-66b-submod-0-latency-25.cdgp
1704042837990529723,1704042847768396328,500,http://172.169.8.253:31112/function/opt-66b-submod-0-latency-25.cdgp
1704042837990614190,1704042847405504464,500,http://172.169.8.253:31112/function/opt-66b-submod-0-latency-25.cdgp
1704042837990726278,1704042847401744885,500,http://172.169.8.253:31112/function/opt-66b-submod-0-latency-25.cdgp
1704042837990809902,1704042847770503212,500,http://172.169.8.253:31112/function/opt-66b-submod-0-latency-25.cdgp
1704042837990852115,1704042847653479862,500,http://172.169.8.253:31112/function/opt-66b-submod-0-latency-25.cdgp
1704042837990931707,1704042847403478014,500,http://172.169.8.253:31112/function/opt-66b-submod-0-latency-25.cdgp
1704042837990969920,1704042840302716780,200,http://172.169.8.253:31112/function/opt-66b-submod-0-latency-25.cdgp
1704042837991049608,1704042840432295966,200,http://172.169.8.253:31112/function/opt-66b-submod-0-latency-25.cdgp
1704042837991085602,1704042840187613951,200,http://172.169.8.253:31112/function/opt-66b-submod-0-latency-25.cdgp
1704042837991157780,1704042840386769878,200,http://172.169.8.253:31112/function/opt-66b-submod-0-latency-25.cdgp
1704042837991231930,1704042839402475444,200,http://172.169.8.253:31112/function/opt-66b-submod-0-latency-25.cdgp
1704042837991345431,1704042840491445670,200,http://172.169.8.253:31112/function/opt-66b-submod-0-latency-25.cdgp
1704042837991413444,1704042839596634664,200,http://172.169.8.253:31112/function/opt-66b-submod-0-latency-25.cdgp
1704042839088520011,1704042848119904389,500,http://172.169.8.253:31112/function/opt-66b-submod-0-latency-25.cdgp
1704042839104428716,1704042840910569662,200,http://172.169.8.253:31112/function/opt-66b-submod-0-latency-25.cdgp
1704042839104570951,1704042848057502766,500,http://172.169.8.253:31112/function/opt-66b-submod-0-latency-25.cdgp
1704042839104641043,1704042840564176821,200,http://172.169.8.253:31112/function/opt-66b-submod-0-latency-25.cdgp
1704042839109890256,1704042840492191370,200,http://172.169.8.253:31112/function/opt-66b-submod-0-latency-25.cdgp
1704042839110046293,1704042848188259570,500,http://172.169.8.253:31112/function/opt-66b-submod-0-latency-25.cdgp
1704042839110152699,1704042848561255636,500,http://172.169.8.253:31112/function/opt-66b-submod-0-latency-25.cdgp
1704042839110225990,1704042848336282135,500,http://172.169.8.253:31112/function/opt-66b-submod-0-latency-25.cdgp
1704042839110285983,1704042848366722117,500,http://172.169.8.253:31112/function/opt-66b-submod-0-latency-25.cdgp
1704042839110403241,1704042841218900705,200,http://172.169.8.253:31112/function/opt-66b-submod-0-latency-25.cdgp
1704042839110475789,1704042848559588125,500,http://172.169.8.253:31112/function/opt-66b-submod-0-latency-25.cdgp
1704042839110560962,1704042848695878287,500,http://172.169.8.253:31112/function/opt-66b-submod-0-latency-25.cdgp
1704042839110623833,1704042848702109703,500,http://172.169.8.253:31112/function/opt-66b-submod-0-latency-25.cdgp
1704042839110698001,1704042848562756622,500,http://172.169.8.253:31112/function/opt-66b-submod-0-latency-25.cdgp
1704042839110742409,1704042848188010740,500,http://172.169.8.253:31112/function/opt-66b-submod-0-latency-25.cdgp
1704042839110838101,1704042848705622438,500,http://172.169.8.253:31112/function/opt-66b-submod-0-latency-25.cdgp
1704042839110898116,1704042848227039823,500,http://172.169.8.253:31112/function/opt-66b-submod-0-latency-25.cdgp
1704042839110969757,1704042848481547185,500,http://172.169.8.253:31112/function/opt-66b-submod-0-latency-25.cdgp
1704042839111039759,1704042848699734312,500,http://172.169.8.253:31112/function/opt-66b-submod-0-latency-25.cdgp
1704042839111079550,1704042840999823912,200,http://172.169.8.253:31112/function/opt-66b-submod-0-latency-25.cdgp
1704042839111183250,1704042848703763856,500,http://172.169.8.253:31112/function/opt-66b-submod-0-latency-25.cdgp
1704042839111421725,1704042848570723448,500,http://172.169.8.253:31112/function/opt-66b-submod-0-latency-25.cdgp
1704042839111502593,1704042848740819504,500,http://172.169.8.253:31112/function/opt-66b-submod-0-latency-25.cdgp
1704042839111538810,1704042842137929234,200,http://172.169.8.253:31112/function/opt-66b-submod-0-latency-25.cdgp
1704042839111622085,1704042841054888348,200,http://172.169.8.253:31112/function/opt-66b-submod-0-latency-25.cdgp
1704042839111664727,1704042848706922997,500,http://172.169.8.253:31112/function/opt-66b-submod-0-latency-25.cdgp
1704042839115711555,1704042848614993859,500,http://172.169.8.253:31112/function/opt-66b-submod-0-latency-25.cdgp
1704042839115838054,1704042848227196465,500,http://172.169.8.253:31112/function/opt-66b-submod-0-latency-25.cdgp
1704042839115968082,1704042841494935061,200,http://172.169.8.253:31112/function/opt-66b-submod-0-latency-25.cdgp
1704042839116050778,1704042848697571617,500,http://172.169.8.253:31112/function/opt-66b-submod-0-latency-25.cdgp
1704042839116138689,1704042840687428400,200,http://172.169.8.253:31112/function/opt-66b-submod-0-latency-25.cdgp
1704042839129039835,1704042841050535883,200,http://172.169.8.253:31112/function/opt-66b-submod-0-latency-25.cdgp
1704042839129131309,1704042848408310637,500,http://172.169.8.253:31112/function/opt-66b-submod-0-latency-25.cdgp
1704042839129697692,1704042848379220649,500,http://172.169.8.253:31112/function/opt-66b-submod-0-latency-25.cdgp
1704042839129778060,1704042841112786143,200,http://172.169.8.253:31112/function/opt-66b-submod-0-latency-25.cdgp
1704042839129876571,1704042841222801403,200,http://172.169.8.253:31112/function/opt-66b-submod-0-latency-25.cdgp
1704042839129964534,1704042842267533992,200,http://172.169.8.253:31112/function/opt-66b-submod-0-latency-25.cdgp
1704042839130006309,1704042848408933318,500,http://172.169.8.253:31112/function/opt-66b-submod-0-latency-25.cdgp
1704042839130067702,1704042848349015325,500,http://172.169.8.253:31112/function/opt-66b-submod-0-latency-25.cdgp
1704042839130142316,1704042848620393771,500,http://172.169.8.253:31112/function/opt-66b-submod-0-latency-25.cdgp
1704042839130177975,1704042848622081352,500,http://172.169.8.253:31112/function/opt-66b-submod-0-latency-25.cdgp
1704042839130226813,1704042841529004110,200,http://172.169.8.253:31112/function/opt-66b-submod-0-latency-25.cdgp
1704042839130315320,1704042841406165531,200,http://172.169.8.253:31112/function/opt-66b-submod-0-latency-25.cdgp
1704042839130384110,1704042842136301286,200,http://172.169.8.253:31112/function/opt-66b-submod-0-latency-25.cdgp
1704042839130452350,1704042840787462016,200,http://172.169.8.253:31112/function/opt-66b-submod-0-latency-25.cdgp
1704042839639296659,1704042841508409824,200,http://172.169.8.253:31112/function/opt-66b-submod-0-latency-25.cdgp
1704042839639418516,1704042841315958356,200,http://172.169.8.253:31112/function/opt-66b-submod-0-latency-25.cdgp
1704042839639524374,1704042848742360124,500,http://172.169.8.253:31112/function/opt-66b-submod-0-latency-25.cdgp
1704042839639597471,1704042848767815585,500,http://172.169.8.253:31112/function/opt-66b-submod-0-latency-25.cdgp
1704042839639661119,1704042842307573910,200,http://172.169.8.253:31112/function/opt-66b-submod-0-latency-25.cdgp
1704042839639733224,1704042841543823200,200,http://172.169.8.253:31112/function/opt-66b-submod-0-latency-25.cdgp
1704042839639786600,1704042848908776455,500,http://172.169.8.253:31112/function/opt-66b-submod-0-latency-25.cdgp
1704042839654885075,1704042843552015964,200,http://172.169.8.253:31112/function/opt-66b-submod-0-latency-25.cdgp
1704042839654943196,1704042841495804134,200,http://172.169.8.253:31112/function/opt-66b-submod-0-latency-25.cdgp
1704042839655013330,1704042848798284103,500,http://172.169.8.253:31112/function/opt-66b-submod-0-latency-25.cdgp
1704042839655044891,1704042848846009893,500,http://172.169.8.253:31112/function/opt-66b-submod-0-latency-25.cdgp
1704042839655129049,1704042849273152234,500,http://172.169.8.253:31112/function/opt-66b-submod-0-latency-25.cdgp
1704042839655209937,1704042848935117557,500,http://172.169.8.253:31112/function/opt-66b-submod-0-latency-25.cdgp
1704042839655325836,1704042841468024231,200,http://172.169.8.253:31112/function/opt-66b-submod-0-latency-25.cdgp
1704042839655416036,1704042849084737649,500,http://172.169.8.253:31112/function/opt-66b-submod-0-latency-25.cdgp
1704042839655526648,1704042841731920368,200,http://172.169.8.253:31112/function/opt-66b-submod-0-latency-25.cdgp
1704042839655595788,1704042842135717938,200,http://172.169.8.253:31112/function/opt-66b-submod-0-latency-25.cdgp
1704042839655654597,1704042848951479942,500,http://172.169.8.253:31112/function/opt-66b-submod-0-latency-25.cdgp
1704042839655735147,1704042842020652422,200,http://172.169.8.253:31112/function/opt-66b-submod-0-latency-25.cdgp
1704042839655828941,1704042842395631912,200,http://172.169.8.253:31112/function/opt-66b-submod-0-latency-25.cdgp
1704042839656005934,1704042841335504021,200,http://172.169.8.253:31112/function/opt-66b-submod-0-latency-25.cdgp
1704042839656101651,1704042849116715799,500,http://172.169.8.253:31112/function/opt-66b-submod-0-latency-25.cdgp
1704042839656198287,1704042842139622335,200,http://172.169.8.253:31112/function/opt-66b-submod-0-latency-25.cdgp
1704042839656294175,1704042842584382849,200,http://172.169.8.253:31112/function/opt-66b-submod-0-latency-25.cdgp
1704042839656369138,1704042842528242410,200,http://172.169.8.253:31112/function/opt-66b-submod-0-latency-25.cdgp
1704042839656461488,1704042849137720272,500,http://172.169.8.253:31112/function/opt-66b-submod-0-latency-25.cdgp
1704042839656513337,1704042848905048525,500,http://172.169.8.253:31112/function/opt-66b-submod-0-latency-25.cdgp
1704042839656609567,1704042842975612807,200,http://172.169.8.253:31112/function/opt-66b-submod-0-latency-25.cdgp
1704042839656677550,1704042842926224663,200,http://172.169.8.253:31112/function/opt-66b-submod-0-latency-25.cdgp
1704042839743122797,1704042842527837333,200,http://172.169.8.253:31112/function/opt-66b-submod-0-latency-25.cdgp
1704042839743202756,1704042849277419075,500,http://172.169.8.253:31112/function/opt-66b-submod-0-latency-25.cdgp
1704042839743363705,1704042841820141929,200,http://172.169.8.253:31112/function/opt-66b-submod-0-latency-25.cdgp
1704042839743431571,1704042841633814436,200,http://172.169.8.253:31112/function/opt-66b-submod-0-latency-25.cdgp
1704042839743473672,1704042849528823598,500,http://172.169.8.253:31112/function/opt-66b-submod-0-latency-25.cdgp
1704042839743558679,1704042842911361672,200,http://172.169.8.253:31112/function/opt-66b-submod-0-latency-25.cdgp
1704042839743604161,1704042841295244078,200,http://172.169.8.253:31112/function/opt-66b-submod-0-latency-25.cdgp
1704042839743680982,1704042842247539334,200,http://172.169.8.253:31112/function/opt-66b-submod-0-latency-25.cdgp
1704042839743721760,1704042842505183711,200,http://172.169.8.253:31112/function/opt-66b-submod-0-latency-25.cdgp
1704042839743803727,1704042842551620379,200,http://172.169.8.253:31112/function/opt-66b-submod-0-latency-25.cdgp
1704042839743864231,1704042841881296592,200,http://172.169.8.253:31112/function/opt-66b-submod-0-latency-25.cdgp
1704042839743894821,1704042849277080235,500,http://172.169.8.253:31112/function/opt-66b-submod-0-latency-25.cdgp
1704042839743988318,1704042848743163937,500,http://172.169.8.253:31112/function/opt-66b-submod-0-latency-25.cdgp
1704042839754196817,1704042843743721565,200,http://172.169.8.253:31112/function/opt-66b-submod-0-latency-25.cdgp
1704042839754285087,1704042849371760491,500,http://172.169.8.253:31112/function/opt-66b-submod-0-latency-25.cdgp
1704042839754379768,1704042843470257840,200,http://172.169.8.253:31112/function/opt-66b-submod-0-latency-25.cdgp
1704042839754508935,1704042842317091563,200,http://172.169.8.253:31112/function/opt-66b-submod-0-latency-25.cdgp
1704042839754581961,1704042841238074886,200,http://172.169.8.253:31112/function/opt-66b-submod-0-latency-25.cdgp
1704042839754649593,1704042841972024026,200,http://172.169.8.253:31112/function/opt-66b-submod-0-latency-25.cdgp
1704042839754726355,1704042842269005522,200,http://172.169.8.253:31112/function/opt-66b-submod-0-latency-25.cdgp
1704042839754823978,1704042843815488472,200,http://172.169.8.253:31112/function/opt-66b-submod-0-latency-25.cdgp
1704042839754898492,1704042841417342501,200,http://172.169.8.253:31112/function/opt-66b-submod-0-latency-25.cdgp
1704042839754990361,1704042849756393984,500,http://172.169.8.253:31112/function/opt-66b-submod-0-latency-25.cdgp
1704042839755041080,1704042849529022511,500,http://172.169.8.253:31112/function/opt-66b-submod-0-latency-25.cdgp
1704042839755108650,1704042849371207666,500,http://172.169.8.253:31112/function/opt-66b-submod-0-latency-25.cdgp
1704042839755150104,1704042841966217057,200,http://172.169.8.253:31112/function/opt-66b-submod-0-latency-25.cdgp
1704042839755225480,1704042849243639850,500,http://172.169.8.253:31112/function/opt-66b-submod-0-latency-25.cdgp
1704042839755296474,1704042849756344221,500,http://172.169.8.253:31112/function/opt-66b-submod-0-latency-25.cdgp
1704042839755409937,1704042849756352402,500,http://172.169.8.253:31112/function/opt-66b-submod-0-latency-25.cdgp
1704042839756192350,1704042849756390736,500,http://172.169.8.253:31112/function/opt-66b-submod-0-latency-25.cdgp
1704042839756235406,1704042842270053502,200,http://172.169.8.253:31112/function/opt-66b-submod-0-latency-25.cdgp
1704042839756326226,1704042843743638965,200,http://172.169.8.253:31112/function/opt-66b-submod-0-latency-25.cdgp
1704042839756402162,1704042849757403668,500,http://172.169.8.253:31112/function/opt-66b-submod-0-latency-25.cdgp
1704042839756464790,1704042842846806681,200,http://172.169.8.253:31112/function/opt-66b-submod-0-latency-25.cdgp
1704042839756535682,1704042842505416733,200,http://172.169.8.253:31112/function/opt-66b-submod-0-latency-25.cdgp
1704042839756567300,1704042843471735966,200,http://172.169.8.253:31112/function/opt-66b-submod-0-latency-25.cdgp
1704042839756662457,1704042849757416219,500,http://172.169.8.253:31112/function/opt-66b-submod-0-latency-25.cdgp
1704042839756714535,1704042843044590704,200,http://172.169.8.253:31112/function/opt-66b-submod-0-latency-25.cdgp
1704042839756753675,1704042849370942071,500,http://172.169.8.253:31112/function/opt-66b-submod-0-latency-25.cdgp
1704042839756831588,1704042849371807529,500,http://172.169.8.253:31112/function/opt-66b-submod-0-latency-25.cdgp
1704042839756867006,1704042849529030831,500,http://172.169.8.253:31112/function/opt-66b-submod-0-latency-25.cdgp
1704042839756942020,1704042842869518776,200,http://172.169.8.253:31112/function/opt-66b-submod-0-latency-25.cdgp
1704042839756978089,1704042843152938893,200,http://172.169.8.253:31112/function/opt-66b-submod-0-latency-25.cdgp
1704042839757046466,1704042842888206423,200,http://172.169.8.253:31112/function/opt-66b-submod-0-latency-25.cdgp
1704042839757134678,1704042849757413486,500,http://172.169.8.253:31112/function/opt-66b-submod-0-latency-25.cdgp
1704042839757222891,1704042849528855512,500,http://172.169.8.253:31112/function/opt-66b-submod-0-latency-25.cdgp
1704042839789754086,1704042843425814819,200,http://172.169.8.253:31112/function/opt-66b-submod-0-latency-25.cdgp
1704042839789882704,1704042849785460070,500,http://172.169.8.253:31112/function/opt-66b-submod-0-latency-25.cdgp
1704042839789992141,1704042842528227522,200,http://172.169.8.253:31112/function/opt-66b-submod-0-latency-25.cdgp
1704042839790051603,1704042843144502791,200,http://172.169.8.253:31112/function/opt-66b-submod-0-latency-25.cdgp
1704042839790147348,1704042849609914164,500,http://172.169.8.253:31112/function/opt-66b-submod-0-latency-25.cdgp
1704042839790267635,1704042849784089744,500,http://172.169.8.253:31112/function/opt-66b-submod-0-latency-25.cdgp
1704042839790407188,1704042841569237095,200,http://172.169.8.253:31112/function/opt-66b-submod-0-latency-25.cdgp
1704042839790525879,1704042849785647135,500,http://172.169.8.253:31112/function/opt-66b-submod-0-latency-25.cdgp
1704042839790676875,1704042841589750181,200,http://172.169.8.253:31112/function/opt-66b-submod-0-latency-25.cdgp
1704042839790755261,1704042849371194865,500,http://172.169.8.253:31112/function/opt-66b-submod-0-latency-25.cdgp
1704042839790890165,1704042849792000185,500,http://172.169.8.253:31112/function/opt-66b-submod-0-latency-25.cdgp
1704042839790990391,1704042849785560393,500,http://172.169.8.253:31112/function/opt-66b-submod-0-latency-25.cdgp
1704042839869836813,1704042849871075343,500,http://172.169.8.253:31112/function/opt-66b-submod-0-latency-25.cdgp
1704042839869914986,1704042844637060895,200,http://172.169.8.253:31112/function/opt-66b-submod-0-latency-25.cdgp
1704042839870007368,1704042842886524456,200,http://172.169.8.253:31112/function/opt-66b-submod-0-latency-25.cdgp
1704042839870062564,1704042849827631359,500,http://172.169.8.253:31112/function/opt-66b-submod-0-latency-25.cdgp
1704042839870132825,1704042843012177551,200,http://172.169.8.253:31112/function/opt-66b-submod-0-latency-25.cdgp
1704042839870174084,1704042842160174186,200,http://172.169.8.253:31112/function/opt-66b-submod-0-latency-25.cdgp
1704042839870263604,1704042843423715855,200,http://172.169.8.253:31112/function/opt-66b-submod-0-latency-25.cdgp
1704042839870329916,1704042849871066978,500,http://172.169.8.253:31112/function/opt-66b-submod-0-latency-25.cdgp
1704042839870383036,1704042843427858296,200,http://172.169.8.253:31112/function/opt-66b-submod-0-latency-25.cdgp
1704042839932673530,1704042849933352877,500,http://172.169.8.253:31112/function/opt-66b-submod-0-latency-25.cdgp
1704042839932756842,1704042843964084534,200,http://172.169.8.253:31112/function/opt-66b-submod-0-latency-25.cdgp
1704042839934098123,1704042843556487934,200,http://172.169.8.253:31112/function/opt-66b-submod-0-latency-25.cdgp
1704042839934189997,1704042849934662477,500,http://172.169.8.253:31112/function/opt-66b-submod-0-latency-25.cdgp
1704042839934254552,1704042849934477096,500,http://172.169.8.253:31112/function/opt-66b-submod-0-latency-25.cdgp
1704042839934305832,1704042843594138997,200,http://172.169.8.253:31112/function/opt-66b-submod-0-latency-25.cdgp
1704042839934378845,1704042849934674965,500,http://172.169.8.253:31112/function/opt-66b-submod-0-latency-25.cdgp
1704042840013799743,1704042844287909860,200,http://172.169.8.253:31112/function/opt-66b-submod-0-latency-25.cdgp
1704042840013886875,1704042850015146174,500,http://172.169.8.253:31112/function/opt-66b-submod-0-latency-25.cdgp
1704042840013979522,1704042842889764658,200,http://172.169.8.253:31112/function/opt-66b-submod-0-latency-25.cdgp
1704042840014029180,1704042843019164069,200,http://172.169.8.253:31112/function/opt-66b-submod-0-latency-25.cdgp
1704042840014101597,1704042850015027141,500,http://172.169.8.253:31112/function/opt-66b-submod-0-latency-25.cdgp
1704042840014147660,1704042850015262477,500,http://172.169.8.253:31112/function/opt-66b-submod-0-latency-25.cdgp
1704042840014223681,1704042843959700191,200,http://172.169.8.253:31112/function/opt-66b-submod-0-latency-25.cdgp
1704042840014288981,1704042850015041363,500,http://172.169.8.253:31112/function/opt-66b-submod-0-latency-25.cdgp
1704042840014328918,1704042850015282389,500,http://172.169.8.253:31112/function/opt-66b-submod-0-latency-25.cdgp
1704042840014353146,1704042843538298355,200,http://172.169.8.253:31112/function/opt-66b-submod-0-latency-25.cdgp
1704042840014367436,1704042849999540603,500,http://172.169.8.253:31112/function/opt-66b-submod-0-latency-25.cdgp
1704042840014427031,1704042842730011250,200,http://172.169.8.253:31112/function/opt-66b-submod-0-latency-25.cdgp
1704042840014461154,1704042850015294154,500,http://172.169.8.253:31112/function/opt-66b-submod-0-latency-25.cdgp
1704042840014507599,1704042850015349407,500,http://172.169.8.253:31112/function/opt-66b-submod-0-latency-25.cdgp
1704042840014573395,1704042850015009117,500,http://172.169.8.253:31112/function/opt-66b-submod-0-latency-25.cdgp
1704042840014609078,1704042844634995063,200,http://172.169.8.253:31112/function/opt-66b-submod-0-latency-25.cdgp
1704042840014699422,1704042850015274329,500,http://172.169.8.253:31112/function/opt-66b-submod-0-latency-25.cdgp
1704042840014796255,1704042850015357729,500,http://172.169.8.253:31112/function/opt-66b-submod-0-latency-25.cdgp
1704042840014868505,1704042849956052663,500,http://172.169.8.253:31112/function/opt-66b-submod-0-latency-25.cdgp
1704042840014939921,1704042843910424359,200,http://172.169.8.253:31112/function/opt-66b-submod-0-latency-25.cdgp
1704042840015009745,1704042844377700520,200,http://172.169.8.253:31112/function/opt-66b-submod-0-latency-25.cdgp
1704042840015055415,1704042844248557582,200,http://172.169.8.253:31112/function/opt-66b-submod-0-latency-25.cdgp
1704042840015130616,1704042842777713881,200,http://172.169.8.253:31112/function/opt-66b-submod-0-latency-25.cdgp
1704042840015301217,1704042844385369089,200,http://172.169.8.253:31112/function/opt-66b-submod-0-latency-25.cdgp
1704042840015423463,1704042843111895192,200,http://172.169.8.253:31112/function/opt-66b-submod-0-latency-25.cdgp
1704042840015528517,1704042849955622155,500,http://172.169.8.253:31112/function/opt-66b-submod-0-latency-25.cdgp
1704042840015606234,1704042850016105137,500,http://172.169.8.253:31112/function/opt-66b-submod-0-latency-25.cdgp
1704042840091686033,1704042849956156260,500,http://172.169.8.253:31112/function/opt-66b-submod-0-latency-25.cdgp
1704042840091769112,1704042850042677729,500,http://172.169.8.253:31112/function/opt-66b-submod-0-latency-25.cdgp
1704042840091879440,1704042850048152819,500,http://172.169.8.253:31112/function/opt-66b-submod-0-latency-25.cdgp
1704042840091942798,1704042850042156601,500,http://172.169.8.253:31112/function/opt-66b-submod-0-latency-25.cdgp
1704042840101149752,1704042842749429232,200,http://172.169.8.253:31112/function/opt-66b-submod-0-latency-25.cdgp
1704042840102110974,1704042849956334660,500,http://172.169.8.253:31112/function/opt-66b-submod-0-latency-25.cdgp
1704042840483636736,1704042850308024073,500,http://172.169.8.253:31112/function/opt-66b-submod-0-latency-25.cdgp
1704042840483734678,1704042843077234041,200,http://172.169.8.253:31112/function/opt-66b-submod-0-latency-25.cdgp
1704042840509024012,1704042850351741835,500,http://172.169.8.253:31112/function/opt-66b-submod-0-latency-25.cdgp
1704042840509071108,1704042844719742930,200,http://172.169.8.253:31112/function/opt-66b-submod-0-latency-25.cdgp
1704042840509162991,1704042844431570743,200,http://172.169.8.253:31112/function/opt-66b-submod-0-latency-25.cdgp
1704042840509228052,1704042843599120362,200,http://172.169.8.253:31112/function/opt-66b-submod-0-latency-25.cdgp
1704042840509298328,1704042850483763399,500,http://172.169.8.253:31112/function/opt-66b-submod-0-latency-25.cdgp
1704042840509361224,1704042843964024926,200,http://172.169.8.253:31112/function/opt-66b-submod-0-latency-25.cdgp
1704042840509429042,1704042850185461357,500,http://172.169.8.253:31112/function/opt-66b-submod-0-latency-25.cdgp
1704042840509486989,1704042842887464195,200,http://172.169.8.253:31112/function/opt-66b-submod-0-latency-25.cdgp
1704042840509565337,1704042850185443717,500,http://172.169.8.253:31112/function/opt-66b-submod-0-latency-25.cdgp
1704042840606092616,1704042843108117349,200,http://172.169.8.253:31112/function/opt-66b-submod-0-latency-25.cdgp
1704042840606178701,1704042850439568032,500,http://172.169.8.253:31112/function/opt-66b-submod-0-latency-25.cdgp
1704042840871777701,1704042844247718923,200,http://172.169.8.253:31112/function/opt-66b-submod-0-latency-25.cdgp
1704042840871863884,1704042850553420836,500,http://172.169.8.253:31112/function/opt-66b-submod-0-latency-25.cdgp
1704042840871968107,1704042850048171795,500,http://172.169.8.253:31112/function/opt-66b-submod-0-latency-25.cdgp
1704042840872024850,1704042850446366826,500,http://172.169.8.253:31112/function/opt-66b-submod-0-latency-25.cdgp
1704042840872095833,1704042850517026988,500,http://172.169.8.253:31112/function/opt-66b-submod-0-latency-25.cdgp
1704042840872130639,1704042850308253862,500,http://172.169.8.253:31112/function/opt-66b-submod-0-latency-25.cdgp
1704042840872229437,1704042843189503129,200,http://172.169.8.253:31112/function/opt-66b-submod-0-latency-25.cdgp
1704042840872303970,1704042850516778907,500,http://172.169.8.253:31112/function/opt-66b-submod-0-latency-25.cdgp
1704042840872346349,1704042850516690866,500,http://172.169.8.253:31112/function/opt-66b-submod-0-latency-25.cdgp
1704042840872425902,1704042850516347749,500,http://172.169.8.253:31112/function/opt-66b-submod-0-latency-25.cdgp
1704042840872462971,1704042843557656796,200,http://172.169.8.253:31112/function/opt-66b-submod-0-latency-25.cdgp
1704042840872543249,1704042850446375792,500,http://172.169.8.253:31112/function/opt-66b-submod-0-latency-25.cdgp
1704042840872608544,1704042843104495074,200,http://172.169.8.253:31112/function/opt-66b-submod-0-latency-25.cdgp
1704042840872632780,1704042850043461373,500,http://172.169.8.253:31112/function/opt-66b-submod-0-latency-25.cdgp
1704042840872674487,1704042850516287782,500,http://172.169.8.253:31112/function/opt-66b-submod-0-latency-25.cdgp
1704042840872708673,1704042844639436079,200,http://172.169.8.253:31112/function/opt-66b-submod-0-latency-25.cdgp
1704042840872811482,1704042844635823246,200,http://172.169.8.253:31112/function/opt-66b-submod-0-latency-25.cdgp
1704042840872869879,1704042843743729880,200,http://172.169.8.253:31112/function/opt-66b-submod-0-latency-25.cdgp
1704042840872879591,1704042850447177784,500,http://172.169.8.253:31112/function/opt-66b-submod-0-latency-25.cdgp
1704042840872934691,1704042843217832362,200,http://172.169.8.253:31112/function/opt-66b-submod-0-latency-25.cdgp
1704042840872968863,1704042850446981133,500,http://172.169.8.253:31112/function/opt-66b-submod-0-latency-25.cdgp
1704042840873050632,1704042850516175486,500,http://172.169.8.253:31112/function/opt-66b-submod-0-latency-25.cdgp
1704042840873123183,1704042850552757036,500,http://172.169.8.253:31112/function/opt-66b-submod-0-latency-25.cdgp
1704042840873144376,1704042843596360124,200,http://172.169.8.253:31112/function/opt-66b-submod-0-latency-25.cdgp
1704042840873191517,1704042850516674058,500,http://172.169.8.253:31112/function/opt-66b-submod-0-latency-25.cdgp
1704042840873237160,1704042850446370159,500,http://172.169.8.253:31112/function/opt-66b-submod-0-latency-25.cdgp
1704042840873353707,1704042850553736990,500,http://172.169.8.253:31112/function/opt-66b-submod-0-latency-25.cdgp
1704042840873419326,1704042843361005506,200,http://172.169.8.253:31112/function/opt-66b-submod-0-latency-25.cdgp
1704042842149857194,1704042851527735684,500,http://172.169.8.253:31112/function/opt-66b-submod-0-latency-25.cdgp
1704042842149941500,1704042851567288224,500,http://172.169.8.253:31112/function/opt-66b-submod-0-latency-25.cdgp
1704042842150061319,1704042851439805560,500,http://172.169.8.253:31112/function/opt-66b-submod-0-latency-25.cdgp
1704042842150123614,1704042844807602214,200,http://172.169.8.253:31112/function/opt-66b-submod-0-latency-25.cdgp
1704042842150159048,1704042844471698204,200,http://172.169.8.253:31112/function/opt-66b-submod-0-latency-25.cdgp
1704042842150241754,1704042844459891549,200,http://172.169.8.253:31112/function/opt-66b-submod-0-latency-25.cdgp
1704042842150313161,1704042845243693660,200,http://172.169.8.253:31112/function/opt-66b-submod-0-latency-25.cdgp
1704042842150899136,1704042851566082558,500,http://172.169.8.253:31112/function/opt-66b-submod-0-latency-25.cdgp
1704042842150999924,1704042851403414527,500,http://172.169.8.253:31112/function/opt-66b-submod-0-latency-25.cdgp
1704042842151085480,1704042844252478320,200,http://172.169.8.253:31112/function/opt-66b-submod-0-latency-25.cdgp
1704042842151165421,1704042851631376090,500,http://172.169.8.253:31112/function/opt-66b-submod-0-latency-25.cdgp
1704042842151234505,1704042851567752532,500,http://172.169.8.253:31112/function/opt-66b-submod-0-latency-25.cdgp
1704042842151257135,1704042851671666998,500,http://172.169.8.253:31112/function/opt-66b-submod-0-latency-25.cdgp
1704042842151355792,1704042844248171309,200,http://172.169.8.253:31112/function/opt-66b-submod-0-latency-25.cdgp
1704042842151458365,1704042851480009789,500,http://172.169.8.253:31112/function/opt-66b-submod-0-latency-25.cdgp
1704042842151527970,1704042844726293917,200,http://172.169.8.253:31112/function/opt-66b-submod-0-latency-25.cdgp
1704042842151605842,1704042851668023538,500,http://172.169.8.253:31112/function/opt-66b-submod-0-latency-25.cdgp
1704042842151680148,1704042844640324655,200,http://172.169.8.253:31112/function/opt-66b-submod-0-latency-25.cdgp
1704042842290226720,1704042851450347898,500,http://172.169.8.253:31112/function/opt-66b-submod-0-latency-25.cdgp
1704042842290313681,1704042851695611300,500,http://172.169.8.253:31112/function/opt-66b-submod-0-latency-25.cdgp
1704042842290413664,1704042851495691010,500,http://172.169.8.253:31112/function/opt-66b-submod-0-latency-25.cdgp
1704042842290482794,1704042844384824520,200,http://172.169.8.253:31112/function/opt-66b-submod-0-latency-25.cdgp
1704042842290575831,1704042852291854048,500,http://172.169.8.253:31112/function/opt-66b-submod-0-latency-25.cdgp
1704042842297829519,1704042851747523419,500,http://172.169.8.253:31112/function/opt-66b-submod-0-latency-25.cdgp
1704042842297907103,1704042844725867011,200,http://172.169.8.253:31112/function/opt-66b-submod-0-latency-25.cdgp
1704042842298002694,1704042844251150748,200,http://172.169.8.253:31112/function/opt-66b-submod-0-latency-25.cdgp
1704042842298088904,1704042844727360893,200,http://172.169.8.253:31112/function/opt-66b-submod-0-latency-25.cdgp
1704042842298138056,1704042851772235207,500,http://172.169.8.253:31112/function/opt-66b-submod-0-latency-25.cdgp
1704042842298233998,1704042851857637925,500,http://172.169.8.253:31112/function/opt-66b-submod-0-latency-25.cdgp
1704042842298308585,1704042844729057642,200,http://172.169.8.253:31112/function/opt-66b-submod-0-latency-25.cdgp
1704042842298425202,1704042851782717097,500,http://172.169.8.253:31112/function/opt-66b-submod-0-latency-25.cdgp
1704042842298500009,1704042844386017222,200,http://172.169.8.253:31112/function/opt-66b-submod-0-latency-25.cdgp
1704042842299021489,1704042851609041898,500,http://172.169.8.253:31112/function/opt-66b-submod-0-latency-25.cdgp
1704042842299110622,1704042843916430359,200,http://172.169.8.253:31112/function/opt-66b-submod-0-latency-25.cdgp
1704042842299180876,1704042852300344339,500,http://172.169.8.253:31112/function/opt-66b-submod-0-latency-25.cdgp
1704042842299251056,1704042851746504160,500,http://172.169.8.253:31112/function/opt-66b-submod-0-latency-25.cdgp
1704042842299268109,1704042851769495484,500,http://172.169.8.253:31112/function/opt-66b-submod-0-latency-25.cdgp
1704042842299347690,1704042851772403116,500,http://172.169.8.253:31112/function/opt-66b-submod-0-latency-25.cdgp
1704042842299444610,1704042844727210548,200,http://172.169.8.253:31112/function/opt-66b-submod-0-latency-25.cdgp
1704042842299518783,1704042844722536498,200,http://172.169.8.253:31112/function/opt-66b-submod-0-latency-25.cdgp
1704042842299550587,1704042852133888527,500,http://172.169.8.253:31112/function/opt-66b-submod-0-latency-25.cdgp
1704042842299673478,1704042844628509309,200,http://172.169.8.253:31112/function/opt-66b-submod-0-latency-25.cdgp
1704042842299757042,1704042851745830273,500,http://172.169.8.253:31112/function/opt-66b-submod-0-latency-25.cdgp
1704042843608674237,1704042845175576890,200,http://172.169.8.253:31112/function/opt-66b-submod-0-latency-25.cdgp
1704042843608831178,1704042853115447680,500,http://172.169.8.253:31112/function/opt-66b-submod-0-latency-25.cdgp
1704042843608902522,1704042853243595768,500,http://172.169.8.253:31112/function/opt-66b-submod-0-latency-25.cdgp
1704042843608970921,1704042845159704182,200,http://172.169.8.253:31112/function/opt-66b-submod-0-latency-25.cdgp
1704042843608999890,1704042852719608873,500,http://172.169.8.253:31112/function/opt-66b-submod-0-latency-25.cdgp
1704042843609107026,1704042845445348294,200,http://172.169.8.253:31112/function/opt-66b-submod-0-latency-25.cdgp
1704042843609170363,1704042853471767315,500,http://172.169.8.253:31112/function/opt-66b-submod-0-latency-25.cdgp
1704042843609225665,1704042853516354496,500,http://172.169.8.253:31112/function/opt-66b-submod-0-latency-25.cdgp
1704042843609264958,1704042845121319438,200,http://172.169.8.253:31112/function/opt-66b-submod-0-latency-25.cdgp
1704042843609341847,1704042845270622655,200,http://172.169.8.253:31112/function/opt-66b-submod-0-latency-25.cdgp
1704042843609410886,1704042852795673895,500,http://172.169.8.253:31112/function/opt-66b-submod-0-latency-25.cdgp
1704042843609482583,1704042853239168031,500,http://172.169.8.253:31112/function/opt-66b-submod-0-latency-25.cdgp
1704042843609538262,1704042853598945652,500,http://172.169.8.253:31112/function/opt-66b-submod-0-latency-25.cdgp
1704042843609590557,1704042845644900123,200,http://172.169.8.253:31112/function/opt-66b-submod-0-latency-25.cdgp
1704042843609655901,1704042846330077496,200,http://172.169.8.253:31112/function/opt-66b-submod-0-latency-25.cdgp
1704042843609677119,1704042845160521924,200,http://172.169.8.253:31112/function/opt-66b-submod-0-latency-25.cdgp
1704042843609712077,1704042845543642558,200,http://172.169.8.253:31112/function/opt-66b-submod-0-latency-25.cdgp
1704042843609792283,1704042853235270946,500,http://172.169.8.253:31112/function/opt-66b-submod-0-latency-25.cdgp
1704042843609853459,1704042845021884342,200,http://172.169.8.253:31112/function/opt-66b-submod-0-latency-25.cdgp
1704042843609875481,1704042853516388474,500,http://172.169.8.253:31112/function/opt-66b-submod-0-latency-25.cdgp
1704042843609954502,1704042853599082953,500,http://172.169.8.253:31112/function/opt-66b-submod-0-latency-25.cdgp
1704042843610063963,1704042845873081918,200,http://172.169.8.253:31112/function/opt-66b-submod-0-latency-25.cdgp
1704042843610137104,1704042853171524071,500,http://172.169.8.253:31112/function/opt-66b-submod-0-latency-25.cdgp
1704042843610221798,1704042853584915859,500,http://172.169.8.253:31112/function/opt-66b-submod-0-latency-25.cdgp
1704042843610275380,1704042846053348310,200,http://172.169.8.253:31112/function/opt-66b-submod-0-latency-25.cdgp
1704042843610361543,1704042845490035999,200,http://172.169.8.253:31112/function/opt-66b-submod-0-latency-25.cdgp
1704042843610385863,1704042846552192383,200,http://172.169.8.253:31112/function/opt-66b-submod-0-latency-25.cdgp
1704042843610463715,1704042853599050482,500,http://172.169.8.253:31112/function/opt-66b-submod-0-latency-25.cdgp
1704042843610540472,1704042853599203264,500,http://172.169.8.253:31112/function/opt-66b-submod-0-latency-25.cdgp
1704042843610618948,1704042853491788637,500,http://172.169.8.253:31112/function/opt-66b-submod-0-latency-25.cdgp
1704042843610685466,1704042846254290553,200,http://172.169.8.253:31112/function/opt-66b-submod-0-latency-25.cdgp
1704042843610758018,1704042853176609105,500,http://172.169.8.253:31112/function/opt-66b-submod-0-latency-25.cdgp
1704042843610819218,1704042846291715684,200,http://172.169.8.253:31112/function/opt-66b-submod-0-latency-25.cdgp
1704042843610853001,1704042853599843600,500,http://172.169.8.253:31112/function/opt-66b-submod-0-latency-25.cdgp
1704042843610899872,1704042846461354953,200,http://172.169.8.253:31112/function/opt-66b-submod-0-latency-25.cdgp
1704042843610966474,1704042845879337832,200,http://172.169.8.253:31112/function/opt-66b-submod-0-latency-25.cdgp
1704042843611013620,1704042853611556030,500,http://172.169.8.253:31112/function/opt-66b-submod-0-latency-25.cdgp
1704042843611078014,1704042845370713777,200,http://172.169.8.253:31112/function/opt-66b-submod-0-latency-25.cdgp
1704042843611154389,1704042853432309811,500,http://172.169.8.253:31112/function/opt-66b-submod-0-latency-25.cdgp
1704042843611235820,1704042853599154839,500,http://172.169.8.253:31112/function/opt-66b-submod-0-latency-25.cdgp
1704042843611300473,1704042846273577937,200,http://172.169.8.253:31112/function/opt-66b-submod-0-latency-25.cdgp
1704042843611393027,1704042845313251562,200,http://172.169.8.253:31112/function/opt-66b-submod-0-latency-25.cdgp
1704042843611462127,1704042853490254389,500,http://172.169.8.253:31112/function/opt-66b-submod-0-latency-25.cdgp
1704042843611539541,1704042845877673695,200,http://172.169.8.253:31112/function/opt-66b-submod-0-latency-25.cdgp
1704042843611631380,1704042846315851274,200,http://172.169.8.253:31112/function/opt-66b-submod-0-latency-25.cdgp
1704042843611718697,1704042853305140008,500,http://172.169.8.253:31112/function/opt-66b-submod-0-latency-25.cdgp
1704042843611800908,1704042853522484824,500,http://172.169.8.253:31112/function/opt-66b-submod-0-latency-25.cdgp
1704042843611877951,1704042853612655033,500,http://172.169.8.253:31112/function/opt-66b-submod-0-latency-25.cdgp
1704042843611954366,1704042853599471352,500,http://172.169.8.253:31112/function/opt-66b-submod-0-latency-25.cdgp
1704042843612031769,1704042853310087488,500,http://172.169.8.253:31112/function/opt-66b-submod-0-latency-25.cdgp
1704042843612110893,1704042853311665229,500,http://172.169.8.253:31112/function/opt-66b-submod-0-latency-25.cdgp
1704042843612172224,1704042846290078728,200,http://172.169.8.253:31112/function/opt-66b-submod-0-latency-25.cdgp
1704042843620821166,1704042853178926247,500,http://172.169.8.253:31112/function/opt-66b-submod-0-latency-25.cdgp
1704042843620914207,1704042846288524015,200,http://172.169.8.253:31112/function/opt-66b-submod-0-latency-25.cdgp
1704042843620983259,1704042853599471382,500,http://172.169.8.253:31112/function/opt-66b-submod-0-latency-25.cdgp
1704042843621063573,1704042853307854977,500,http://172.169.8.253:31112/function/opt-66b-submod-0-latency-25.cdgp
1704042843867684627,1704042853786585955,500,http://172.169.8.253:31112/function/opt-66b-submod-0-latency-25.cdgp
1704042843867776802,1704042847069035358,200,http://172.169.8.253:31112/function/opt-66b-submod-0-latency-25.cdgp
1704042843867876239,1704042846089333449,200,http://172.169.8.253:31112/function/opt-66b-submod-0-latency-25.cdgp
1704042843867956322,1704042853783029168,500,http://172.169.8.253:31112/function/opt-66b-submod-0-latency-25.cdgp
1704042843868023386,1704042853778598081,500,http://172.169.8.253:31112/function/opt-66b-submod-0-latency-25.cdgp
1704042843868092269,1704042853704707945,500,http://172.169.8.253:31112/function/opt-66b-submod-0-latency-25.cdgp
1704042843868121771,1704042845784587479,200,http://172.169.8.253:31112/function/opt-66b-submod-0-latency-25.cdgp
1704042843868189956,1704042847105075550,200,http://172.169.8.253:31112/function/opt-66b-submod-0-latency-25.cdgp
1704042843868278503,1704042853772447913,500,http://172.169.8.253:31112/function/opt-66b-submod-0-latency-25.cdgp
1704042843868346897,1704042853869303785,500,http://172.169.8.253:31112/function/opt-66b-submod-0-latency-25.cdgp
1704042843868380413,1704042853773621287,500,http://172.169.8.253:31112/function/opt-66b-submod-0-latency-25.cdgp
1704042843868470465,1704042847165081371,200,http://172.169.8.253:31112/function/opt-66b-submod-0-latency-25.cdgp
1704042843868518472,1704042853782251987,500,http://172.169.8.253:31112/function/opt-66b-submod-0-latency-25.cdgp
1704042843868592145,1704042847095950906,200,http://172.169.8.253:31112/function/opt-66b-submod-0-latency-25.cdgp
1704042843868629887,1704042845834843708,200,http://172.169.8.253:31112/function/opt-66b-submod-0-latency-25.cdgp
1704042843868739043,1704042846927167833,200,http://172.169.8.253:31112/function/opt-66b-submod-0-latency-25.cdgp
1704042843868771393,1704042853779621154,500,http://172.169.8.253:31112/function/opt-66b-submod-0-latency-25.cdgp
1704042843868855683,1704042853782861448,500,http://172.169.8.253:31112/function/opt-66b-submod-0-latency-25.cdgp
1704042843868913978,1704042847195426351,200,http://172.169.8.253:31112/function/opt-66b-submod-0-latency-25.cdgp
1704042843868990992,1704042846973789986,200,http://172.169.8.253:31112/function/opt-66b-submod-0-latency-25.cdgp
1704042843869080140,1704042853782246253,500,http://172.169.8.253:31112/function/opt-66b-submod-0-latency-25.cdgp
1704042843869147395,1704042853782417486,500,http://172.169.8.253:31112/function/opt-66b-submod-0-latency-25.cdgp
1704042843869221586,1704042853783380166,500,http://172.169.8.253:31112/function/opt-66b-submod-0-latency-25.cdgp
1704042843869249107,1704042846970945230,200,http://172.169.8.253:31112/function/opt-66b-submod-0-latency-25.cdgp
1704042843869300554,1704042853787803399,500,http://172.169.8.253:31112/function/opt-66b-submod-0-latency-25.cdgp
1704042843869353707,1704042853776789488,500,http://172.169.8.253:31112/function/opt-66b-submod-0-latency-25.cdgp
1704042843869417008,1704042845669007021,200,http://172.169.8.253:31112/function/opt-66b-submod-0-latency-25.cdgp
1704042843869446054,1704042846952209062,200,http://172.169.8.253:31112/function/opt-66b-submod-0-latency-25.cdgp
1704042843869516723,1704042853784330010,500,http://172.169.8.253:31112/function/opt-66b-submod-0-latency-25.cdgp
1704042843869565568,1704042853775974063,500,http://172.169.8.253:31112/function/opt-66b-submod-0-latency-25.cdgp
1704042843869673646,1704042853782226047,500,http://172.169.8.253:31112/function/opt-66b-submod-0-latency-25.cdgp
1704042843869751065,1704042853704608437,500,http://172.169.8.253:31112/function/opt-66b-submod-0-latency-25.cdgp
1704042843869782078,1704042846206331418,200,http://172.169.8.253:31112/function/opt-66b-submod-0-latency-25.cdgp
1704042843869864491,1704042845711513798,200,http://172.169.8.253:31112/function/opt-66b-submod-0-latency-25.cdgp
1704042843869966324,1704042847135749662,200,http://172.169.8.253:31112/function/opt-66b-submod-0-latency-25.cdgp
1704042843870042884,1704042853782758300,500,http://172.169.8.253:31112/function/opt-66b-submod-0-latency-25.cdgp
1704042843870090049,1704042853609225632,500,http://172.169.8.253:31112/function/opt-66b-submod-0-latency-25.cdgp
1704042843870156124,1704042853775268626,500,http://172.169.8.253:31112/function/opt-66b-submod-0-latency-25.cdgp
1704042843870205560,1704042846743703193,200,http://172.169.8.253:31112/function/opt-66b-submod-0-latency-25.cdgp
1704042843870270401,1704042845821177484,200,http://172.169.8.253:31112/function/opt-66b-submod-0-latency-25.cdgp
1704042843870336112,1704042853607633402,500,http://172.169.8.253:31112/function/opt-66b-submod-0-latency-25.cdgp
1704042843870369918,1704042845633091224,200,http://172.169.8.253:31112/function/opt-66b-submod-0-latency-25.cdgp
1704042843870461338,1704042847050708137,200,http://172.169.8.253:31112/function/opt-66b-submod-0-latency-25.cdgp
1704042843870528422,1704042853779187247,500,http://172.169.8.253:31112/function/opt-66b-submod-0-latency-25.cdgp
1704042843870595232,1704042847133368311,200,http://172.169.8.253:31112/function/opt-66b-submod-0-latency-25.cdgp
1704042843870620585,1704042845615085241,200,http://172.169.8.253:31112/function/opt-66b-submod-0-latency-25.cdgp
1704042843870689638,1704042853783122321,500,http://172.169.8.253:31112/function/opt-66b-submod-0-latency-25.cdgp
1704042843888157203,1704042847120432301,200,http://172.169.8.253:31112/function/opt-66b-submod-0-latency-25.cdgp
1704042843888200146,1704042846827530416,200,http://172.169.8.253:31112/function/opt-66b-submod-0-latency-25.cdgp
1704042843888283310,1704042853787898796,500,http://172.169.8.253:31112/function/opt-66b-submod-0-latency-25.cdgp
1704042843888346571,1704042845793153094,200,http://172.169.8.253:31112/function/opt-66b-submod-0-latency-25.cdgp
1704042844885051259,1704042846945526971,200,http://172.169.8.253:31112/function/opt-66b-submod-0-latency-25.cdgp
1704042844885140494,1704042853892520797,500,http://172.169.8.253:31112/function/opt-66b-submod-0-latency-25.cdgp
1704042844885235059,1704042854158569073,500,http://172.169.8.253:31112/function/opt-66b-submod-0-latency-25.cdgp
1704042844885288553,1704042853893995561,500,http://172.169.8.253:31112/function/opt-66b-submod-0-latency-25.cdgp
1704042845344971448,1704042854266656444,500,http://172.169.8.253:31112/function/opt-66b-submod-0-latency-25.cdgp
1704042847582369419,1704042856880699184,500,http://172.169.8.253:31112/function/opt-66b-submod-0-latency-25.cdgp
1704042847582472037,1704042848408223028,200,http://172.169.8.253:31112/function/opt-66b-submod-0-latency-25.cdgp
1704042847582570969,1704042848728458208,200,http://172.169.8.253:31112/function/opt-66b-submod-0-latency-25.cdgp
1704042847582661272,1704042848780705060,200,http://172.169.8.253:31112/function/opt-66b-submod-0-latency-25.cdgp
1704042847582713415,1704042848535908833,200,http://172.169.8.253:31112/function/opt-66b-submod-0-latency-25.cdgp
1704042847582791463,1704042848470288704,200,http://172.169.8.253:31112/function/opt-66b-submod-0-latency-25.cdgp
1704042847582815273,1704042848809229426,200,http://172.169.8.253:31112/function/opt-66b-submod-0-latency-25.cdgp
1704042847582876944,1704042848512913826,200,http://172.169.8.253:31112/function/opt-66b-submod-0-latency-25.cdgp
1704042847582953695,1704042856888068666,500,http://172.169.8.253:31112/function/opt-66b-submod-0-latency-25.cdgp
1704042847780797322,1704042857059167953,500,http://172.169.8.253:31112/function/opt-66b-submod-0-latency-25.cdgp
1704042847780877296,1704042857183659875,500,http://172.169.8.253:31112/function/opt-66b-submod-0-latency-25.cdgp
1704042847780913079,1704042848759553700,200,http://172.169.8.253:31112/function/opt-66b-submod-0-latency-25.cdgp
1704042847781005843,1704042857107983275,500,http://172.169.8.253:31112/function/opt-66b-submod-0-latency-25.cdgp
1704042847781057443,1704042857183817921,500,http://172.169.8.253:31112/function/opt-66b-submod-0-latency-25.cdgp
1704042847781124544,1704042849370845583,200,http://172.169.8.253:31112/function/opt-66b-submod-0-latency-25.cdgp
1704042847781172694,1704042856883255987,500,http://172.169.8.253:31112/function/opt-66b-submod-0-latency-25.cdgp
1704042847781260317,1704042848727730847,200,http://172.169.8.253:31112/function/opt-66b-submod-0-latency-25.cdgp
1704042847781316362,1704042857295489640,500,http://172.169.8.253:31112/function/opt-66b-submod-0-latency-25.cdgp
1704042847781351680,1704042856883581344,500,http://172.169.8.253:31112/function/opt-66b-submod-0-latency-25.cdgp
1704042847781428439,1704042849222556611,200,http://172.169.8.253:31112/function/opt-66b-submod-0-latency-25.cdgp
1704042847781466737,1704042849246045182,200,http://172.169.8.253:31112/function/opt-66b-submod-0-latency-25.cdgp
1704042847781544360,1704042857127666800,500,http://172.169.8.253:31112/function/opt-66b-submod-0-latency-25.cdgp
1704042847781603876,1704042849571752601,200,http://172.169.8.253:31112/function/opt-66b-submod-0-latency-25.cdgp
1704042847781657111,1704042849528806617,200,http://172.169.8.253:31112/function/opt-66b-submod-0-latency-25.cdgp
1704042847781713121,1704042857118077655,500,http://172.169.8.253:31112/function/opt-66b-submod-0-latency-25.cdgp
1704042847781795985,1704042849515011667,200,http://172.169.8.253:31112/function/opt-66b-submod-0-latency-25.cdgp
1704042847781860158,1704042848982778074,200,http://172.169.8.253:31112/function/opt-66b-submod-0-latency-25.cdgp
1704042847781887293,1704042857440454625,500,http://172.169.8.253:31112/function/opt-66b-submod-0-latency-25.cdgp
1704042847781945460,1704042857056516036,500,http://172.169.8.253:31112/function/opt-66b-submod-0-latency-25.cdgp
1704042847782033016,1704042857203227913,500,http://172.169.8.253:31112/function/opt-66b-submod-0-latency-25.cdgp
1704042847782081068,1704042857139922033,500,http://172.169.8.253:31112/function/opt-66b-submod-0-latency-25.cdgp
1704042847782161459,1704042857141558917,500,http://172.169.8.253:31112/function/opt-66b-submod-0-latency-25.cdgp
1704042847782254101,1704042849273782237,200,http://172.169.8.253:31112/function/opt-66b-submod-0-latency-25.cdgp
1704042847782365962,1704042857309488689,500,http://172.169.8.253:31112/function/opt-66b-submod-0-latency-25.cdgp
1704042847782494950,1704042857405456425,500,http://172.169.8.253:31112/function/opt-66b-submod-0-latency-25.cdgp
1704042847782527767,1704042848936511002,200,http://172.169.8.253:31112/function/opt-66b-submod-0-latency-25.cdgp
1704042847782583474,1704042849329044319,200,http://172.169.8.253:31112/function/opt-66b-submod-0-latency-25.cdgp
1704042847782609307,1704042849783776954,200,http://172.169.8.253:31112/function/opt-66b-submod-0-latency-25.cdgp
1704042847818192876,1704042857393855749,500,http://172.169.8.253:31112/function/opt-66b-submod-0-latency-25.cdgp
1704042847818277297,1704042857440471425,500,http://172.169.8.253:31112/function/opt-66b-submod-0-latency-25.cdgp
1704042847818423351,1704042857109614872,500,http://172.169.8.253:31112/function/opt-66b-submod-0-latency-25.cdgp
1704042847818486646,1704042857440547415,500,http://172.169.8.253:31112/function/opt-66b-submod-0-latency-25.cdgp
1704042847818512728,1704042849277242678,200,http://172.169.8.253:31112/function/opt-66b-submod-0-latency-25.cdgp
1704042847818581267,1704042857110080755,500,http://172.169.8.253:31112/function/opt-66b-submod-0-latency-25.cdgp
1704042847818817993,1704042857200031762,500,http://172.169.8.253:31112/function/opt-66b-submod-0-latency-25.cdgp
1704042847818917117,1704042849783764578,200,http://172.169.8.253:31112/function/opt-66b-submod-0-latency-25.cdgp
1704042847818995688,1704042849601575431,200,http://172.169.8.253:31112/function/opt-66b-submod-0-latency-25.cdgp
1704042847819044878,1704042849529849692,200,http://172.169.8.253:31112/function/opt-66b-submod-0-latency-25.cdgp
1704042847858600727,1704042849604092980,200,http://172.169.8.253:31112/function/opt-66b-submod-0-latency-25.cdgp
1704042847908102571,1704042849277204906,200,http://172.169.8.253:31112/function/opt-66b-submod-0-latency-25.cdgp
1704042848994026874,1704042858684921363,500,http://172.169.8.253:31112/function/opt-66b-submod-0-latency-25.cdgp
1704042848994104290,1704042858704183253,500,http://172.169.8.253:31112/function/opt-66b-submod-0-latency-25.cdgp
1704042848994249799,1704042858919626392,500,http://172.169.8.253:31112/function/opt-66b-submod-0-latency-25.cdgp
1704042848994363327,1704042858739439241,500,http://172.169.8.253:31112/function/opt-66b-submod-0-latency-25.cdgp
1704042848994449974,1704042858779769547,500,http://172.169.8.253:31112/function/opt-66b-submod-0-latency-25.cdgp
1704042848994512678,1704042850446775079,200,http://172.169.8.253:31112/function/opt-66b-submod-0-latency-25.cdgp
1704042848994579077,1704042850048054330,200,http://172.169.8.253:31112/function/opt-66b-submod-0-latency-25.cdgp
1704042848994644451,1704042850446647831,200,http://172.169.8.253:31112/function/opt-66b-submod-0-latency-25.cdgp
1704042848994697171,1704042851020204988,200,http://172.169.8.253:31112/function/opt-66b-submod-0-latency-25.cdgp
1704042848994756580,1704042850715902942,200,http://172.169.8.253:31112/function/opt-66b-submod-0-latency-25.cdgp
1704042848994825113,1704042853231631581,200,http://172.169.8.253:31112/function/opt-66b-submod-0-latency-25.cdgp
1704042848994901497,1704042851744970305,200,http://172.169.8.253:31112/function/opt-66b-submod-0-latency-25.cdgp
1704042848995002560,1704042858919250122,500,http://172.169.8.253:31112/function/opt-66b-submod-0-latency-25.cdgp
1704042848995072998,1704042850719728134,200,http://172.169.8.253:31112/function/opt-66b-submod-0-latency-25.cdgp
1704042848995126149,1704042858976118033,500,http://172.169.8.253:31112/function/opt-66b-submod-0-latency-25.cdgp
1704042848995195327,1704042858739440586,500,http://172.169.8.253:31112/function/opt-66b-submod-0-latency-25.cdgp
1704042848995261247,1704042858976614908,500,http://172.169.8.253:31112/function/opt-66b-submod-0-latency-25.cdgp
1704042848995356912,1704042851745920091,200,http://172.169.8.253:31112/function/opt-66b-submod-0-latency-25.cdgp
1704042848995409044,1704042858976995344,500,http://172.169.8.253:31112/function/opt-66b-submod-0-latency-25.cdgp
1704042848995496596,1704042850625834040,200,http://172.169.8.253:31112/function/opt-66b-submod-0-latency-25.cdgp
1704042848995573777,1704042851609057146,200,http://172.169.8.253:31112/function/opt-66b-submod-0-latency-25.cdgp
1704042848995604456,1704042850933826628,200,http://172.169.8.253:31112/function/opt-66b-submod-0-latency-25.cdgp
1704042848995668442,1704042852479152025,200,http://172.169.8.253:31112/function/opt-66b-submod-0-latency-25.cdgp
1704042848995766105,1704042851571175516,200,http://172.169.8.253:31112/function/opt-66b-submod-0-latency-25.cdgp
1704042848995853274,1704042851743452355,200,http://172.169.8.253:31112/function/opt-66b-submod-0-latency-25.cdgp
1704042848995928212,1704042850671462102,200,http://172.169.8.253:31112/function/opt-66b-submod-0-latency-25.cdgp
1704042848995991445,1704042851770624493,200,http://172.169.8.253:31112/function/opt-66b-submod-0-latency-25.cdgp
1704042848996042617,1704042851569842063,200,http://172.169.8.253:31112/function/opt-66b-submod-0-latency-25.cdgp
1704042848996115057,1704042852477106885,200,http://172.169.8.253:31112/function/opt-66b-submod-0-latency-25.cdgp
1704042848996183790,1704042858883468409,500,http://172.169.8.253:31112/function/opt-66b-submod-0-latency-25.cdgp
1704042848996246831,1704042852487523056,200,http://172.169.8.253:31112/function/opt-66b-submod-0-latency-25.cdgp
1704042848996313524,1704042852112004444,200,http://172.169.8.253:31112/function/opt-66b-submod-0-latency-25.cdgp
1704042848996402931,1704042853422829966,200,http://172.169.8.253:31112/function/opt-66b-submod-0-latency-25.cdgp
1704042848996477535,1704042858996984820,500,http://172.169.8.253:31112/function/opt-66b-submod-0-latency-25.cdgp
1704042848996556048,1704042858890087922,500,http://172.169.8.253:31112/function/opt-66b-submod-0-latency-25.cdgp
1704042848996630391,1704042853234785215,200,http://172.169.8.253:31112/function/opt-66b-submod-0-latency-25.cdgp
1704042848996672146,1704042850446734074,200,http://172.169.8.253:31112/function/opt-66b-submod-0-latency-25.cdgp
1704042848996758324,1704042858740379833,500,http://172.169.8.253:31112/function/opt-66b-submod-0-latency-25.cdgp
1704042848996823993,1704042851402571466,200,http://172.169.8.253:31112/function/opt-66b-submod-0-latency-25.cdgp
1704042848996919944,1704042852483509847,200,http://172.169.8.253:31112/function/opt-66b-submod-0-latency-25.cdgp
1704042848996987213,1704042850446443650,200,http://172.169.8.253:31112/function/opt-66b-submod-0-latency-25.cdgp
1704042848997016649,1704042851214556775,200,http://172.169.8.253:31112/function/opt-66b-submod-0-latency-25.cdgp
1704042848997054145,1704042858919235074,500,http://172.169.8.253:31112/function/opt-66b-submod-0-latency-25.cdgp
1704042848997108828,1704042851565711016,200,http://172.169.8.253:31112/function/opt-66b-submod-0-latency-25.cdgp
1704042848997134369,1704042858703419330,500,http://172.169.8.253:31112/function/opt-66b-submod-0-latency-25.cdgp
1704042848997172498,1704042858704201296,500,http://172.169.8.253:31112/function/opt-66b-submod-0-latency-25.cdgp
1704042848997202744,1704042858919157378,500,http://172.169.8.253:31112/function/opt-66b-submod-0-latency-25.cdgp
1704042848997285028,1704042858984425190,500,http://172.169.8.253:31112/function/opt-66b-submod-0-latency-25.cdgp
1704042848997355463,1704042858705168687,500,http://172.169.8.253:31112/function/opt-66b-submod-0-latency-25.cdgp
1704042848997415255,1704042852486329023,200,http://172.169.8.253:31112/function/opt-66b-submod-0-latency-25.cdgp
1704042848997429518,1704042851317056543,200,http://172.169.8.253:31112/function/opt-66b-submod-0-latency-25.cdgp
1704042848997479898,1704042858740769920,500,http://172.169.8.253:31112/function/opt-66b-submod-0-latency-25.cdgp
1704042848997511101,1704042851743181486,200,http://172.169.8.253:31112/function/opt-66b-submod-0-latency-25.cdgp
1704042848997576746,1704042858703276745,500,http://172.169.8.253:31112/function/opt-66b-submod-0-latency-25.cdgp
1704042848997654827,1704042858883930185,500,http://172.169.8.253:31112/function/opt-66b-submod-0-latency-25.cdgp
1704042848997684692,1704042853236398689,200,http://172.169.8.253:31112/function/opt-66b-submod-0-latency-25.cdgp
1704042848997723973,1704042852484084244,200,http://172.169.8.253:31112/function/opt-66b-submod-0-latency-25.cdgp
1704042848997747413,1704042851768134533,200,http://172.169.8.253:31112/function/opt-66b-submod-0-latency-25.cdgp
1704042848997776583,1704042851318368550,200,http://172.169.8.253:31112/function/opt-66b-submod-0-latency-25.cdgp
1704042848997817764,1704042858740382708,500,http://172.169.8.253:31112/function/opt-66b-submod-0-latency-25.cdgp
1704042849240648893,1704042855811568433,200,http://172.169.8.253:31112/function/opt-66b-submod-0-latency-25.cdgp
1704042849259985878,1704042851316972234,200,http://172.169.8.253:31112/function/opt-66b-submod-0-latency-25.cdgp
1704042849260066576,1704042859255879268,500,http://172.169.8.253:31112/function/opt-66b-submod-0-latency-25.cdgp
1704042849260158171,1704042858918993661,500,http://172.169.8.253:31112/function/opt-66b-submod-0-latency-25.cdgp
1704042849260240909,1704042851998395954,200,http://172.169.8.253:31112/function/opt-66b-submod-0-latency-25.cdgp
1704042849260327324,1704042851568617101,200,http://172.169.8.253:31112/function/opt-66b-submod-0-latency-25.cdgp
1704042849260403369,1704042851209095346,200,http://172.169.8.253:31112/function/opt-66b-submod-0-latency-25.cdgp
1704042849260481128,1704042851768038117,200,http://172.169.8.253:31112/function/opt-66b-submod-0-latency-25.cdgp
1704042849260556560,1704042853037088047,200,http://172.169.8.253:31112/function/opt-66b-submod-0-latency-25.cdgp
1704042849260634987,1704042859217136888,500,http://172.169.8.253:31112/function/opt-66b-submod-0-latency-25.cdgp
1704042849260696248,1704042859214846655,500,http://172.169.8.253:31112/function/opt-66b-submod-0-latency-25.cdgp
1704042849316871779,1704042852214429206,200,http://172.169.8.253:31112/function/opt-66b-submod-0-latency-25.cdgp
1704042849316931393,1704042852482592966,200,http://172.169.8.253:31112/function/opt-66b-submod-0-latency-25.cdgp
1704042849317028031,1704042854005537053,200,http://172.169.8.253:31112/function/opt-66b-submod-0-latency-25.cdgp
1704042849317110232,1704042853082336902,200,http://172.169.8.253:31112/function/opt-66b-submod-0-latency-25.cdgp
1704042849317151018,1704042854690939227,200,http://172.169.8.253:31112/function/opt-66b-submod-0-latency-25.cdgp
1704042849317235094,1704042852368150582,200,http://172.169.8.253:31112/function/opt-66b-submod-0-latency-25.cdgp
1704042849317343498,1704042853045287982,200,http://172.169.8.253:31112/function/opt-66b-submod-0-latency-25.cdgp
1704042849317409518,1704042859217891211,500,http://172.169.8.253:31112/function/opt-66b-submod-0-latency-25.cdgp
1704042849317440037,1704042852480740127,200,http://172.169.8.253:31112/function/opt-66b-submod-0-latency-25.cdgp
1704042849317525982,1704042854702160735,200,http://172.169.8.253:31112/function/opt-66b-submod-0-latency-25.cdgp
1704042849317595053,1704042859317995438,500,http://172.169.8.253:31112/function/opt-66b-submod-0-latency-25.cdgp
1704042849317623278,1704042859317997723,500,http://172.169.8.253:31112/function/opt-66b-submod-0-latency-25.cdgp
1704042849317714455,1704042853043618412,200,http://172.169.8.253:31112/function/opt-66b-submod-0-latency-25.cdgp
1704042849317787152,1704042852114128371,200,http://172.169.8.253:31112/function/opt-66b-submod-0-latency-25.cdgp
1704042849317812674,1704042859218762418,500,http://172.169.8.253:31112/function/opt-66b-submod-0-latency-25.cdgp
1704042849317907531,1704042851975282613,200,http://172.169.8.253:31112/function/opt-66b-submod-0-latency-25.cdgp
1704042849318003743,1704042851570221767,200,http://172.169.8.253:31112/function/opt-66b-submod-0-latency-25.cdgp
1704042849318073832,1704042859230306907,500,http://172.169.8.253:31112/function/opt-66b-submod-0-latency-25.cdgp
1704042849318149530,1704042859138424100,500,http://172.169.8.253:31112/function/opt-66b-submod-0-latency-25.cdgp
1704042849323732975,1704042854307969300,200,http://172.169.8.253:31112/function/opt-66b-submod-0-latency-25.cdgp
1704042849323777796,1704042854904978941,200,http://172.169.8.253:31112/function/opt-66b-submod-0-latency-25.cdgp
1704042849323862605,1704042859143407678,500,http://172.169.8.253:31112/function/opt-66b-submod-0-latency-25.cdgp
1704042849323918710,1704042853006319496,200,http://172.169.8.253:31112/function/opt-66b-submod-0-latency-25.cdgp
1704042849323932813,1704042853086623646,200,http://172.169.8.253:31112/function/opt-66b-submod-0-latency-25.cdgp
1704042849324024344,1704042853237087546,200,http://172.169.8.253:31112/function/opt-66b-submod-0-latency-25.cdgp
1704042849324094433,1704042852481174166,200,http://172.169.8.253:31112/function/opt-66b-submod-0-latency-25.cdgp
1704042849324120283,1704042859137562702,500,http://172.169.8.253:31112/function/opt-66b-submod-0-latency-25.cdgp
1704042849330625535,1704042859331459678,500,http://172.169.8.253:31112/function/opt-66b-submod-0-latency-25.cdgp
1704042849330708226,1704042859219242237,500,http://172.169.8.253:31112/function/opt-66b-submod-0-latency-25.cdgp
1704042849330791981,1704042859218681336,500,http://172.169.8.253:31112/function/opt-66b-submod-0-latency-25.cdgp
1704042849330886555,1704042855913651069,200,http://172.169.8.253:31112/function/opt-66b-submod-0-latency-25.cdgp
1704042849367557406,1704042859261584453,500,http://172.169.8.253:31112/function/opt-66b-submod-0-latency-25.cdgp
1704042849367641849,1704042859368773560,500,http://172.169.8.253:31112/function/opt-66b-submod-0-latency-25.cdgp
1704042849367672584,1704042854007255942,200,http://172.169.8.253:31112/function/opt-66b-submod-0-latency-25.cdgp
1704042849367775629,1704042853271992132,200,http://172.169.8.253:31112/function/opt-66b-submod-0-latency-25.cdgp
1704042849367956929,1704042859368802745,500,http://172.169.8.253:31112/function/opt-66b-submod-0-latency-25.cdgp
1704042849369963569,1704042859255783917,500,http://172.169.8.253:31112/function/opt-66b-submod-0-latency-25.cdgp
1704042849370118076,1704042859370968173,500,http://172.169.8.253:31112/function/opt-66b-submod-0-latency-25.cdgp
1704042849370250889,1704042853075783012,200,http://172.169.8.253:31112/function/opt-66b-submod-0-latency-25.cdgp
1704042849370336485,1704042852155650169,200,http://172.169.8.253:31112/function/opt-66b-submod-0-latency-25.cdgp
1704042849370395304,1704042852519560265,200,http://172.169.8.253:31112/function/opt-66b-submod-0-latency-25.cdgp
1704042849370442988,1704042854342142033,200,http://172.169.8.253:31112/function/opt-66b-submod-0-latency-25.cdgp
1704042849370568332,1704042853037684814,200,http://172.169.8.253:31112/function/opt-66b-submod-0-latency-25.cdgp
1704042849370660701,1704042852032632002,200,http://172.169.8.253:31112/function/opt-66b-submod-0-latency-25.cdgp
1704042849403647579,1704042859405400654,500,http://172.169.8.253:31112/function/opt-66b-submod-0-latency-25.cdgp
1704042849403728519,1704042859394521412,500,http://172.169.8.253:31112/function/opt-66b-submod-0-latency-25.cdgp
1704042849403817780,1704042859402447329,500,http://172.169.8.253:31112/function/opt-66b-submod-0-latency-25.cdgp
1704042849403904255,1704042859405379236,500,http://172.169.8.253:31112/function/opt-66b-submod-0-latency-25.cdgp
1704042849403967763,1704042859398452476,500,http://172.169.8.253:31112/function/opt-66b-submod-0-latency-25.cdgp
1704042849404032027,1704042859405405395,500,http://172.169.8.253:31112/function/opt-66b-submod-0-latency-25.cdgp
1704042849404063857,1704042854001099283,200,http://172.169.8.253:31112/function/opt-66b-submod-0-latency-25.cdgp
1704042849404153976,1704042859405391962,500,http://172.169.8.253:31112/function/opt-66b-submod-0-latency-25.cdgp
1704042849404187510,1704042859404693192,500,http://172.169.8.253:31112/function/opt-66b-submod-0-latency-25.cdgp
1704042849404287342,1704042855720268603,200,http://172.169.8.253:31112/function/opt-66b-submod-0-latency-25.cdgp
1704042849404309912,1704042859405364325,500,http://172.169.8.253:31112/function/opt-66b-submod-0-latency-25.cdgp
1704042849404430298,1704042854687208228,200,http://172.169.8.253:31112/function/opt-66b-submod-0-latency-25.cdgp
1704042849404491956,1704042854690506667,200,http://172.169.8.253:31112/function/opt-66b-submod-0-latency-25.cdgp
1704042849404567470,1704042859404886745,500,http://172.169.8.253:31112/function/opt-66b-submod-0-latency-25.cdgp
1704042849404618255,1704042859405388523,500,http://172.169.8.253:31112/function/opt-66b-submod-0-latency-25.cdgp
1704042849404694139,1704042859404891266,500,http://172.169.8.253:31112/function/opt-66b-submod-0-latency-25.cdgp
1704042849404777576,1704042852485437395,200,http://172.169.8.253:31112/function/opt-66b-submod-0-latency-25.cdgp
1704042849404810948,1704042852867094340,200,http://172.169.8.253:31112/function/opt-66b-submod-0-latency-25.cdgp
1704042849404871338,1704042859405363098,500,http://172.169.8.253:31112/function/opt-66b-submod-0-latency-25.cdgp
1704042849404922708,1704042859405376615,500,http://172.169.8.253:31112/function/opt-66b-submod-0-latency-25.cdgp
1704042849405019050,1704042852474873157,200,http://172.169.8.253:31112/function/opt-66b-submod-0-latency-25.cdgp
1704042849405100230,1704042859399338199,500,http://172.169.8.253:31112/function/opt-66b-submod-0-latency-25.cdgp
1704042849405158862,1704042859405411499,500,http://172.169.8.253:31112/function/opt-66b-submod-0-latency-25.cdgp
1704042849405251069,1704042853036035573,200,http://172.169.8.253:31112/function/opt-66b-submod-0-latency-25.cdgp
1704042849407860007,1704042859408275286,500,http://172.169.8.253:31112/function/opt-66b-submod-0-latency-25.cdgp
1704042849407985669,1704042852879474510,200,http://172.169.8.253:31112/function/opt-66b-submod-0-latency-25.cdgp
1704042849408080057,1704042859408373409,500,http://172.169.8.253:31112/function/opt-66b-submod-0-latency-25.cdgp
1704042849408150468,1704042859408287257,500,http://172.169.8.253:31112/function/opt-66b-submod-0-latency-25.cdgp
1704042849408792383,1704042853226599945,200,http://172.169.8.253:31112/function/opt-66b-submod-0-latency-25.cdgp
1704042849408863086,1704042859398919402,500,http://172.169.8.253:31112/function/opt-66b-submod-0-latency-25.cdgp
1704042849408926934,1704042851934668319,200,http://172.169.8.253:31112/function/opt-66b-submod-0-latency-25.cdgp
1704042849408956713,1704042859409459263,500,http://172.169.8.253:31112/function/opt-66b-submod-0-latency-25.cdgp
1704042849409004446,1704042855715162033,200,http://172.169.8.253:31112/function/opt-66b-submod-0-latency-25.cdgp
1704042849409029042,1704042855769370122,200,http://172.169.8.253:31112/function/opt-66b-submod-0-latency-25.cdgp
1704042849409108966,1704042855950399012,200,http://172.169.8.253:31112/function/opt-66b-submod-0-latency-25.cdgp
1704042849409185563,1704042859409450678,500,http://172.169.8.253:31112/function/opt-66b-submod-0-latency-25.cdgp
1704042849409261485,1704042853422373572,200,http://172.169.8.253:31112/function/opt-66b-submod-0-latency-25.cdgp
1704042849414368799,1704042859414892542,500,http://172.169.8.253:31112/function/opt-66b-submod-0-latency-25.cdgp
1704042849414434046,1704042859414899785,500,http://172.169.8.253:31112/function/opt-66b-submod-0-latency-25.cdgp
1704042849414490784,1704042859414777463,500,http://172.169.8.253:31112/function/opt-66b-submod-0-latency-25.cdgp
1704042849414539354,1704042859414962751,500,http://172.169.8.253:31112/function/opt-66b-submod-0-latency-25.cdgp
1704042849416260429,1704042859417037465,500,http://172.169.8.253:31112/function/opt-66b-submod-0-latency-25.cdgp
1704042849416347984,1704042854726513327,200,http://172.169.8.253:31112/function/opt-66b-submod-0-latency-25.cdgp
1704042849416437104,1704042855769746003,200,http://172.169.8.253:31112/function/opt-66b-submod-0-latency-25.cdgp
1704042849465593500,1704042852516829364,200,http://172.169.8.253:31112/function/opt-66b-submod-0-latency-25.cdgp
1704042849467444337,1704042859468433145,500,http://172.169.8.253:31112/function/opt-66b-submod-0-latency-25.cdgp
1704042849467557990,1704042859401143611,500,http://172.169.8.253:31112/function/opt-66b-submod-0-latency-25.cdgp
1704042849467622582,1704042859468411585,500,http://172.169.8.253:31112/function/opt-66b-submod-0-latency-25.cdgp
1704042849467687891,1704042856560016320,200,http://172.169.8.253:31112/function/opt-66b-submod-0-latency-25.cdgp
1704042849467759417,1704042859401675210,500,http://172.169.8.253:31112/function/opt-66b-submod-0-latency-25.cdgp
1704042849703489316,1704042856519915529,200,http://172.169.8.253:31112/function/opt-66b-submod-0-latency-25.cdgp
1704042849703615023,1704042853503969006,200,http://172.169.8.253:31112/function/opt-66b-submod-0-latency-25.cdgp
1704042849703695688,1704042856725608241,200,http://172.169.8.253:31112/function/opt-66b-submod-0-latency-25.cdgp
1704042849703774150,1704042857142039578,200,http://172.169.8.253:31112/function/opt-66b-submod-0-latency-25.cdgp
1704042849703868775,1704042853004196365,200,http://172.169.8.253:31112/function/opt-66b-submod-0-latency-25.cdgp
1704042849703963513,1704042854049248402,200,http://172.169.8.253:31112/function/opt-66b-submod-0-latency-25.cdgp
1704042849704082112,1704042856004004752,200,http://172.169.8.253:31112/function/opt-66b-submod-0-latency-25.cdgp
1704042849704163276,1704042854701369368,200,http://172.169.8.253:31112/function/opt-66b-submod-0-latency-25.cdgp
1704042849704248379,1704042859705040154,500,http://172.169.8.253:31112/function/opt-66b-submod-0-latency-25.cdgp
1704042849704352217,1704042859705054308,500,http://172.169.8.253:31112/function/opt-66b-submod-0-latency-25.cdgp
1704042849704362101,1704042856517807186,200,http://172.169.8.253:31112/function/opt-66b-submod-0-latency-25.cdgp
1704042849704454133,1704042859659649898,500,http://172.169.8.253:31112/function/opt-66b-submod-0-latency-25.cdgp
1704042849704521312,1704042859704914777,500,http://172.169.8.253:31112/function/opt-66b-submod-0-latency-25.cdgp
1704042849704601619,1704042859705048636,500,http://172.169.8.253:31112/function/opt-66b-submod-0-latency-25.cdgp
1704042849704680435,1704042859704938422,500,http://172.169.8.253:31112/function/opt-66b-submod-0-latency-25.cdgp
1704042849704762260,1704042859662653363,500,http://172.169.8.253:31112/function/opt-66b-submod-0-latency-25.cdgp
1704042849704835668,1704042856519425055,200,http://172.169.8.253:31112/function/opt-66b-submod-0-latency-25.cdgp
1704042849704898354,1704042852296932024,200,http://172.169.8.253:31112/function/opt-66b-submod-0-latency-25.cdgp
1704042849704979783,1704042856560412615,200,http://172.169.8.253:31112/function/opt-66b-submod-0-latency-25.cdgp
1704042849705066104,1704042856327644478,200,http://172.169.8.253:31112/function/opt-66b-submod-0-latency-25.cdgp
1704042849705110749,1704042853438575706,200,http://172.169.8.253:31112/function/opt-66b-submod-0-latency-25.cdgp
1704042849705193148,1704042859645443626,500,http://172.169.8.253:31112/function/opt-66b-submod-0-latency-25.cdgp
1704042849705263580,1704042859657847273,500,http://172.169.8.253:31112/function/opt-66b-submod-0-latency-25.cdgp
1704042849705295642,1704042855956117524,200,http://172.169.8.253:31112/function/opt-66b-submod-0-latency-25.cdgp
1704042849705367239,1704042855956372827,200,http://172.169.8.253:31112/function/opt-66b-submod-0-latency-25.cdgp
1704042849705420822,1704042859705984519,500,http://172.169.8.253:31112/function/opt-66b-submod-0-latency-25.cdgp
1704042849705485005,1704042859665068953,500,http://172.169.8.253:31112/function/opt-66b-submod-0-latency-25.cdgp
1704042849705568373,1704042859705984489,500,http://172.169.8.253:31112/function/opt-66b-submod-0-latency-25.cdgp
1704042849705601342,1704042852066813026,200,http://172.169.8.253:31112/function/opt-66b-submod-0-latency-25.cdgp
1704042849758568702,1704042859660299136,500,http://172.169.8.253:31112/function/opt-66b-submod-0-latency-25.cdgp
1704042849758661047,1704042859759476317,500,http://172.169.8.253:31112/function/opt-66b-submod-0-latency-25.cdgp
1704042849758727013,1704042854673990616,200,http://172.169.8.253:31112/function/opt-66b-submod-0-latency-25.cdgp
1704042849758789366,1704042853461921965,200,http://172.169.8.253:31112/function/opt-66b-submod-0-latency-25.cdgp
1704042849758809221,1704042859660722825,500,http://172.169.8.253:31112/function/opt-66b-submod-0-latency-25.cdgp
1704042849758893523,1704042859759491570,500,http://172.169.8.253:31112/function/opt-66b-submod-0-latency-25.cdgp
1704042849758966318,1704042859655354048,500,http://172.169.8.253:31112/function/opt-66b-submod-0-latency-25.cdgp
1704042849758998492,1704042856330344644,200,http://172.169.8.253:31112/function/opt-66b-submod-0-latency-25.cdgp
1704042849759086259,1704042854125846600,200,http://172.169.8.253:31112/function/opt-66b-submod-0-latency-25.cdgp
1704042849759171733,1704042859667793911,500,http://172.169.8.253:31112/function/opt-66b-submod-0-latency-25.cdgp
1704042849759261121,1704042852580760649,200,http://172.169.8.253:31112/function/opt-66b-submod-0-latency-25.cdgp
1704042849759351929,1704042856517177297,200,http://172.169.8.253:31112/function/opt-66b-submod-0-latency-25.cdgp
1704042849759436466,1704042859668391206,500,http://172.169.8.253:31112/function/opt-66b-submod-0-latency-25.cdgp
1704042849759572341,1704042853269593038,200,http://172.169.8.253:31112/function/opt-66b-submod-0-latency-25.cdgp
1704042849759711051,1704042859665336989,500,http://172.169.8.253:31112/function/opt-66b-submod-0-latency-25.cdgp
1704042849759786781,1704042853667918704,200,http://172.169.8.253:31112/function/opt-66b-submod-0-latency-25.cdgp
1704042849759884373,1704042856517790302,200,http://172.169.8.253:31112/function/opt-66b-submod-0-latency-25.cdgp
1704042849759964258,1704042853599859185,200,http://172.169.8.253:31112/function/opt-66b-submod-0-latency-25.cdgp
1704042849760033338,1704042858729466201,200,http://172.169.8.253:31112/function/opt-66b-submod-0-latency-25.cdgp
1704042849934098443,1704042852902081036,200,http://172.169.8.253:31112/function/opt-66b-submod-0-latency-25.cdgp
1704042849934217405,1704042853892111968,200,http://172.169.8.253:31112/function/opt-66b-submod-0-latency-25.cdgp
1704042849934290050,1704042859935816368,500,http://172.169.8.253:31112/function/opt-66b-submod-0-latency-25.cdgp
1704042849934313019,1704042857140513284,200,http://172.169.8.253:31112/function/opt-66b-submod-0-latency-25.cdgp
1704042849934327326,1704042859935817010,500,http://172.169.8.253:31112/function/opt-66b-submod-0-latency-25.cdgp
1704042849934341064,1704042859935796687,500,http://172.169.8.253:31112/function/opt-66b-submod-0-latency-25.cdgp
1704042849934354738,1704042859935811471,500,http://172.169.8.253:31112/function/opt-66b-submod-0-latency-25.cdgp
1704042849934368511,1704042855770309924,200,http://172.169.8.253:31112/function/opt-66b-submod-0-latency-25.cdgp
1704042849934382283,1704042859935806176,500,http://172.169.8.253:31112/function/opt-66b-submod-0-latency-25.cdgp
1704042849934395009,1704042855770150721,200,http://172.169.8.253:31112/function/opt-66b-submod-0-latency-25.cdgp
1704042849934441113,1704042859935543714,500,http://172.169.8.253:31112/function/opt-66b-submod-0-latency-25.cdgp
1704042849934542266,1704042859935790634,500,http://172.169.8.253:31112/function/opt-66b-submod-0-latency-25.cdgp
1704042849934590587,1704042859935525723,500,http://172.169.8.253:31112/function/opt-66b-submod-0-latency-25.cdgp
1704042849934673477,1704042854144180601,200,http://172.169.8.253:31112/function/opt-66b-submod-0-latency-25.cdgp
1704042849949148521,1704042855769518750,200,http://172.169.8.253:31112/function/opt-66b-submod-0-latency-25.cdgp
1704042849949241556,1704042859949958982,500,http://172.169.8.253:31112/function/opt-66b-submod-0-latency-25.cdgp
1704042849949354820,1704042859949974345,500,http://172.169.8.253:31112/function/opt-66b-submod-0-latency-25.cdgp
1704042849949434651,1704042859949945841,500,http://172.169.8.253:31112/function/opt-66b-submod-0-latency-25.cdgp
1704042849949531479,1704042854690448175,200,http://172.169.8.253:31112/function/opt-66b-submod-0-latency-25.cdgp
1704042849949607091,1704042853275584415,200,http://172.169.8.253:31112/function/opt-66b-submod-0-latency-25.cdgp
1704042849949684378,1704042857173313273,200,http://172.169.8.253:31112/function/opt-66b-submod-0-latency-25.cdgp
1704042849949748998,1704042852999013405,200,http://172.169.8.253:31112/function/opt-66b-submod-0-latency-25.cdgp
1704042849949804620,1704042859949963234,500,http://172.169.8.253:31112/function/opt-66b-submod-0-latency-25.cdgp
1704042849949861242,1704042856517365231,200,http://172.169.8.253:31112/function/opt-66b-submod-0-latency-25.cdgp
1704042849949947368,1704042854785980335,200,http://172.169.8.253:31112/function/opt-66b-submod-0-latency-25.cdgp
1704042849950091783,1704042859951139179,500,http://172.169.8.253:31112/function/opt-66b-submod-0-latency-25.cdgp
1704042849950143194,1704042855345707762,200,http://172.169.8.253:31112/function/opt-66b-submod-0-latency-25.cdgp
1704042849950248941,1704042855296068324,200,http://172.169.8.253:31112/function/opt-66b-submod-0-latency-25.cdgp
1704042849950327290,1704042853704593923,200,http://172.169.8.253:31112/function/opt-66b-submod-0-latency-25.cdgp
1704042849950381287,1704042855721442655,200,http://172.169.8.253:31112/function/opt-66b-submod-0-latency-25.cdgp
1704042849950454691,1704042854331985221,200,http://172.169.8.253:31112/function/opt-66b-submod-0-latency-25.cdgp
1704042849950513537,1704042855060320488,200,http://172.169.8.253:31112/function/opt-66b-submod-0-latency-25.cdgp
1704042849950584080,1704042854373369830,200,http://172.169.8.253:31112/function/opt-66b-submod-0-latency-25.cdgp
1704042849950612828,1704042856331470811,200,http://172.169.8.253:31112/function/opt-66b-submod-0-latency-25.cdgp
1704042849950704928,1704042859951128840,500,http://172.169.8.253:31112/function/opt-66b-submod-0-latency-25.cdgp
1704042849950778606,1704042859951115796,500,http://172.169.8.253:31112/function/opt-66b-submod-0-latency-25.cdgp
1704042849950821057,1704042858738458000,200,http://172.169.8.253:31112/function/opt-66b-submod-0-latency-25.cdgp
1704042849950913553,1704042859951147472,500,http://172.169.8.253:31112/function/opt-66b-submod-0-latency-25.cdgp
1704042849950977936,1704042855716985729,200,http://172.169.8.253:31112/function/opt-66b-submod-0-latency-25.cdgp
1704042849951364151,1704042859952231210,500,http://172.169.8.253:31112/function/opt-66b-submod-0-latency-25.cdgp
1704042849951438406,1704042859952224096,500,http://172.169.8.253:31112/function/opt-66b-submod-0-latency-25.cdgp
1704042849951516481,1704042858685673537,200,http://172.169.8.253:31112/function/opt-66b-submod-0-latency-25.cdgp
1704042849951595667,1704042855233304559,200,http://172.169.8.253:31112/function/opt-66b-submod-0-latency-25.cdgp
1704042849951690428,1704042859952248879,500,http://172.169.8.253:31112/function/opt-66b-submod-0-latency-25.cdgp
1704042849972763511,1704042854891370138,200,http://172.169.8.253:31112/function/opt-66b-submod-0-latency-25.cdgp
1704042849972857629,1704042858779753351,200,http://172.169.8.253:31112/function/opt-66b-submod-0-latency-25.cdgp
1704042849972943253,1704042859973404908,500,http://172.169.8.253:31112/function/opt-66b-submod-0-latency-25.cdgp
1704042849973058134,1704042857130218127,200,http://172.169.8.253:31112/function/opt-66b-submod-0-latency-25.cdgp
1704042849973125622,1704042856327816927,200,http://172.169.8.253:31112/function/opt-66b-submod-0-latency-25.cdgp
1704042849973193178,1704042859973416296,500,http://172.169.8.253:31112/function/opt-66b-submod-0-latency-25.cdgp
1704042849973230062,1704042855955969894,200,http://172.169.8.253:31112/function/opt-66b-submod-0-latency-25.cdgp
1704042849973305250,1704042859973660196,500,http://172.169.8.253:31112/function/opt-66b-submod-0-latency-25.cdgp
1704042849973373393,1704042859973675554,500,http://172.169.8.253:31112/function/opt-66b-submod-0-latency-25.cdgp
1704042849973437749,1704042855425153345,200,http://172.169.8.253:31112/function/opt-66b-submod-0-latency-25.cdgp
1704042849973462481,1704042855722359854,200,http://172.169.8.253:31112/function/opt-66b-submod-0-latency-25.cdgp
1704042849973514016,1704042859973673070,500,http://172.169.8.253:31112/function/opt-66b-submod-0-latency-25.cdgp
1704042849973549860,1704042856726002059,200,http://172.169.8.253:31112/function/opt-66b-submod-0-latency-25.cdgp
1704042849973645029,1704042859973740493,500,http://172.169.8.253:31112/function/opt-66b-submod-0-latency-25.cdgp
1704042849986487752,1704042859987710934,500,http://172.169.8.253:31112/function/opt-66b-submod-0-latency-25.cdgp
1704042849986575568,1704042854239665788,200,http://172.169.8.253:31112/function/opt-66b-submod-0-latency-25.cdgp
1704042849987499678,1704042854303026715,200,http://172.169.8.253:31112/function/opt-66b-submod-0-latency-25.cdgp
1704042849987548973,1704042854785202251,200,http://172.169.8.253:31112/function/opt-66b-submod-0-latency-25.cdgp
1704042849987631730,1704042858729474569,200,http://172.169.8.253:31112/function/opt-66b-submod-0-latency-25.cdgp
1704042849987697154,1704042859987829968,500,http://172.169.8.253:31112/function/opt-66b-submod-0-latency-25.cdgp
1704042849987770514,1704042858738476721,200,http://172.169.8.253:31112/function/opt-66b-submod-0-latency-25.cdgp
1704042849987780441,1704042858738334783,200,http://172.169.8.253:31112/function/opt-66b-submod-0-latency-25.cdgp
1704042849987902300,1704042855770079265,200,http://172.169.8.253:31112/function/opt-66b-submod-0-latency-25.cdgp
1704042849987963571,1704042859988892281,500,http://172.169.8.253:31112/function/opt-66b-submod-0-latency-25.cdgp
1704042849987998960,1704042853268346041,200,http://172.169.8.253:31112/function/opt-66b-submod-0-latency-25.cdgp
1704042849988076934,1704042858738286506,200,http://172.169.8.253:31112/function/opt-66b-submod-0-latency-25.cdgp
1704042849988182062,1704042853420791439,200,http://172.169.8.253:31112/function/opt-66b-submod-0-latency-25.cdgp
1704042849988263376,1704042855714878918,200,http://172.169.8.253:31112/function/opt-66b-submod-0-latency-25.cdgp
1704042849988327073,1704042854121396148,200,http://172.169.8.253:31112/function/opt-66b-submod-0-latency-25.cdgp
1704042849988415902,1704042854893024194,200,http://172.169.8.253:31112/function/opt-66b-submod-0-latency-25.cdgp
1704042849988490657,1704042856516238698,200,http://172.169.8.253:31112/function/opt-66b-submod-0-latency-25.cdgp
1704042849988583822,1704042859988892593,500,http://172.169.8.253:31112/function/opt-66b-submod-0-latency-25.cdgp
1704042849988690268,1704042859988888833,500,http://172.169.8.253:31112/function/opt-66b-submod-0-latency-25.cdgp
1704042849988761373,1704042856308729009,200,http://172.169.8.253:31112/function/opt-66b-submod-0-latency-25.cdgp
1704042849988792243,1704042855201692514,200,http://172.169.8.253:31112/function/opt-66b-submod-0-latency-25.cdgp
1704042849988864489,1704042859989039675,500,http://172.169.8.253:31112/function/opt-66b-submod-0-latency-25.cdgp
1704042849988947593,1704042854380293817,200,http://172.169.8.253:31112/function/opt-66b-submod-0-latency-25.cdgp
1704042849989044491,1704042853490716675,200,http://172.169.8.253:31112/function/opt-66b-submod-0-latency-25.cdgp
1704042849989125261,1704042854786215918,200,http://172.169.8.253:31112/function/opt-66b-submod-0-latency-25.cdgp
1704042849989154370,1704042856517743281,200,http://172.169.8.253:31112/function/opt-66b-submod-0-latency-25.cdgp
1704042849989217286,1704042859990048087,500,http://172.169.8.253:31112/function/opt-66b-submod-0-latency-25.cdgp
1704042849989303353,1704042859990059695,500,http://172.169.8.253:31112/function/opt-66b-submod-0-latency-25.cdgp
1704042849989382762,1704042854675100032,200,http://172.169.8.253:31112/function/opt-66b-submod-0-latency-25.cdgp
1704042849989420051,1704042855252937608,200,http://172.169.8.253:31112/function/opt-66b-submod-0-latency-25.cdgp
1704042849989486475,1704042857142140111,200,http://172.169.8.253:31112/function/opt-66b-submod-0-latency-25.cdgp
1704042849989560641,1704042854830121710,200,http://172.169.8.253:31112/function/opt-66b-submod-0-latency-25.cdgp
1704042849989664744,1704042859990048522,500,http://172.169.8.253:31112/function/opt-66b-submod-0-latency-25.cdgp
1704042851677576740,1704042854934426972,200,http://172.169.8.253:31112/function/opt-66b-submod-0-latency-25.cdgp
1704042851677730538,1704042858738925195,200,http://172.169.8.253:31112/function/opt-66b-submod-0-latency-25.cdgp
1704042851677836161,1704042855323677498,200,http://172.169.8.253:31112/function/opt-66b-submod-0-latency-25.cdgp
1704042851679328513,1704042860977054389,500,http://172.169.8.253:31112/function/opt-66b-submod-0-latency-25.cdgp
1704042851679397196,1704042853395563454,200,http://172.169.8.253:31112/function/opt-66b-submod-0-latency-25.cdgp
1704042853413956181,1704042862576372677,500,http://172.169.8.253:31112/function/opt-66b-submod-0-latency-25.cdgp
1704042853455291647,1704042858018911565,200,http://172.169.8.253:31112/function/opt-66b-submod-0-latency-25.cdgp
1704042853455421786,1704042856603758731,200,http://172.169.8.253:31112/function/opt-66b-submod-0-latency-25.cdgp
1704042853455519253,1704042858055567811,200,http://172.169.8.253:31112/function/opt-66b-submod-0-latency-25.cdgp
1704042853455601570,1704042858014130893,200,http://172.169.8.253:31112/function/opt-66b-submod-0-latency-25.cdgp
1704042853455652437,1704042855287677235,200,http://172.169.8.253:31112/function/opt-66b-submod-0-latency-25.cdgp
1704042853455744970,1704042858779838966,200,http://172.169.8.253:31112/function/opt-66b-submod-0-latency-25.cdgp
1704042853470660578,1704042862548172569,500,http://172.169.8.253:31112/function/opt-66b-submod-0-latency-25.cdgp
1704042853470734473,1704042862891504904,500,http://172.169.8.253:31112/function/opt-66b-submod-0-latency-25.cdgp
1704042853470817143,1704042862891772130,500,http://172.169.8.253:31112/function/opt-66b-submod-0-latency-25.cdgp
1704042853470887136,1704042855204242015,200,http://172.169.8.253:31112/function/opt-66b-submod-0-latency-25.cdgp
1704042853470909827,1704042857880931833,200,http://172.169.8.253:31112/function/opt-66b-submod-0-latency-25.cdgp
1704042853471009603,1704042855715171581,200,http://172.169.8.253:31112/function/opt-66b-submod-0-latency-25.cdgp
1704042853471080059,1704042862736503520,500,http://172.169.8.253:31112/function/opt-66b-submod-0-latency-25.cdgp
1704042853471153923,1704042854942174041,200,http://172.169.8.253:31112/function/opt-66b-submod-0-latency-25.cdgp
1704042853471170523,1704042862546755990,500,http://172.169.8.253:31112/function/opt-66b-submod-0-latency-25.cdgp
1704042853471252612,1704042856309291197,200,http://172.169.8.253:31112/function/opt-66b-submod-0-latency-25.cdgp
1704042853475768091,1704042862541891139,500,http://172.169.8.253:31112/function/opt-66b-submod-0-latency-25.cdgp
1704042853475842050,1704042862851581644,500,http://172.169.8.253:31112/function/opt-66b-submod-0-latency-25.cdgp
1704042853475865651,1704042862726045444,500,http://172.169.8.253:31112/function/opt-66b-submod-0-latency-25.cdgp
1704042853475940906,1704042858014407384,200,http://172.169.8.253:31112/function/opt-66b-submod-0-latency-25.cdgp
1704042853476038297,1704042857149309365,200,http://172.169.8.253:31112/function/opt-66b-submod-0-latency-25.cdgp
1704042853476077136,1704042857140952624,200,http://172.169.8.253:31112/function/opt-66b-submod-0-latency-25.cdgp
1704042853476162881,1704042855715007847,200,http://172.169.8.253:31112/function/opt-66b-submod-0-latency-25.cdgp
1704042853476220249,1704042862849967382,500,http://172.169.8.253:31112/function/opt-66b-submod-0-latency-25.cdgp
1704042853476288545,1704042858685729833,200,http://172.169.8.253:31112/function/opt-66b-submod-0-latency-25.cdgp
1704042853476318462,1704042857701323977,200,http://172.169.8.253:31112/function/opt-66b-submod-0-latency-25.cdgp
1704042853476395604,1704042855341787067,200,http://172.169.8.253:31112/function/opt-66b-submod-0-latency-25.cdgp
1704042853476466977,1704042855949659843,200,http://172.169.8.253:31112/function/opt-66b-submod-0-latency-25.cdgp
1704042853476514284,1704042855950168956,200,http://172.169.8.253:31112/function/opt-66b-submod-0-latency-25.cdgp
1704042853476584298,1704042862808068020,500,http://172.169.8.253:31112/function/opt-66b-submod-0-latency-25.cdgp
1704042853476638063,1704042862846178745,500,http://172.169.8.253:31112/function/opt-66b-submod-0-latency-25.cdgp
1704042853476700621,1704042856308998296,200,http://172.169.8.253:31112/function/opt-66b-submod-0-latency-25.cdgp
1704042853476728857,1704042862729454036,500,http://172.169.8.253:31112/function/opt-66b-submod-0-latency-25.cdgp
1704042853476787236,1704042862727740648,500,http://172.169.8.253:31112/function/opt-66b-submod-0-latency-25.cdgp
1704042854594051092,1704042863591098138,500,http://172.169.8.253:31112/function/opt-66b-submod-0-latency-25.cdgp
1704042854594177624,1704042857880686383,200,http://172.169.8.253:31112/function/opt-66b-submod-0-latency-25.cdgp
1704042854594332253,1704042858014127232,200,http://172.169.8.253:31112/function/opt-66b-submod-0-latency-25.cdgp
1704042854594401732,1704042863700979328,500,http://172.169.8.253:31112/function/opt-66b-submod-0-latency-25.cdgp
1704042854594492240,1704042856712240359,200,http://172.169.8.253:31112/function/opt-66b-submod-0-latency-25.cdgp
1704042854594571531,1704042856517898006,200,http://172.169.8.253:31112/function/opt-66b-submod-0-latency-25.cdgp
1704042854594663308,1704042863602961840,500,http://172.169.8.253:31112/function/opt-66b-submod-0-latency-25.cdgp
1704042854594741731,1704042863651263389,500,http://172.169.8.253:31112/function/opt-66b-submod-0-latency-25.cdgp
1704042854594832711,1704042863723676997,500,http://172.169.8.253:31112/function/opt-66b-submod-0-latency-25.cdgp
1704042854600621549,1704042863623852369,500,http://172.169.8.253:31112/function/opt-66b-submod-0-latency-25.cdgp
1704042854600771853,1704042863741364796,500,http://172.169.8.253:31112/function/opt-66b-submod-0-latency-25.cdgp
1704042854600895521,1704042858705943939,200,http://172.169.8.253:31112/function/opt-66b-submod-0-latency-25.cdgp
1704042854600997015,1704042863764012862,500,http://172.169.8.253:31112/function/opt-66b-submod-0-latency-25.cdgp
1704042854601109823,1704042863741374848,500,http://172.169.8.253:31112/function/opt-66b-submod-0-latency-25.cdgp
1704042854835000115,1704042858013351974,200,http://172.169.8.253:31112/function/opt-66b-submod-0-latency-25.cdgp
1704042854835678418,1704042856526869128,200,http://172.169.8.253:31112/function/opt-66b-submod-0-latency-25.cdgp
1704042855358390402,1704042864415718578,500,http://172.169.8.253:31112/function/opt-66b-submod-0-latency-25.cdgp
1704042855358607904,1704042864466342433,500,http://172.169.8.253:31112/function/opt-66b-submod-0-latency-25.cdgp
1704042855358715879,1704042865359060717,500,http://172.169.8.253:31112/function/opt-66b-submod-0-latency-25.cdgp
1704042855358786727,1704042858747742217,200,http://172.169.8.253:31112/function/opt-66b-submod-0-latency-25.cdgp
1704042855358866129,1704042857699711727,200,http://172.169.8.253:31112/function/opt-66b-submod-0-latency-25.cdgp
1704042855358949184,1704042858747754901,200,http://172.169.8.253:31112/function/opt-66b-submod-0-latency-25.cdgp
1704042855359041488,1704042858729143015,200,http://172.169.8.253:31112/function/opt-66b-submod-0-latency-25.cdgp
1704042855359123434,1704042861222664950,200,http://172.169.8.253:31112/function/opt-66b-submod-0-latency-25.cdgp
1704042855359216578,1704042858740786137,200,http://172.169.8.253:31112/function/opt-66b-submod-0-latency-25.cdgp
1704042855359281144,1704042865360252193,500,http://172.169.8.253:31112/function/opt-66b-submod-0-latency-25.cdgp
1704042855359351457,1704042858741440149,200,http://172.169.8.253:31112/function/opt-66b-submod-0-latency-25.cdgp
1704042855359407518,1704042858741802296,200,http://172.169.8.253:31112/function/opt-66b-submod-0-latency-25.cdgp
1704042855359472882,1704042858741452253,200,http://172.169.8.253:31112/function/opt-66b-submod-0-latency-25.cdgp
1704042855359527443,1704042864573447455,500,http://172.169.8.253:31112/function/opt-66b-submod-0-latency-25.cdgp
1704042855359609575,1704042859916560131,200,http://172.169.8.253:31112/function/opt-66b-submod-0-latency-25.cdgp
1704042855359697062,1704042865360268147,500,http://172.169.8.253:31112/function/opt-66b-submod-0-latency-25.cdgp
1704042855359744765,1704042864610577949,500,http://172.169.8.253:31112/function/opt-66b-submod-0-latency-25.cdgp
1704042855359823787,1704042858014106782,200,http://172.169.8.253:31112/function/opt-66b-submod-0-latency-25.cdgp
1704042855391186809,1704042865391434722,500,http://172.169.8.253:31112/function/opt-66b-submod-0-latency-25.cdgp
1704042855391274043,1704042861336026830,200,http://172.169.8.253:31112/function/opt-66b-submod-0-latency-25.cdgp
1704042855391369636,1704042865391526896,500,http://172.169.8.253:31112/function/opt-66b-submod-0-latency-25.cdgp
1704042855391438083,1704042858738807152,200,http://172.169.8.253:31112/function/opt-66b-submod-0-latency-25.cdgp
1704042855391495522,1704042860064797280,200,http://172.169.8.253:31112/function/opt-66b-submod-0-latency-25.cdgp
1704042855391590130,1704042865048413655,500,http://172.169.8.253:31112/function/opt-66b-submod-0-latency-25.cdgp
1704042855391641678,1704042860073177748,200,http://172.169.8.253:31112/function/opt-66b-submod-0-latency-25.cdgp
1704042855396670079,1704042858704281583,200,http://172.169.8.253:31112/function/opt-66b-submod-0-latency-25.cdgp
1704042855396776343,1704042865397775823,500,http://172.169.8.253:31112/function/opt-66b-submod-0-latency-25.cdgp
1704042855396851753,1704042865397982378,500,http://172.169.8.253:31112/function/opt-66b-submod-0-latency-25.cdgp
1704042855396945959,1704042858740178711,200,http://172.169.8.253:31112/function/opt-66b-submod-0-latency-25.cdgp
1704042855397021041,1704042865170718684,500,http://172.169.8.253:31112/function/opt-66b-submod-0-latency-25.cdgp
1704042855397083460,1704042857780548856,200,http://172.169.8.253:31112/function/opt-66b-submod-0-latency-25.cdgp
1704042855397159724,1704042858685162832,200,http://172.169.8.253:31112/function/opt-66b-submod-0-latency-25.cdgp
1704042855397169204,1704042858705454771,200,http://172.169.8.253:31112/function/opt-66b-submod-0-latency-25.cdgp
1704042855397221462,1704042860068965885,200,http://172.169.8.253:31112/function/opt-66b-submod-0-latency-25.cdgp
1704042855397269608,1704042858685625793,200,http://172.169.8.253:31112/function/opt-66b-submod-0-latency-25.cdgp
1704042855397343607,1704042865397883579,500,http://172.169.8.253:31112/function/opt-66b-submod-0-latency-25.cdgp
1704042855397376193,1704042860158506508,200,http://172.169.8.253:31112/function/opt-66b-submod-0-latency-25.cdgp
1704042855397436186,1704042861219229886,200,http://172.169.8.253:31112/function/opt-66b-submod-0-latency-25.cdgp
1704042855397526039,1704042858013687838,200,http://172.169.8.253:31112/function/opt-66b-submod-0-latency-25.cdgp
1704042855397551938,1704042865397904766,500,http://172.169.8.253:31112/function/opt-66b-submod-0-latency-25.cdgp
1704042855397647467,1704042860245184001,200,http://172.169.8.253:31112/function/opt-66b-submod-0-latency-25.cdgp
1704042855397768604,1704042859919722762,200,http://172.169.8.253:31112/function/opt-66b-submod-0-latency-25.cdgp
1704042855397802975,1704042865065486675,500,http://172.169.8.253:31112/function/opt-66b-submod-0-latency-25.cdgp
1704042855397880267,1704042865217790438,500,http://172.169.8.253:31112/function/opt-66b-submod-0-latency-25.cdgp
1704042855397961964,1704042857700565827,200,http://172.169.8.253:31112/function/opt-66b-submod-0-latency-25.cdgp
1704042855398001505,1704042865399142527,500,http://172.169.8.253:31112/function/opt-66b-submod-0-latency-25.cdgp
1704042855398099245,1704042864903210758,500,http://172.169.8.253:31112/function/opt-66b-submod-0-latency-25.cdgp
1704042855398141097,1704042858703383638,200,http://172.169.8.253:31112/function/opt-66b-submod-0-latency-25.cdgp
1704042855398454496,1704042858705080090,200,http://172.169.8.253:31112/function/opt-66b-submod-0-latency-25.cdgp
1704042855398484884,1704042864797742248,500,http://172.169.8.253:31112/function/opt-66b-submod-0-latency-25.cdgp
1704042855398561361,1704042861337506533,200,http://172.169.8.253:31112/function/opt-66b-submod-0-latency-25.cdgp
1704042855398633990,1704042865399148914,500,http://172.169.8.253:31112/function/opt-66b-submod-0-latency-25.cdgp
1704042855398710655,1704042860023918152,200,http://172.169.8.253:31112/function/opt-66b-submod-0-latency-25.cdgp
1704042855398759287,1704042864818584312,500,http://172.169.8.253:31112/function/opt-66b-submod-0-latency-25.cdgp
1704042855398834185,1704042865399142023,500,http://172.169.8.253:31112/function/opt-66b-submod-0-latency-25.cdgp
1704042855398858995,1704042865065512792,500,http://172.169.8.253:31112/function/opt-66b-submod-0-latency-25.cdgp
1704042855398893201,1704042860689234257,200,http://172.169.8.253:31112/function/opt-66b-submod-0-latency-25.cdgp
1704042855398935048,1704042865065609317,500,http://172.169.8.253:31112/function/opt-66b-submod-0-latency-25.cdgp
1704042855398996716,1704042865065665884,500,http://172.169.8.253:31112/function/opt-66b-submod-0-latency-25.cdgp
1704042855399068453,1704042858704207954,200,http://172.169.8.253:31112/function/opt-66b-submod-0-latency-25.cdgp
1704042855399106383,1704042861334381422,200,http://172.169.8.253:31112/function/opt-66b-submod-0-latency-25.cdgp
1704042855399167875,1704042865078382676,500,http://172.169.8.253:31112/function/opt-66b-submod-0-latency-25.cdgp
1704042855399262688,1704042865400435923,500,http://172.169.8.253:31112/function/opt-66b-submod-0-latency-25.cdgp
1704042855399359390,1704042860164372192,200,http://172.169.8.253:31112/function/opt-66b-submod-0-latency-25.cdgp
1704042855399414786,1704042865400421605,500,http://172.169.8.253:31112/function/opt-66b-submod-0-latency-25.cdgp
1704042855399457838,1704042865217941192,500,http://172.169.8.253:31112/function/opt-66b-submod-0-latency-25.cdgp
1704042855399540521,1704042865400429759,500,http://172.169.8.253:31112/function/opt-66b-submod-0-latency-25.cdgp
1704042855399650361,1704042861220822574,200,http://172.169.8.253:31112/function/opt-66b-submod-0-latency-25.cdgp
1704042855399750982,1704042865217921104,500,http://172.169.8.253:31112/function/opt-66b-submod-0-latency-25.cdgp
1704042855399827634,1704042865065650837,500,http://172.169.8.253:31112/function/opt-66b-submod-0-latency-25.cdgp
1704042855399896481,1704042865400258924,500,http://172.169.8.253:31112/function/opt-66b-submod-0-latency-25.cdgp
1704042855575046581,1704042860602864888,200,http://172.169.8.253:31112/function/opt-66b-submod-0-latency-25.cdgp
1704042855575140624,1704042861333917093,200,http://172.169.8.253:31112/function/opt-66b-submod-0-latency-25.cdgp
1704042855575299990,1704042865499852322,500,http://172.169.8.253:31112/function/opt-66b-submod-0-latency-25.cdgp
1704042855575365493,1704042865209469068,500,http://172.169.8.253:31112/function/opt-66b-submod-0-latency-25.cdgp
1704042855575418088,1704042861360299438,200,http://172.169.8.253:31112/function/opt-66b-submod-0-latency-25.cdgp
1704042855575497171,1704042861259720783,200,http://172.169.8.253:31112/function/opt-66b-submod-0-latency-25.cdgp
1704042855575540512,1704042861349564232,200,http://172.169.8.253:31112/function/opt-66b-submod-0-latency-25.cdgp
1704042855575626007,1704042865442055313,500,http://172.169.8.253:31112/function/opt-66b-submod-0-latency-25.cdgp
1704042855575669324,1704042865431214660,500,http://172.169.8.253:31112/function/opt-66b-submod-0-latency-25.cdgp
1704042855575744812,1704042865210000340,500,http://172.169.8.253:31112/function/opt-66b-submod-0-latency-25.cdgp
1704042855575789066,1704042858741198755,200,http://172.169.8.253:31112/function/opt-66b-submod-0-latency-25.cdgp
1704042855575871105,1704042861331948700,200,http://172.169.8.253:31112/function/opt-66b-submod-0-latency-25.cdgp
1704042855575932035,1704042858703300996,200,http://172.169.8.253:31112/function/opt-66b-submod-0-latency-25.cdgp
1704042855575969340,1704042861255771980,200,http://172.169.8.253:31112/function/opt-66b-submod-0-latency-25.cdgp
1704042855795314105,1704042865476261621,500,http://172.169.8.253:31112/function/opt-66b-submod-0-latency-25.cdgp
1704042855795413468,1704042865515820945,500,http://172.169.8.253:31112/function/opt-66b-submod-0-latency-25.cdgp
1704042855795504384,1704042862444713318,200,http://172.169.8.253:31112/function/opt-66b-submod-0-latency-25.cdgp
1704042855795572200,1704042858783693719,200,http://172.169.8.253:31112/function/opt-66b-submod-0-latency-25.cdgp
1704042855795638594,1704042861259731341,200,http://172.169.8.253:31112/function/opt-66b-submod-0-latency-25.cdgp
1704042855795695732,1704042860074256641,200,http://172.169.8.253:31112/function/opt-66b-submod-0-latency-25.cdgp
1704042855795773998,1704042858704295189,200,http://172.169.8.253:31112/function/opt-66b-submod-0-latency-25.cdgp
1704042855795855133,1704042858779776936,200,http://172.169.8.253:31112/function/opt-66b-submod-0-latency-25.cdgp
1704042855795939120,1704042865595692455,500,http://172.169.8.253:31112/function/opt-66b-submod-0-latency-25.cdgp
1704042855795974476,1704042865595964082,500,http://172.169.8.253:31112/function/opt-66b-submod-0-latency-25.cdgp
1704042855796059751,1704042865518579418,500,http://172.169.8.253:31112/function/opt-66b-submod-0-latency-25.cdgp
1704042855796143406,1704042865516428195,500,http://172.169.8.253:31112/function/opt-66b-submod-0-latency-25.cdgp
1704042855796218776,1704042865595659293,500,http://172.169.8.253:31112/function/opt-66b-submod-0-latency-25.cdgp
1704042855803888904,1704042858704979197,200,http://172.169.8.253:31112/function/opt-66b-submod-0-latency-25.cdgp
1704042855803970593,1704042865502850188,500,http://172.169.8.253:31112/function/opt-66b-submod-0-latency-25.cdgp
1704042855804124083,1704042861219991493,200,http://172.169.8.253:31112/function/opt-66b-submod-0-latency-25.cdgp
1704042855804188651,1704042865243341195,500,http://172.169.8.253:31112/function/opt-66b-submod-0-latency-25.cdgp
1704042855804218373,1704042865551115251,500,http://172.169.8.253:31112/function/opt-66b-submod-0-latency-25.cdgp
1704042855804304539,1704042865551094657,500,http://172.169.8.253:31112/function/opt-66b-submod-0-latency-25.cdgp
1704042855804358545,1704042861256841456,200,http://172.169.8.253:31112/function/opt-66b-submod-0-latency-25.cdgp
1704042855804433294,1704042865548772584,500,http://172.169.8.253:31112/function/opt-66b-submod-0-latency-25.cdgp
1704042855804458801,1704042861338550018,200,http://172.169.8.253:31112/function/opt-66b-submod-0-latency-25.cdgp
1704042855840538955,1704042858014587160,200,http://172.169.8.253:31112/function/opt-66b-submod-0-latency-25.cdgp
1704042855840623450,1704042865502404075,500,http://172.169.8.253:31112/function/opt-66b-submod-0-latency-25.cdgp
1704042855840685532,1704042861401068882,200,http://172.169.8.253:31112/function/opt-66b-submod-0-latency-25.cdgp
1704042855884251501,1704042865249691465,500,http://172.169.8.253:31112/function/opt-66b-submod-0-latency-25.cdgp
1704042856092675104,1704042861208192448,200,http://172.169.8.253:31112/function/opt-66b-submod-0-latency-25.cdgp
1704042856092789028,1704042865415371525,500,http://172.169.8.253:31112/function/opt-66b-submod-0-latency-25.cdgp
1704042856092854367,1704042865880189336,500,http://172.169.8.253:31112/function/opt-66b-submod-0-latency-25.cdgp
1704042856092919470,1704042865776036467,500,http://172.169.8.253:31112/function/opt-66b-submod-0-latency-25.cdgp
1704042856092974030,1704042861374688340,200,http://172.169.8.253:31112/function/opt-66b-submod-0-latency-25.cdgp
1704042856093025690,1704042860033478616,200,http://172.169.8.253:31112/function/opt-66b-submod-0-latency-25.cdgp
1704042856093115033,1704042862529893427,200,http://172.169.8.253:31112/function/opt-66b-submod-0-latency-25.cdgp
1704042856093221821,1704042860246979673,200,http://172.169.8.253:31112/function/opt-66b-submod-0-latency-25.cdgp
1704042856093293491,1704042858685534281,200,http://172.169.8.253:31112/function/opt-66b-submod-0-latency-25.cdgp
1704042856093355436,1704042865934273575,500,http://172.169.8.253:31112/function/opt-66b-submod-0-latency-25.cdgp
1704042856093412939,1704042858685714834,200,http://172.169.8.253:31112/function/opt-66b-submod-0-latency-25.cdgp
1704042856093446440,1704042861353169409,200,http://172.169.8.253:31112/function/opt-66b-submod-0-latency-25.cdgp
1704042856093554521,1704042865931763745,504,http://172.169.8.253:31112/function/opt-66b-submod-0-latency-25.cdgp
1704042856093631650,1704042861355360069,200,http://172.169.8.253:31112/function/opt-66b-submod-0-latency-25.cdgp
1704042856093695904,1704042860163109360,200,http://172.169.8.253:31112/function/opt-66b-submod-0-latency-25.cdgp
1704042856093732452,1704042860125282252,200,http://172.169.8.253:31112/function/opt-66b-submod-0-latency-25.cdgp
1704042856093791617,1704042865924379737,500,http://172.169.8.253:31112/function/opt-66b-submod-0-latency-25.cdgp
1704042856093861237,1704042865880217040,500,http://172.169.8.253:31112/function/opt-66b-submod-0-latency-25.cdgp
1704042856093954640,1704042861339137467,200,http://172.169.8.253:31112/function/opt-66b-submod-0-latency-25.cdgp
1704042856094027888,1704042858740294047,200,http://172.169.8.253:31112/function/opt-66b-submod-0-latency-25.cdgp
1704042856094103533,1704042865876140227,500,http://172.169.8.253:31112/function/opt-66b-submod-0-latency-25.cdgp
1704042856094185289,1704042865804056777,500,http://172.169.8.253:31112/function/opt-66b-submod-0-latency-25.cdgp
1704042856094272145,1704042858928119196,200,http://172.169.8.253:31112/function/opt-66b-submod-0-latency-25.cdgp
1704042856094350944,1704042860029844767,200,http://172.169.8.253:31112/function/opt-66b-submod-0-latency-25.cdgp
1704042856094397348,1704042865785953728,500,http://172.169.8.253:31112/function/opt-66b-submod-0-latency-25.cdgp
1704042856094497043,1704042865915937190,500,http://172.169.8.253:31112/function/opt-66b-submod-0-latency-25.cdgp
1704042856095884654,1704042865938923053,500,http://172.169.8.253:31112/function/opt-66b-submod-0-latency-25.cdgp
1704042856095910995,1704042865877333215,500,http://172.169.8.253:31112/function/opt-66b-submod-0-latency-25.cdgp
1704042856095987647,1704042865919143396,500,http://172.169.8.253:31112/function/opt-66b-submod-0-latency-25.cdgp
1704042856096075686,1704042865939627042,500,http://172.169.8.253:31112/function/opt-66b-submod-0-latency-25.cdgp
1704042856096136377,1704042859917865698,200,http://172.169.8.253:31112/function/opt-66b-submod-0-latency-25.cdgp
1704042856096169128,1704042862532318492,200,http://172.169.8.253:31112/function/opt-66b-submod-0-latency-25.cdgp
1704042856096261684,1704042859725026213,200,http://172.169.8.253:31112/function/opt-66b-submod-0-latency-25.cdgp
1704042856096328967,1704042861339613700,200,http://172.169.8.253:31112/function/opt-66b-submod-0-latency-25.cdgp
1704042856096383694,1704042865916961868,500,http://172.169.8.253:31112/function/opt-66b-submod-0-latency-25.cdgp
1704042856096452648,1704042862528020511,200,http://172.169.8.253:31112/function/opt-66b-submod-0-latency-25.cdgp
1704042856096518551,1704042860026951213,200,http://172.169.8.253:31112/function/opt-66b-submod-0-latency-25.cdgp
1704042856096548413,1704042860027028915,200,http://172.169.8.253:31112/function/opt-66b-submod-0-latency-25.cdgp
1704042856096640768,1704042865941804361,500,http://172.169.8.253:31112/function/opt-66b-submod-0-latency-25.cdgp
1704042856096681763,1704042862530154018,200,http://172.169.8.253:31112/function/opt-66b-submod-0-latency-25.cdgp
1704042856096758126,1704042861260614640,200,http://172.169.8.253:31112/function/opt-66b-submod-0-latency-25.cdgp
1704042856096788744,1704042865942075987,500,http://172.169.8.253:31112/function/opt-66b-submod-0-latency-25.cdgp
1704042856096851888,1704042865936828949,500,http://172.169.8.253:31112/function/opt-66b-submod-0-latency-25.cdgp
1704042856096915289,1704042865918593142,500,http://172.169.8.253:31112/function/opt-66b-submod-0-latency-25.cdgp
1704042856281759085,1704042859916107791,200,http://172.169.8.253:31112/function/opt-66b-submod-0-latency-25.cdgp
1704042856281847197,1704042862534855048,200,http://172.169.8.253:31112/function/opt-66b-submod-0-latency-25.cdgp
1704042856281946458,1704042865937377207,500,http://172.169.8.253:31112/function/opt-66b-submod-0-latency-25.cdgp
1704042856282014638,1704042862531271287,200,http://172.169.8.253:31112/function/opt-66b-submod-0-latency-25.cdgp
1704042856282058995,1704042865986957591,500,http://172.169.8.253:31112/function/opt-66b-submod-0-latency-25.cdgp
1704042856282151946,1704042865989128872,500,http://172.169.8.253:31112/function/opt-66b-submod-0-latency-25.cdgp
1704042856282239487,1704042865989584012,500,http://172.169.8.253:31112/function/opt-66b-submod-0-latency-25.cdgp
1704042856388051797,1704042860603859596,200,http://172.169.8.253:31112/function/opt-66b-submod-0-latency-25.cdgp
1704042856388140801,1704042866023734189,500,http://172.169.8.253:31112/function/opt-66b-submod-0-latency-25.cdgp
1704042856388220328,1704042866035213260,500,http://172.169.8.253:31112/function/opt-66b-submod-0-latency-25.cdgp
1704042856388313615,1704042866019009963,500,http://172.169.8.253:31112/function/opt-66b-submod-0-latency-25.cdgp
1704042856388357233,1704042866028716668,500,http://172.169.8.253:31112/function/opt-66b-submod-0-latency-25.cdgp
1704042856481233749,1704042862526327875,200,http://172.169.8.253:31112/function/opt-66b-submod-0-latency-25.cdgp
1704042856481299794,1704042866481671441,500,http://172.169.8.253:31112/function/opt-66b-submod-0-latency-25.cdgp
1704042856481369074,1704042866121887151,500,http://172.169.8.253:31112/function/opt-66b-submod-0-latency-25.cdgp
1704042856481399809,1704042866119712921,500,http://172.169.8.253:31112/function/opt-66b-submod-0-latency-25.cdgp
1704042856481484609,1704042866115532618,500,http://172.169.8.253:31112/function/opt-66b-submod-0-latency-25.cdgp
1704042856610194995,1704042861247895728,200,http://172.169.8.253:31112/function/opt-66b-submod-0-latency-25.cdgp
1704042856610309958,1704042859917862057,200,http://172.169.8.253:31112/function/opt-66b-submod-0-latency-25.cdgp
1704042856626712777,1704042866127446585,500,http://172.169.8.253:31112/function/opt-66b-submod-0-latency-25.cdgp
1704042856626795578,1704042861342343589,200,http://172.169.8.253:31112/function/opt-66b-submod-0-latency-25.cdgp
1704042856626902279,1704042866125485826,500,http://172.169.8.253:31112/function/opt-66b-submod-0-latency-25.cdgp
1704042856626974628,1704042866127243083,500,http://172.169.8.253:31112/function/opt-66b-submod-0-latency-25.cdgp
1704042856627028844,1704042861216503518,200,http://172.169.8.253:31112/function/opt-66b-submod-0-latency-25.cdgp
1704042856627103091,1704042859920207610,200,http://172.169.8.253:31112/function/opt-66b-submod-0-latency-25.cdgp
1704042856627198331,1704042866321413595,500,http://172.169.8.253:31112/function/opt-66b-submod-0-latency-25.cdgp
1704042856627291122,1704042866321039972,500,http://172.169.8.253:31112/function/opt-66b-submod-0-latency-25.cdgp
1704042856627344531,1704042866124820751,500,http://172.169.8.253:31112/function/opt-66b-submod-0-latency-25.cdgp
1704042856748472078,1704042866123538018,500,http://172.169.8.253:31112/function/opt-66b-submod-0-latency-25.cdgp
1704042856748561055,1704042866749568629,500,http://172.169.8.253:31112/function/opt-66b-submod-0-latency-25.cdgp
1704042856748707506,1704042866303200254,500,http://172.169.8.253:31112/function/opt-66b-submod-0-latency-25.cdgp
1704042856748805036,1704042861213114068,200,http://172.169.8.253:31112/function/opt-66b-submod-0-latency-25.cdgp
1704042856748886230,1704042862615831042,200,http://172.169.8.253:31112/function/opt-66b-submod-0-latency-25.cdgp
1704042856748937012,1704042860028543044,200,http://172.169.8.253:31112/function/opt-66b-submod-0-latency-25.cdgp
1704042856749014631,1704042862535830284,200,http://172.169.8.253:31112/function/opt-66b-submod-0-latency-25.cdgp
1704042856749041509,1704042866453334657,500,http://172.169.8.253:31112/function/opt-66b-submod-0-latency-25.cdgp
1704042856749096468,1704042861341537624,200,http://172.169.8.253:31112/function/opt-66b-submod-0-latency-25.cdgp
1704042856749197846,1704042861990560222,200,http://172.169.8.253:31112/function/opt-66b-submod-0-latency-25.cdgp
1704042856749269317,1704042860028083848,200,http://172.169.8.253:31112/function/opt-66b-submod-0-latency-25.cdgp
1704042856749332149,1704042866438948073,500,http://172.169.8.253:31112/function/opt-66b-submod-0-latency-25.cdgp
1704042856749338053,1704042866321418687,500,http://172.169.8.253:31112/function/opt-66b-submod-0-latency-25.cdgp
1704042856749409887,1704042866303214136,500,http://172.169.8.253:31112/function/opt-66b-submod-0-latency-25.cdgp
1704042856749462288,1704042862875663910,200,http://172.169.8.253:31112/function/opt-66b-submod-0-latency-25.cdgp
1704042856749501747,1704042861335471122,200,http://172.169.8.253:31112/function/opt-66b-submod-0-latency-25.cdgp
1704042856749596497,1704042866438064728,500,http://172.169.8.253:31112/function/opt-66b-submod-0-latency-25.cdgp
1704042856825097912,1704042861394548462,200,http://172.169.8.253:31112/function/opt-66b-submod-0-latency-25.cdgp
1704042856825202874,1704042866396621670,500,http://172.169.8.253:31112/function/opt-66b-submod-0-latency-25.cdgp
1704042856825311848,1704042866485188032,500,http://172.169.8.253:31112/function/opt-66b-submod-0-latency-25.cdgp
1704042856825377980,1704042861376103561,200,http://172.169.8.253:31112/function/opt-66b-submod-0-latency-25.cdgp
1704042856825423146,1704042861378067049,200,http://172.169.8.253:31112/function/opt-66b-submod-0-latency-25.cdgp
1704042856825514553,1704042861651649314,200,http://172.169.8.253:31112/function/opt-66b-submod-0-latency-25.cdgp
1704042857418396553,1704042866715786960,500,http://172.169.8.253:31112/function/opt-66b-submod-0-latency-25.cdgp
1704042857418481090,1704042861780324616,200,http://172.169.8.253:31112/function/opt-66b-submod-0-latency-25.cdgp
1704042857418604988,1704042860607791276,200,http://172.169.8.253:31112/function/opt-66b-submod-0-latency-25.cdgp
1704042857422873179,1704042860029790074,200,http://172.169.8.253:31112/function/opt-66b-submod-0-latency-25.cdgp
1704042857422960730,1704042866818613579,500,http://172.169.8.253:31112/function/opt-66b-submod-0-latency-25.cdgp
1704042857423071928,1704042861367478281,200,http://172.169.8.253:31112/function/opt-66b-submod-0-latency-25.cdgp
1704042857424073970,1704042866786367567,500,http://172.169.8.253:31112/function/opt-66b-submod-0-latency-25.cdgp
1704042857424131895,1704042866772301660,500,http://172.169.8.253:31112/function/opt-66b-submod-0-latency-25.cdgp
1704042857424165076,1704042866791683465,500,http://172.169.8.253:31112/function/opt-66b-submod-0-latency-25.cdgp
1704042857424243077,1704042860134923900,200,http://172.169.8.253:31112/function/opt-66b-submod-0-latency-25.cdgp
1704042857424333978,1704042866863947528,500,http://172.169.8.253:31112/function/opt-66b-submod-0-latency-25.cdgp
1704042857424399219,1704042866787914376,500,http://172.169.8.253:31112/function/opt-66b-submod-0-latency-25.cdgp
1704042857424465423,1704042866770414224,500,http://172.169.8.253:31112/function/opt-66b-submod-0-latency-25.cdgp
1704042857424550128,1704042862740324454,200,http://172.169.8.253:31112/function/opt-66b-submod-0-latency-25.cdgp
1704042857424627677,1704042866771358429,500,http://172.169.8.253:31112/function/opt-66b-submod-0-latency-25.cdgp
1704042857424746975,1704042866861279603,500,http://172.169.8.253:31112/function/opt-66b-submod-0-latency-25.cdgp
1704042857424827921,1704042866788611876,500,http://172.169.8.253:31112/function/opt-66b-submod-0-latency-25.cdgp
1704042857424898633,1704042861341417248,200,http://172.169.8.253:31112/function/opt-66b-submod-0-latency-25.cdgp
1704042857723987252,1704042864371515146,200,http://172.169.8.253:31112/function/opt-66b-submod-0-latency-25.cdgp
1704042857724030676,1704042867724301184,500,http://172.169.8.253:31112/function/opt-66b-submod-0-latency-25.cdgp
1704042857724108692,1704042861304027787,200,http://172.169.8.253:31112/function/opt-66b-submod-0-latency-25.cdgp
1704042857724167491,1704042861287979723,200,http://172.169.8.253:31112/function/opt-66b-submod-0-latency-25.cdgp
1704042857724211078,1704042865429604754,200,http://172.169.8.253:31112/function/opt-66b-submod-0-latency-25.cdgp
1704042857724280209,1704042862824589505,200,http://172.169.8.253:31112/function/opt-66b-submod-0-latency-25.cdgp
1704042857724332268,1704042867725779994,500,http://172.169.8.253:31112/function/opt-66b-submod-0-latency-25.cdgp
1704042857724360741,1704042867725508334,500,http://172.169.8.253:31112/function/opt-66b-submod-0-latency-25.cdgp
1704042857724431748,1704042867725647373,500,http://172.169.8.253:31112/function/opt-66b-submod-0-latency-25.cdgp
1704042857724500387,1704042866915725078,500,http://172.169.8.253:31112/function/opt-66b-submod-0-latency-25.cdgp
1704042857724558423,1704042867625585742,500,http://172.169.8.253:31112/function/opt-66b-submod-0-latency-25.cdgp
1704042857724593679,1704042864674843597,200,http://172.169.8.253:31112/function/opt-66b-submod-0-latency-25.cdgp
1704042857724678598,1704042861561247484,200,http://172.169.8.253:31112/function/opt-66b-submod-0-latency-25.cdgp
1704042857724760078,1704042861940054061,200,http://172.169.8.253:31112/function/opt-66b-submod-0-latency-25.cdgp
1704042857724836141,1704042864733416714,200,http://172.169.8.253:31112/function/opt-66b-submod-0-latency-25.cdgp
1704042857724874355,1704042861359081557,200,http://172.169.8.253:31112/function/opt-66b-submod-0-latency-25.cdgp
1704042857724964718,1704042867725778621,500,http://172.169.8.253:31112/function/opt-66b-submod-0-latency-25.cdgp
1704042857724993574,1704042867626796809,500,http://172.169.8.253:31112/function/opt-66b-submod-0-latency-25.cdgp
1704042857725068024,1704042867411921040,500,http://172.169.8.253:31112/function/opt-66b-submod-0-latency-25.cdgp
1704042857725127051,1704042862443090773,200,http://172.169.8.253:31112/function/opt-66b-submod-0-latency-25.cdgp
1704042857725203673,1704042862533575585,200,http://172.169.8.253:31112/function/opt-66b-submod-0-latency-25.cdgp
1704042857725277241,1704042867725508785,500,http://172.169.8.253:31112/function/opt-66b-submod-0-latency-25.cdgp
1704042857725342759,1704042861986461905,200,http://172.169.8.253:31112/function/opt-66b-submod-0-latency-25.cdgp
1704042857725372966,1704042867725787871,500,http://172.169.8.253:31112/function/opt-66b-submod-0-latency-25.cdgp
1704042857725470887,1704042862787013597,200,http://172.169.8.253:31112/function/opt-66b-submod-0-latency-25.cdgp
1704042857725515384,1704042867031656940,500,http://172.169.8.253:31112/function/opt-66b-submod-0-latency-25.cdgp
1704042857725588843,1704042867725784252,500,http://172.169.8.253:31112/function/opt-66b-submod-0-latency-25.cdgp
1704042857725623667,1704042862568029176,200,http://172.169.8.253:31112/function/opt-66b-submod-0-latency-25.cdgp
1704042857725699006,1704042860484134162,200,http://172.169.8.253:31112/function/opt-66b-submod-0-latency-25.cdgp
1704042857725761353,1704042864086356203,200,http://172.169.8.253:31112/function/opt-66b-submod-0-latency-25.cdgp
1704042857725826154,1704042859920966675,200,http://172.169.8.253:31112/function/opt-66b-submod-0-latency-25.cdgp
1704042857725871374,1704042865603334982,200,http://172.169.8.253:31112/function/opt-66b-submod-0-latency-25.cdgp
1704042857725956872,1704042864099517545,200,http://172.169.8.253:31112/function/opt-66b-submod-0-latency-25.cdgp
1704042857725987164,1704042867726786429,500,http://172.169.8.253:31112/function/opt-66b-submod-0-latency-25.cdgp
1704042857726108334,1704042864089419831,200,http://172.169.8.253:31112/function/opt-66b-submod-0-latency-25.cdgp
1704042857726185414,1704042862544625982,200,http://172.169.8.253:31112/function/opt-66b-submod-0-latency-25.cdgp
1704042857726330432,1704042867726783563,500,http://172.169.8.253:31112/function/opt-66b-submod-0-latency-25.cdgp
1704042857728522471,1704042864570836862,200,http://172.169.8.253:31112/function/opt-66b-submod-0-latency-25.cdgp
1704042857728618957,1704042867728922297,500,http://172.169.8.253:31112/function/opt-66b-submod-0-latency-25.cdgp
1704042857728714339,1704042867729069311,500,http://172.169.8.253:31112/function/opt-66b-submod-0-latency-25.cdgp
1704042857728790049,1704042864450815110,200,http://172.169.8.253:31112/function/opt-66b-submod-0-latency-25.cdgp
1704042857728870852,1704042863403896671,200,http://172.169.8.253:31112/function/opt-66b-submod-0-latency-25.cdgp
1704042857728935234,1704042861355217021,200,http://172.169.8.253:31112/function/opt-66b-submod-0-latency-25.cdgp
1704042857728999761,1704042860583130284,200,http://172.169.8.253:31112/function/opt-66b-submod-0-latency-25.cdgp
1704042857729282085,1704042861982692543,200,http://172.169.8.253:31112/function/opt-66b-submod-0-latency-25.cdgp
1704042857729357111,1704042867091729434,500,http://172.169.8.253:31112/function/opt-66b-submod-0-latency-25.cdgp
1704042857770692182,1704042867771730954,500,http://172.169.8.253:31112/function/opt-66b-submod-0-latency-25.cdgp
1704042857770760718,1704042863486944276,200,http://172.169.8.253:31112/function/opt-66b-submod-0-latency-25.cdgp
1704042857770786010,1704042867772012435,500,http://172.169.8.253:31112/function/opt-66b-submod-0-latency-25.cdgp
1704042857770862961,1704042867772224283,500,http://172.169.8.253:31112/function/opt-66b-submod-0-latency-25.cdgp
1704042857770951662,1704042867772188270,500,http://172.169.8.253:31112/function/opt-66b-submod-0-latency-25.cdgp
1704042857771016404,1704042867771740193,500,http://172.169.8.253:31112/function/opt-66b-submod-0-latency-25.cdgp
1704042857771094582,1704042867772216209,500,http://172.169.8.253:31112/function/opt-66b-submod-0-latency-25.cdgp
1704042857771187015,1704042867772200901,500,http://172.169.8.253:31112/function/opt-66b-submod-0-latency-25.cdgp
1704042857771298647,1704042867771733883,500,http://172.169.8.253:31112/function/opt-66b-submod-0-latency-25.cdgp
1704042857771379987,1704042867771725088,500,http://172.169.8.253:31112/function/opt-66b-submod-0-latency-25.cdgp
1704042857771454450,1704042861376236468,200,http://172.169.8.253:31112/function/opt-66b-submod-0-latency-25.cdgp
1704042857771529783,1704042867772219015,500,http://172.169.8.253:31112/function/opt-66b-submod-0-latency-25.cdgp
1704042857771624202,1704042862789097113,200,http://172.169.8.253:31112/function/opt-66b-submod-0-latency-25.cdgp
1704042857771699714,1704042861233417456,200,http://172.169.8.253:31112/function/opt-66b-submod-0-latency-25.cdgp
1704042857771762574,1704042864096275307,200,http://172.169.8.253:31112/function/opt-66b-submod-0-latency-25.cdgp
1704042857771845033,1704042867771957614,500,http://172.169.8.253:31112/function/opt-66b-submod-0-latency-25.cdgp
1704042857771932941,1704042863394674776,200,http://172.169.8.253:31112/function/opt-66b-submod-0-latency-25.cdgp
1704042857771999154,1704042867772332880,500,http://172.169.8.253:31112/function/opt-66b-submod-0-latency-25.cdgp
1704042857772057100,1704042867772389558,500,http://172.169.8.253:31112/function/opt-66b-submod-0-latency-25.cdgp
1704042857772161990,1704042865431528862,200,http://172.169.8.253:31112/function/opt-66b-submod-0-latency-25.cdgp
1704042857772212771,1704042867772393083,500,http://172.169.8.253:31112/function/opt-66b-submod-0-latency-25.cdgp
1704042857772278286,1704042867772457485,500,http://172.169.8.253:31112/function/opt-66b-submod-0-latency-25.cdgp
1704042857772400816,1704042861366231159,200,http://172.169.8.253:31112/function/opt-66b-submod-0-latency-25.cdgp
1704042857772469459,1704042867772765811,500,http://172.169.8.253:31112/function/opt-66b-submod-0-latency-25.cdgp
1704042857772551101,1704042867772872737,500,http://172.169.8.253:31112/function/opt-66b-submod-0-latency-25.cdgp
1704042857772613538,1704042863070675573,200,http://172.169.8.253:31112/function/opt-66b-submod-0-latency-25.cdgp
1704042857772642869,1704042867772863594,500,http://172.169.8.253:31112/function/opt-66b-submod-0-latency-25.cdgp
1704042857772704702,1704042867772925235,500,http://172.169.8.253:31112/function/opt-66b-submod-0-latency-25.cdgp
1704042857772770232,1704042867772976241,500,http://172.169.8.253:31112/function/opt-66b-submod-0-latency-25.cdgp
1704042857772791956,1704042865502045811,200,http://172.169.8.253:31112/function/opt-66b-submod-0-latency-25.cdgp
1704042857772880333,1704042867772986034,500,http://172.169.8.253:31112/function/opt-66b-submod-0-latency-25.cdgp
1704042857772967375,1704042867773081294,500,http://172.169.8.253:31112/function/opt-66b-submod-0-latency-25.cdgp
1704042857773063472,1704042867774243207,500,http://172.169.8.253:31112/function/opt-66b-submod-0-latency-25.cdgp
1704042857773163550,1704042867774233805,500,http://172.169.8.253:31112/function/opt-66b-submod-0-latency-25.cdgp
1704042857773237739,1704042861557431060,200,http://172.169.8.253:31112/function/opt-66b-submod-0-latency-25.cdgp
1704042857773311171,1704042861357701078,200,http://172.169.8.253:31112/function/opt-66b-submod-0-latency-25.cdgp
1704042857773392067,1704042867774306065,500,http://172.169.8.253:31112/function/opt-66b-submod-0-latency-25.cdgp
1704042857773466593,1704042867774136911,500,http://172.169.8.253:31112/function/opt-66b-submod-0-latency-25.cdgp
1704042857773534157,1704042867774253721,500,http://172.169.8.253:31112/function/opt-66b-submod-0-latency-25.cdgp
1704042857773628249,1704042863356142501,200,http://172.169.8.253:31112/function/opt-66b-submod-0-latency-25.cdgp
1704042857773703317,1704042864018349734,200,http://172.169.8.253:31112/function/opt-66b-submod-0-latency-25.cdgp
1704042857773771111,1704042862536534589,200,http://172.169.8.253:31112/function/opt-66b-submod-0-latency-25.cdgp
1704042857773853344,1704042861340484579,200,http://172.169.8.253:31112/function/opt-66b-submod-0-latency-25.cdgp
1704042857773924811,1704042867774149096,500,http://172.169.8.253:31112/function/opt-66b-submod-0-latency-25.cdgp
1704042857774000661,1704042867774256207,500,http://172.169.8.253:31112/function/opt-66b-submod-0-latency-25.cdgp
1704042857774080755,1704042862832500721,200,http://172.169.8.253:31112/function/opt-66b-submod-0-latency-25.cdgp
1704042857774156671,1704042863699018278,200,http://172.169.8.253:31112/function/opt-66b-submod-0-latency-25.cdgp
1704042857774226595,1704042867774318911,500,http://172.169.8.253:31112/function/opt-66b-submod-0-latency-25.cdgp
1704042857774309013,1704042864572088649,200,http://172.169.8.253:31112/function/opt-66b-submod-0-latency-25.cdgp
1704042857774386386,1704042867775264121,500,http://172.169.8.253:31112/function/opt-66b-submod-0-latency-25.cdgp
1704042857774433260,1704042867775277188,500,http://172.169.8.253:31112/function/opt-66b-submod-0-latency-25.cdgp
1704042857774471850,1704042865665785370,200,http://172.169.8.253:31112/function/opt-66b-submod-0-latency-25.cdgp
1704042857774578938,1704042862972350740,200,http://172.169.8.253:31112/function/opt-66b-submod-0-latency-25.cdgp
1704042857774605546,1704042862533560215,200,http://172.169.8.253:31112/function/opt-66b-submod-0-latency-25.cdgp
1704042857774682647,1704042862875529962,200,http://172.169.8.253:31112/function/opt-66b-submod-0-latency-25.cdgp
1704042857774769831,1704042867775286527,500,http://172.169.8.253:31112/function/opt-66b-submod-0-latency-25.cdgp
1704042857774802863,1704042863343961711,200,http://172.169.8.253:31112/function/opt-66b-submod-0-latency-25.cdgp
1704042857774895864,1704042864271253270,200,http://172.169.8.253:31112/function/opt-66b-submod-0-latency-25.cdgp
1704042857774936718,1704042867775285765,500,http://172.169.8.253:31112/function/opt-66b-submod-0-latency-25.cdgp
1704042857775033765,1704042863139805756,200,http://172.169.8.253:31112/function/opt-66b-submod-0-latency-25.cdgp
1704042857780848392,1704042867781698340,500,http://172.169.8.253:31112/function/opt-66b-submod-0-latency-25.cdgp
1704042857780959696,1704042865502651327,200,http://172.169.8.253:31112/function/opt-66b-submod-0-latency-25.cdgp
1704042857781054273,1704042863120337005,200,http://172.169.8.253:31112/function/opt-66b-submod-0-latency-25.cdgp
1704042857781136805,1704042864091243762,200,http://172.169.8.253:31112/function/opt-66b-submod-0-latency-25.cdgp
1704042857781203559,1704042867781394728,500,http://172.169.8.253:31112/function/opt-66b-submod-0-latency-25.cdgp
1704042857781272859,1704042867781688392,500,http://172.169.8.253:31112/function/opt-66b-submod-0-latency-25.cdgp
1704042857781366515,1704042867781470334,500,http://172.169.8.253:31112/function/opt-66b-submod-0-latency-25.cdgp
1704042857781441469,1704042863618069689,200,http://172.169.8.253:31112/function/opt-66b-submod-0-latency-25.cdgp
1704042857781529450,1704042867781710255,500,http://172.169.8.253:31112/function/opt-66b-submod-0-latency-25.cdgp
1704042857813361867,1704042867813944282,500,http://172.169.8.253:31112/function/opt-66b-submod-0-latency-25.cdgp
1704042857815728577,1704042864346026325,200,http://172.169.8.253:31112/function/opt-66b-submod-0-latency-25.cdgp
1704042857815788490,1704042864451110348,200,http://172.169.8.253:31112/function/opt-66b-submod-0-latency-25.cdgp
1704042857815845598,1704042867816271424,500,http://172.169.8.253:31112/function/opt-66b-submod-0-latency-25.cdgp
1704042857815886659,1704042867816255636,500,http://172.169.8.253:31112/function/opt-66b-submod-0-latency-25.cdgp
1704042857815962988,1704042863439740023,200,http://172.169.8.253:31112/function/opt-66b-submod-0-latency-25.cdgp
1704042857815978394,1704042867816151877,500,http://172.169.8.253:31112/function/opt-66b-submod-0-latency-25.cdgp
1704042857816673020,1704042867817723363,500,http://172.169.8.253:31112/function/opt-66b-submod-0-latency-25.cdgp
1704042857816703694,1704042867817940626,500,http://172.169.8.253:31112/function/opt-66b-submod-0-latency-25.cdgp
1704042857816839555,1704042864174698298,200,http://172.169.8.253:31112/function/opt-66b-submod-0-latency-25.cdgp
1704042857816903085,1704042864806599251,200,http://172.169.8.253:31112/function/opt-66b-submod-0-latency-25.cdgp
1704042857816972534,1704042867817707703,500,http://172.169.8.253:31112/function/opt-66b-submod-0-latency-25.cdgp
1704042857816998813,1704042867817707859,500,http://172.169.8.253:31112/function/opt-66b-submod-0-latency-25.cdgp
1704042857817043813,1704042867817601427,500,http://172.169.8.253:31112/function/opt-66b-submod-0-latency-25.cdgp
1704042857817085264,1704042864084344075,200,http://172.169.8.253:31112/function/opt-66b-submod-0-latency-25.cdgp
1704042857817163881,1704042863570755651,200,http://172.169.8.253:31112/function/opt-66b-submod-0-latency-25.cdgp
1704042857817233780,1704042867817760440,500,http://172.169.8.253:31112/function/opt-66b-submod-0-latency-25.cdgp
1704042857817280355,1704042865215993976,200,http://172.169.8.253:31112/function/opt-66b-submod-0-latency-25.cdgp
1704042857817338188,1704042864097241893,200,http://172.169.8.253:31112/function/opt-66b-submod-0-latency-25.cdgp
1704042857817390700,1704042864053958553,200,http://172.169.8.253:31112/function/opt-66b-submod-0-latency-25.cdgp
1704042857817425580,1704042867817603099,500,http://172.169.8.253:31112/function/opt-66b-submod-0-latency-25.cdgp
1704042857817475996,1704042867817774893,500,http://172.169.8.253:31112/function/opt-66b-submod-0-latency-25.cdgp
1704042857817523611,1704042867818053304,500,http://172.169.8.253:31112/function/opt-66b-submod-0-latency-25.cdgp
1704042857817618144,1704042863342166820,200,http://172.169.8.253:31112/function/opt-66b-submod-0-latency-25.cdgp
1704042857817644105,1704042862017739111,200,http://172.169.8.253:31112/function/opt-66b-submod-0-latency-25.cdgp
1704042857817713981,1704042867817941038,500,http://172.169.8.253:31112/function/opt-66b-submod-0-latency-25.cdgp
1704042857817792542,1704042867818117194,500,http://172.169.8.253:31112/function/opt-66b-submod-0-latency-25.cdgp
1704042857817851603,1704042867818126296,500,http://172.169.8.253:31112/function/opt-66b-submod-0-latency-25.cdgp
1704042857817902429,1704042864449044412,200,http://172.169.8.253:31112/function/opt-66b-submod-0-latency-25.cdgp
1704042857817948788,1704042867818062726,500,http://172.169.8.253:31112/function/opt-66b-submod-0-latency-25.cdgp
1704042857818000732,1704042863437975862,200,http://172.169.8.253:31112/function/opt-66b-submod-0-latency-25.cdgp
1704042857818086777,1704042867818205593,500,http://172.169.8.253:31112/function/opt-66b-submod-0-latency-25.cdgp
1704042857818137805,1704042861945013734,200,http://172.169.8.253:31112/function/opt-66b-submod-0-latency-25.cdgp
1704042857818205493,1704042867818721145,500,http://172.169.8.253:31112/function/opt-66b-submod-0-latency-25.cdgp
1704042857818253327,1704042865602641232,200,http://172.169.8.253:31112/function/opt-66b-submod-0-latency-25.cdgp
1704042857818306834,1704042867818598991,500,http://172.169.8.253:31112/function/opt-66b-submod-0-latency-25.cdgp
1704042857818378991,1704042864099448477,200,http://172.169.8.253:31112/function/opt-66b-submod-0-latency-25.cdgp
1704042857818441358,1704042867818607879,500,http://172.169.8.253:31112/function/opt-66b-submod-0-latency-25.cdgp
1704042857818507939,1704042863441270392,200,http://172.169.8.253:31112/function/opt-66b-submod-0-latency-25.cdgp
1704042857818581374,1704042864569521839,200,http://172.169.8.253:31112/function/opt-66b-submod-0-latency-25.cdgp
1704042857818664397,1704042867818802127,500,http://172.169.8.253:31112/function/opt-66b-submod-0-latency-25.cdgp
1704042857818750884,1704042867818880090,500,http://172.169.8.253:31112/function/opt-66b-submod-0-latency-25.cdgp
1704042857818823478,1704042867818955066,500,http://172.169.8.253:31112/function/opt-66b-submod-0-latency-25.cdgp
1704042857818858519,1704042864570449533,200,http://172.169.8.253:31112/function/opt-66b-submod-0-latency-25.cdgp
1704042857818946597,1704042863814208425,200,http://172.169.8.253:31112/function/opt-66b-submod-0-latency-25.cdgp
1704042857818977679,1704042867819911650,500,http://172.169.8.253:31112/function/opt-66b-submod-0-latency-25.cdgp
1704042857819064108,1704042863207196663,200,http://172.169.8.253:31112/function/opt-66b-submod-0-latency-25.cdgp
1704042857819150042,1704042864445435952,200,http://172.169.8.253:31112/function/opt-66b-submod-0-latency-25.cdgp
1704042857819218688,1704042862492206594,200,http://172.169.8.253:31112/function/opt-66b-submod-0-latency-25.cdgp
1704042857819238032,1704042867819902344,500,http://172.169.8.253:31112/function/opt-66b-submod-0-latency-25.cdgp
1704042857819340929,1704042864093258129,200,http://172.169.8.253:31112/function/opt-66b-submod-0-latency-25.cdgp
1704042857819411933,1704042862742336257,200,http://172.169.8.253:31112/function/opt-66b-submod-0-latency-25.cdgp
1704042857819479737,1704042861999483453,200,http://172.169.8.253:31112/function/opt-66b-submod-0-latency-25.cdgp
1704042857819511973,1704042864128190355,200,http://172.169.8.253:31112/function/opt-66b-submod-0-latency-25.cdgp
1704042857819613098,1704042865429538231,200,http://172.169.8.253:31112/function/opt-66b-submod-0-latency-25.cdgp
1704042857819635934,1704042867819923371,500,http://172.169.8.253:31112/function/opt-66b-submod-0-latency-25.cdgp
1704042857819700510,1704042867819921819,500,http://172.169.8.253:31112/function/opt-66b-submod-0-latency-25.cdgp
1704042857819785455,1704042867819910628,500,http://172.169.8.253:31112/function/opt-66b-submod-0-latency-25.cdgp
1704042857819872040,1704042867819995818,500,http://172.169.8.253:31112/function/opt-66b-submod-0-latency-25.cdgp
1704042857819978024,1704042863213348221,200,http://172.169.8.253:31112/function/opt-66b-submod-0-latency-25.cdgp
1704042858007954421,1704042868008285708,500,http://172.169.8.253:31112/function/opt-66b-submod-0-latency-25.cdgp
1704042858008088526,1704042868008317263,500,http://172.169.8.253:31112/function/opt-66b-submod-0-latency-25.cdgp
1704042858042491040,1704042862615983806,200,http://172.169.8.253:31112/function/opt-66b-submod-0-latency-25.cdgp
1704042858042594997,1704042864652960894,200,http://172.169.8.253:31112/function/opt-66b-submod-0-latency-25.cdgp
1704042858042738006,1704042868043546513,500,http://172.169.8.253:31112/function/opt-66b-submod-0-latency-25.cdgp
1704042858042802665,1704042864023936451,200,http://172.169.8.253:31112/function/opt-66b-submod-0-latency-25.cdgp
1704042858042846280,1704042863031792797,200,http://172.169.8.253:31112/function/opt-66b-submod-0-latency-25.cdgp
1704042858292000338,1704042863192065506,200,http://172.169.8.253:31112/function/opt-66b-submod-0-latency-25.cdgp
1704042858292101049,1704042868293255765,500,http://172.169.8.253:31112/function/opt-66b-submod-0-latency-25.cdgp
1704042858292184846,1704042868293415544,500,http://172.169.8.253:31112/function/opt-66b-submod-0-latency-25.cdgp
1704042858292278992,1704042864889335957,200,http://172.169.8.253:31112/function/opt-66b-submod-0-latency-25.cdgp
1704042858292380397,1704042868293241547,500,http://172.169.8.253:31112/function/opt-66b-submod-0-latency-25.cdgp
1704042858292490561,1704042868293394994,500,http://172.169.8.253:31112/function/opt-66b-submod-0-latency-25.cdgp
1704042858292560481,1704042868293419574,500,http://172.169.8.253:31112/function/opt-66b-submod-0-latency-25.cdgp
1704042858293762976,1704042868294427010,500,http://172.169.8.253:31112/function/opt-66b-submod-0-latency-25.cdgp
1704042858293864680,1704042868294538338,500,http://172.169.8.253:31112/function/opt-66b-submod-0-latency-25.cdgp
1704042858293957273,1704042864451340289,200,http://172.169.8.253:31112/function/opt-66b-submod-0-latency-25.cdgp
1704042858294040328,1704042868294540548,500,http://172.169.8.253:31112/function/opt-66b-submod-0-latency-25.cdgp
1704042858294156218,1704042868294422908,500,http://172.169.8.253:31112/function/opt-66b-submod-0-latency-25.cdgp
1704042858294223575,1704042868294540918,500,http://172.169.8.253:31112/function/opt-66b-submod-0-latency-25.cdgp
1704042858294325773,1704042863446882945,200,http://172.169.8.253:31112/function/opt-66b-submod-0-latency-25.cdgp
1704042858294395838,1704042863352425471,200,http://172.169.8.253:31112/function/opt-66b-submod-0-latency-25.cdgp
1704042858294482485,1704042862877524025,200,http://172.169.8.253:31112/function/opt-66b-submod-0-latency-25.cdgp
1704042858294567898,1704042863741130242,200,http://172.169.8.253:31112/function/opt-66b-submod-0-latency-25.cdgp
1704042858294607267,1704042864078000706,200,http://172.169.8.253:31112/function/opt-66b-submod-0-latency-25.cdgp
1704042858294663896,1704042868295715147,500,http://172.169.8.253:31112/function/opt-66b-submod-0-latency-25.cdgp
1704042858294741593,1704042864449847357,200,http://172.169.8.253:31112/function/opt-66b-submod-0-latency-25.cdgp
1704042858294788936,1704042868295717780,500,http://172.169.8.253:31112/function/opt-66b-submod-0-latency-25.cdgp
1704042858294848843,1704042868295611630,500,http://172.169.8.253:31112/function/opt-66b-submod-0-latency-25.cdgp
1704042858294909989,1704042868295710627,500,http://172.169.8.253:31112/function/opt-66b-submod-0-latency-25.cdgp
1704042858295018612,1704042863220044192,200,http://172.169.8.253:31112/function/opt-66b-submod-0-latency-25.cdgp
1704042858295100038,1704042864794246484,200,http://172.169.8.253:31112/function/opt-66b-submod-0-latency-25.cdgp
1704042858295171918,1704042868295612572,500,http://172.169.8.253:31112/function/opt-66b-submod-0-latency-25.cdgp
1704042858295223704,1704042863354824338,200,http://172.169.8.253:31112/function/opt-66b-submod-0-latency-25.cdgp
1704042860290917737,1704042863161657259,200,http://172.169.8.253:31112/function/opt-66b-submod-0-latency-25.cdgp
1704042860293866755,1704042869564534569,500,http://172.169.8.253:31112/function/opt-66b-submod-0-latency-25.cdgp
1704042860294026353,1704042865602038493,200,http://172.169.8.253:31112/function/opt-66b-submod-0-latency-25.cdgp
1704042860294140955,1704042869690486403,500,http://172.169.8.253:31112/function/opt-66b-submod-0-latency-25.cdgp
1704042860294245996,1704042864409011988,200,http://172.169.8.253:31112/function/opt-66b-submod-0-latency-25.cdgp
1704042860294343616,1704042865061208960,200,http://172.169.8.253:31112/function/opt-66b-submod-0-latency-25.cdgp
1704042860294450339,1704042869688095298,500,http://172.169.8.253:31112/function/opt-66b-submod-0-latency-25.cdgp
1704042860294511403,1704042869689516157,500,http://172.169.8.253:31112/function/opt-66b-submod-0-latency-25.cdgp
1704042860294576441,1704042869691279632,500,http://172.169.8.253:31112/function/opt-66b-submod-0-latency-25.cdgp
1704042861107428676,1704042870368290184,500,http://172.169.8.253:31112/function/opt-66b-submod-0-latency-25.cdgp
1704042861107553678,1704042870193759207,500,http://172.169.8.253:31112/function/opt-66b-submod-0-latency-25.cdgp
1704042861107661275,1704042865042057060,200,http://172.169.8.253:31112/function/opt-66b-submod-0-latency-25.cdgp
1704042861107820242,1704042865194417937,200,http://172.169.8.253:31112/function/opt-66b-submod-0-latency-25.cdgp
1704042863618571112,1704042872779955731,500,http://172.169.8.253:31112/function/opt-66b-submod-0-latency-25.cdgp
1704042863618679763,1704042872954614658,500,http://172.169.8.253:31112/function/opt-66b-submod-0-latency-25.cdgp
1704042863618785225,1704042872755721041,500,http://172.169.8.253:31112/function/opt-66b-submod-0-latency-25.cdgp
1704042863618829869,1704042872783063079,500,http://172.169.8.253:31112/function/opt-66b-submod-0-latency-25.cdgp
1704042863618914635,1704042872780827488,500,http://172.169.8.253:31112/function/opt-66b-submod-0-latency-25.cdgp
1704042863618980255,1704042865245079757,200,http://172.169.8.253:31112/function/opt-66b-submod-0-latency-25.cdgp
1704042863619053508,1704042872958227811,500,http://172.169.8.253:31112/function/opt-66b-submod-0-latency-25.cdgp
1704042863619112551,1704042865425080595,200,http://172.169.8.253:31112/function/opt-66b-submod-0-latency-25.cdgp
1704042863619211411,1704042872871737293,500,http://172.169.8.253:31112/function/opt-66b-submod-0-latency-25.cdgp
1704042863619252626,1704042865240308726,200,http://172.169.8.253:31112/function/opt-66b-submod-0-latency-25.cdgp
1704042863619346821,1704042865149468191,200,http://172.169.8.253:31112/function/opt-66b-submod-0-latency-25.cdgp
1704042863619375263,1704042872629612685,500,http://172.169.8.253:31112/function/opt-66b-submod-0-latency-25.cdgp
1704042863619446177,1704042872783447348,500,http://172.169.8.253:31112/function/opt-66b-submod-0-latency-25.cdgp
1704042863619525563,1704042865299642332,200,http://172.169.8.253:31112/function/opt-66b-submod-0-latency-25.cdgp
1704042863619611509,1704042872780038405,500,http://172.169.8.253:31112/function/opt-66b-submod-0-latency-25.cdgp
1704042863619681032,1704042865820442998,200,http://172.169.8.253:31112/function/opt-66b-submod-0-latency-25.cdgp
1704042864132109187,1704042865499954059,200,http://172.169.8.253:31112/function/opt-66b-submod-0-latency-25.cdgp
1704042864153328001,1704042865660160561,200,http://172.169.8.253:31112/function/opt-66b-submod-0-latency-25.cdgp
1704042864153459011,1704042873539005304,500,http://172.169.8.253:31112/function/opt-66b-submod-0-latency-25.cdgp
1704042864153596782,1704042865790425417,200,http://172.169.8.253:31112/function/opt-66b-submod-0-latency-25.cdgp
1704042864153757907,1704042873539211136,500,http://172.169.8.253:31112/function/opt-66b-submod-0-latency-25.cdgp
1704042864153868350,1704042865603889211,200,http://172.169.8.253:31112/function/opt-66b-submod-0-latency-25.cdgp
1704042864153974095,1704042873539204956,500,http://172.169.8.253:31112/function/opt-66b-submod-0-latency-25.cdgp
1704042864154085301,1704042873418288560,500,http://172.169.8.253:31112/function/opt-66b-submod-0-latency-25.cdgp
1704042864154174571,1704042865823138767,200,http://172.169.8.253:31112/function/opt-66b-submod-0-latency-25.cdgp
1704042864154237955,1704042865817360938,200,http://172.169.8.253:31112/function/opt-66b-submod-0-latency-25.cdgp
1704042864154332045,1704042865822681370,200,http://172.169.8.253:31112/function/opt-66b-submod-0-latency-25.cdgp
1704042864154405188,1704042865543654545,200,http://172.169.8.253:31112/function/opt-66b-submod-0-latency-25.cdgp
1704042864154476529,1704042865776610944,200,http://172.169.8.253:31112/function/opt-66b-submod-0-latency-25.cdgp
1704042864154545994,1704042873418269262,500,http://172.169.8.253:31112/function/opt-66b-submod-0-latency-25.cdgp
1704042864154634726,1704042865657299279,200,http://172.169.8.253:31112/function/opt-66b-submod-0-latency-25.cdgp
1704042864154687157,1704042865741534086,200,http://172.169.8.253:31112/function/opt-66b-submod-0-latency-25.cdgp
1704042864154767006,1704042873539064484,500,http://172.169.8.253:31112/function/opt-66b-submod-0-latency-25.cdgp
1704042864393162049,1704042873588004819,500,http://172.169.8.253:31112/function/opt-66b-submod-0-latency-25.cdgp
1704042864948552921,1704042874422179169,500,http://172.169.8.253:31112/function/opt-66b-submod-0-latency-25.cdgp
1704042864948646929,1704042866721379759,200,http://172.169.8.253:31112/function/opt-66b-submod-0-latency-25.cdgp
1704042864948727272,1704042866321672552,200,http://172.169.8.253:31112/function/opt-66b-submod-0-latency-25.cdgp
1704042864948834289,1704042874017591700,500,http://172.169.8.253:31112/function/opt-66b-submod-0-latency-25.cdgp
1704042864948901177,1704042866624112482,200,http://172.169.8.253:31112/function/opt-66b-submod-0-latency-25.cdgp
1704042864948956793,1704042866437475964,200,http://172.169.8.253:31112/function/opt-66b-submod-0-latency-25.cdgp
1704042864949054185,1704042874214595886,500,http://172.169.8.253:31112/function/opt-66b-submod-0-latency-25.cdgp
1704042864949123007,1704042874057689693,500,http://172.169.8.253:31112/function/opt-66b-submod-0-latency-25.cdgp
1704042864949195428,1704042874126642734,500,http://172.169.8.253:31112/function/opt-66b-submod-0-latency-25.cdgp
1704042864949269129,1704042874325265900,500,http://172.169.8.253:31112/function/opt-66b-submod-0-latency-25.cdgp
1704042864949354137,1704042866508375497,200,http://172.169.8.253:31112/function/opt-66b-submod-0-latency-25.cdgp
1704042864949428517,1704042874146732733,500,http://172.169.8.253:31112/function/opt-66b-submod-0-latency-25.cdgp
1704042864949451693,1704042866302619973,200,http://172.169.8.253:31112/function/opt-66b-submod-0-latency-25.cdgp
1704042864949539797,1704042874950483974,500,http://172.169.8.253:31112/function/opt-66b-submod-0-latency-25.cdgp
1704042864949607449,1704042874060363622,500,http://172.169.8.253:31112/function/opt-66b-submod-0-latency-25.cdgp
1704042864949634643,1704042866897502896,200,http://172.169.8.253:31112/function/opt-66b-submod-0-latency-25.cdgp
1704042864949658746,1704042874356496531,500,http://172.169.8.253:31112/function/opt-66b-submod-0-latency-25.cdgp
1704042864949711933,1704042866976978960,200,http://172.169.8.253:31112/function/opt-66b-submod-0-latency-25.cdgp
1704042864949755001,1704042874205720670,500,http://172.169.8.253:31112/function/opt-66b-submod-0-latency-25.cdgp
1704042864958604550,1704042874490448670,500,http://172.169.8.253:31112/function/opt-66b-submod-0-latency-25.cdgp
1704042865028000227,1704042866436641574,200,http://172.169.8.253:31112/function/opt-66b-submod-0-latency-25.cdgp
1704042865028098230,1704042874488177322,500,http://172.169.8.253:31112/function/opt-66b-submod-0-latency-25.cdgp
1704042865028203425,1704042866955163091,200,http://172.169.8.253:31112/function/opt-66b-submod-0-latency-25.cdgp
1704042865028248882,1704042874502757474,500,http://172.169.8.253:31112/function/opt-66b-submod-0-latency-25.cdgp
1704042865028333106,1704042866705106971,200,http://172.169.8.253:31112/function/opt-66b-submod-0-latency-25.cdgp
1704042865028377621,1704042866729988120,200,http://172.169.8.253:31112/function/opt-66b-submod-0-latency-25.cdgp
1704042865028490081,1704042866959583790,200,http://172.169.8.253:31112/function/opt-66b-submod-0-latency-25.cdgp
1704042865028576597,1704042874552102607,500,http://172.169.8.253:31112/function/opt-66b-submod-0-latency-25.cdgp
1704042865028661517,1704042874083517976,500,http://172.169.8.253:31112/function/opt-66b-submod-0-latency-25.cdgp
1704042865028697668,1704042866491295165,200,http://172.169.8.253:31112/function/opt-66b-submod-0-latency-25.cdgp
1704042865028774714,1704042866625177335,200,http://172.169.8.253:31112/function/opt-66b-submod-0-latency-25.cdgp
1704042865028863056,1704042866736636785,200,http://172.169.8.253:31112/function/opt-66b-submod-0-latency-25.cdgp
1704042865028905411,1704042866807259949,200,http://172.169.8.253:31112/function/opt-66b-submod-0-latency-25.cdgp
1704042865028987517,1704042866887718863,200,http://172.169.8.253:31112/function/opt-66b-submod-0-latency-25.cdgp
1704042865104568909,1704042866139874298,200,http://172.169.8.253:31112/function/opt-66b-submod-0-latency-25.cdgp
1704042865104648022,1704042874517304320,500,http://172.169.8.253:31112/function/opt-66b-submod-0-latency-25.cdgp
1704042865104728606,1704042874423062778,500,http://172.169.8.253:31112/function/opt-66b-submod-0-latency-25.cdgp
1704042865104797464,1704042874368849102,500,http://172.169.8.253:31112/function/opt-66b-submod-0-latency-25.cdgp
1704042865104911283,1704042874515823307,500,http://172.169.8.253:31112/function/opt-66b-submod-0-latency-25.cdgp
1704042865104980879,1704042874517030306,500,http://172.169.8.253:31112/function/opt-66b-submod-0-latency-25.cdgp
1704042865206460029,1704042874370269984,500,http://172.169.8.253:31112/function/opt-66b-submod-0-latency-25.cdgp
1704042865206534421,1704042874552212399,500,http://172.169.8.253:31112/function/opt-66b-submod-0-latency-25.cdgp
1704042865206604919,1704042866671681390,200,http://172.169.8.253:31112/function/opt-66b-submod-0-latency-25.cdgp
1704042865261394022,1704042866784396977,200,http://172.169.8.253:31112/function/opt-66b-submod-0-latency-25.cdgp
1704042865261479417,1704042866929120255,200,http://172.169.8.253:31112/function/opt-66b-submod-0-latency-25.cdgp
1704042865261580338,1704042874531780807,500,http://172.169.8.253:31112/function/opt-66b-submod-0-latency-25.cdgp
1704042865261648077,1704042874635919955,500,http://172.169.8.253:31112/function/opt-66b-submod-0-latency-25.cdgp
1704042865261683749,1704042874628816029,500,http://172.169.8.253:31112/function/opt-66b-submod-0-latency-25.cdgp
1704042865261764766,1704042874681141824,500,http://172.169.8.253:31112/function/opt-66b-submod-0-latency-25.cdgp
1704042865261827199,1704042874633713511,500,http://172.169.8.253:31112/function/opt-66b-submod-0-latency-25.cdgp
1704042865261891407,1704042874516195632,500,http://172.169.8.253:31112/function/opt-66b-submod-0-latency-25.cdgp
1704042865261924047,1704042866715704418,200,http://172.169.8.253:31112/function/opt-66b-submod-0-latency-25.cdgp
1704042865262005683,1704042867123749770,200,http://172.169.8.253:31112/function/opt-66b-submod-0-latency-25.cdgp
1704042865262039110,1704042874631524152,500,http://172.169.8.253:31112/function/opt-66b-submod-0-latency-25.cdgp
1704042865264098585,1704042874667632091,500,http://172.169.8.253:31112/function/opt-66b-submod-0-latency-25.cdgp
1704042865264167166,1704042867369697534,200,http://172.169.8.253:31112/function/opt-66b-submod-0-latency-25.cdgp
1704042865264188767,1704042867008227495,200,http://172.169.8.253:31112/function/opt-66b-submod-0-latency-25.cdgp
1704042865264271858,1704042874604599937,500,http://172.169.8.253:31112/function/opt-66b-submod-0-latency-25.cdgp
1704042865264343090,1704042867088079755,200,http://172.169.8.253:31112/function/opt-66b-submod-0-latency-25.cdgp
1704042865264372240,1704042867328910487,200,http://172.169.8.253:31112/function/opt-66b-submod-0-latency-25.cdgp
1704042865264438203,1704042874637959791,500,http://172.169.8.253:31112/function/opt-66b-submod-0-latency-25.cdgp
1704042865264516435,1704042874603880176,500,http://172.169.8.253:31112/function/opt-66b-submod-0-latency-25.cdgp
1704042865264557229,1704042874680703158,500,http://172.169.8.253:31112/function/opt-66b-submod-0-latency-25.cdgp
1704042865264636240,1704042866697749201,200,http://172.169.8.253:31112/function/opt-66b-submod-0-latency-25.cdgp
1704042865264703684,1704042874632545348,500,http://172.169.8.253:31112/function/opt-66b-submod-0-latency-25.cdgp
1704042865264797092,1704042866741146345,200,http://172.169.8.253:31112/function/opt-66b-submod-0-latency-25.cdgp
1704042865264871621,1704042874543180318,500,http://172.169.8.253:31112/function/opt-66b-submod-0-latency-25.cdgp
1704042866155145773,1704042867587827804,200,http://172.169.8.253:31112/function/opt-66b-submod-0-latency-25.cdgp
1704042866155237801,1704042867907940653,200,http://172.169.8.253:31112/function/opt-66b-submod-0-latency-25.cdgp
1704042866155311699,1704042875575792547,500,http://172.169.8.253:31112/function/opt-66b-submod-0-latency-25.cdgp
1704042866155331744,1704042875351818687,500,http://172.169.8.253:31112/function/opt-66b-submod-0-latency-25.cdgp
1704042866155410160,1704042875351731729,500,http://172.169.8.253:31112/function/opt-66b-submod-0-latency-25.cdgp
1704042866155570245,1704042867351895852,200,http://172.169.8.253:31112/function/opt-66b-submod-0-latency-25.cdgp
1704042866155634530,1704042875478458056,500,http://172.169.8.253:31112/function/opt-66b-submod-0-latency-25.cdgp
1704042866155671163,1704042867444567838,200,http://172.169.8.253:31112/function/opt-66b-submod-0-latency-25.cdgp
1704042866155734653,1704042875576149039,500,http://172.169.8.253:31112/function/opt-66b-submod-0-latency-25.cdgp
1704042866155790888,1704042875533811710,500,http://172.169.8.253:31112/function/opt-66b-submod-0-latency-25.cdgp
1704042866155811211,1704042875672963729,500,http://172.169.8.253:31112/function/opt-66b-submod-0-latency-25.cdgp
1704042866155871472,1704042867567693584,200,http://172.169.8.253:31112/function/opt-66b-submod-0-latency-25.cdgp
1704042866155928839,1704042875533794879,500,http://172.169.8.253:31112/function/opt-66b-submod-0-latency-25.cdgp
1704042866155983440,1704042867864785041,200,http://172.169.8.253:31112/function/opt-66b-submod-0-latency-25.cdgp
1704042866224149436,1704042867861237019,200,http://172.169.8.253:31112/function/opt-66b-submod-0-latency-25.cdgp
1704042866224241808,1704042875672591253,500,http://172.169.8.253:31112/function/opt-66b-submod-0-latency-25.cdgp
1704042866224368192,1704042875533892205,500,http://172.169.8.253:31112/function/opt-66b-submod-0-latency-25.cdgp
1704042866224461487,1704042867415530134,200,http://172.169.8.253:31112/function/opt-66b-submod-0-latency-25.cdgp
1704042866260962113,1704042867672066922,200,http://172.169.8.253:31112/function/opt-66b-submod-0-latency-25.cdgp
1704042866261047637,1704042875631767864,500,http://172.169.8.253:31112/function/opt-66b-submod-0-latency-25.cdgp
1704042866261168272,1704042875624532445,500,http://172.169.8.253:31112/function/opt-66b-submod-0-latency-25.cdgp
1704042866261554969,1704042867555240152,200,http://172.169.8.253:31112/function/opt-66b-submod-0-latency-25.cdgp
1704042866261595668,1704042867925935052,200,http://172.169.8.253:31112/function/opt-66b-submod-0-latency-25.cdgp
1704042866261683483,1704042867693997850,200,http://172.169.8.253:31112/function/opt-66b-submod-0-latency-25.cdgp
1704042866261726206,1704042875631777654,500,http://172.169.8.253:31112/function/opt-66b-submod-0-latency-25.cdgp
1704042866261833355,1704042867461818008,200,http://172.169.8.253:31112/function/opt-66b-submod-0-latency-25.cdgp
1704042866261900098,1704042875477615401,500,http://172.169.8.253:31112/function/opt-66b-submod-0-latency-25.cdgp
1704042866261984403,1704042867842349027,200,http://172.169.8.253:31112/function/opt-66b-submod-0-latency-25.cdgp
1704042866262059853,1704042867604928288,200,http://172.169.8.253:31112/function/opt-66b-submod-0-latency-25.cdgp
1704042866262158371,1704042868059488337,200,http://172.169.8.253:31112/function/opt-66b-submod-0-latency-25.cdgp
1704042866262228515,1704042867537369080,200,http://172.169.8.253:31112/function/opt-66b-submod-0-latency-25.cdgp
1704042868501399218,1704042869376275862,200,http://172.169.8.253:31112/function/opt-66b-submod-0-latency-25.cdgp
1704042868501507421,1704042869599852716,200,http://172.169.8.253:31112/function/opt-66b-submod-0-latency-25.cdgp
1704042868501604021,1704042877830187492,500,http://172.169.8.253:31112/function/opt-66b-submod-0-latency-25.cdgp
1704042868501674257,1704042877795015490,500,http://172.169.8.253:31112/function/opt-66b-submod-0-latency-25.cdgp
1704042868501699713,1704042869429744567,200,http://172.169.8.253:31112/function/opt-66b-submod-0-latency-25.cdgp
1704042868501763979,1704042869602899411,200,http://172.169.8.253:31112/function/opt-66b-submod-0-latency-25.cdgp
1704042868501888017,1704042869206864023,200,http://172.169.8.253:31112/function/opt-66b-submod-0-latency-25.cdgp
1704042868501912513,1704042877750207957,500,http://172.169.8.253:31112/function/opt-66b-submod-0-latency-25.cdgp
1704042868538159959,1704042877879505343,500,http://172.169.8.253:31112/function/opt-66b-submod-0-latency-25.cdgp
1704042868538257021,1704042877935921122,500,http://172.169.8.253:31112/function/opt-66b-submod-0-latency-25.cdgp
1704042868538323943,1704042877935819859,500,http://172.169.8.253:31112/function/opt-66b-submod-0-latency-25.cdgp
1704042868538387594,1704042877712082874,500,http://172.169.8.253:31112/function/opt-66b-submod-0-latency-25.cdgp
1704042868538441127,1704042877936263874,500,http://172.169.8.253:31112/function/opt-66b-submod-0-latency-25.cdgp
1704042868538493957,1704042869747348494,200,http://172.169.8.253:31112/function/opt-66b-submod-0-latency-25.cdgp
1704042868538521833,1704042869568401449,200,http://172.169.8.253:31112/function/opt-66b-submod-0-latency-25.cdgp
1704042868538600275,1704042869800624318,200,http://172.169.8.253:31112/function/opt-66b-submod-0-latency-25.cdgp
1704042868584469090,1704042878236212156,500,http://172.169.8.253:31112/function/opt-66b-submod-0-latency-25.cdgp
1704042868584744254,1704042870247890797,200,http://172.169.8.253:31112/function/opt-66b-submod-0-latency-25.cdgp
1704042868584801391,1704042869958964072,200,http://172.169.8.253:31112/function/opt-66b-submod-0-latency-25.cdgp
1704042868584853200,1704042878413090266,500,http://172.169.8.253:31112/function/opt-66b-submod-0-latency-25.cdgp
1704042868584906860,1704042878036009949,500,http://172.169.8.253:31112/function/opt-66b-submod-0-latency-25.cdgp
1704042868584954772,1704042878422843413,500,http://172.169.8.253:31112/function/opt-66b-submod-0-latency-25.cdgp
1704042868585003722,1704042878030053309,500,http://172.169.8.253:31112/function/opt-66b-submod-0-latency-25.cdgp
1704042868585052984,1704042870350797639,200,http://172.169.8.253:31112/function/opt-66b-submod-0-latency-25.cdgp
1704042868585102406,1704042870187555697,200,http://172.169.8.253:31112/function/opt-66b-submod-0-latency-25.cdgp
1704042868585161196,1704042870349353181,200,http://172.169.8.253:31112/function/opt-66b-submod-0-latency-25.cdgp
1704042868585206968,1704042870038888638,200,http://172.169.8.253:31112/function/opt-66b-submod-0-latency-25.cdgp
1704042868585268054,1704042878250249702,500,http://172.169.8.253:31112/function/opt-66b-submod-0-latency-25.cdgp
1704042868585317107,1704042878406557656,500,http://172.169.8.253:31112/function/opt-66b-submod-0-latency-25.cdgp
1704042868585364637,1704042870462445454,200,http://172.169.8.253:31112/function/opt-66b-submod-0-latency-25.cdgp
1704042868585413586,1704042877830307992,500,http://172.169.8.253:31112/function/opt-66b-submod-0-latency-25.cdgp
1704042868585462509,1704042870619044692,200,http://172.169.8.253:31112/function/opt-66b-submod-0-latency-25.cdgp
1704042868585534169,1704042870439495849,200,http://172.169.8.253:31112/function/opt-66b-submod-0-latency-25.cdgp
1704042868585587528,1704042878511867511,500,http://172.169.8.253:31112/function/opt-66b-submod-0-latency-25.cdgp
1704042868585642775,1704042870679914343,200,http://172.169.8.253:31112/function/opt-66b-submod-0-latency-25.cdgp
1704042868585696184,1704042878399275050,500,http://172.169.8.253:31112/function/opt-66b-submod-0-latency-25.cdgp
1704042868585750542,1704042878243145616,500,http://172.169.8.253:31112/function/opt-66b-submod-0-latency-25.cdgp
1704042868585804151,1704042878397360643,500,http://172.169.8.253:31112/function/opt-66b-submod-0-latency-25.cdgp
1704042868585872821,1704042878096748339,500,http://172.169.8.253:31112/function/opt-66b-submod-0-latency-25.cdgp
1704042868585944025,1704042869796540054,200,http://172.169.8.253:31112/function/opt-66b-submod-0-latency-25.cdgp
1704042868586007389,1704042878254925506,500,http://172.169.8.253:31112/function/opt-66b-submod-0-latency-25.cdgp
1704042868586088794,1704042870650704932,200,http://172.169.8.253:31112/function/opt-66b-submod-0-latency-25.cdgp
1704042868586106728,1704042878239303967,500,http://172.169.8.253:31112/function/opt-66b-submod-0-latency-25.cdgp
1704042868586197578,1704042878413476719,500,http://172.169.8.253:31112/function/opt-66b-submod-0-latency-25.cdgp
1704042868586265699,1704042878256061444,500,http://172.169.8.253:31112/function/opt-66b-submod-0-latency-25.cdgp
1704042868586308834,1704042870040992231,200,http://172.169.8.253:31112/function/opt-66b-submod-0-latency-25.cdgp
1704042868586413626,1704042870587082109,200,http://172.169.8.253:31112/function/opt-66b-submod-0-latency-25.cdgp
1704042868586504821,1704042870655068781,200,http://172.169.8.253:31112/function/opt-66b-submod-0-latency-25.cdgp
1704042868586553380,1704042870534685709,200,http://172.169.8.253:31112/function/opt-66b-submod-0-latency-25.cdgp
1704042868586623396,1704042870220921399,200,http://172.169.8.253:31112/function/opt-66b-submod-0-latency-25.cdgp
1704042868586682202,1704042878410660839,500,http://172.169.8.253:31112/function/opt-66b-submod-0-latency-25.cdgp
1704042868586770055,1704042870451880116,200,http://172.169.8.253:31112/function/opt-66b-submod-0-latency-25.cdgp
1704042868605173865,1704042870619759217,200,http://172.169.8.253:31112/function/opt-66b-submod-0-latency-25.cdgp
1704042868605279477,1704042878415824268,500,http://172.169.8.253:31112/function/opt-66b-submod-0-latency-25.cdgp
1704042868605407857,1704042870577687946,200,http://172.169.8.253:31112/function/opt-66b-submod-0-latency-25.cdgp
1704042868605500008,1704042870351633192,200,http://172.169.8.253:31112/function/opt-66b-submod-0-latency-25.cdgp
1704042868605579162,1704042878251909941,500,http://172.169.8.253:31112/function/opt-66b-submod-0-latency-25.cdgp
1704042868605653394,1704042878260498213,500,http://172.169.8.253:31112/function/opt-66b-submod-0-latency-25.cdgp
1704042868606655084,1704042870444397288,200,http://172.169.8.253:31112/function/opt-66b-submod-0-latency-25.cdgp
1704042868606765586,1704042870422462258,200,http://172.169.8.253:31112/function/opt-66b-submod-0-latency-25.cdgp
1704042868606849759,1704042878268663174,504,http://172.169.8.253:31112/function/opt-66b-submod-0-latency-25.cdgp
1704042868606928354,1704042877894397497,500,http://172.169.8.253:31112/function/opt-66b-submod-0-latency-25.cdgp
1704042868607002724,1704042877894384078,500,http://172.169.8.253:31112/function/opt-66b-submod-0-latency-25.cdgp
1704042868607076968,1704042878270726434,500,http://172.169.8.253:31112/function/opt-66b-submod-0-latency-25.cdgp
1704042868612685156,1704042870040880829,200,http://172.169.8.253:31112/function/opt-66b-submod-0-latency-25.cdgp
1704042868623616120,1704042878400823620,500,http://172.169.8.253:31112/function/opt-66b-submod-0-latency-25.cdgp
1704042868623705202,1704042870442242406,200,http://172.169.8.253:31112/function/opt-66b-submod-0-latency-25.cdgp
1704042868623756114,1704042878253110507,500,http://172.169.8.253:31112/function/opt-66b-submod-0-latency-25.cdgp
1704042868664562479,1704042878416250772,500,http://172.169.8.253:31112/function/opt-66b-submod-0-latency-25.cdgp
1704042869849404200,1704042878856892923,504,http://172.169.8.253:31112/function/opt-66b-submod-0-latency-25.cdgp
1704042869849519677,1704042878765895221,500,http://172.169.8.253:31112/function/opt-66b-submod-0-latency-25.cdgp
1704042869849666283,1704042878766052231,500,http://172.169.8.253:31112/function/opt-66b-submod-0-latency-25.cdgp
1704042869863579538,1704042871037814396,200,http://172.169.8.253:31112/function/opt-66b-submod-0-latency-25.cdgp
1704042869863662330,1704042878800545728,500,http://172.169.8.253:31112/function/opt-66b-submod-0-latency-25.cdgp
1704042869864675366,1704042879202207333,500,http://172.169.8.253:31112/function/opt-66b-submod-0-latency-25.cdgp
1704042869864767423,1704042871496838347,200,http://172.169.8.253:31112/function/opt-66b-submod-0-latency-25.cdgp
1704042869864859861,1704042871455929557,200,http://172.169.8.253:31112/function/opt-66b-submod-0-latency-25.cdgp
1704042869864945098,1704042878976860324,500,http://172.169.8.253:31112/function/opt-66b-submod-0-latency-25.cdgp
1704042869865076680,1704042878958190189,500,http://172.169.8.253:31112/function/opt-66b-submod-0-latency-25.cdgp
1704042869865161261,1704042878995108779,500,http://172.169.8.253:31112/function/opt-66b-submod-0-latency-25.cdgp
1704042869865228153,1704042878938011935,500,http://172.169.8.253:31112/function/opt-66b-submod-0-latency-25.cdgp
1704042869865312646,1704042879156753188,500,http://172.169.8.253:31112/function/opt-66b-submod-0-latency-25.cdgp
1704042869865382987,1704042879169761224,500,http://172.169.8.253:31112/function/opt-66b-submod-0-latency-25.cdgp
1704042869865477668,1704042879020907387,500,http://172.169.8.253:31112/function/opt-66b-submod-0-latency-25.cdgp
1704042869867748144,1704042879060705824,500,http://172.169.8.253:31112/function/opt-66b-submod-0-latency-25.cdgp
1704042869867839914,1704042879148114042,500,http://172.169.8.253:31112/function/opt-66b-submod-0-latency-25.cdgp
1704042869867902987,1704042879178930815,500,http://172.169.8.253:31112/function/opt-66b-submod-0-latency-25.cdgp
1704042869867988459,1704042879040556573,500,http://172.169.8.253:31112/function/opt-66b-submod-0-latency-25.cdgp
1704042869868068262,1704042879141567438,500,http://172.169.8.253:31112/function/opt-66b-submod-0-latency-25.cdgp
1704042869868160515,1704042871241355673,200,http://172.169.8.253:31112/function/opt-66b-submod-0-latency-25.cdgp
1704042869868231727,1704042878940246499,500,http://172.169.8.253:31112/function/opt-66b-submod-0-latency-25.cdgp
1704042869868311701,1704042871237384444,200,http://172.169.8.253:31112/function/opt-66b-submod-0-latency-25.cdgp
1704042869868402609,1704042879058604568,500,http://172.169.8.253:31112/function/opt-66b-submod-0-latency-25.cdgp
1704042869868463785,1704042879146714459,500,http://172.169.8.253:31112/function/opt-66b-submod-0-latency-25.cdgp
1704042869868559122,1704042878997453830,500,http://172.169.8.253:31112/function/opt-66b-submod-0-latency-25.cdgp
1704042869868636280,1704042870975559260,200,http://172.169.8.253:31112/function/opt-66b-submod-0-latency-25.cdgp
1704042869868711866,1704042871452318121,200,http://172.169.8.253:31112/function/opt-66b-submod-0-latency-25.cdgp
1704042869868791864,1704042871534821463,200,http://172.169.8.253:31112/function/opt-66b-submod-0-latency-25.cdgp
1704042870476035090,1704042871587734482,200,http://172.169.8.253:31112/function/opt-66b-submod-0-latency-25.cdgp
1704042870476152853,1704042879560298082,500,http://172.169.8.253:31112/function/opt-66b-submod-0-latency-25.cdgp
1704042870476247621,1704042879408910453,500,http://172.169.8.253:31112/function/opt-66b-submod-0-latency-25.cdgp
1704042870476343172,1704042871915774492,200,http://172.169.8.253:31112/function/opt-66b-submod-0-latency-25.cdgp
1704042870476392630,1704042879538920472,500,http://172.169.8.253:31112/function/opt-66b-submod-0-latency-25.cdgp
1704042870476469354,1704042872075726269,200,http://172.169.8.253:31112/function/opt-66b-submod-0-latency-25.cdgp
1704042870476541716,1704042872040696214,200,http://172.169.8.253:31112/function/opt-66b-submod-0-latency-25.cdgp
1704042870476603475,1704042872034380526,200,http://172.169.8.253:31112/function/opt-66b-submod-0-latency-25.cdgp
1704042870476636495,1704042879499085627,500,http://172.169.8.253:31112/function/opt-66b-submod-0-latency-25.cdgp
1704042870476712471,1704042871543997133,200,http://172.169.8.253:31112/function/opt-66b-submod-0-latency-25.cdgp
1704042870476796052,1704042872109503639,200,http://172.169.8.253:31112/function/opt-66b-submod-0-latency-25.cdgp
1704042870476874227,1704042872156227176,200,http://172.169.8.253:31112/function/opt-66b-submod-0-latency-25.cdgp
1704042870476947854,1704042871869767209,200,http://172.169.8.253:31112/function/opt-66b-submod-0-latency-25.cdgp
1704042870477031413,1704042872041813688,200,http://172.169.8.253:31112/function/opt-66b-submod-0-latency-25.cdgp
1704042870497524315,1704042871870122530,200,http://172.169.8.253:31112/function/opt-66b-submod-0-latency-25.cdgp
1704042870497572703,1704042872035416771,200,http://172.169.8.253:31112/function/opt-66b-submod-0-latency-25.cdgp
1704042870497649700,1704042872041797304,200,http://172.169.8.253:31112/function/opt-66b-submod-0-latency-25.cdgp
1704042870497704369,1704042879672218432,500,http://172.169.8.253:31112/function/opt-66b-submod-0-latency-25.cdgp
1704042870985852142,1704042872743873566,200,http://172.169.8.253:31112/function/opt-66b-submod-0-latency-25.cdgp
1704042870989673010,1704042880055611546,500,http://172.169.8.253:31112/function/opt-66b-submod-0-latency-25.cdgp
1704042870989832659,1704042872170442527,200,http://172.169.8.253:31112/function/opt-66b-submod-0-latency-25.cdgp
1704042870989936482,1704042872701711331,200,http://172.169.8.253:31112/function/opt-66b-submod-0-latency-25.cdgp
1704042870990042509,1704042880402630322,500,http://172.169.8.253:31112/function/opt-66b-submod-0-latency-25.cdgp
1704042870990151101,1704042880090976253,500,http://172.169.8.253:31112/function/opt-66b-submod-0-latency-25.cdgp
1704042870990243571,1704042872700692260,200,http://172.169.8.253:31112/function/opt-66b-submod-0-latency-25.cdgp
1704042870990327170,1704042880044264078,500,http://172.169.8.253:31112/function/opt-66b-submod-0-latency-25.cdgp
1704042870990407250,1704042871869873941,200,http://172.169.8.253:31112/function/opt-66b-submod-0-latency-25.cdgp
1704042870990498757,1704042880974074693,500,http://172.169.8.253:31112/function/opt-66b-submod-0-latency-25.cdgp
1704042870990559742,1704042872176610159,200,http://172.169.8.253:31112/function/opt-66b-submod-0-latency-25.cdgp
1704042870990611907,1704042880031744981,500,http://172.169.8.253:31112/function/opt-66b-submod-0-latency-25.cdgp
1704042870990650445,1704042872413026257,200,http://172.169.8.253:31112/function/opt-66b-submod-0-latency-25.cdgp
1704042870990710487,1704042872630759573,200,http://172.169.8.253:31112/function/opt-66b-submod-0-latency-25.cdgp
1704042871054379801,1704042880974059805,500,http://172.169.8.253:31112/function/opt-66b-submod-0-latency-25.cdgp
1704042871054484826,1704042872675935837,200,http://172.169.8.253:31112/function/opt-66b-submod-0-latency-25.cdgp
1704042871054581500,1704042880972861082,500,http://172.169.8.253:31112/function/opt-66b-submod-0-latency-25.cdgp
1704042871054699783,1704042880162833805,500,http://172.169.8.253:31112/function/opt-66b-submod-0-latency-25.cdgp
1704042871054754043,1704042881055818914,500,http://172.169.8.253:31112/function/opt-66b-submod-0-latency-25.cdgp
1704042871054843217,1704042881055807458,500,http://172.169.8.253:31112/function/opt-66b-submod-0-latency-25.cdgp
1704042871054914463,1704042880308103023,500,http://172.169.8.253:31112/function/opt-66b-submod-0-latency-25.cdgp
1704042871062716484,1704042880184012775,500,http://172.169.8.253:31112/function/opt-66b-submod-0-latency-25.cdgp
1704042871062797554,1704042872961392419,200,http://172.169.8.253:31112/function/opt-66b-submod-0-latency-25.cdgp
1704042871063408888,1704042873538993930,200,http://172.169.8.253:31112/function/opt-66b-submod-0-latency-25.cdgp
1704042871063486666,1704042872628995398,200,http://172.169.8.253:31112/function/opt-66b-submod-0-latency-25.cdgp
1704042871063580593,1704042874084220816,200,http://172.169.8.253:31112/function/opt-66b-submod-0-latency-25.cdgp
1704042871063646296,1704042875625299296,200,http://172.169.8.253:31112/function/opt-66b-submod-0-latency-25.cdgp
1704042871063703789,1704042873906178606,200,http://172.169.8.253:31112/function/opt-66b-submod-0-latency-25.cdgp
1704042871063805701,1704042880304822344,500,http://172.169.8.253:31112/function/opt-66b-submod-0-latency-25.cdgp
1704042871063841817,1704042880976330501,500,http://172.169.8.253:31112/function/opt-66b-submod-0-latency-25.cdgp
1704042871063902357,1704042872963171252,200,http://172.169.8.253:31112/function/opt-66b-submod-0-latency-25.cdgp
1704042871064006917,1704042876729805660,200,http://172.169.8.253:31112/function/opt-66b-submod-0-latency-25.cdgp
1704042871064079268,1704042872960747233,200,http://172.169.8.253:31112/function/opt-66b-submod-0-latency-25.cdgp
1704042871064104943,1704042876728337619,200,http://172.169.8.253:31112/function/opt-66b-submod-0-latency-25.cdgp
1704042871064190612,1704042872630855858,200,http://172.169.8.253:31112/function/opt-66b-submod-0-latency-25.cdgp
1704042871064264461,1704042873538986539,200,http://172.169.8.253:31112/function/opt-66b-submod-0-latency-25.cdgp
1704042871064343763,1704042872445099567,200,http://172.169.8.253:31112/function/opt-66b-submod-0-latency-25.cdgp
1704042871064384999,1704042875625056310,200,http://172.169.8.253:31112/function/opt-66b-submod-0-latency-25.cdgp
1704042871064464237,1704042874341002912,200,http://172.169.8.253:31112/function/opt-66b-submod-0-latency-25.cdgp
1704042871064501998,1704042881065001542,500,http://172.169.8.253:31112/function/opt-66b-submod-0-latency-25.cdgp
1704042871064581041,1704042880303578906,500,http://172.169.8.253:31112/function/opt-66b-submod-0-latency-25.cdgp
1704042871064627393,1704042876023640023,200,http://172.169.8.253:31112/function/opt-66b-submod-0-latency-25.cdgp
1704042871064694559,1704042881065027702,500,http://172.169.8.253:31112/function/opt-66b-submod-0-latency-25.cdgp
1704042871064776437,1704042875478004367,200,http://172.169.8.253:31112/function/opt-66b-submod-0-latency-25.cdgp
1704042871064874669,1704042875477720211,200,http://172.169.8.253:31112/function/opt-66b-submod-0-latency-25.cdgp
1704042871064935652,1704042878037843234,200,http://172.169.8.253:31112/function/opt-66b-submod-0-latency-25.cdgp
1704042871065013842,1704042881065209354,500,http://172.169.8.253:31112/function/opt-66b-submod-0-latency-25.cdgp
1704042871065087911,1704042880209803918,500,http://172.169.8.253:31112/function/opt-66b-submod-0-latency-25.cdgp
1704042871065120803,1704042874810391691,200,http://172.169.8.253:31112/function/opt-66b-submod-0-latency-25.cdgp
1704042871065228771,1704042881066248676,500,http://172.169.8.253:31112/function/opt-66b-submod-0-latency-25.cdgp
1704042871065253605,1704042872962690929,200,http://172.169.8.253:31112/function/opt-66b-submod-0-latency-25.cdgp
1704042871065305799,1704042880974324979,500,http://172.169.8.253:31112/function/opt-66b-submod-0-latency-25.cdgp
1704042871065368907,1704042881066234460,500,http://172.169.8.253:31112/function/opt-66b-submod-0-latency-25.cdgp
1704042871065397387,1704042880237194215,500,http://172.169.8.253:31112/function/opt-66b-submod-0-latency-25.cdgp
1704042871065929015,1704042880972882887,500,http://172.169.8.253:31112/function/opt-66b-submod-0-latency-25.cdgp
1704042871065994575,1704042880973115819,500,http://172.169.8.253:31112/function/opt-66b-submod-0-latency-25.cdgp
1704042871066027333,1704042872808397747,200,http://172.169.8.253:31112/function/opt-66b-submod-0-latency-25.cdgp
1704042871066102442,1704042876729131175,200,http://172.169.8.253:31112/function/opt-66b-submod-0-latency-25.cdgp
1704042871066192358,1704042880323192195,500,http://172.169.8.253:31112/function/opt-66b-submod-0-latency-25.cdgp
1704042871067097730,1704042876023653502,200,http://172.169.8.253:31112/function/opt-66b-submod-0-latency-25.cdgp
1704042871067193127,1704042875478208008,200,http://172.169.8.253:31112/function/opt-66b-submod-0-latency-25.cdgp
1704042871067227809,1704042874127821459,200,http://172.169.8.253:31112/function/opt-66b-submod-0-latency-25.cdgp
1704042871067327045,1704042881068427439,500,http://172.169.8.253:31112/function/opt-66b-submod-0-latency-25.cdgp
1704042871067394653,1704042880920812667,500,http://172.169.8.253:31112/function/opt-66b-submod-0-latency-25.cdgp
1704042871067440132,1704042881068430091,500,http://172.169.8.253:31112/function/opt-66b-submod-0-latency-25.cdgp
1704042871067515657,1704042880491824895,500,http://172.169.8.253:31112/function/opt-66b-submod-0-latency-25.cdgp
1704042871067584209,1704042872586330111,200,http://172.169.8.253:31112/function/opt-66b-submod-0-latency-25.cdgp
1704042871067652629,1704042872777243043,200,http://172.169.8.253:31112/function/opt-66b-submod-0-latency-25.cdgp
1704042871067741849,1704042872960245005,200,http://172.169.8.253:31112/function/opt-66b-submod-0-latency-25.cdgp
1704042871067801169,1704042872954906298,200,http://172.169.8.253:31112/function/opt-66b-submod-0-latency-25.cdgp
1704042871067829328,1704042873419465821,200,http://172.169.8.253:31112/function/opt-66b-submod-0-latency-25.cdgp
1704042871067890122,1704042874083239957,200,http://172.169.8.253:31112/function/opt-66b-submod-0-latency-25.cdgp
1704042871067973199,1704042880488877005,500,http://172.169.8.253:31112/function/opt-66b-submod-0-latency-25.cdgp
1704042871068048179,1704042873660259068,200,http://172.169.8.253:31112/function/opt-66b-submod-0-latency-25.cdgp
1704042871068083627,1704042880434341379,500,http://172.169.8.253:31112/function/opt-66b-submod-0-latency-25.cdgp
1704042871068186602,1704042881068523329,500,http://172.169.8.253:31112/function/opt-66b-submod-0-latency-25.cdgp
1704042871068271474,1704042881068543149,500,http://172.169.8.253:31112/function/opt-66b-submod-0-latency-25.cdgp
1704042871068321796,1704042874148853760,200,http://172.169.8.253:31112/function/opt-66b-submod-0-latency-25.cdgp
1704042871069080006,1704042876728763947,200,http://172.169.8.253:31112/function/opt-66b-submod-0-latency-25.cdgp
1704042871078346240,1704042880972649647,500,http://172.169.8.253:31112/function/opt-66b-submod-0-latency-25.cdgp
1704042871078462624,1704042875477985944,200,http://172.169.8.253:31112/function/opt-66b-submod-0-latency-25.cdgp
1704042871078567404,1704042881079832513,500,http://172.169.8.253:31112/function/opt-66b-submod-0-latency-25.cdgp
1704042871091564109,1704042881092067913,500,http://172.169.8.253:31112/function/opt-66b-submod-0-latency-25.cdgp
1704042871091642598,1704042873906842173,200,http://172.169.8.253:31112/function/opt-66b-submod-0-latency-25.cdgp
1704042871091663015,1704042880976218493,500,http://172.169.8.253:31112/function/opt-66b-submod-0-latency-25.cdgp
1704042871091763595,1704042877039445859,200,http://172.169.8.253:31112/function/opt-66b-submod-0-latency-25.cdgp
1704042871091821162,1704042880870562368,500,http://172.169.8.253:31112/function/opt-66b-submod-0-latency-25.cdgp
1704042871093575860,1704042881087660237,500,http://172.169.8.253:31112/function/opt-66b-submod-0-latency-25.cdgp
1704042871101644853,1704042876121306639,200,http://172.169.8.253:31112/function/opt-66b-submod-0-latency-25.cdgp
1704042871101727222,1704042875672352210,200,http://172.169.8.253:31112/function/opt-66b-submod-0-latency-25.cdgp
1704042871101807176,1704042874451866242,200,http://172.169.8.253:31112/function/opt-66b-submod-0-latency-25.cdgp
1704042871101873336,1704042873419254756,200,http://172.169.8.253:31112/function/opt-66b-submod-0-latency-25.cdgp
1704042871102000364,1704042880973251577,500,http://172.169.8.253:31112/function/opt-66b-submod-0-latency-25.cdgp
1704042871102112366,1704042881094055328,500,http://172.169.8.253:31112/function/opt-66b-submod-0-latency-25.cdgp
1704042871102196684,1704042881102389363,500,http://172.169.8.253:31112/function/opt-66b-submod-0-latency-25.cdgp
1704042871102265972,1704042881081027791,500,http://172.169.8.253:31112/function/opt-66b-submod-0-latency-25.cdgp
1704042871291625650,1704042880973991714,500,http://172.169.8.253:31112/function/opt-66b-submod-0-latency-25.cdgp
1704042871291794556,1704042874422932406,200,http://172.169.8.253:31112/function/opt-66b-submod-0-latency-25.cdgp
1704042871292393712,1704042881111051349,500,http://172.169.8.253:31112/function/opt-66b-submod-0-latency-25.cdgp
1704042871292468672,1704042873482088234,200,http://172.169.8.253:31112/function/opt-66b-submod-0-latency-25.cdgp
1704042871292533123,1704042881173375177,500,http://172.169.8.253:31112/function/opt-66b-submod-0-latency-25.cdgp
1704042871292664488,1704042874339885688,200,http://172.169.8.253:31112/function/opt-66b-submod-0-latency-25.cdgp
1704042871292759421,1704042874746786332,200,http://172.169.8.253:31112/function/opt-66b-submod-0-latency-25.cdgp
1704042872179104776,1704042877511555573,200,http://172.169.8.253:31112/function/opt-66b-submod-0-latency-25.cdgp
1704042872179189108,1704042881905511476,500,http://172.169.8.253:31112/function/opt-66b-submod-0-latency-25.cdgp
1704042872179292291,1704042873943723575,200,http://172.169.8.253:31112/function/opt-66b-submod-0-latency-25.cdgp
1704042872179451450,1704042875199830840,200,http://172.169.8.253:31112/function/opt-66b-submod-0-latency-25.cdgp
1704042872179517861,1704042876729228898,200,http://172.169.8.253:31112/function/opt-66b-submod-0-latency-25.cdgp
1704042872183647208,1704042881597251680,500,http://172.169.8.253:31112/function/opt-66b-submod-0-latency-25.cdgp
1704042872183760532,1704042881671114331,500,http://172.169.8.253:31112/function/opt-66b-submod-0-latency-25.cdgp
1704042872183848966,1704042875625346497,200,http://172.169.8.253:31112/function/opt-66b-submod-0-latency-25.cdgp
1704042872183963010,1704042881339134635,500,http://172.169.8.253:31112/function/opt-66b-submod-0-latency-25.cdgp
1704042872185131832,1704042875308436695,200,http://172.169.8.253:31112/function/opt-66b-submod-0-latency-25.cdgp
1704042872185223897,1704042882059135871,500,http://172.169.8.253:31112/function/opt-66b-submod-0-latency-25.cdgp
1704042872185306436,1704042881537650839,500,http://172.169.8.253:31112/function/opt-66b-submod-0-latency-25.cdgp
1704042872185370978,1704042881615946659,500,http://172.169.8.253:31112/function/opt-66b-submod-0-latency-25.cdgp
1704042872185439900,1704042881339880241,500,http://172.169.8.253:31112/function/opt-66b-submod-0-latency-25.cdgp
1704042872186059432,1704042881339751516,500,http://172.169.8.253:31112/function/opt-66b-submod-0-latency-25.cdgp
1704042872186096158,1704042877749617814,200,http://172.169.8.253:31112/function/opt-66b-submod-0-latency-25.cdgp
1704042872186178453,1704042881443763885,500,http://172.169.8.253:31112/function/opt-66b-submod-0-latency-25.cdgp
1704042872186283012,1704042880277359043,200,http://172.169.8.253:31112/function/opt-66b-submod-0-latency-25.cdgp
1704042872227897539,1704042881442334905,500,http://172.169.8.253:31112/function/opt-66b-submod-0-latency-25.cdgp
1704042872227971741,1704042881443265924,500,http://172.169.8.253:31112/function/opt-66b-submod-0-latency-25.cdgp
1704042872228009314,1704042881670466638,500,http://172.169.8.253:31112/function/opt-66b-submod-0-latency-25.cdgp
1704042872228093137,1704042875631838150,200,http://172.169.8.253:31112/function/opt-66b-submod-0-latency-25.cdgp
1704042872228152322,1704042880306194581,200,http://172.169.8.253:31112/function/opt-66b-submod-0-latency-25.cdgp
1704042872228216327,1704042881514202645,500,http://172.169.8.253:31112/function/opt-66b-submod-0-latency-25.cdgp
1704042872228270703,1704042878601802890,200,http://172.169.8.253:31112/function/opt-66b-submod-0-latency-25.cdgp
1704042872228338840,1704042878543854835,200,http://172.169.8.253:31112/function/opt-66b-submod-0-latency-25.cdgp
1704042872228404634,1704042876058089117,200,http://172.169.8.253:31112/function/opt-66b-submod-0-latency-25.cdgp
1704042872228471355,1704042880304486216,200,http://172.169.8.253:31112/function/opt-66b-submod-0-latency-25.cdgp
1704042872228504456,1704042874624417831,200,http://172.169.8.253:31112/function/opt-66b-submod-0-latency-25.cdgp
1704042872228590981,1704042876121040678,200,http://172.169.8.253:31112/function/opt-66b-submod-0-latency-25.cdgp
1704042872228647107,1704042876156904035,200,http://172.169.8.253:31112/function/opt-66b-submod-0-latency-25.cdgp
1704042872228699350,1704042875127410542,200,http://172.169.8.253:31112/function/opt-66b-submod-0-latency-25.cdgp
1704042872228744203,1704042875165129621,200,http://172.169.8.253:31112/function/opt-66b-submod-0-latency-25.cdgp
1704042872228817191,1704042881670102351,500,http://172.169.8.253:31112/function/opt-66b-submod-0-latency-25.cdgp
1704042872228893432,1704042881441856586,500,http://172.169.8.253:31112/function/opt-66b-submod-0-latency-25.cdgp
1704042872228978108,1704042876162082479,200,http://172.169.8.253:31112/function/opt-66b-submod-0-latency-25.cdgp
1704042872229041714,1704042877247692015,200,http://172.169.8.253:31112/function/opt-66b-submod-0-latency-25.cdgp
1704042872232475144,1704042881616074313,500,http://172.169.8.253:31112/function/opt-66b-submod-0-latency-25.cdgp
1704042872232555502,1704042882060258441,500,http://172.169.8.253:31112/function/opt-66b-submod-0-latency-25.cdgp
1704042872232706267,1704042882059144514,500,http://172.169.8.253:31112/function/opt-66b-submod-0-latency-25.cdgp
1704042872232789823,1704042878070722542,200,http://172.169.8.253:31112/function/opt-66b-submod-0-latency-25.cdgp
1704042872232874758,1704042877424400411,200,http://172.169.8.253:31112/function/opt-66b-submod-0-latency-25.cdgp
1704042872232953122,1704042876181440386,200,http://172.169.8.253:31112/function/opt-66b-submod-0-latency-25.cdgp
1704042872233041583,1704042878590340696,200,http://172.169.8.253:31112/function/opt-66b-submod-0-latency-25.cdgp
1704042872372446774,1704042881615212698,500,http://172.169.8.253:31112/function/opt-66b-submod-0-latency-25.cdgp
1704042873006121103,1704042882273671829,500,http://172.169.8.253:31112/function/opt-66b-submod-0-latency-25.cdgp
1704042873006204787,1704042877333513652,200,http://172.169.8.253:31112/function/opt-66b-submod-0-latency-25.cdgp
1704042873006298879,1704042876156826908,200,http://172.169.8.253:31112/function/opt-66b-submod-0-latency-25.cdgp
1704042873006362876,1704042876431500364,200,http://172.169.8.253:31112/function/opt-66b-submod-0-latency-25.cdgp
1704042873006428163,1704042882154302443,500,http://172.169.8.253:31112/function/opt-66b-submod-0-latency-25.cdgp
1704042873006471643,1704042881945104162,500,http://172.169.8.253:31112/function/opt-66b-submod-0-latency-25.cdgp
1704042873006547535,1704042882268388727,500,http://172.169.8.253:31112/function/opt-66b-submod-0-latency-25.cdgp
1704042873055774539,1704042882291306909,500,http://172.169.8.253:31112/function/opt-66b-submod-0-latency-25.cdgp
1704042873055874284,1704042876055416551,200,http://172.169.8.253:31112/function/opt-66b-submod-0-latency-25.cdgp
1704042873055949589,1704042882274501853,500,http://172.169.8.253:31112/function/opt-66b-submod-0-latency-25.cdgp
1704042873056024344,1704042878033984942,200,http://172.169.8.253:31112/function/opt-66b-submod-0-latency-25.cdgp
1704042873056132161,1704042882280466589,500,http://172.169.8.253:31112/function/opt-66b-submod-0-latency-25.cdgp
1704042873056193820,1704042880404583894,200,http://172.169.8.253:31112/function/opt-66b-submod-0-latency-25.cdgp
1704042873056255347,1704042876429730965,200,http://172.169.8.253:31112/function/opt-66b-submod-0-latency-25.cdgp
1704042873056321166,1704042877335736585,200,http://172.169.8.253:31112/function/opt-66b-submod-0-latency-25.cdgp
1704042873056345916,1704042882142671245,500,http://172.169.8.253:31112/function/opt-66b-submod-0-latency-25.cdgp
1704042873056435724,1704042877039656121,200,http://172.169.8.253:31112/function/opt-66b-submod-0-latency-25.cdgp
1704042873056501185,1704042882144443737,500,http://172.169.8.253:31112/function/opt-66b-submod-0-latency-25.cdgp
1704042873056528284,1704042882830086831,500,http://172.169.8.253:31112/function/opt-66b-submod-0-latency-25.cdgp
1704042873056588089,1704042882103533854,500,http://172.169.8.253:31112/function/opt-66b-submod-0-latency-25.cdgp
1704042873056647042,1704042882356614727,500,http://172.169.8.253:31112/function/opt-66b-submod-0-latency-25.cdgp
1704042873056791000,1704042880402620151,200,http://172.169.8.253:31112/function/opt-66b-submod-0-latency-25.cdgp
1704042873056866156,1704042882320802114,500,http://172.169.8.253:31112/function/opt-66b-submod-0-latency-25.cdgp
1704042873056891498,1704042882457956366,500,http://172.169.8.253:31112/function/opt-66b-submod-0-latency-25.cdgp
1704042873056954368,1704042882435602926,500,http://172.169.8.253:31112/function/opt-66b-submod-0-latency-25.cdgp
1704042873057035289,1704042876698282331,200,http://172.169.8.253:31112/function/opt-66b-submod-0-latency-25.cdgp
1704042873062414652,1704042882437328317,500,http://172.169.8.253:31112/function/opt-66b-submod-0-latency-25.cdgp
1704042873062472987,1704042878587302393,200,http://172.169.8.253:31112/function/opt-66b-submod-0-latency-25.cdgp
1704042873075780626,1704042882900627173,500,http://172.169.8.253:31112/function/opt-66b-submod-0-latency-25.cdgp
1704042873075868555,1704042882836853562,500,http://172.169.8.253:31112/function/opt-66b-submod-0-latency-25.cdgp
1704042873075957401,1704042877067116169,200,http://172.169.8.253:31112/function/opt-66b-submod-0-latency-25.cdgp
1704042873076019465,1704042882833838193,500,http://172.169.8.253:31112/function/opt-66b-submod-0-latency-25.cdgp
1704042873076102299,1704042880364821672,200,http://172.169.8.253:31112/function/opt-66b-submod-0-latency-25.cdgp
1704042873076163028,1704042882903168167,500,http://172.169.8.253:31112/function/opt-66b-submod-0-latency-25.cdgp
1704042873076234604,1704042882659373738,500,http://172.169.8.253:31112/function/opt-66b-submod-0-latency-25.cdgp
1704042873076261397,1704042880243553572,200,http://172.169.8.253:31112/function/opt-66b-submod-0-latency-25.cdgp
1704042873076335817,1704042875625313432,200,http://172.169.8.253:31112/function/opt-66b-submod-0-latency-25.cdgp
1704042873076414848,1704042877948943328,200,http://172.169.8.253:31112/function/opt-66b-submod-0-latency-25.cdgp
1704042873076485052,1704042883077037870,500,http://172.169.8.253:31112/function/opt-66b-submod-0-latency-25.cdgp
1704042873076511145,1704042883077017453,500,http://172.169.8.253:31112/function/opt-66b-submod-0-latency-25.cdgp
1704042873076583093,1704042876181707811,200,http://172.169.8.253:31112/function/opt-66b-submod-0-latency-25.cdgp
1704042873076666003,1704042882663290337,500,http://172.169.8.253:31112/function/opt-66b-submod-0-latency-25.cdgp
1704042873076731358,1704042876431475989,200,http://172.169.8.253:31112/function/opt-66b-submod-0-latency-25.cdgp
1704042873076766881,1704042882661382402,500,http://172.169.8.253:31112/function/opt-66b-submod-0-latency-25.cdgp
1704042873076882285,1704042878586635552,200,http://172.169.8.253:31112/function/opt-66b-submod-0-latency-25.cdgp
1704042873076929227,1704042882642790611,500,http://172.169.8.253:31112/function/opt-66b-submod-0-latency-25.cdgp
1704042873076981022,1704042882535915220,500,http://172.169.8.253:31112/function/opt-66b-submod-0-latency-25.cdgp
1704042873077019626,1704042882636189838,500,http://172.169.8.253:31112/function/opt-66b-submod-0-latency-25.cdgp
1704042873077072455,1704042876019005939,200,http://172.169.8.253:31112/function/opt-66b-submod-0-latency-25.cdgp
1704042873077155442,1704042883078116604,500,http://172.169.8.253:31112/function/opt-66b-submod-0-latency-25.cdgp
1704042873077223883,1704042876158110866,200,http://172.169.8.253:31112/function/opt-66b-submod-0-latency-25.cdgp
1704042873077332411,1704042882738892033,500,http://172.169.8.253:31112/function/opt-66b-submod-0-latency-25.cdgp
1704042873077417483,1704042883078219468,500,http://172.169.8.253:31112/function/opt-66b-submod-0-latency-25.cdgp
1704042873077511838,1704042877266300442,200,http://172.169.8.253:31112/function/opt-66b-submod-0-latency-25.cdgp
1704042873077629488,1704042878544911141,200,http://172.169.8.253:31112/function/opt-66b-submod-0-latency-25.cdgp
1704042873077748519,1704042883078242528,500,http://172.169.8.253:31112/function/opt-66b-submod-0-latency-25.cdgp
1704042873077823033,1704042882840071963,500,http://172.169.8.253:31112/function/opt-66b-submod-0-latency-25.cdgp
1704042873077908035,1704042882641262943,500,http://172.169.8.253:31112/function/opt-66b-submod-0-latency-25.cdgp
1704042873077982391,1704042882639505246,500,http://172.169.8.253:31112/function/opt-66b-submod-0-latency-25.cdgp
1704042873078058429,1704042882838559236,500,http://172.169.8.253:31112/function/opt-66b-submod-0-latency-25.cdgp
1704042873078108128,1704042880459783035,200,http://172.169.8.253:31112/function/opt-66b-submod-0-latency-25.cdgp
1704042873078200774,1704042876697931646,200,http://172.169.8.253:31112/function/opt-66b-submod-0-latency-25.cdgp
1704042873078274613,1704042876157247369,200,http://172.169.8.253:31112/function/opt-66b-submod-0-latency-25.cdgp
1704042873078361982,1704042883079542205,500,http://172.169.8.253:31112/function/opt-66b-submod-0-latency-25.cdgp
1704042873078416898,1704042876128959938,200,http://172.169.8.253:31112/function/opt-66b-submod-0-latency-25.cdgp
1704042873078508265,1704042882836208211,500,http://172.169.8.253:31112/function/opt-66b-submod-0-latency-25.cdgp
1704042873078581686,1704042882690334937,500,http://172.169.8.253:31112/function/opt-66b-submod-0-latency-25.cdgp
1704042873078648076,1704042883079528137,500,http://172.169.8.253:31112/function/opt-66b-submod-0-latency-25.cdgp
1704042873078698256,1704042882894402442,500,http://172.169.8.253:31112/function/opt-66b-submod-0-latency-25.cdgp
1704042873078752591,1704042883079563493,500,http://172.169.8.253:31112/function/opt-66b-submod-0-latency-25.cdgp
1704042873078804029,1704042882896498954,500,http://172.169.8.253:31112/function/opt-66b-submod-0-latency-25.cdgp
1704042873078897618,1704042878064536526,200,http://172.169.8.253:31112/function/opt-66b-submod-0-latency-25.cdgp
1704042873078980401,1704042882533900709,500,http://172.169.8.253:31112/function/opt-66b-submod-0-latency-25.cdgp
1704042873079034419,1704042882892509722,500,http://172.169.8.253:31112/function/opt-66b-submod-0-latency-25.cdgp
1704042873079096997,1704042882899674325,500,http://172.169.8.253:31112/function/opt-66b-submod-0-latency-25.cdgp
1704042873079163352,1704042883079474052,500,http://172.169.8.253:31112/function/opt-66b-submod-0-latency-25.cdgp
1704042873079278879,1704042882688234734,500,http://172.169.8.253:31112/function/opt-66b-submod-0-latency-25.cdgp
1704042873079351981,1704042882897796262,500,http://172.169.8.253:31112/function/opt-66b-submod-0-latency-25.cdgp
1704042873079442067,1704042877426550806,200,http://172.169.8.253:31112/function/opt-66b-submod-0-latency-25.cdgp
1704042873079517668,1704042883079641160,500,http://172.169.8.253:31112/function/opt-66b-submod-0-latency-25.cdgp
1704042873079582024,1704042878194402609,200,http://172.169.8.253:31112/function/opt-66b-submod-0-latency-25.cdgp
1704042873079656303,1704042878028757123,200,http://172.169.8.253:31112/function/opt-66b-submod-0-latency-25.cdgp
1704042873079740195,1704042882147937010,200,http://172.169.8.253:31112/function/opt-66b-submod-0-latency-25.cdgp
1704042873079791731,1704042883080554799,500,http://172.169.8.253:31112/function/opt-66b-submod-0-latency-25.cdgp
1704042874401889339,1704042876398099028,200,http://172.169.8.253:31112/function/opt-66b-submod-0-latency-25.cdgp
1704042874402006123,1704042883583671371,500,http://172.169.8.253:31112/function/opt-66b-submod-0-latency-25.cdgp
1704042874442352072,1704042883521860811,500,http://172.169.8.253:31112/function/opt-66b-submod-0-latency-25.cdgp
1704042874442433640,1704042880499690197,200,http://172.169.8.253:31112/function/opt-66b-submod-0-latency-25.cdgp
1704042874442553029,1704042876698431242,200,http://172.169.8.253:31112/function/opt-66b-submod-0-latency-25.cdgp
1704042874442624708,1704042883508649838,500,http://172.169.8.253:31112/function/opt-66b-submod-0-latency-25.cdgp
1704042874442645295,1704042883656952679,500,http://172.169.8.253:31112/function/opt-66b-submod-0-latency-25.cdgp
1704042874442741724,1704042880291782091,200,http://172.169.8.253:31112/function/opt-66b-submod-0-latency-25.cdgp
1704042874442793842,1704042883564476184,500,http://172.169.8.253:31112/function/opt-66b-submod-0-latency-25.cdgp
1704042874442858018,1704042878628305575,200,http://172.169.8.253:31112/function/opt-66b-submod-0-latency-25.cdgp
1704042874442892080,1704042883519938796,500,http://172.169.8.253:31112/function/opt-66b-submod-0-latency-25.cdgp
1704042874694571574,1704042880371658578,200,http://172.169.8.253:31112/function/opt-66b-submod-0-latency-25.cdgp
1704042874694728677,1704042883702593339,500,http://172.169.8.253:31112/function/opt-66b-submod-0-latency-25.cdgp
1704042874694811214,1704042877426004885,200,http://172.169.8.253:31112/function/opt-66b-submod-0-latency-25.cdgp
1704042874694869993,1704042880313987060,200,http://172.169.8.253:31112/function/opt-66b-submod-0-latency-25.cdgp
1704042874694934834,1704042883700140124,500,http://172.169.8.253:31112/function/opt-66b-submod-0-latency-25.cdgp
1704042874694991564,1704042883827956985,500,http://172.169.8.253:31112/function/opt-66b-submod-0-latency-25.cdgp
1704042874754230856,1704042884754897830,500,http://172.169.8.253:31112/function/opt-66b-submod-0-latency-25.cdgp
1704042874754312254,1704042883965809073,500,http://172.169.8.253:31112/function/opt-66b-submod-0-latency-25.cdgp
1704042874754401152,1704042883788787965,500,http://172.169.8.253:31112/function/opt-66b-submod-0-latency-25.cdgp
1704042874754454606,1704042883736121484,500,http://172.169.8.253:31112/function/opt-66b-submod-0-latency-25.cdgp
1704042874754523554,1704042884754919044,500,http://172.169.8.253:31112/function/opt-66b-submod-0-latency-25.cdgp
1704042874754555878,1704042884754907837,500,http://172.169.8.253:31112/function/opt-66b-submod-0-latency-25.cdgp
1704042874754641839,1704042883704908032,500,http://172.169.8.253:31112/function/opt-66b-submod-0-latency-25.cdgp
1704042874754684537,1704042876451252097,200,http://172.169.8.253:31112/function/opt-66b-submod-0-latency-25.cdgp
1704042874754757719,1704042880362533915,200,http://172.169.8.253:31112/function/opt-66b-submod-0-latency-25.cdgp
1704042874754781870,1704042877748814911,200,http://172.169.8.253:31112/function/opt-66b-submod-0-latency-25.cdgp
1704042874762434722,1704042880395570103,200,http://172.169.8.253:31112/function/opt-66b-submod-0-latency-25.cdgp
1704042874762595453,1704042884757353039,500,http://172.169.8.253:31112/function/opt-66b-submod-0-latency-25.cdgp
1704042874762677566,1704042882279085184,200,http://172.169.8.253:31112/function/opt-66b-submod-0-latency-25.cdgp
1704042874762801425,1704042884757070882,500,http://172.169.8.253:31112/function/opt-66b-submod-0-latency-25.cdgp
1704042874762913918,1704042884757279095,500,http://172.169.8.253:31112/function/opt-66b-submod-0-latency-25.cdgp
1704042874763009953,1704042880418180617,200,http://172.169.8.253:31112/function/opt-66b-submod-0-latency-25.cdgp
1704042874763100878,1704042880225517155,200,http://172.169.8.253:31112/function/opt-66b-submod-0-latency-25.cdgp
1704042874767891348,1704042884163159525,500,http://172.169.8.253:31112/function/opt-66b-submod-0-latency-25.cdgp
1704042874767939383,1704042884768893784,500,http://172.169.8.253:31112/function/opt-66b-submod-0-latency-25.cdgp
1704042874768052233,1704042884769132312,500,http://172.169.8.253:31112/function/opt-66b-submod-0-latency-25.cdgp
1704042874768120428,1704042880350334776,200,http://172.169.8.253:31112/function/opt-66b-submod-0-latency-25.cdgp
1704042874768183641,1704042884768910411,500,http://172.169.8.253:31112/function/opt-66b-submod-0-latency-25.cdgp
1704042874768253538,1704042880328985610,200,http://172.169.8.253:31112/function/opt-66b-submod-0-latency-25.cdgp
1704042874768286899,1704042884769139523,500,http://172.169.8.253:31112/function/opt-66b-submod-0-latency-25.cdgp
1704042874768384828,1704042880366326396,200,http://172.169.8.253:31112/function/opt-66b-submod-0-latency-25.cdgp
1704042874768445117,1704042877062214596,200,http://172.169.8.253:31112/function/opt-66b-submod-0-latency-25.cdgp
1704042874768511758,1704042883770796332,200,http://172.169.8.253:31112/function/opt-66b-submod-0-latency-25.cdgp
1704042874768635349,1704042883296514773,500,http://172.169.8.253:31112/function/opt-66b-submod-0-latency-25.cdgp
1704042874768749365,1704042878027107097,200,http://172.169.8.253:31112/function/opt-66b-submod-0-latency-25.cdgp
1704042874768783616,1704042883771377925,200,http://172.169.8.253:31112/function/opt-66b-submod-0-latency-25.cdgp
1704042874768835504,1704042884700984055,500,http://172.169.8.253:31112/function/opt-66b-submod-0-latency-25.cdgp
1704042874768890758,1704042884769122468,500,http://172.169.8.253:31112/function/opt-66b-submod-0-latency-25.cdgp
1704042874768961306,1704042883792020805,200,http://172.169.8.253:31112/function/opt-66b-submod-0-latency-25.cdgp
1704042874769027814,1704042880268517976,200,http://172.169.8.253:31112/function/opt-66b-submod-0-latency-25.cdgp
1704042874769121996,1704042877711643780,200,http://172.169.8.253:31112/function/opt-66b-submod-0-latency-25.cdgp
1704042874769197739,1704042884770005788,500,http://172.169.8.253:31112/function/opt-66b-submod-0-latency-25.cdgp
1704042874769282186,1704042884700529084,500,http://172.169.8.253:31112/function/opt-66b-submod-0-latency-25.cdgp
1704042874769358617,1704042877749482719,200,http://172.169.8.253:31112/function/opt-66b-submod-0-latency-25.cdgp
1704042874769425874,1704042878977212259,200,http://172.169.8.253:31112/function/opt-66b-submod-0-latency-25.cdgp
1704042874769549285,1704042884700579517,500,http://172.169.8.253:31112/function/opt-66b-submod-0-latency-25.cdgp
1704042874769609639,1704042884419018187,500,http://172.169.8.253:31112/function/opt-66b-submod-0-latency-25.cdgp
1704042874769650994,1704042879746865379,200,http://172.169.8.253:31112/function/opt-66b-submod-0-latency-25.cdgp
1704042874769738697,1704042880419914237,200,http://172.169.8.253:31112/function/opt-66b-submod-0-latency-25.cdgp
1704042874769830093,1704042878545562118,200,http://172.169.8.253:31112/function/opt-66b-submod-0-latency-25.cdgp
1704042874769876585,1704042878975087995,200,http://172.169.8.253:31112/function/opt-66b-submod-0-latency-25.cdgp
1704042874769947281,1704042884770123899,500,http://172.169.8.253:31112/function/opt-66b-submod-0-latency-25.cdgp
1704042874770033068,1704042884418825485,500,http://172.169.8.253:31112/function/opt-66b-submod-0-latency-25.cdgp
1704042874770112777,1704042884594222082,500,http://172.169.8.253:31112/function/opt-66b-submod-0-latency-25.cdgp
1704042874770199317,1704042884771278600,500,http://172.169.8.253:31112/function/opt-66b-submod-0-latency-25.cdgp
1704042874770264942,1704042880357829314,200,http://172.169.8.253:31112/function/opt-66b-submod-0-latency-25.cdgp
1704042874770288606,1704042884771201597,500,http://172.169.8.253:31112/function/opt-66b-submod-0-latency-25.cdgp
1704042874770348892,1704042880400725934,200,http://172.169.8.253:31112/function/opt-66b-submod-0-latency-25.cdgp
1704042874770395191,1704042884771288424,500,http://172.169.8.253:31112/function/opt-66b-submod-0-latency-25.cdgp
1704042874770475367,1704042884771222831,500,http://172.169.8.253:31112/function/opt-66b-submod-0-latency-25.cdgp
1704042874770541163,1704042880306691769,200,http://172.169.8.253:31112/function/opt-66b-submod-0-latency-25.cdgp
1704042874770575832,1704042879885120570,200,http://172.169.8.253:31112/function/opt-66b-submod-0-latency-25.cdgp
1704042874770628827,1704042877274128132,200,http://172.169.8.253:31112/function/opt-66b-submod-0-latency-25.cdgp
1704042874776404161,1704042884419005183,500,http://172.169.8.253:31112/function/opt-66b-submod-0-latency-25.cdgp
1704042874776487563,1704042884777597234,500,http://172.169.8.253:31112/function/opt-66b-submod-0-latency-25.cdgp
1704042874776641782,1704042879910193143,200,http://172.169.8.253:31112/function/opt-66b-submod-0-latency-25.cdgp
1704042874776709610,1704042884777852803,500,http://172.169.8.253:31112/function/opt-66b-submod-0-latency-25.cdgp
1704042874776761557,1704042884777484902,500,http://172.169.8.253:31112/function/opt-66b-submod-0-latency-25.cdgp
1704042874776848838,1704042884777703130,500,http://172.169.8.253:31112/function/opt-66b-submod-0-latency-25.cdgp
1704042874776885096,1704042883791396351,200,http://172.169.8.253:31112/function/opt-66b-submod-0-latency-25.cdgp
1704042874776979547,1704042884777719726,500,http://172.169.8.253:31112/function/opt-66b-submod-0-latency-25.cdgp
1704042874777096206,1704042883701680120,500,http://172.169.8.253:31112/function/opt-66b-submod-0-latency-25.cdgp
1704042874777161399,1704042884777506109,500,http://172.169.8.253:31112/function/opt-66b-submod-0-latency-25.cdgp
1704042874777219341,1704042877335962582,200,http://172.169.8.253:31112/function/opt-66b-submod-0-latency-25.cdgp
1704042874777292511,1704042882153581213,200,http://172.169.8.253:31112/function/opt-66b-submod-0-latency-25.cdgp
1704042874777316430,1704042884419075814,500,http://172.169.8.253:31112/function/opt-66b-submod-0-latency-25.cdgp
1704042874777410418,1704042884419088733,500,http://172.169.8.253:31112/function/opt-66b-submod-0-latency-25.cdgp
1704042874777479108,1704042884777608182,500,http://172.169.8.253:31112/function/opt-66b-submod-0-latency-25.cdgp
1704042874777503295,1704042883879071850,200,http://172.169.8.253:31112/function/opt-66b-submod-0-latency-25.cdgp
1704042874812152597,1704042878825549731,200,http://172.169.8.253:31112/function/opt-66b-submod-0-latency-25.cdgp
1704042874812283075,1704042883793295819,200,http://172.169.8.253:31112/function/opt-66b-submod-0-latency-25.cdgp
1704042874812426897,1704042878867793719,200,http://172.169.8.253:31112/function/opt-66b-submod-0-latency-25.cdgp
1704042874812511220,1704042883897168732,200,http://172.169.8.253:31112/function/opt-66b-submod-0-latency-25.cdgp
1704042874812598272,1704042884814194894,500,http://172.169.8.253:31112/function/opt-66b-submod-0-latency-25.cdgp
1704042874812662878,1704042884814124568,500,http://172.169.8.253:31112/function/opt-66b-submod-0-latency-25.cdgp
1704042874812735848,1704042883793202914,200,http://172.169.8.253:31112/function/opt-66b-submod-0-latency-25.cdgp
1704042874812796575,1704042878457343536,200,http://172.169.8.253:31112/function/opt-66b-submod-0-latency-25.cdgp
1704042874812822782,1704042884813699713,500,http://172.169.8.253:31112/function/opt-66b-submod-0-latency-25.cdgp
1704042874812905365,1704042884813691623,500,http://172.169.8.253:31112/function/opt-66b-submod-0-latency-25.cdgp
1704042874813004509,1704042883879992206,200,http://172.169.8.253:31112/function/opt-66b-submod-0-latency-25.cdgp
1704042874813104393,1704042879743128875,200,http://172.169.8.253:31112/function/opt-66b-submod-0-latency-25.cdgp
1704042874813195763,1704042884814181510,500,http://172.169.8.253:31112/function/opt-66b-submod-0-latency-25.cdgp
1704042874813295842,1704042884814159693,500,http://172.169.8.253:31112/function/opt-66b-submod-0-latency-25.cdgp
1704042874813361669,1704042884813582184,500,http://172.169.8.253:31112/function/opt-66b-submod-0-latency-25.cdgp
1704042874813423995,1704042884814202807,500,http://172.169.8.253:31112/function/opt-66b-submod-0-latency-25.cdgp
1704042874813475040,1704042883865555974,200,http://172.169.8.253:31112/function/opt-66b-submod-0-latency-25.cdgp
1704042874813546231,1704042883865394977,200,http://172.169.8.253:31112/function/opt-66b-submod-0-latency-25.cdgp
1704042874813627919,1704042884814213679,500,http://172.169.8.253:31112/function/opt-66b-submod-0-latency-25.cdgp
1704042874813745617,1704042883792837854,200,http://172.169.8.253:31112/function/opt-66b-submod-0-latency-25.cdgp
1704042874813805984,1704042884814215022,500,http://172.169.8.253:31112/function/opt-66b-submod-0-latency-25.cdgp
1704042874813873255,1704042883794094029,200,http://172.169.8.253:31112/function/opt-66b-submod-0-latency-25.cdgp
1704042874813953674,1704042879910486602,200,http://172.169.8.253:31112/function/opt-66b-submod-0-latency-25.cdgp
1704042874814049655,1704042884814172638,500,http://172.169.8.253:31112/function/opt-66b-submod-0-latency-25.cdgp
1704042874814149021,1704042884814306823,500,http://172.169.8.253:31112/function/opt-66b-submod-0-latency-25.cdgp
1704042874814222347,1704042884814478711,500,http://172.169.8.253:31112/function/opt-66b-submod-0-latency-25.cdgp
1704042874814290613,1704042883794107411,200,http://172.169.8.253:31112/function/opt-66b-submod-0-latency-25.cdgp
1704042874814320206,1704042878823979570,200,http://172.169.8.253:31112/function/opt-66b-submod-0-latency-25.cdgp
1704042875020481047,1704042885021547125,500,http://172.169.8.253:31112/function/opt-66b-submod-0-latency-25.cdgp
1704042875020659167,1704042885021396810,500,http://172.169.8.253:31112/function/opt-66b-submod-0-latency-25.cdgp
1704042875020751286,1704042879823012109,200,http://172.169.8.253:31112/function/opt-66b-submod-0-latency-25.cdgp
1704042875020800333,1704042885021415438,500,http://172.169.8.253:31112/function/opt-66b-submod-0-latency-25.cdgp
1704042875020884452,1704042884626812861,500,http://172.169.8.253:31112/function/opt-66b-submod-0-latency-25.cdgp
1704042875020925692,1704042880682581865,200,http://172.169.8.253:31112/function/opt-66b-submod-0-latency-25.cdgp
1704042875021019120,1704042885021525927,500,http://172.169.8.253:31112/function/opt-66b-submod-0-latency-25.cdgp
1704042875021079098,1704042885021657999,500,http://172.169.8.253:31112/function/opt-66b-submod-0-latency-25.cdgp
1704042875021117100,1704042883793893164,200,http://172.169.8.253:31112/function/opt-66b-submod-0-latency-25.cdgp
1704042875021203491,1704042879745417673,200,http://172.169.8.253:31112/function/opt-66b-submod-0-latency-25.cdgp
1704042875021258139,1704042879785739774,200,http://172.169.8.253:31112/function/opt-66b-submod-0-latency-25.cdgp
1704042875021365149,1704042885021657719,500,http://172.169.8.253:31112/function/opt-66b-submod-0-latency-25.cdgp
1704042875021433881,1704042883771173025,200,http://172.169.8.253:31112/function/opt-66b-submod-0-latency-25.cdgp
1704042875021514579,1704042885021733232,500,http://172.169.8.253:31112/function/opt-66b-submod-0-latency-25.cdgp
1704042875021548435,1704042883770000182,200,http://172.169.8.253:31112/function/opt-66b-submod-0-latency-25.cdgp
1704042875021665526,1704042885021788032,500,http://172.169.8.253:31112/function/opt-66b-submod-0-latency-25.cdgp
1704042875021763052,1704042885021876835,500,http://172.169.8.253:31112/function/opt-66b-submod-0-latency-25.cdgp
1704042875021832329,1704042885021918336,500,http://172.169.8.253:31112/function/opt-66b-submod-0-latency-25.cdgp
1704042875021866232,1704042878031987219,200,http://172.169.8.253:31112/function/opt-66b-submod-0-latency-25.cdgp
1704042875021913363,1704042885022040148,500,http://172.169.8.253:31112/function/opt-66b-submod-0-latency-25.cdgp
1704042875021970196,1704042885022051170,500,http://172.169.8.253:31112/function/opt-66b-submod-0-latency-25.cdgp
1704042875038627843,1704042885040007013,500,http://172.169.8.253:31112/function/opt-66b-submod-0-latency-25.cdgp
1704042875038697842,1704042885040013910,500,http://172.169.8.253:31112/function/opt-66b-submod-0-latency-25.cdgp
1704042875038762810,1704042885040206019,500,http://172.169.8.253:31112/function/opt-66b-submod-0-latency-25.cdgp
1704042875038844420,1704042885040258706,500,http://172.169.8.253:31112/function/opt-66b-submod-0-latency-25.cdgp
1704042875038882135,1704042878866638945,200,http://172.169.8.253:31112/function/opt-66b-submod-0-latency-25.cdgp
1704042875038911888,1704042885040008073,500,http://172.169.8.253:31112/function/opt-66b-submod-0-latency-25.cdgp
1704042875039409768,1704042885040013969,500,http://172.169.8.253:31112/function/opt-66b-submod-0-latency-25.cdgp
1704042875039498496,1704042878934635585,200,http://172.169.8.253:31112/function/opt-66b-submod-0-latency-25.cdgp
1704042875039533143,1704042883792578401,200,http://172.169.8.253:31112/function/opt-66b-submod-0-latency-25.cdgp
1704042875039589439,1704042880714952770,200,http://172.169.8.253:31112/function/opt-66b-submod-0-latency-25.cdgp
1704042875039663904,1704042885040269915,500,http://172.169.8.253:31112/function/opt-66b-submod-0-latency-25.cdgp
1704042875039692947,1704042885040197060,500,http://172.169.8.253:31112/function/opt-66b-submod-0-latency-25.cdgp
1704042875039763041,1704042885040212477,500,http://172.169.8.253:31112/function/opt-66b-submod-0-latency-25.cdgp
1704042875039861920,1704042885040284048,500,http://172.169.8.253:31112/function/opt-66b-submod-0-latency-25.cdgp
1704042876058168193,1704042885513038550,500,http://172.169.8.253:31112/function/opt-66b-submod-0-latency-25.cdgp
1704042876058277320,1704042880871774468,200,http://172.169.8.253:31112/function/opt-66b-submod-0-latency-25.cdgp
1704042876058405797,1704042885513710481,500,http://172.169.8.253:31112/function/opt-66b-submod-0-latency-25.cdgp
1704042876058472169,1704042885724412922,504,http://172.169.8.253:31112/function/opt-66b-submod-0-latency-25.cdgp
1704042876058552192,1704042885887756792,500,http://172.169.8.253:31112/function/opt-66b-submod-0-latency-25.cdgp
1704042876058644036,1704042885514450874,500,http://172.169.8.253:31112/function/opt-66b-submod-0-latency-25.cdgp
1704042876058739467,1704042878470235452,200,http://172.169.8.253:31112/function/opt-66b-submod-0-latency-25.cdgp
1704042876058804103,1704042886059268273,500,http://172.169.8.253:31112/function/opt-66b-submod-0-latency-25.cdgp
1704042876058872248,1704042878543438255,200,http://172.169.8.253:31112/function/opt-66b-submod-0-latency-25.cdgp
1704042876058887598,1704042883747987657,200,http://172.169.8.253:31112/function/opt-66b-submod-0-latency-25.cdgp
1704042876058960043,1704042883824577081,200,http://172.169.8.253:31112/function/opt-66b-submod-0-latency-25.cdgp
1704042876059044552,1704042880920786288,200,http://172.169.8.253:31112/function/opt-66b-submod-0-latency-25.cdgp
1704042876059068096,1704042880872303448,200,http://172.169.8.253:31112/function/opt-66b-submod-0-latency-25.cdgp
1704042876059126302,1704042885236492047,500,http://172.169.8.253:31112/function/opt-66b-submod-0-latency-25.cdgp
1704042876059169904,1704042883707502712,200,http://172.169.8.253:31112/function/opt-66b-submod-0-latency-25.cdgp
1704042876059195973,1704042878975118204,200,http://172.169.8.253:31112/function/opt-66b-submod-0-latency-25.cdgp
1704042876059274170,1704042885922767747,500,http://172.169.8.253:31112/function/opt-66b-submod-0-latency-25.cdgp
1704042876059361963,1704042878936030456,200,http://172.169.8.253:31112/function/opt-66b-submod-0-latency-25.cdgp
1704042876059441711,1704042883735726097,200,http://172.169.8.253:31112/function/opt-66b-submod-0-latency-25.cdgp
1704042876059494344,1704042885404343351,500,http://172.169.8.253:31112/function/opt-66b-submod-0-latency-25.cdgp
1704042876059554283,1704042881871666121,200,http://172.169.8.253:31112/function/opt-66b-submod-0-latency-25.cdgp
1704042876066031644,1704042885404916739,500,http://172.169.8.253:31112/function/opt-66b-submod-0-latency-25.cdgp
1704042876066111697,1704042886066811850,500,http://172.169.8.253:31112/function/opt-66b-submod-0-latency-25.cdgp
1704042876066195531,1704042886066803095,500,http://172.169.8.253:31112/function/opt-66b-submod-0-latency-25.cdgp
1704042876066277662,1704042886066824694,500,http://172.169.8.253:31112/function/opt-66b-submod-0-latency-25.cdgp
1704042876066348424,1704042886066785849,500,http://172.169.8.253:31112/function/opt-66b-submod-0-latency-25.cdgp
1704042876096142740,1704042886097270609,500,http://172.169.8.253:31112/function/opt-66b-submod-0-latency-25.cdgp
1704042876096218773,1704042879743533519,200,http://172.169.8.253:31112/function/opt-66b-submod-0-latency-25.cdgp
1704042876096282214,1704042878825344965,200,http://172.169.8.253:31112/function/opt-66b-submod-0-latency-25.cdgp
1704042876096340130,1704042886097285766,500,http://172.169.8.253:31112/function/opt-66b-submod-0-latency-25.cdgp
1704042876096371402,1704042886097283842,500,http://172.169.8.253:31112/function/opt-66b-submod-0-latency-25.cdgp
1704042876121604408,1704042879741792565,200,http://172.169.8.253:31112/function/opt-66b-submod-0-latency-25.cdgp
1704042876121676662,1704042879989444247,200,http://172.169.8.253:31112/function/opt-66b-submod-0-latency-25.cdgp
1704042876121700855,1704042885847914186,500,http://172.169.8.253:31112/function/opt-66b-submod-0-latency-25.cdgp
1704042876121779370,1704042885283640488,500,http://172.169.8.253:31112/function/opt-66b-submod-0-latency-25.cdgp
1704042876121860438,1704042886122584890,500,http://172.169.8.253:31112/function/opt-66b-submod-0-latency-25.cdgp
1704042876121900733,1704042879777970729,200,http://172.169.8.253:31112/function/opt-66b-submod-0-latency-25.cdgp
1704042876121965164,1704042879335633045,200,http://172.169.8.253:31112/function/opt-66b-submod-0-latency-25.cdgp
1704042876121985523,1704042885723747480,500,http://172.169.8.253:31112/function/opt-66b-submod-0-latency-25.cdgp
1704042876122041702,1704042880870698402,200,http://172.169.8.253:31112/function/opt-66b-submod-0-latency-25.cdgp
1704042876122100130,1704042885301078868,500,http://172.169.8.253:31112/function/opt-66b-submod-0-latency-25.cdgp
1704042876122136965,1704042886122596646,500,http://172.169.8.253:31112/function/opt-66b-submod-0-latency-25.cdgp
1704042876122687810,1704042886123170931,500,http://172.169.8.253:31112/function/opt-66b-submod-0-latency-25.cdgp
1704042876122754191,1704042880871332839,200,http://172.169.8.253:31112/function/opt-66b-submod-0-latency-25.cdgp
1704042876122826598,1704042886042838848,500,http://172.169.8.253:31112/function/opt-66b-submod-0-latency-25.cdgp
1704042876122899986,1704042878933177998,200,http://172.169.8.253:31112/function/opt-66b-submod-0-latency-25.cdgp
1704042876122916529,1704042882422039388,200,http://172.169.8.253:31112/function/opt-66b-submod-0-latency-25.cdgp
1704042876122985712,1704042878924727075,200,http://172.169.8.253:31112/function/opt-66b-submod-0-latency-25.cdgp
1704042876123016792,1704042878882644315,200,http://172.169.8.253:31112/function/opt-66b-submod-0-latency-25.cdgp
1704042876123119440,1704042886123234867,500,http://172.169.8.253:31112/function/opt-66b-submod-0-latency-25.cdgp
1704042876123195068,1704042885839510591,500,http://172.169.8.253:31112/function/opt-66b-submod-0-latency-25.cdgp
1704042876123263120,1704042885245519780,500,http://172.169.8.253:31112/function/opt-66b-submod-0-latency-25.cdgp
1704042876123333672,1704042885162191957,500,http://172.169.8.253:31112/function/opt-66b-submod-0-latency-25.cdgp
1704042876123415350,1704042886123910187,500,http://172.169.8.253:31112/function/opt-66b-submod-0-latency-25.cdgp
1704042876123461261,1704042886123949290,500,http://172.169.8.253:31112/function/opt-66b-submod-0-latency-25.cdgp
1704042876123538256,1704042880920778555,200,http://172.169.8.253:31112/function/opt-66b-submod-0-latency-25.cdgp
1704042876123585447,1704042886123782243,500,http://172.169.8.253:31112/function/opt-66b-submod-0-latency-25.cdgp
1704042876123658546,1704042883793520048,200,http://172.169.8.253:31112/function/opt-66b-submod-0-latency-25.cdgp
1704042876123742940,1704042881920509535,200,http://172.169.8.253:31112/function/opt-66b-submod-0-latency-25.cdgp
1704042876123811627,1704042886123923507,500,http://172.169.8.253:31112/function/opt-66b-submod-0-latency-25.cdgp
1704042876123879245,1704042879739933588,200,http://172.169.8.253:31112/function/opt-66b-submod-0-latency-25.cdgp
1704042876123949266,1704042886094804701,500,http://172.169.8.253:31112/function/opt-66b-submod-0-latency-25.cdgp
1704042876124009328,1704042880134355574,200,http://172.169.8.253:31112/function/opt-66b-submod-0-latency-25.cdgp
1704042876124041608,1704042886124213522,500,http://172.169.8.253:31112/function/opt-66b-submod-0-latency-25.cdgp
1704042876124107633,1704042885430284561,504,http://172.169.8.253:31112/function/opt-66b-submod-0-latency-25.cdgp
1704042876124187219,1704042885849829568,500,http://172.169.8.253:31112/function/opt-66b-submod-0-latency-25.cdgp
1704042876124237121,1704042882384876526,200,http://172.169.8.253:31112/function/opt-66b-submod-0-latency-25.cdgp
1704042876124293900,1704042886124410450,500,http://172.169.8.253:31112/function/opt-66b-submod-0-latency-25.cdgp
1704042876124332648,1704042882352893023,200,http://172.169.8.253:31112/function/opt-66b-submod-0-latency-25.cdgp
1704042876124394940,1704042886124692963,500,http://172.169.8.253:31112/function/opt-66b-submod-0-latency-25.cdgp
1704042876124457404,1704042883825495475,200,http://172.169.8.253:31112/function/opt-66b-submod-0-latency-25.cdgp
1704042876124494781,1704042885844130886,500,http://172.169.8.253:31112/function/opt-66b-submod-0-latency-25.cdgp
1704042876124577957,1704042886124705491,500,http://172.169.8.253:31112/function/opt-66b-submod-0-latency-25.cdgp
1704042876124640917,1704042880972007197,200,http://172.169.8.253:31112/function/opt-66b-submod-0-latency-25.cdgp
1704042876124663796,1704042886124798510,500,http://172.169.8.253:31112/function/opt-66b-submod-0-latency-25.cdgp
1704042876124738246,1704042883795011186,200,http://172.169.8.253:31112/function/opt-66b-submod-0-latency-25.cdgp
1704042876124814446,1704042885929704625,500,http://172.169.8.253:31112/function/opt-66b-submod-0-latency-25.cdgp
1704042876124868022,1704042886125007316,500,http://172.169.8.253:31112/function/opt-66b-submod-0-latency-25.cdgp
1704042876124961789,1704042881773250767,200,http://172.169.8.253:31112/function/opt-66b-submod-0-latency-25.cdgp
1704042876130107999,1704042885845538899,500,http://172.169.8.253:31112/function/opt-66b-submod-0-latency-25.cdgp
1704042876130230303,1704042881824230496,200,http://172.169.8.253:31112/function/opt-66b-submod-0-latency-25.cdgp
1704042876130317137,1704042886130607662,500,http://172.169.8.253:31112/function/opt-66b-submod-0-latency-25.cdgp
1704042876130389709,1704042886130599831,500,http://172.169.8.253:31112/function/opt-66b-submod-0-latency-25.cdgp
1704042876130461385,1704042883794889585,200,http://172.169.8.253:31112/function/opt-66b-submod-0-latency-25.cdgp
1704042876130500026,1704042886130730879,500,http://172.169.8.253:31112/function/opt-66b-submod-0-latency-25.cdgp
1704042876130579974,1704042886130736632,500,http://172.169.8.253:31112/function/opt-66b-submod-0-latency-25.cdgp
1704042876130657527,1704042885938350298,500,http://172.169.8.253:31112/function/opt-66b-submod-0-latency-25.cdgp
1704042876130717913,1704042886130808466,500,http://172.169.8.253:31112/function/opt-66b-submod-0-latency-25.cdgp
1704042876130767561,1704042886130864958,500,http://172.169.8.253:31112/function/opt-66b-submod-0-latency-25.cdgp
1704042876130849462,1704042886131899852,500,http://172.169.8.253:31112/function/opt-66b-submod-0-latency-25.cdgp
1704042876130920933,1704042885848350509,500,http://172.169.8.253:31112/function/opt-66b-submod-0-latency-25.cdgp
1704042876130961147,1704042886131911093,500,http://172.169.8.253:31112/function/opt-66b-submod-0-latency-25.cdgp
1704042876131058339,1704042885674415717,500,http://172.169.8.253:31112/function/opt-66b-submod-0-latency-25.cdgp
1704042876131144968,1704042885927914396,500,http://172.169.8.253:31112/function/opt-66b-submod-0-latency-25.cdgp
1704042876131194115,1704042886131773870,500,http://172.169.8.253:31112/function/opt-66b-submod-0-latency-25.cdgp
1704042876131264629,1704042879376655781,200,http://172.169.8.253:31112/function/opt-66b-submod-0-latency-25.cdgp
1704042876767297795,1704042886474924573,500,http://172.169.8.253:31112/function/opt-66b-submod-0-latency-25.cdgp
1704042876767431828,1704042886550012460,500,http://172.169.8.253:31112/function/opt-66b-submod-0-latency-25.cdgp
1704042876767574895,1704042886474746468,500,http://172.169.8.253:31112/function/opt-66b-submod-0-latency-25.cdgp
1704042876767643087,1704042885627049005,500,http://172.169.8.253:31112/function/opt-66b-submod-0-latency-25.cdgp
1704042876767691320,1704042885629263694,500,http://172.169.8.253:31112/function/opt-66b-submod-0-latency-25.cdgp
1704042876767770093,1704042886550736025,500,http://172.169.8.253:31112/function/opt-66b-submod-0-latency-25.cdgp
1704042876767836598,1704042881294197393,200,http://172.169.8.253:31112/function/opt-66b-submod-0-latency-25.cdgp
1704042876767862036,1704042883706316854,200,http://172.169.8.253:31112/function/opt-66b-submod-0-latency-25.cdgp
1704042876767943393,1704042886769173305,500,http://172.169.8.253:31112/function/opt-66b-submod-0-latency-25.cdgp
1704042876768036669,1704042886551058732,500,http://172.169.8.253:31112/function/opt-66b-submod-0-latency-25.cdgp
1704042876768142419,1704042886436152811,500,http://172.169.8.253:31112/function/opt-66b-submod-0-latency-25.cdgp
1704042876768273101,1704042886551797391,500,http://172.169.8.253:31112/function/opt-66b-submod-0-latency-25.cdgp
1704042876769078817,1704042879251140457,200,http://172.169.8.253:31112/function/opt-66b-submod-0-latency-25.cdgp
1704042876769166275,1704042886551932035,500,http://172.169.8.253:31112/function/opt-66b-submod-0-latency-25.cdgp
1704042876769235727,1704042879782797941,200,http://172.169.8.253:31112/function/opt-66b-submod-0-latency-25.cdgp
1704042876769338162,1704042883880888390,200,http://172.169.8.253:31112/function/opt-66b-submod-0-latency-25.cdgp
1704042876769417487,1704042886446105390,500,http://172.169.8.253:31112/function/opt-66b-submod-0-latency-25.cdgp
1704042876769472535,1704042881738165108,200,http://172.169.8.253:31112/function/opt-66b-submod-0-latency-25.cdgp
1704042876769497651,1704042878930567820,200,http://172.169.8.253:31112/function/opt-66b-submod-0-latency-25.cdgp
1704042876769730196,1704042881635348715,200,http://172.169.8.253:31112/function/opt-66b-submod-0-latency-25.cdgp
1704042876769798543,1704042886550650979,500,http://172.169.8.253:31112/function/opt-66b-submod-0-latency-25.cdgp
1704042876769845707,1704042886550333337,500,http://172.169.8.253:31112/function/opt-66b-submod-0-latency-25.cdgp
1704042876901183247,1704042886552699198,500,http://172.169.8.253:31112/function/opt-66b-submod-0-latency-25.cdgp
1704042876901263993,1704042883704822260,200,http://172.169.8.253:31112/function/opt-66b-submod-0-latency-25.cdgp
1704042876901414352,1704042886550246658,500,http://172.169.8.253:31112/function/opt-66b-submod-0-latency-25.cdgp
1704042876901478747,1704042886478935963,200,http://172.169.8.253:31112/function/opt-66b-submod-0-latency-25.cdgp
1704042876901520384,1704042886552070321,500,http://172.169.8.253:31112/function/opt-66b-submod-0-latency-25.cdgp
1704042876901620083,1704042886479937906,500,http://172.169.8.253:31112/function/opt-66b-submod-0-latency-25.cdgp
1704042876901679054,1704042881290167452,200,http://172.169.8.253:31112/function/opt-66b-submod-0-latency-25.cdgp
1704042876901741271,1704042885461006226,500,http://172.169.8.253:31112/function/opt-66b-submod-0-latency-25.cdgp
1704042876903640858,1704042883704369023,200,http://172.169.8.253:31112/function/opt-66b-submod-0-latency-25.cdgp
1704042876903736995,1704042886552357133,500,http://172.169.8.253:31112/function/opt-66b-submod-0-latency-25.cdgp
1704042876903822490,1704042886552288059,500,http://172.169.8.253:31112/function/opt-66b-submod-0-latency-25.cdgp
1704042876903901890,1704042886563804287,500,http://172.169.8.253:31112/function/opt-66b-submod-0-latency-25.cdgp
1704042877543416934,1704042883793306889,200,http://172.169.8.253:31112/function/opt-66b-submod-0-latency-25.cdgp
1704042877543537870,1704042883707604087,200,http://172.169.8.253:31112/function/opt-66b-submod-0-latency-25.cdgp
1704042877543607261,1704042886671482002,500,http://172.169.8.253:31112/function/opt-66b-submod-0-latency-25.cdgp
1704042877543627490,1704042883658441942,200,http://172.169.8.253:31112/function/opt-66b-submod-0-latency-25.cdgp
1704042877543698773,1704042886635770671,500,http://172.169.8.253:31112/function/opt-66b-submod-0-latency-25.cdgp
1704042877543805079,1704042885627614474,500,http://172.169.8.253:31112/function/opt-66b-submod-0-latency-25.cdgp
1704042877543865235,1704042886979281132,500,http://172.169.8.253:31112/function/opt-66b-submod-0-latency-25.cdgp
1704042877543926573,1704042886628484776,500,http://172.169.8.253:31112/function/opt-66b-submod-0-latency-25.cdgp
1704042877544020948,1704042886979064806,500,http://172.169.8.253:31112/function/opt-66b-submod-0-latency-25.cdgp
1704042877544094634,1704042886635529557,500,http://172.169.8.253:31112/function/opt-66b-submod-0-latency-25.cdgp
1704042877544179058,1704042886881579190,500,http://172.169.8.253:31112/function/opt-66b-submod-0-latency-25.cdgp
1704042877544251717,1704042886379024668,200,http://172.169.8.253:31112/function/opt-66b-submod-0-latency-25.cdgp
1704042877544278293,1704042886979752688,500,http://172.169.8.253:31112/function/opt-66b-submod-0-latency-25.cdgp
1704042877769322082,1704042887192074702,500,http://172.169.8.253:31112/function/opt-66b-submod-0-latency-25.cdgp
1704042877769409326,1704042881817446705,200,http://172.169.8.253:31112/function/opt-66b-submod-0-latency-25.cdgp
1704042877769487144,1704042885715809874,500,http://172.169.8.253:31112/function/opt-66b-submod-0-latency-25.cdgp
1704042877769552228,1704042887480795500,500,http://172.169.8.253:31112/function/opt-66b-submod-0-latency-25.cdgp
1704042877769620718,1704042881867859059,200,http://172.169.8.253:31112/function/opt-66b-submod-0-latency-25.cdgp
1704042877769645230,1704042887271640402,500,http://172.169.8.253:31112/function/opt-66b-submod-0-latency-25.cdgp
1704042877769738027,1704042887231667720,500,http://172.169.8.253:31112/function/opt-66b-submod-0-latency-25.cdgp
1704042877769798925,1704042887231938321,500,http://172.169.8.253:31112/function/opt-66b-submod-0-latency-25.cdgp
1704042877769860522,1704042883702167631,200,http://172.169.8.253:31112/function/opt-66b-submod-0-latency-25.cdgp
1704042877769907869,1704042887236227999,500,http://172.169.8.253:31112/function/opt-66b-submod-0-latency-25.cdgp
1704042877769965984,1704042887192019785,500,http://172.169.8.253:31112/function/opt-66b-submod-0-latency-25.cdgp
1704042877770033226,1704042886765731053,500,http://172.169.8.253:31112/function/opt-66b-submod-0-latency-25.cdgp
1704042877770062487,1704042886778420362,500,http://172.169.8.253:31112/function/opt-66b-submod-0-latency-25.cdgp
1704042877770159838,1704042887235855798,500,http://172.169.8.253:31112/function/opt-66b-submod-0-latency-25.cdgp
1704042877770889966,1704042880921158234,200,http://172.169.8.253:31112/function/opt-66b-submod-0-latency-25.cdgp
1704042878413123428,1704042886550119032,200,http://172.169.8.253:31112/function/opt-66b-submod-0-latency-25.cdgp
1704042878413225502,1704042888163644316,500,http://172.169.8.253:31112/function/opt-66b-submod-0-latency-25.cdgp
1704042878413290427,1704042888059873442,500,http://172.169.8.253:31112/function/opt-66b-submod-0-latency-25.cdgp
1704042878413389849,1704042883811608744,200,http://172.169.8.253:31112/function/opt-66b-submod-0-latency-25.cdgp
1704042878413490018,1704042881535747943,200,http://172.169.8.253:31112/function/opt-66b-submod-0-latency-25.cdgp
1704042878413556082,1704042888059834751,500,http://172.169.8.253:31112/function/opt-66b-submod-0-latency-25.cdgp
1704042878413611586,1704042887587697233,500,http://172.169.8.253:31112/function/opt-66b-submod-0-latency-25.cdgp
1704042878413686489,1704042888077462982,500,http://172.169.8.253:31112/function/opt-66b-submod-0-latency-25.cdgp
1704042878413713794,1704042886524105406,200,http://172.169.8.253:31112/function/opt-66b-submod-0-latency-25.cdgp
1704042878413813501,1704042887519908473,500,http://172.169.8.253:31112/function/opt-66b-submod-0-latency-25.cdgp
1704042878413875414,1704042887587673423,500,http://172.169.8.253:31112/function/opt-66b-submod-0-latency-25.cdgp
1704042878413960017,1704042887591782044,500,http://172.169.8.253:31112/function/opt-66b-submod-0-latency-25.cdgp
1704042879823837356,1704042881592172464,200,http://172.169.8.253:31112/function/opt-66b-submod-0-latency-25.cdgp
1704042879823938645,1704042888846760767,500,http://172.169.8.253:31112/function/opt-66b-submod-0-latency-25.cdgp
1704042879824004093,1704042889184860239,500,http://172.169.8.253:31112/function/opt-66b-submod-0-latency-25.cdgp
1704042879824102802,1704042888832589598,500,http://172.169.8.253:31112/function/opt-66b-submod-0-latency-25.cdgp
1704042879824173951,1704042888845562275,500,http://172.169.8.253:31112/function/opt-66b-submod-0-latency-25.cdgp
1704042879824213029,1704042881535506181,200,http://172.169.8.253:31112/function/opt-66b-submod-0-latency-25.cdgp
1704042879824303040,1704042888948910667,500,http://172.169.8.253:31112/function/opt-66b-submod-0-latency-25.cdgp
1704042879824393615,1704042888235769569,500,http://172.169.8.253:31112/function/opt-66b-submod-0-latency-25.cdgp
1704042879824492524,1704042881404980733,200,http://172.169.8.253:31112/function/opt-66b-submod-0-latency-25.cdgp
1704042879824521531,1704042886555344225,200,http://172.169.8.253:31112/function/opt-66b-submod-0-latency-25.cdgp
1704042879873483595,1704042888833582276,500,http://172.169.8.253:31112/function/opt-66b-submod-0-latency-25.cdgp
1704042879873585947,1704042888020184260,500,http://172.169.8.253:31112/function/opt-66b-submod-0-latency-25.cdgp
1704042879873671389,1704042887932762718,500,http://172.169.8.253:31112/function/opt-66b-submod-0-latency-25.cdgp
1704042879873692294,1704042889004155244,500,http://172.169.8.253:31112/function/opt-66b-submod-0-latency-25.cdgp
1704042879873767872,1704042881612864579,200,http://172.169.8.253:31112/function/opt-66b-submod-0-latency-25.cdgp
1704042879873840377,1704042888891344105,500,http://172.169.8.253:31112/function/opt-66b-submod-0-latency-25.cdgp
1704042879873889014,1704042888235270601,500,http://172.169.8.253:31112/function/opt-66b-submod-0-latency-25.cdgp
1704042879873960944,1704042889172441165,500,http://172.169.8.253:31112/function/opt-66b-submod-0-latency-25.cdgp
1704042879873990780,1704042889244077868,500,http://172.169.8.253:31112/function/opt-66b-submod-0-latency-25.cdgp
1704042879874068515,1704042888902765166,500,http://172.169.8.253:31112/function/opt-66b-submod-0-latency-25.cdgp
1704042879874251741,1704042889244337753,500,http://172.169.8.253:31112/function/opt-66b-submod-0-latency-25.cdgp
1704042879874331961,1704042886686542889,200,http://172.169.8.253:31112/function/opt-66b-submod-0-latency-25.cdgp
1704042879874400473,1704042889354400267,500,http://172.169.8.253:31112/function/opt-66b-submod-0-latency-25.cdgp
1704042879874477315,1704042889172261806,500,http://172.169.8.253:31112/function/opt-66b-submod-0-latency-25.cdgp
1704042880732606735,1704042885430723464,200,http://172.169.8.253:31112/function/opt-66b-submod-0-latency-25.cdgp
1704042880732765139,1704042889871846581,500,http://172.169.8.253:31112/function/opt-66b-submod-0-latency-25.cdgp
1704042880732853246,1704042882316340459,200,http://172.169.8.253:31112/function/opt-66b-submod-0-latency-25.cdgp
1704042880740080496,1704042889939254129,500,http://172.169.8.253:31112/function/opt-66b-submod-0-latency-25.cdgp
1704042880740240483,1704042889976846291,500,http://172.169.8.253:31112/function/opt-66b-submod-0-latency-25.cdgp
1704042880740329999,1704042890030683209,500,http://172.169.8.253:31112/function/opt-66b-submod-0-latency-25.cdgp
1704042880740469433,1704042885882843670,200,http://172.169.8.253:31112/function/opt-66b-submod-0-latency-25.cdgp
1704042880740558797,1704042890032350963,500,http://172.169.8.253:31112/function/opt-66b-submod-0-latency-25.cdgp
1704042880740647100,1704042888810691976,500,http://172.169.8.253:31112/function/opt-66b-submod-0-latency-25.cdgp
1704042880740780712,1704042882516094889,200,http://172.169.8.253:31112/function/opt-66b-submod-0-latency-25.cdgp
1704042880740844347,1704042889065202028,500,http://172.169.8.253:31112/function/opt-66b-submod-0-latency-25.cdgp
1704042880744878099,1704042889952039779,500,http://172.169.8.253:31112/function/opt-66b-submod-0-latency-25.cdgp
1704042880744967488,1704042889975009469,500,http://172.169.8.253:31112/function/opt-66b-submod-0-latency-25.cdgp
1704042880745057592,1704042885907815528,200,http://172.169.8.253:31112/function/opt-66b-submod-0-latency-25.cdgp
1704042880745125350,1704042890023227845,500,http://172.169.8.253:31112/function/opt-66b-submod-0-latency-25.cdgp
1704042880745170584,1704042889081651723,500,http://172.169.8.253:31112/function/opt-66b-submod-0-latency-25.cdgp
1704042880745281064,1704042889985760788,500,http://172.169.8.253:31112/function/opt-66b-submod-0-latency-25.cdgp
1704042880745344535,1704042889876616319,500,http://172.169.8.253:31112/function/opt-66b-submod-0-latency-25.cdgp
1704042880745365282,1704042889081536541,500,http://172.169.8.253:31112/function/opt-66b-submod-0-latency-25.cdgp
1704042880745432975,1704042889942142038,500,http://172.169.8.253:31112/function/opt-66b-submod-0-latency-25.cdgp
1704042880745450875,1704042882360437822,200,http://172.169.8.253:31112/function/opt-66b-submod-0-latency-25.cdgp
1704042880745539806,1704042889972679174,500,http://172.169.8.253:31112/function/opt-66b-submod-0-latency-25.cdgp
1704042880745621957,1704042889003712415,500,http://172.169.8.253:31112/function/opt-66b-submod-0-latency-25.cdgp
1704042880745695690,1704042889086033834,500,http://172.169.8.253:31112/function/opt-66b-submod-0-latency-25.cdgp
1704042880745790314,1704042885696258034,200,http://172.169.8.253:31112/function/opt-66b-submod-0-latency-25.cdgp
1704042880745842210,1704042890008049036,504,http://172.169.8.253:31112/function/opt-66b-submod-0-latency-25.cdgp
1704042880748587776,1704042889081520238,500,http://172.169.8.253:31112/function/opt-66b-submod-0-latency-25.cdgp
1704042880748679803,1704042888922120930,500,http://172.169.8.253:31112/function/opt-66b-submod-0-latency-25.cdgp
1704042881200574171,1704042882528839964,200,http://172.169.8.253:31112/function/opt-66b-submod-0-latency-25.cdgp
1704042881200683881,1704042889193964007,500,http://172.169.8.253:31112/function/opt-66b-submod-0-latency-25.cdgp
1704042881200779335,1704042889325700409,500,http://172.169.8.253:31112/function/opt-66b-submod-0-latency-25.cdgp
1704042881200856650,1704042890421875057,500,http://172.169.8.253:31112/function/opt-66b-submod-0-latency-25.cdgp
1704042881200946245,1704042889342948139,500,http://172.169.8.253:31112/function/opt-66b-submod-0-latency-25.cdgp
1704042881201045117,1704042890339828897,500,http://172.169.8.253:31112/function/opt-66b-submod-0-latency-25.cdgp
1704042881201123045,1704042890325473980,500,http://172.169.8.253:31112/function/opt-66b-submod-0-latency-25.cdgp
1704042881201283027,1704042890469181894,500,http://172.169.8.253:31112/function/opt-66b-submod-0-latency-25.cdgp
1704042881201354415,1704042890326437191,500,http://172.169.8.253:31112/function/opt-66b-submod-0-latency-25.cdgp
1704042881201421964,1704042889344908157,500,http://172.169.8.253:31112/function/opt-66b-submod-0-latency-25.cdgp
1704042881201490685,1704042885512841903,200,http://172.169.8.253:31112/function/opt-66b-submod-0-latency-25.cdgp
1704042881201552711,1704042889172339911,500,http://172.169.8.253:31112/function/opt-66b-submod-0-latency-25.cdgp
1704042881201577753,1704042890328545675,500,http://172.169.8.253:31112/function/opt-66b-submod-0-latency-25.cdgp
1704042881201633470,1704042882783089819,200,http://172.169.8.253:31112/function/opt-66b-submod-0-latency-25.cdgp
1704042881278187894,1704042889351863920,500,http://172.169.8.253:31112/function/opt-66b-submod-0-latency-25.cdgp
1704042881278278371,1704042889555060963,500,http://172.169.8.253:31112/function/opt-66b-submod-0-latency-25.cdgp
1704042881278380124,1704042882736024462,200,http://172.169.8.253:31112/function/opt-66b-submod-0-latency-25.cdgp
1704042881278444309,1704042890323892916,500,http://172.169.8.253:31112/function/opt-66b-submod-0-latency-25.cdgp
1704042881388895124,1704042890423015798,500,http://172.169.8.253:31112/function/opt-66b-submod-0-latency-25.cdgp
1704042881388976567,1704042885673890879,200,http://172.169.8.253:31112/function/opt-66b-submod-0-latency-25.cdgp
1704042881389063786,1704042890476902021,500,http://172.169.8.253:31112/function/opt-66b-submod-0-latency-25.cdgp
1704042881389128987,1704042885713962439,200,http://172.169.8.253:31112/function/opt-66b-submod-0-latency-25.cdgp
1704042881389196711,1704042882949233234,200,http://172.169.8.253:31112/function/opt-66b-submod-0-latency-25.cdgp
1704042881389231816,1704042890463070109,500,http://172.169.8.253:31112/function/opt-66b-submod-0-latency-25.cdgp
1704042881389330374,1704042882608909919,200,http://172.169.8.253:31112/function/opt-66b-submod-0-latency-25.cdgp
1704042881454615970,1704042885871813382,200,http://172.169.8.253:31112/function/opt-66b-submod-0-latency-25.cdgp
1704042881454685076,1704042882915659117,200,http://172.169.8.253:31112/function/opt-66b-submod-0-latency-25.cdgp
1704042881454723861,1704042890631730305,500,http://172.169.8.253:31112/function/opt-66b-submod-0-latency-25.cdgp
1704042881454810946,1704042890591913717,500,http://172.169.8.253:31112/function/opt-66b-submod-0-latency-25.cdgp
1704042881454882194,1704042890535348811,500,http://172.169.8.253:31112/function/opt-66b-submod-0-latency-25.cdgp
1704042881454977096,1704042889624170320,200,http://172.169.8.253:31112/function/opt-66b-submod-0-latency-25.cdgp
1704042881455099861,1704042885716381333,200,http://172.169.8.253:31112/function/opt-66b-submod-0-latency-25.cdgp
1704042881455177774,1704042889392223556,200,http://172.169.8.253:31112/function/opt-66b-submod-0-latency-25.cdgp
1704042881455208250,1704042882738675752,200,http://172.169.8.253:31112/function/opt-66b-submod-0-latency-25.cdgp
1704042881455364274,1704042890676575919,500,http://172.169.8.253:31112/function/opt-66b-submod-0-latency-25.cdgp
1704042881455424952,1704042882875505205,200,http://172.169.8.253:31112/function/opt-66b-submod-0-latency-25.cdgp
1704042881455480427,1704042890764866594,500,http://172.169.8.253:31112/function/opt-66b-submod-0-latency-25.cdgp
1704042881455540180,1704042886243373762,200,http://172.169.8.253:31112/function/opt-66b-submod-0-latency-25.cdgp
1704042881455615387,1704042890546450933,500,http://172.169.8.253:31112/function/opt-66b-submod-0-latency-25.cdgp
1704042881475458757,1704042889371349694,200,http://172.169.8.253:31112/function/opt-66b-submod-0-latency-25.cdgp
1704042881475565600,1704042890671095760,500,http://172.169.8.253:31112/function/opt-66b-submod-0-latency-25.cdgp
1704042881475617847,1704042890632649534,500,http://172.169.8.253:31112/function/opt-66b-submod-0-latency-25.cdgp
1704042881475699096,1704042890627750364,500,http://172.169.8.253:31112/function/opt-66b-submod-0-latency-25.cdgp
1704042881475766038,1704042890538950360,500,http://172.169.8.253:31112/function/opt-66b-submod-0-latency-25.cdgp
1704042881475838299,1704042889415796860,200,http://172.169.8.253:31112/function/opt-66b-submod-0-latency-25.cdgp
1704042881475862692,1704042889555833106,200,http://172.169.8.253:31112/function/opt-66b-submod-0-latency-25.cdgp
1704042881475933536,1704042889369070030,200,http://172.169.8.253:31112/function/opt-66b-submod-0-latency-25.cdgp
1704042881476027712,1704042882713613269,200,http://172.169.8.253:31112/function/opt-66b-submod-0-latency-25.cdgp
1704042881476088394,1704042890540770599,500,http://172.169.8.253:31112/function/opt-66b-submod-0-latency-25.cdgp
1704042881476175197,1704042889595578740,200,http://172.169.8.253:31112/function/opt-66b-submod-0-latency-25.cdgp
1704042881476251551,1704042889367989629,200,http://172.169.8.253:31112/function/opt-66b-submod-0-latency-25.cdgp
1704042881476321094,1704042886085376078,200,http://172.169.8.253:31112/function/opt-66b-submod-0-latency-25.cdgp
1704042881476404454,1704042890714945019,500,http://172.169.8.253:31112/function/opt-66b-submod-0-latency-25.cdgp
1704042881476474784,1704042882859651497,200,http://172.169.8.253:31112/function/opt-66b-submod-0-latency-25.cdgp
1704042883271637889,1704042892157139791,500,http://172.169.8.253:31112/function/opt-66b-submod-0-latency-25.cdgp
1704042883272364588,1704042886144427721,200,http://172.169.8.253:31112/function/opt-66b-submod-0-latency-25.cdgp
1704042883272469593,1704042892629226278,500,http://172.169.8.253:31112/function/opt-66b-submod-0-latency-25.cdgp
1704042883272545297,1704042892864375382,500,http://172.169.8.253:31112/function/opt-66b-submod-0-latency-25.cdgp
1704042883272642616,1704042886858343093,200,http://172.169.8.253:31112/function/opt-66b-submod-0-latency-25.cdgp
1704042883272729031,1704042889785715263,200,http://172.169.8.253:31112/function/opt-66b-submod-0-latency-25.cdgp
1704042883272829976,1704042892299291791,500,http://172.169.8.253:31112/function/opt-66b-submod-0-latency-25.cdgp
1704042883272894111,1704042892366963751,500,http://172.169.8.253:31112/function/opt-66b-submod-0-latency-25.cdgp
1704042883272972962,1704042889354635601,200,http://172.169.8.253:31112/function/opt-66b-submod-0-latency-25.cdgp
1704042883273046671,1704042892758900048,500,http://172.169.8.253:31112/function/opt-66b-submod-0-latency-25.cdgp
1704042883273130931,1704042892456167001,500,http://172.169.8.253:31112/function/opt-66b-submod-0-latency-25.cdgp
1704042883273215755,1704042884626995612,200,http://172.169.8.253:31112/function/opt-66b-submod-0-latency-25.cdgp
1704042883273283311,1704042885963763078,200,http://172.169.8.253:31112/function/opt-66b-submod-0-latency-25.cdgp
1704042883273299727,1704042892301575395,500,http://172.169.8.253:31112/function/opt-66b-submod-0-latency-25.cdgp
1704042883281661015,1704042885670006032,200,http://172.169.8.253:31112/function/opt-66b-submod-0-latency-25.cdgp
1704042883281740446,1704042892760502501,500,http://172.169.8.253:31112/function/opt-66b-submod-0-latency-25.cdgp
1704042883281811471,1704042886281753081,200,http://172.169.8.253:31112/function/opt-66b-submod-0-latency-25.cdgp
1704042883281871323,1704042892584346450,500,http://172.169.8.253:31112/function/opt-66b-submod-0-latency-25.cdgp
1704042883281926856,1704042888018025376,200,http://172.169.8.253:31112/function/opt-66b-submod-0-latency-25.cdgp
1704042883281967099,1704042892582828439,500,http://172.169.8.253:31112/function/opt-66b-submod-0-latency-25.cdgp
1704042883282051771,1704042892563215042,500,http://172.169.8.253:31112/function/opt-66b-submod-0-latency-25.cdgp
1704042883282139643,1704042892679394954,500,http://172.169.8.253:31112/function/opt-66b-submod-0-latency-25.cdgp
1704042883282221391,1704042892547743340,500,http://172.169.8.253:31112/function/opt-66b-submod-0-latency-25.cdgp
1704042883282277734,1704042891914613686,500,http://172.169.8.253:31112/function/opt-66b-submod-0-latency-25.cdgp
1704042883282307294,1704042886118179679,200,http://172.169.8.253:31112/function/opt-66b-submod-0-latency-25.cdgp
1704042883282425425,1704042893283304421,500,http://172.169.8.253:31112/function/opt-66b-submod-0-latency-25.cdgp
1704042883282497772,1704042891953411221,500,http://172.169.8.253:31112/function/opt-66b-submod-0-latency-25.cdgp
1704042883282558279,1704042888023822669,200,http://172.169.8.253:31112/function/opt-66b-submod-0-latency-25.cdgp
1704042883282591472,1704042892476105195,500,http://172.169.8.253:31112/function/opt-66b-submod-0-latency-25.cdgp
1704042883282665160,1704042889569907003,200,http://172.169.8.253:31112/function/opt-66b-submod-0-latency-25.cdgp
1704042883282731710,1704042892555575904,500,http://172.169.8.253:31112/function/opt-66b-submod-0-latency-25.cdgp
1704042883282823501,1704042887423997749,200,http://172.169.8.253:31112/function/opt-66b-submod-0-latency-25.cdgp
1704042883282856614,1704042892762200441,500,http://172.169.8.253:31112/function/opt-66b-submod-0-latency-25.cdgp
1704042883282930623,1704042892709891505,500,http://172.169.8.253:31112/function/opt-66b-submod-0-latency-25.cdgp
1704042883283009725,1704042891511358496,500,http://172.169.8.253:31112/function/opt-66b-submod-0-latency-25.cdgp
1704042883283093729,1704042891951825800,500,http://172.169.8.253:31112/function/opt-66b-submod-0-latency-25.cdgp
1704042883283182183,1704042892752222393,500,http://172.169.8.253:31112/function/opt-66b-submod-0-latency-25.cdgp
1704042883283239992,1704042885756744277,200,http://172.169.8.253:31112/function/opt-66b-submod-0-latency-25.cdgp
1704042883283318798,1704042891912981686,500,http://172.169.8.253:31112/function/opt-66b-submod-0-latency-25.cdgp
1704042883283392194,1704042892872380308,500,http://172.169.8.253:31112/function/opt-66b-submod-0-latency-25.cdgp
1704042883283476353,1704042892754028655,500,http://172.169.8.253:31112/function/opt-66b-submod-0-latency-25.cdgp
1704042883376034106,1704042892706763258,500,http://172.169.8.253:31112/function/opt-66b-submod-0-latency-25.cdgp
1704042883631437761,1704042891737447974,500,http://172.169.8.253:31112/function/opt-66b-submod-0-latency-25.cdgp
1704042883631569866,1704042885960575960,200,http://172.169.8.253:31112/function/opt-66b-submod-0-latency-25.cdgp
1704042883631661438,1704042892953184796,500,http://172.169.8.253:31112/function/opt-66b-submod-0-latency-25.cdgp
1704042883631727421,1704042885630501060,200,http://172.169.8.253:31112/function/opt-66b-submod-0-latency-25.cdgp
1704042883631808514,1704042891839378462,500,http://172.169.8.253:31112/function/opt-66b-submod-0-latency-25.cdgp
1704042883631850642,1704042891831250323,500,http://172.169.8.253:31112/function/opt-66b-submod-0-latency-25.cdgp
1704042883631943391,1704042887124497820,200,http://172.169.8.253:31112/function/opt-66b-submod-0-latency-25.cdgp
1704042883632041022,1704042886857774423,200,http://172.169.8.253:31112/function/opt-66b-submod-0-latency-25.cdgp
1704042883939233626,1704042886117087320,200,http://172.169.8.253:31112/function/opt-66b-submod-0-latency-25.cdgp
1704042883939344995,1704042892127267703,500,http://172.169.8.253:31112/function/opt-66b-submod-0-latency-25.cdgp
1704042883939435914,1704042885844493613,200,http://172.169.8.253:31112/function/opt-66b-submod-0-latency-25.cdgp
1704042883939487643,1704042892958893847,500,http://172.169.8.253:31112/function/opt-66b-submod-0-latency-25.cdgp
1704042883945024935,1704042892550115409,500,http://172.169.8.253:31112/function/opt-66b-submod-0-latency-25.cdgp
1704042883945080684,1704042893322762062,500,http://172.169.8.253:31112/function/opt-66b-submod-0-latency-25.cdgp
1704042883945152732,1704042887486161587,200,http://172.169.8.253:31112/function/opt-66b-submod-0-latency-25.cdgp
1704042883946630623,1704042893818095271,500,http://172.169.8.253:31112/function/opt-66b-submod-0-latency-25.cdgp
1704042883946725605,1704042893817687546,504,http://172.169.8.253:31112/function/opt-66b-submod-0-latency-25.cdgp
1704042883946818215,1704042892656913665,200,http://172.169.8.253:31112/function/opt-66b-submod-0-latency-25.cdgp
1704042883946882518,1704042892256944553,500,http://172.169.8.253:31112/function/opt-66b-submod-0-latency-25.cdgp
1704042883946934779,1704042893532523711,500,http://172.169.8.253:31112/function/opt-66b-submod-0-latency-25.cdgp
1704042883947004520,1704042893436392927,500,http://172.169.8.253:31112/function/opt-66b-submod-0-latency-25.cdgp
1704042883947033970,1704042892343109296,500,http://172.169.8.253:31112/function/opt-66b-submod-0-latency-25.cdgp
1704042883947097772,1704042893321078625,500,http://172.169.8.253:31112/function/opt-66b-submod-0-latency-25.cdgp
1704042883947145365,1704042892247211205,500,http://172.169.8.253:31112/function/opt-66b-submod-0-latency-25.cdgp
1704042883947243297,1704042893327656729,500,http://172.169.8.253:31112/function/opt-66b-submod-0-latency-25.cdgp
1704042883947301809,1704042887548216611,200,http://172.169.8.253:31112/function/opt-66b-submod-0-latency-25.cdgp
1704042883947316630,1704042892010068625,500,http://172.169.8.253:31112/function/opt-66b-submod-0-latency-25.cdgp
1704042883947344223,1704042892574174509,500,http://172.169.8.253:31112/function/opt-66b-submod-0-latency-25.cdgp
1704042883947394966,1704042892605300966,500,http://172.169.8.253:31112/function/opt-66b-submod-0-latency-25.cdgp
1704042883947446885,1704042893676311385,500,http://172.169.8.253:31112/function/opt-66b-submod-0-latency-25.cdgp
1704042883947514041,1704042893600764022,500,http://172.169.8.253:31112/function/opt-66b-submod-0-latency-25.cdgp
1704042883947548075,1704042893818043181,500,http://172.169.8.253:31112/function/opt-66b-submod-0-latency-25.cdgp
1704042883947679933,1704042892318912703,500,http://172.169.8.253:31112/function/opt-66b-submod-0-latency-25.cdgp
1704042883947787931,1704042893817784948,500,http://172.169.8.253:31112/function/opt-66b-submod-0-latency-25.cdgp
1704042883947852188,1704042893326246207,500,http://172.169.8.253:31112/function/opt-66b-submod-0-latency-25.cdgp
1704042883947903706,1704042892397600612,500,http://172.169.8.253:31112/function/opt-66b-submod-0-latency-25.cdgp
1704042883947983638,1704042893817835671,500,http://172.169.8.253:31112/function/opt-66b-submod-0-latency-25.cdgp
1704042883948044722,1704042893611888705,500,http://172.169.8.253:31112/function/opt-66b-submod-0-latency-25.cdgp
1704042883948068076,1704042893324643710,500,http://172.169.8.253:31112/function/opt-66b-submod-0-latency-25.cdgp
1704042883948153455,1704042893818328330,500,http://172.169.8.253:31112/function/opt-66b-submod-0-latency-25.cdgp
1704042883948244076,1704042887194026379,200,http://172.169.8.253:31112/function/opt-66b-submod-0-latency-25.cdgp
1704042883948311480,1704042887429326394,200,http://172.169.8.253:31112/function/opt-66b-submod-0-latency-25.cdgp
1704042883948386407,1704042887519486483,200,http://172.169.8.253:31112/function/opt-66b-submod-0-latency-25.cdgp
1704042883948423846,1704042893286119586,500,http://172.169.8.253:31112/function/opt-66b-submod-0-latency-25.cdgp
1704042883948495328,1704042892654813168,200,http://172.169.8.253:31112/function/opt-66b-submod-0-latency-25.cdgp
1704042883948536376,1704042892559020818,500,http://172.169.8.253:31112/function/opt-66b-submod-0-latency-25.cdgp
1704042883948602862,1704042892650435706,200,http://172.169.8.253:31112/function/opt-66b-submod-0-latency-25.cdgp
1704042883948674940,1704042893529380656,500,http://172.169.8.253:31112/function/opt-66b-submod-0-latency-25.cdgp
1704042883948755862,1704042892509821723,500,http://172.169.8.253:31112/function/opt-66b-submod-0-latency-25.cdgp
1704042883948867480,1704042888023805173,200,http://172.169.8.253:31112/function/opt-66b-submod-0-latency-25.cdgp
1704042883948957819,1704042893288663316,500,http://172.169.8.253:31112/function/opt-66b-submod-0-latency-25.cdgp
1704042883949035647,1704042893676060905,500,http://172.169.8.253:31112/function/opt-66b-submod-0-latency-25.cdgp
1704042883949115248,1704042887457795558,200,http://172.169.8.253:31112/function/opt-66b-submod-0-latency-25.cdgp
1704042883949168665,1704042887212773957,200,http://172.169.8.253:31112/function/opt-66b-submod-0-latency-25.cdgp
1704042883949210810,1704042887519103341,200,http://172.169.8.253:31112/function/opt-66b-submod-0-latency-25.cdgp
1704042884380635475,1704042886924332646,200,http://172.169.8.253:31112/function/opt-66b-submod-0-latency-25.cdgp
1704042884380719682,1704042887526050030,200,http://172.169.8.253:31112/function/opt-66b-submod-0-latency-25.cdgp
1704042884380815448,1704042892444774549,500,http://172.169.8.253:31112/function/opt-66b-submod-0-latency-25.cdgp
1704042884380885877,1704042893603097262,500,http://172.169.8.253:31112/function/opt-66b-submod-0-latency-25.cdgp
1704042884380930682,1704042893440621492,500,http://172.169.8.253:31112/function/opt-66b-submod-0-latency-25.cdgp
1704042884381000991,1704042893849266669,500,http://172.169.8.253:31112/function/opt-66b-submod-0-latency-25.cdgp
1704042884381055582,1704042893676106782,500,http://172.169.8.253:31112/function/opt-66b-submod-0-latency-25.cdgp
1704042884595853213,1704042892649084888,200,http://172.169.8.253:31112/function/opt-66b-submod-0-latency-25.cdgp
1704042884595957943,1704042893936138723,500,http://172.169.8.253:31112/function/opt-66b-submod-0-latency-25.cdgp
1704042884596064680,1704042894596951233,500,http://172.169.8.253:31112/function/opt-66b-submod-0-latency-25.cdgp
1704042884598637829,1704042893894751431,500,http://172.169.8.253:31112/function/opt-66b-submod-0-latency-25.cdgp
1704042884598714260,1704042893922722961,500,http://172.169.8.253:31112/function/opt-66b-submod-0-latency-25.cdgp
1704042884598774840,1704042893987098382,500,http://172.169.8.253:31112/function/opt-66b-submod-0-latency-25.cdgp
1704042884598857000,1704042894086618746,500,http://172.169.8.253:31112/function/opt-66b-submod-0-latency-25.cdgp
1704042884598946999,1704042893921882980,500,http://172.169.8.253:31112/function/opt-66b-submod-0-latency-25.cdgp
1704042884599077373,1704042894087066423,500,http://172.169.8.253:31112/function/opt-66b-submod-0-latency-25.cdgp
1704042884599200886,1704042893922583380,500,http://172.169.8.253:31112/function/opt-66b-submod-0-latency-25.cdgp
1704042884599272877,1704042892676889640,200,http://172.169.8.253:31112/function/opt-66b-submod-0-latency-25.cdgp
1704042884599375937,1704042894086636820,500,http://172.169.8.253:31112/function/opt-66b-submod-0-latency-25.cdgp
1704042884599442191,1704042894034652819,500,http://172.169.8.253:31112/function/opt-66b-submod-0-latency-25.cdgp
1704042884599468384,1704042894087150968,500,http://172.169.8.253:31112/function/opt-66b-submod-0-latency-25.cdgp
1704042884599543953,1704042892652118625,200,http://172.169.8.253:31112/function/opt-66b-submod-0-latency-25.cdgp
1704042884599617732,1704042892674063882,200,http://172.169.8.253:31112/function/opt-66b-submod-0-latency-25.cdgp
1704042884599685941,1704042892688787629,200,http://172.169.8.253:31112/function/opt-66b-submod-0-latency-25.cdgp
1704042884600751257,1704042887545462238,200,http://172.169.8.253:31112/function/opt-66b-submod-0-latency-25.cdgp
1704042884600844838,1704042894086825993,500,http://172.169.8.253:31112/function/opt-66b-submod-0-latency-25.cdgp
1704042884600917956,1704042894000582591,500,http://172.169.8.253:31112/function/opt-66b-submod-0-latency-25.cdgp
1704042884600985164,1704042887519986017,200,http://172.169.8.253:31112/function/opt-66b-submod-0-latency-25.cdgp
1704042884601081776,1704042894087248137,500,http://172.169.8.253:31112/function/opt-66b-submod-0-latency-25.cdgp
1704042884601163129,1704042894129509478,500,http://172.169.8.253:31112/function/opt-66b-submod-0-latency-25.cdgp
1704042884601247659,1704042892718526030,200,http://172.169.8.253:31112/function/opt-66b-submod-0-latency-25.cdgp
1704042884601333140,1704042887232038462,200,http://172.169.8.253:31112/function/opt-66b-submod-0-latency-25.cdgp
1704042884730424683,1704042894067819184,500,http://172.169.8.253:31112/function/opt-66b-submod-0-latency-25.cdgp
1704042884730505429,1704042894091542135,500,http://172.169.8.253:31112/function/opt-66b-submod-0-latency-25.cdgp
1704042884730646036,1704042894086840173,500,http://172.169.8.253:31112/function/opt-66b-submod-0-latency-25.cdgp
1704042884792926477,1704042887519793136,200,http://172.169.8.253:31112/function/opt-66b-submod-0-latency-25.cdgp
1704042884792982066,1704042887932476966,200,http://172.169.8.253:31112/function/opt-66b-submod-0-latency-25.cdgp
1704042884793067262,1704042894083253935,500,http://172.169.8.253:31112/function/opt-66b-submod-0-latency-25.cdgp
1704042884793101454,1704042892644115419,200,http://172.169.8.253:31112/function/opt-66b-submod-0-latency-25.cdgp
1704042884793199963,1704042894187099490,500,http://172.169.8.253:31112/function/opt-66b-submod-0-latency-25.cdgp
1704042884793265510,1704042892684271513,200,http://172.169.8.253:31112/function/opt-66b-submod-0-latency-25.cdgp
1704042884793322369,1704042894476633900,500,http://172.169.8.253:31112/function/opt-66b-submod-0-latency-25.cdgp
1704042884793362665,1704042892641441479,200,http://172.169.8.253:31112/function/opt-66b-submod-0-latency-25.cdgp
1704042884793434953,1704042894506464167,500,http://172.169.8.253:31112/function/opt-66b-submod-0-latency-25.cdgp
1704042884793466127,1704042887500945741,200,http://172.169.8.253:31112/function/opt-66b-submod-0-latency-25.cdgp
1704042884793552146,1704042892672401471,200,http://172.169.8.253:31112/function/opt-66b-submod-0-latency-25.cdgp
1704042884793573224,1704042894398595488,500,http://172.169.8.253:31112/function/opt-66b-submod-0-latency-25.cdgp
1704042884793587071,1704042894355979215,500,http://172.169.8.253:31112/function/opt-66b-submod-0-latency-25.cdgp
1704042884793621584,1704042894625525769,500,http://172.169.8.253:31112/function/opt-66b-submod-0-latency-25.cdgp
1704042884793700436,1704042894436964141,500,http://172.169.8.253:31112/function/opt-66b-submod-0-latency-25.cdgp
1704042884793742038,1704042894482278803,500,http://172.169.8.253:31112/function/opt-66b-submod-0-latency-25.cdgp
1704042884793812686,1704042892640277855,200,http://172.169.8.253:31112/function/opt-66b-submod-0-latency-25.cdgp
1704042884793889586,1704042892645533348,200,http://172.169.8.253:31112/function/opt-66b-submod-0-latency-25.cdgp
1704042884793911635,1704042894171102420,500,http://172.169.8.253:31112/function/opt-66b-submod-0-latency-25.cdgp
1704042884793972073,1704042894430378709,500,http://172.169.8.253:31112/function/opt-66b-submod-0-latency-25.cdgp
1704042884794068737,1704042894108001497,500,http://172.169.8.253:31112/function/opt-66b-submod-0-latency-25.cdgp
1704042884794135256,1704042894433551425,500,http://172.169.8.253:31112/function/opt-66b-submod-0-latency-25.cdgp
1704042884799245304,1704042892715418204,200,http://172.169.8.253:31112/function/opt-66b-submod-0-latency-25.cdgp
1704042884799348723,1704042892638249689,200,http://172.169.8.253:31112/function/opt-66b-submod-0-latency-25.cdgp
1704042884799479668,1704042894355371575,500,http://172.169.8.253:31112/function/opt-66b-submod-0-latency-25.cdgp
1704042884799577689,1704042887123739433,200,http://172.169.8.253:31112/function/opt-66b-submod-0-latency-25.cdgp
1704042884799657077,1704042894350088974,500,http://172.169.8.253:31112/function/opt-66b-submod-0-latency-25.cdgp
1704042884799720334,1704042894485703855,500,http://172.169.8.253:31112/function/opt-66b-submod-0-latency-25.cdgp
1704042884799805188,1704042894435126738,500,http://172.169.8.253:31112/function/opt-66b-submod-0-latency-25.cdgp
1704042884799896200,1704042887546232766,200,http://172.169.8.253:31112/function/opt-66b-submod-0-latency-25.cdgp
1704042884799976451,1704042894129881533,500,http://172.169.8.253:31112/function/opt-66b-submod-0-latency-25.cdgp
1704042884800037092,1704042894303937016,500,http://172.169.8.253:31112/function/opt-66b-submod-0-latency-25.cdgp
1704042884800117499,1704042892654421890,200,http://172.169.8.253:31112/function/opt-66b-submod-0-latency-25.cdgp
1704042884800174156,1704042894353746367,500,http://172.169.8.253:31112/function/opt-66b-submod-0-latency-25.cdgp
1704042884800249716,1704042887519526210,200,http://172.169.8.253:31112/function/opt-66b-submod-0-latency-25.cdgp
1704042884800317167,1704042894483423785,500,http://172.169.8.253:31112/function/opt-66b-submod-0-latency-25.cdgp
1704042884800393561,1704042887547739866,200,http://172.169.8.253:31112/function/opt-66b-submod-0-latency-25.cdgp
1704042884800450736,1704042894302515879,500,http://172.169.8.253:31112/function/opt-66b-submod-0-latency-25.cdgp
1704042884800531920,1704042886992710238,200,http://172.169.8.253:31112/function/opt-66b-submod-0-latency-25.cdgp
1704042884800575792,1704042892635544236,200,http://172.169.8.253:31112/function/opt-66b-submod-0-latency-25.cdgp
1704042884800625469,1704042894436086118,500,http://172.169.8.253:31112/function/opt-66b-submod-0-latency-25.cdgp
1704042884800677172,1704042894480216633,500,http://172.169.8.253:31112/function/opt-66b-submod-0-latency-25.cdgp
1704042884800774367,1704042894623860816,500,http://172.169.8.253:31112/function/opt-66b-submod-0-latency-25.cdgp
1704042884800846212,1704042894308196363,500,http://172.169.8.253:31112/function/opt-66b-submod-0-latency-25.cdgp
1704042884800924731,1704042894187722124,500,http://172.169.8.253:31112/function/opt-66b-submod-0-latency-25.cdgp
1704042884801013552,1704042892719951186,200,http://172.169.8.253:31112/function/opt-66b-submod-0-latency-25.cdgp
1704042884801084746,1704042887501361430,200,http://172.169.8.253:31112/function/opt-66b-submod-0-latency-25.cdgp
1704042884801140761,1704042894486604254,500,http://172.169.8.253:31112/function/opt-66b-submod-0-latency-25.cdgp
1704042885259791214,1704042892682335304,200,http://172.169.8.253:31112/function/opt-66b-submod-0-latency-25.cdgp
1704042885259901287,1704042892683684944,200,http://172.169.8.253:31112/function/opt-66b-submod-0-latency-25.cdgp
1704042885260001947,1704042892691529418,200,http://172.169.8.253:31112/function/opt-66b-submod-0-latency-25.cdgp
1704042885260110161,1704042894500901044,500,http://172.169.8.253:31112/function/opt-66b-submod-0-latency-25.cdgp
1704042885260158855,1704042894621664648,500,http://172.169.8.253:31112/function/opt-66b-submod-0-latency-25.cdgp
1704042885260244247,1704042887685657065,200,http://172.169.8.253:31112/function/opt-66b-submod-0-latency-25.cdgp
1704042885260268414,1704042887932832858,200,http://172.169.8.253:31112/function/opt-66b-submod-0-latency-25.cdgp
1704042885988244711,1704042894996360227,500,http://172.169.8.253:31112/function/opt-66b-submod-0-latency-25.cdgp
1704042885988367752,1704042888315952207,200,http://172.169.8.253:31112/function/opt-66b-submod-0-latency-25.cdgp
1704042885988473205,1704042895031138378,500,http://172.169.8.253:31112/function/opt-66b-submod-0-latency-25.cdgp
1704042885988590367,1704042892765679939,200,http://172.169.8.253:31112/function/opt-66b-submod-0-latency-25.cdgp
1704042885988666800,1704042895055733492,500,http://172.169.8.253:31112/function/opt-66b-submod-0-latency-25.cdgp
1704042885988775877,1704042895036611493,500,http://172.169.8.253:31112/function/opt-66b-submod-0-latency-25.cdgp
1704042886122951215,1704042894539974256,200,http://172.169.8.253:31112/function/opt-66b-submod-0-latency-25.cdgp
1704042886122999788,1704042890109179581,200,http://172.169.8.253:31112/function/opt-66b-submod-0-latency-25.cdgp
1704042886123069860,1704042888268369008,200,http://172.169.8.253:31112/function/opt-66b-submod-0-latency-25.cdgp
1704042886123111384,1704042894724460479,500,http://172.169.8.253:31112/function/opt-66b-submod-0-latency-25.cdgp
1704042886123856570,1704042895314338691,500,http://172.169.8.253:31112/function/opt-66b-submod-0-latency-25.cdgp
1704042886124036922,1704042895314793773,500,http://172.169.8.253:31112/function/opt-66b-submod-0-latency-25.cdgp
1704042886124123584,1704042889570446757,200,http://172.169.8.253:31112/function/opt-66b-submod-0-latency-25.cdgp
1704042886124208166,1704042895380028815,500,http://172.169.8.253:31112/function/opt-66b-submod-0-latency-25.cdgp
1704042886124364902,1704042895314872668,500,http://172.169.8.253:31112/function/opt-66b-submod-0-latency-25.cdgp
1704042886124479051,1704042895525988902,500,http://172.169.8.253:31112/function/opt-66b-submod-0-latency-25.cdgp
1704042886124545474,1704042890062850646,200,http://172.169.8.253:31112/function/opt-66b-submod-0-latency-25.cdgp
1704042886124591255,1704042894539817123,500,http://172.169.8.253:31112/function/opt-66b-submod-0-latency-25.cdgp
1704042886124651768,1704042895333033206,500,http://172.169.8.253:31112/function/opt-66b-submod-0-latency-25.cdgp
1704042886124714527,1704042895523284580,500,http://172.169.8.253:31112/function/opt-66b-submod-0-latency-25.cdgp
1704042886124747988,1704042895165659056,500,http://172.169.8.253:31112/function/opt-66b-submod-0-latency-25.cdgp
1704042886124813950,1704042889664585819,200,http://172.169.8.253:31112/function/opt-66b-submod-0-latency-25.cdgp
1704042886124873775,1704042893252559064,200,http://172.169.8.253:31112/function/opt-66b-submod-0-latency-25.cdgp
1704042886124960268,1704042895140036279,500,http://172.169.8.253:31112/function/opt-66b-submod-0-latency-25.cdgp
1704042886124989309,1704042895473250031,500,http://172.169.8.253:31112/function/opt-66b-submod-0-latency-25.cdgp
1704042886125054537,1704042895147790236,500,http://172.169.8.253:31112/function/opt-66b-submod-0-latency-25.cdgp
1704042886125155005,1704042895484038943,500,http://172.169.8.253:31112/function/opt-66b-submod-0-latency-25.cdgp
1704042886125190225,1704042895485045274,500,http://172.169.8.253:31112/function/opt-66b-submod-0-latency-25.cdgp
1704042886125631464,1704042895212652325,500,http://172.169.8.253:31112/function/opt-66b-submod-0-latency-25.cdgp
1704042886180622734,1704042895333108083,500,http://172.169.8.253:31112/function/opt-66b-submod-0-latency-25.cdgp
1704042886180709609,1704042894752290240,500,http://172.169.8.253:31112/function/opt-66b-submod-0-latency-25.cdgp
1704042886180765610,1704042894662808620,500,http://172.169.8.253:31112/function/opt-66b-submod-0-latency-25.cdgp
1704042886180828941,1704042889556048904,200,http://172.169.8.253:31112/function/opt-66b-submod-0-latency-25.cdgp
1704042886180885091,1704042895486095197,500,http://172.169.8.253:31112/function/opt-66b-submod-0-latency-25.cdgp
1704042886180936385,1704042893644544599,200,http://172.169.8.253:31112/function/opt-66b-submod-0-latency-25.cdgp
1704042886180978939,1704042889372518698,200,http://172.169.8.253:31112/function/opt-66b-submod-0-latency-25.cdgp
1704042886181049382,1704042895499435807,500,http://172.169.8.253:31112/function/opt-66b-submod-0-latency-25.cdgp
1704042886183873056,1704042895483149790,500,http://172.169.8.253:31112/function/opt-66b-submod-0-latency-25.cdgp
1704042886445857173,1704042894521669683,500,http://172.169.8.253:31112/function/opt-66b-submod-0-latency-25.cdgp
1704042886445935820,1704042894404641488,200,http://172.169.8.253:31112/function/opt-66b-submod-0-latency-25.cdgp
1704042886446040966,1704042895714999046,500,http://172.169.8.253:31112/function/opt-66b-submod-0-latency-25.cdgp
1704042886446088132,1704042895010890347,500,http://172.169.8.253:31112/function/opt-66b-submod-0-latency-25.cdgp
1704042886446176368,1704042889068113698,200,http://172.169.8.253:31112/function/opt-66b-submod-0-latency-25.cdgp
1704042886446208055,1704042895713981791,500,http://172.169.8.253:31112/function/opt-66b-submod-0-latency-25.cdgp
1704042886446297594,1704042895756049572,500,http://172.169.8.253:31112/function/opt-66b-submod-0-latency-25.cdgp
1704042886446397751,1704042895567791261,500,http://172.169.8.253:31112/function/opt-66b-submod-0-latency-25.cdgp
1704042886446486032,1704042894188117096,200,http://172.169.8.253:31112/function/opt-66b-submod-0-latency-25.cdgp
1704042886446551353,1704042887932804853,200,http://172.169.8.253:31112/function/opt-66b-submod-0-latency-25.cdgp
1704042886446626636,1704042895700534838,500,http://172.169.8.253:31112/function/opt-66b-submod-0-latency-25.cdgp
1704042886495487487,1704042888415733799,200,http://172.169.8.253:31112/function/opt-66b-submod-0-latency-25.cdgp
1704042886495600082,1704042895781495898,500,http://172.169.8.253:31112/function/opt-66b-submod-0-latency-25.cdgp
1704042886495666049,1704042888268040993,200,http://172.169.8.253:31112/function/opt-66b-submod-0-latency-25.cdgp
1704042886495923978,1704042895799833717,500,http://172.169.8.253:31112/function/opt-66b-submod-0-latency-25.cdgp
1704042886496027750,1704042894571795337,500,http://172.169.8.253:31112/function/opt-66b-submod-0-latency-25.cdgp
1704042886496176443,1704042888683550611,200,http://172.169.8.253:31112/function/opt-66b-submod-0-latency-25.cdgp
1704042886496248332,1704042893849033689,200,http://172.169.8.253:31112/function/opt-66b-submod-0-latency-25.cdgp
1704042886496326359,1704042895819169681,500,http://172.169.8.253:31112/function/opt-66b-submod-0-latency-25.cdgp
1704042886496399947,1704042888751249442,200,http://172.169.8.253:31112/function/opt-66b-submod-0-latency-25.cdgp
1704042886496429778,1704042889172279299,200,http://172.169.8.253:31112/function/opt-66b-submod-0-latency-25.cdgp
1704042886496512933,1704042894532233263,500,http://172.169.8.253:31112/function/opt-66b-submod-0-latency-25.cdgp
1704042886496572536,1704042894560684541,500,http://172.169.8.253:31112/function/opt-66b-submod-0-latency-25.cdgp
1704042886496658227,1704042895701000975,500,http://172.169.8.253:31112/function/opt-66b-submod-0-latency-25.cdgp
1704042886895056261,1704042894593618665,200,http://172.169.8.253:31112/function/opt-66b-submod-0-latency-25.cdgp
1704042886895140056,1704042895878008707,500,http://172.169.8.253:31112/function/opt-66b-submod-0-latency-25.cdgp
1704042886895235692,1704042896001748414,500,http://172.169.8.253:31112/function/opt-66b-submod-0-latency-25.cdgp
1704042886895280761,1704042895100419353,200,http://172.169.8.253:31112/function/opt-66b-submod-0-latency-25.cdgp
1704042886895351237,1704042889782071065,200,http://172.169.8.253:31112/function/opt-66b-submod-0-latency-25.cdgp
1704042886895466063,1704042896141675786,500,http://172.169.8.253:31112/function/opt-66b-submod-0-latency-25.cdgp
1704042886895529925,1704042895991784837,500,http://172.169.8.253:31112/function/opt-66b-submod-0-latency-25.cdgp
1704042886895564390,1704042896096015521,500,http://172.169.8.253:31112/function/opt-66b-submod-0-latency-25.cdgp
1704042886895652301,1704042896087462833,500,http://172.169.8.253:31112/function/opt-66b-submod-0-latency-25.cdgp
1704042886895726699,1704042894580456839,200,http://172.169.8.253:31112/function/opt-66b-submod-0-latency-25.cdgp
1704042886895819320,1704042895942703366,500,http://172.169.8.253:31112/function/opt-66b-submod-0-latency-25.cdgp
1704042886895886170,1704042896101201464,500,http://172.169.8.253:31112/function/opt-66b-submod-0-latency-25.cdgp
1704042886895975053,1704042895044816325,200,http://172.169.8.253:31112/function/opt-66b-submod-0-latency-25.cdgp
1704042886896053669,1704042895020554961,200,http://172.169.8.253:31112/function/opt-66b-submod-0-latency-25.cdgp
1704042886896201137,1704042889626047187,200,http://172.169.8.253:31112/function/opt-66b-submod-0-latency-25.cdgp
1704042886896265996,1704042896104189979,500,http://172.169.8.253:31112/function/opt-66b-submod-0-latency-25.cdgp
1704042886896353275,1704042896150440624,500,http://172.169.8.253:31112/function/opt-66b-submod-0-latency-25.cdgp
1704042886896420121,1704042894969249506,500,http://172.169.8.253:31112/function/opt-66b-submod-0-latency-25.cdgp
1704042886896494681,1704042889644434836,200,http://172.169.8.253:31112/function/opt-66b-submod-0-latency-25.cdgp
1704042886896567124,1704042890111038037,200,http://172.169.8.253:31112/function/opt-66b-submod-0-latency-25.cdgp
1704042886896606778,1704042896512635282,500,http://172.169.8.253:31112/function/opt-66b-submod-0-latency-25.cdgp
1704042886896667281,1704042896473927319,500,http://172.169.8.253:31112/function/opt-66b-submod-0-latency-25.cdgp
1704042886896714715,1704042895646400607,500,http://172.169.8.253:31112/function/opt-66b-submod-0-latency-25.cdgp
1704042886896777285,1704042894203667087,200,http://172.169.8.253:31112/function/opt-66b-submod-0-latency-25.cdgp
1704042886896858625,1704042890092625683,200,http://172.169.8.253:31112/function/opt-66b-submod-0-latency-25.cdgp
1704042886896967678,1704042893964432739,200,http://172.169.8.253:31112/function/opt-66b-submod-0-latency-25.cdgp
1704042886897070199,1704042896160270722,500,http://172.169.8.253:31112/function/opt-66b-submod-0-latency-25.cdgp
1704042886897149568,1704042895712284396,500,http://172.169.8.253:31112/function/opt-66b-submod-0-latency-25.cdgp
1704042886897236217,1704042894969769023,200,http://172.169.8.253:31112/function/opt-66b-submod-0-latency-25.cdgp
1704042886897315951,1704042896496104761,500,http://172.169.8.253:31112/function/opt-66b-submod-0-latency-25.cdgp
1704042886898397987,1704042896242424915,500,http://172.169.8.253:31112/function/opt-66b-submod-0-latency-25.cdgp
1704042886898814013,1704042895513726252,500,http://172.169.8.253:31112/function/opt-66b-submod-0-latency-25.cdgp
1704042886898901780,1704042895061862399,200,http://172.169.8.253:31112/function/opt-66b-submod-0-latency-25.cdgp
1704042886968357457,1704042889624246164,200,http://172.169.8.253:31112/function/opt-66b-submod-0-latency-25.cdgp
1704042886968476728,1704042896261009113,500,http://172.169.8.253:31112/function/opt-66b-submod-0-latency-25.cdgp
1704042886968599562,1704042895184799104,200,http://172.169.8.253:31112/function/opt-66b-submod-0-latency-25.cdgp
1704042886968693493,1704042896268813634,500,http://172.169.8.253:31112/function/opt-66b-submod-0-latency-25.cdgp
1704042886968793221,1704042896234803713,500,http://172.169.8.253:31112/function/opt-66b-submod-0-latency-25.cdgp
1704042886968881066,1704042889556486442,200,http://172.169.8.253:31112/function/opt-66b-submod-0-latency-25.cdgp
1704042886968948171,1704042895314572772,500,http://172.169.8.253:31112/function/opt-66b-submod-0-latency-25.cdgp
1704042886969011273,1704042896274725645,500,http://172.169.8.253:31112/function/opt-66b-submod-0-latency-25.cdgp
1704042886969036604,1704042896467196443,500,http://172.169.8.253:31112/function/opt-66b-submod-0-latency-25.cdgp
1704042886969128591,1704042896188682164,500,http://172.169.8.253:31112/function/opt-66b-submod-0-latency-25.cdgp
1704042886969194840,1704042896494351302,500,http://172.169.8.253:31112/function/opt-66b-submod-0-latency-25.cdgp
1704042886969257647,1704042895710491265,500,http://172.169.8.253:31112/function/opt-66b-submod-0-latency-25.cdgp
1704042886969298053,1704042896492021272,500,http://172.169.8.253:31112/function/opt-66b-submod-0-latency-25.cdgp
1704042886969395889,1704042896497851913,500,http://172.169.8.253:31112/function/opt-66b-submod-0-latency-25.cdgp
1704042886969457935,1704042896514239479,500,http://172.169.8.253:31112/function/opt-66b-submod-0-latency-25.cdgp
1704042886969485732,1704042895090419585,200,http://172.169.8.253:31112/function/opt-66b-submod-0-latency-25.cdgp
1704042886969562424,1704042896205278534,500,http://172.169.8.253:31112/function/opt-66b-submod-0-latency-25.cdgp
1704042886969647965,1704042896240754816,500,http://172.169.8.253:31112/function/opt-66b-submod-0-latency-25.cdgp
1704042886969687238,1704042896172521228,500,http://172.169.8.253:31112/function/opt-66b-submod-0-latency-25.cdgp
1704042886969759908,1704042896470926654,500,http://172.169.8.253:31112/function/opt-66b-submod-0-latency-25.cdgp
1704042886969811378,1704042896272517818,500,http://172.169.8.253:31112/function/opt-66b-submod-0-latency-25.cdgp
1704042886969894181,1704042896262443119,500,http://172.169.8.253:31112/function/opt-66b-submod-0-latency-25.cdgp
1704042886969982357,1704042889371988196,200,http://172.169.8.253:31112/function/opt-66b-submod-0-latency-25.cdgp
1704042886970051606,1704042890020590337,200,http://172.169.8.253:31112/function/opt-66b-submod-0-latency-25.cdgp
1704042886970133753,1704042895796667071,500,http://172.169.8.253:31112/function/opt-66b-submod-0-latency-25.cdgp
1704042886970157910,1704042894171693554,200,http://172.169.8.253:31112/function/opt-66b-submod-0-latency-25.cdgp
1704042887595816494,1704042896512258329,500,http://172.169.8.253:31112/function/opt-66b-submod-0-latency-25.cdgp
1704042887595928104,1704042896559556876,500,http://172.169.8.253:31112/function/opt-66b-submod-0-latency-25.cdgp
1704042887595999670,1704042895332620177,200,http://172.169.8.253:31112/function/opt-66b-submod-0-latency-25.cdgp
1704042887596079172,1704042896535807399,500,http://172.169.8.253:31112/function/opt-66b-submod-0-latency-25.cdgp
1704042887596184352,1704042890162696655,200,http://172.169.8.253:31112/function/opt-66b-submod-0-latency-25.cdgp
1704042887735463462,1704042896828647679,500,http://172.169.8.253:31112/function/opt-66b-submod-0-latency-25.cdgp
1704042887735513394,1704042896841108153,500,http://172.169.8.253:31112/function/opt-66b-submod-0-latency-25.cdgp
1704042887735620575,1704042896702749019,500,http://172.169.8.253:31112/function/opt-66b-submod-0-latency-25.cdgp
1704042887735680682,1704042897233331954,500,http://172.169.8.253:31112/function/opt-66b-submod-0-latency-25.cdgp
1704042887735754611,1704042890089980332,200,http://172.169.8.253:31112/function/opt-66b-submod-0-latency-25.cdgp
1704042887735809031,1704042890171149167,200,http://172.169.8.253:31112/function/opt-66b-submod-0-latency-25.cdgp
1704042887735877145,1704042897040693769,500,http://172.169.8.253:31112/function/opt-66b-submod-0-latency-25.cdgp
1704042887737486569,1704042890214460134,200,http://172.169.8.253:31112/function/opt-66b-submod-0-latency-25.cdgp
1704042887737578308,1704042890131008908,200,http://172.169.8.253:31112/function/opt-66b-submod-0-latency-25.cdgp
1704042887737664754,1704042897137971681,500,http://172.169.8.253:31112/function/opt-66b-submod-0-latency-25.cdgp
1704042887737746066,1704042890212061154,200,http://172.169.8.253:31112/function/opt-66b-submod-0-latency-25.cdgp
1704042887737825538,1704042889791786469,200,http://172.169.8.253:31112/function/opt-66b-submod-0-latency-25.cdgp
1704042887737946558,1704042897190071598,500,http://172.169.8.253:31112/function/opt-66b-submod-0-latency-25.cdgp
1704042887738019220,1704042895013345671,200,http://172.169.8.253:31112/function/opt-66b-submod-0-latency-25.cdgp
1704042887738103263,1704042896187129512,500,http://172.169.8.253:31112/function/opt-66b-submod-0-latency-25.cdgp
1704042887738215210,1704042897188480349,500,http://172.169.8.253:31112/function/opt-66b-submod-0-latency-25.cdgp
1704042887738279237,1704042897184918680,500,http://172.169.8.253:31112/function/opt-66b-submod-0-latency-25.cdgp
1704042887738322193,1704042896164550014,500,http://172.169.8.253:31112/function/opt-66b-submod-0-latency-25.cdgp
1704042887738366403,1704042896059651749,200,http://172.169.8.253:31112/function/opt-66b-submod-0-latency-25.cdgp
1704042887738544827,1704042890048551382,200,http://172.169.8.253:31112/function/opt-66b-submod-0-latency-25.cdgp
1704042887738650055,1704042895016432677,200,http://172.169.8.253:31112/function/opt-66b-submod-0-latency-25.cdgp
1704042887738731183,1704042897226795389,500,http://172.169.8.253:31112/function/opt-66b-submod-0-latency-25.cdgp
1704042887738824216,1704042896933695367,500,http://172.169.8.253:31112/function/opt-66b-submod-0-latency-25.cdgp
1704042887738882705,1704042896921693098,500,http://172.169.8.253:31112/function/opt-66b-submod-0-latency-25.cdgp
1704042887738956380,1704042897048617526,500,http://172.169.8.253:31112/function/opt-66b-submod-0-latency-25.cdgp
1704042887738999438,1704042896094223230,500,http://172.169.8.253:31112/function/opt-66b-submod-0-latency-25.cdgp
1704042887739076047,1704042895019223110,200,http://172.169.8.253:31112/function/opt-66b-submod-0-latency-25.cdgp
1704042887739153617,1704042895053260676,200,http://172.169.8.253:31112/function/opt-66b-submod-0-latency-25.cdgp
1704042887739230387,1704042897034132146,500,http://172.169.8.253:31112/function/opt-66b-submod-0-latency-25.cdgp
1704042887739354935,1704042897186533260,500,http://172.169.8.253:31112/function/opt-66b-submod-0-latency-25.cdgp
1704042887739443740,1704042897042558803,500,http://172.169.8.253:31112/function/opt-66b-submod-0-latency-25.cdgp
1704042887739509859,1704042889556206644,200,http://172.169.8.253:31112/function/opt-66b-submod-0-latency-25.cdgp
1704042887739546613,1704042895758399361,200,http://172.169.8.253:31112/function/opt-66b-submod-0-latency-25.cdgp
1704042888410528740,1704042890054010774,200,http://172.169.8.253:31112/function/opt-66b-submod-0-latency-25.cdgp
1704042888410627691,1704042896303821844,500,http://172.169.8.253:31112/function/opt-66b-submod-0-latency-25.cdgp
1704042888410750544,1704042897459059802,500,http://172.169.8.253:31112/function/opt-66b-submod-0-latency-25.cdgp
1704042888410843764,1704042895798836939,200,http://172.169.8.253:31112/function/opt-66b-submod-0-latency-25.cdgp
1704042888410927578,1704042897462940575,500,http://172.169.8.253:31112/function/opt-66b-submod-0-latency-25.cdgp
1704042888411020670,1704042896109453828,200,http://172.169.8.253:31112/function/opt-66b-submod-0-latency-25.cdgp
1704042888411098485,1704042897461258070,500,http://172.169.8.253:31112/function/opt-66b-submod-0-latency-25.cdgp
1704042888411177831,1704042896444032251,500,http://172.169.8.253:31112/function/opt-66b-submod-0-latency-25.cdgp
1704042888411234204,1704042889783956846,200,http://172.169.8.253:31112/function/opt-66b-submod-0-latency-25.cdgp
1704042888411276927,1704042894540057024,200,http://172.169.8.253:31112/function/opt-66b-submod-0-latency-25.cdgp
1704042888411376446,1704042896294775499,500,http://172.169.8.253:31112/function/opt-66b-submod-0-latency-25.cdgp
1704042888411476219,1704042895055188742,200,http://172.169.8.253:31112/function/opt-66b-submod-0-latency-25.cdgp
1704042888922232685,1704042897887946357,500,http://172.169.8.253:31112/function/opt-66b-submod-0-latency-25.cdgp
1704042888923147927,1704042898012871376,500,http://172.169.8.253:31112/function/opt-66b-submod-0-latency-25.cdgp
1704042888923255063,1704042897935267909,500,http://172.169.8.253:31112/function/opt-66b-submod-0-latency-25.cdgp
1704042888923323601,1704042898192242771,500,http://172.169.8.253:31112/function/opt-66b-submod-0-latency-25.cdgp
1704042888923398281,1704042890531719647,200,http://172.169.8.253:31112/function/opt-66b-submod-0-latency-25.cdgp
1704042888923462752,1704042897959819636,500,http://172.169.8.253:31112/function/opt-66b-submod-0-latency-25.cdgp
1704042888923501617,1704042897912091280,500,http://172.169.8.253:31112/function/opt-66b-submod-0-latency-25.cdgp
1704042888923590431,1704042898145867676,500,http://172.169.8.253:31112/function/opt-66b-submod-0-latency-25.cdgp
1704042888923625746,1704042890740932857,200,http://172.169.8.253:31112/function/opt-66b-submod-0-latency-25.cdgp
1704042888923699949,1704042890602120036,200,http://172.169.8.253:31112/function/opt-66b-submod-0-latency-25.cdgp
1704042888923813338,1704042890511828522,200,http://172.169.8.253:31112/function/opt-66b-submod-0-latency-25.cdgp
1704042888923869376,1704042890606902891,200,http://172.169.8.253:31112/function/opt-66b-submod-0-latency-25.cdgp
1704042888923954472,1704042898261685569,500,http://172.169.8.253:31112/function/opt-66b-submod-0-latency-25.cdgp
1704042888924044275,1704042898237051230,500,http://172.169.8.253:31112/function/opt-66b-submod-0-latency-25.cdgp
1704042888924167522,1704042890243992426,200,http://172.169.8.253:31112/function/opt-66b-submod-0-latency-25.cdgp
1704042888924297282,1704042898047662764,500,http://172.169.8.253:31112/function/opt-66b-submod-0-latency-25.cdgp
1704042888924361949,1704042898329830271,500,http://172.169.8.253:31112/function/opt-66b-submod-0-latency-25.cdgp
1704042888924420917,1704042896516907768,200,http://172.169.8.253:31112/function/opt-66b-submod-0-latency-25.cdgp
1704042888924497443,1704042898281699670,500,http://172.169.8.253:31112/function/opt-66b-submod-0-latency-25.cdgp
1704042888924597265,1704042898189608596,500,http://172.169.8.253:31112/function/opt-66b-submod-0-latency-25.cdgp
1704042888924650068,1704042890525560906,200,http://172.169.8.253:31112/function/opt-66b-submod-0-latency-25.cdgp
1704042888927096868,1704042898216458609,500,http://172.169.8.253:31112/function/opt-66b-submod-0-latency-25.cdgp
1704042888927183306,1704042898282782311,500,http://172.169.8.253:31112/function/opt-66b-submod-0-latency-25.cdgp
1704042888927268097,1704042890569612559,200,http://172.169.8.253:31112/function/opt-66b-submod-0-latency-25.cdgp
1704042888991791156,1704042898508136252,500,http://172.169.8.253:31112/function/opt-66b-submod-0-latency-25.cdgp
1704042888991923302,1704042891523007766,200,http://172.169.8.253:31112/function/opt-66b-submod-0-latency-25.cdgp
1704042888992016737,1704042898340160151,500,http://172.169.8.253:31112/function/opt-66b-submod-0-latency-25.cdgp
1704042888992091616,1704042891355810796,200,http://172.169.8.253:31112/function/opt-66b-submod-0-latency-25.cdgp
1704042888992139365,1704042898387561478,500,http://172.169.8.253:31112/function/opt-66b-submod-0-latency-25.cdgp
1704042888992235688,1704042898417791355,500,http://172.169.8.253:31112/function/opt-66b-submod-0-latency-25.cdgp
1704042888992336129,1704042896067565454,200,http://172.169.8.253:31112/function/opt-66b-submod-0-latency-25.cdgp
1704042888992410270,1704042896198660955,200,http://172.169.8.253:31112/function/opt-66b-submod-0-latency-25.cdgp
1704042888992475647,1704042891562956147,200,http://172.169.8.253:31112/function/opt-66b-submod-0-latency-25.cdgp
1704042888995821618,1704042896194490752,200,http://172.169.8.253:31112/function/opt-66b-submod-0-latency-25.cdgp
1704042888995893041,1704042894966944723,200,http://172.169.8.253:31112/function/opt-66b-submod-0-latency-25.cdgp
1704042888995933768,1704042895111630133,200,http://172.169.8.253:31112/function/opt-66b-submod-0-latency-25.cdgp
1704042888996006512,1704042898237034159,500,http://172.169.8.253:31112/function/opt-66b-submod-0-latency-25.cdgp
1704042888996079945,1704042898331525618,500,http://172.169.8.253:31112/function/opt-66b-submod-0-latency-25.cdgp
1704042888996119685,1704042896280412622,200,http://172.169.8.253:31112/function/opt-66b-submod-0-latency-25.cdgp
1704042888996203500,1704042892231848030,200,http://172.169.8.253:31112/function/opt-66b-submod-0-latency-25.cdgp
1704042888996249035,1704042898233714228,500,http://172.169.8.253:31112/function/opt-66b-submod-0-latency-25.cdgp
1704042888996314841,1704042891168277487,200,http://172.169.8.253:31112/function/opt-66b-submod-0-latency-25.cdgp
1704042888996425459,1704042891866233590,200,http://172.169.8.253:31112/function/opt-66b-submod-0-latency-25.cdgp
1704042888996508865,1704042898328097422,500,http://172.169.8.253:31112/function/opt-66b-submod-0-latency-25.cdgp
1704042889072518634,1704042898688010773,500,http://172.169.8.253:31112/function/opt-66b-submod-0-latency-25.cdgp
1704042889072641085,1704042891987201725,200,http://172.169.8.253:31112/function/opt-66b-submod-0-latency-25.cdgp
1704042889072729139,1704042898606560664,500,http://172.169.8.253:31112/function/opt-66b-submod-0-latency-25.cdgp
1704042889072848994,1704042898593250584,500,http://172.169.8.253:31112/function/opt-66b-submod-0-latency-25.cdgp
1704042889072905546,1704042898825037405,500,http://172.169.8.253:31112/function/opt-66b-submod-0-latency-25.cdgp
1704042889072997242,1704042898792799241,500,http://172.169.8.253:31112/function/opt-66b-submod-0-latency-25.cdgp
1704042889073078537,1704042898651622746,500,http://172.169.8.253:31112/function/opt-66b-submod-0-latency-25.cdgp
1704042889073144572,1704042894540067958,200,http://172.169.8.253:31112/function/opt-66b-submod-0-latency-25.cdgp
1704042889073179949,1704042898495843575,500,http://172.169.8.253:31112/function/opt-66b-submod-0-latency-25.cdgp
1704042889073245032,1704042898786015157,500,http://172.169.8.253:31112/function/opt-66b-submod-0-latency-25.cdgp
1704042889073329381,1704042898437230631,500,http://172.169.8.253:31112/function/opt-66b-submod-0-latency-25.cdgp
1704042889073368742,1704042898592217666,500,http://172.169.8.253:31112/function/opt-66b-submod-0-latency-25.cdgp
1704042889073445868,1704042898595155286,500,http://172.169.8.253:31112/function/opt-66b-submod-0-latency-25.cdgp
1704042889073480282,1704042894969952694,200,http://172.169.8.253:31112/function/opt-66b-submod-0-latency-25.cdgp
1704042889116220412,1704042891356444772,200,http://172.169.8.253:31112/function/opt-66b-submod-0-latency-25.cdgp
1704042889116277081,1704042898599463510,500,http://172.169.8.253:31112/function/opt-66b-submod-0-latency-25.cdgp
1704042889116380859,1704042898597688102,500,http://172.169.8.253:31112/function/opt-66b-submod-0-latency-25.cdgp
1704042889116449230,1704042891526684521,200,http://172.169.8.253:31112/function/opt-66b-submod-0-latency-25.cdgp
1704042889116523264,1704042891602237753,200,http://172.169.8.253:31112/function/opt-66b-submod-0-latency-25.cdgp
1704042889116620401,1704042896065422400,200,http://172.169.8.253:31112/function/opt-66b-submod-0-latency-25.cdgp
1704042889116744299,1704042891646740768,200,http://172.169.8.253:31112/function/opt-66b-submod-0-latency-25.cdgp
1704042889116853615,1704042898646961303,500,http://172.169.8.253:31112/function/opt-66b-submod-0-latency-25.cdgp
1704042889116918106,1704042898787691288,500,http://172.169.8.253:31112/function/opt-66b-submod-0-latency-25.cdgp
1704042889116999804,1704042898440243004,500,http://172.169.8.253:31112/function/opt-66b-submod-0-latency-25.cdgp
1704042889117060723,1704042898789705332,500,http://172.169.8.253:31112/function/opt-66b-submod-0-latency-25.cdgp
1704042889117129718,1704042891806269130,200,http://172.169.8.253:31112/function/opt-66b-submod-0-latency-25.cdgp
1704042889117140427,1704042898440949341,500,http://172.169.8.253:31112/function/opt-66b-submod-0-latency-25.cdgp
1704042889117279652,1704042898791405600,500,http://172.169.8.253:31112/function/opt-66b-submod-0-latency-25.cdgp
1704042889117343851,1704042896546609772,200,http://172.169.8.253:31112/function/opt-66b-submod-0-latency-25.cdgp
1704042889117366963,1704042898589577926,500,http://172.169.8.253:31112/function/opt-66b-submod-0-latency-25.cdgp
1704042889117427187,1704042891763940011,200,http://172.169.8.253:31112/function/opt-66b-submod-0-latency-25.cdgp
1704042893494139262,1704042896635084618,200,http://172.169.8.253:31112/function/opt-66b-submod-0-latency-25.cdgp
1704042893530270828,1704042901227849516,200,http://172.169.8.253:31112/function/opt-66b-submod-0-latency-25.cdgp
1704042893530384998,1704042902265826099,200,http://172.169.8.253:31112/function/opt-66b-submod-0-latency-25.cdgp
1704042893530453752,1704042895027740187,200,http://172.169.8.253:31112/function/opt-66b-submod-0-latency-25.cdgp
1704042893530558648,1704042896806795427,200,http://172.169.8.253:31112/function/opt-66b-submod-0-latency-25.cdgp
1704042893530620415,1704042895082591715,200,http://172.169.8.253:31112/function/opt-66b-submod-0-latency-25.cdgp
1704042893530732633,1704042896917796828,200,http://172.169.8.253:31112/function/opt-66b-submod-0-latency-25.cdgp
1704042893530793989,1704042901576958902,200,http://172.169.8.253:31112/function/opt-66b-submod-0-latency-25.cdgp
1704042893530857543,1704042901842622093,200,http://172.169.8.253:31112/function/opt-66b-submod-0-latency-25.cdgp
1704042893530927351,1704042902640095265,500,http://172.169.8.253:31112/function/opt-66b-submod-0-latency-25.cdgp
1704042893530971075,1704042901328817013,200,http://172.169.8.253:31112/function/opt-66b-submod-0-latency-25.cdgp
1704042893531034123,1704042896472407733,200,http://172.169.8.253:31112/function/opt-66b-submod-0-latency-25.cdgp
1704042893531095382,1704042894731411702,200,http://172.169.8.253:31112/function/opt-66b-submod-0-latency-25.cdgp
1704042893537350161,1704042896506843210,200,http://172.169.8.253:31112/function/opt-66b-submod-0-latency-25.cdgp
1704042893537430695,1704042901727027381,200,http://172.169.8.253:31112/function/opt-66b-submod-0-latency-25.cdgp
1704042893537500052,1704042901531497117,200,http://172.169.8.253:31112/function/opt-66b-submod-0-latency-25.cdgp
1704042893537581049,1704042901565275822,200,http://172.169.8.253:31112/function/opt-66b-submod-0-latency-25.cdgp
1704042893537662024,1704042901764935398,200,http://172.169.8.253:31112/function/opt-66b-submod-0-latency-25.cdgp
1704042893555093163,1704042895094108434,200,http://172.169.8.253:31112/function/opt-66b-submod-0-latency-25.cdgp
1704042893555172873,1704042901656552592,200,http://172.169.8.253:31112/function/opt-66b-submod-0-latency-25.cdgp
1704042893555700430,1704042896838215276,200,http://172.169.8.253:31112/function/opt-66b-submod-0-latency-25.cdgp
1704042893555768294,1704042896540932091,200,http://172.169.8.253:31112/function/opt-66b-submod-0-latency-25.cdgp
1704042893555837934,1704042901478945577,200,http://172.169.8.253:31112/function/opt-66b-submod-0-latency-25.cdgp
1704042893555945444,1704042901386653538,200,http://172.169.8.253:31112/function/opt-66b-submod-0-latency-25.cdgp
1704042893556027257,1704042901009587036,200,http://172.169.8.253:31112/function/opt-66b-submod-0-latency-25.cdgp
1704042893740256104,1704042902834041394,200,http://172.169.8.253:31112/function/opt-66b-submod-0-latency-25.cdgp
1704042893740347850,1704042896875460044,200,http://172.169.8.253:31112/function/opt-66b-submod-0-latency-25.cdgp
1704042893740434139,1704042902881621782,500,http://172.169.8.253:31112/function/opt-66b-submod-0-latency-25.cdgp
1704042893740522046,1704042902091482321,200,http://172.169.8.253:31112/function/opt-66b-submod-0-latency-25.cdgp
1704042893740614854,1704042896679367930,200,http://172.169.8.253:31112/function/opt-66b-submod-0-latency-25.cdgp
1704042893740988358,1704042901993428995,200,http://172.169.8.253:31112/function/opt-66b-submod-0-latency-25.cdgp
1704042893741083666,1704042902093076538,200,http://172.169.8.253:31112/function/opt-66b-submod-0-latency-25.cdgp
1704042893741158740,1704042896720669447,200,http://172.169.8.253:31112/function/opt-66b-submod-0-latency-25.cdgp
1704042893741204645,1704042896663388270,200,http://172.169.8.253:31112/function/opt-66b-submod-0-latency-25.cdgp
1704042893741273708,1704042896852446725,200,http://172.169.8.253:31112/function/opt-66b-submod-0-latency-25.cdgp
1704042893741333087,1704042901468507201,200,http://172.169.8.253:31112/function/opt-66b-submod-0-latency-25.cdgp
1704042893741417742,1704042896942558198,200,http://172.169.8.253:31112/function/opt-66b-submod-0-latency-25.cdgp
1704042893741503800,1704042896817714260,200,http://172.169.8.253:31112/function/opt-66b-submod-0-latency-25.cdgp
1704042893746699488,1704042902323083430,200,http://172.169.8.253:31112/function/opt-66b-submod-0-latency-25.cdgp
1704042893746794148,1704042896600924760,200,http://172.169.8.253:31112/function/opt-66b-submod-0-latency-25.cdgp
1704042893746873483,1704042896955781707,200,http://172.169.8.253:31112/function/opt-66b-submod-0-latency-25.cdgp
1704042893746956571,1704042903004992190,500,http://172.169.8.253:31112/function/opt-66b-submod-0-latency-25.cdgp
1704042893985413834,1704042895592055738,200,http://172.169.8.253:31112/function/opt-66b-submod-0-latency-25.cdgp
1704042893985498629,1704042895484302739,200,http://172.169.8.253:31112/function/opt-66b-submod-0-latency-25.cdgp
1704042893985560509,1704042903205807768,500,http://172.169.8.253:31112/function/opt-66b-submod-0-latency-25.cdgp
1704042893985641006,1704042896420749317,200,http://172.169.8.253:31112/function/opt-66b-submod-0-latency-25.cdgp
1704042893985702288,1704042896415893436,200,http://172.169.8.253:31112/function/opt-66b-submod-0-latency-25.cdgp
1704042894036986385,1704042901185024356,200,http://172.169.8.253:31112/function/opt-66b-submod-0-latency-25.cdgp
1704042894037072077,1704042902021365477,200,http://172.169.8.253:31112/function/opt-66b-submod-0-latency-25.cdgp
1704042894037175574,1704042896683524974,200,http://172.169.8.253:31112/function/opt-66b-submod-0-latency-25.cdgp
1704042894037227421,1704042897101614763,200,http://172.169.8.253:31112/function/opt-66b-submod-0-latency-25.cdgp
1704042894037324097,1704042901913585908,200,http://172.169.8.253:31112/function/opt-66b-submod-0-latency-25.cdgp
1704042894037426772,1704042902099771467,200,http://172.169.8.253:31112/function/opt-66b-submod-0-latency-25.cdgp
1704042894037494318,1704042902252186338,200,http://172.169.8.253:31112/function/opt-66b-submod-0-latency-25.cdgp
1704042894047305808,1704042896911460096,200,http://172.169.8.253:31112/function/opt-66b-submod-0-latency-25.cdgp
1704042894047401419,1704042896509536262,200,http://172.169.8.253:31112/function/opt-66b-submod-0-latency-25.cdgp
1704042894047495295,1704042902640647227,200,http://172.169.8.253:31112/function/opt-66b-submod-0-latency-25.cdgp
1704042894047592158,1704042902832941683,200,http://172.169.8.253:31112/function/opt-66b-submod-0-latency-25.cdgp
1704042894050519959,1704042895314495962,200,http://172.169.8.253:31112/function/opt-66b-submod-0-latency-25.cdgp
1704042894535937609,1704042897223670977,200,http://172.169.8.253:31112/function/opt-66b-submod-0-latency-25.cdgp
1704042894536021544,1704042903423760003,200,http://172.169.8.253:31112/function/opt-66b-submod-0-latency-25.cdgp
1704042894947687682,1704042901809277839,200,http://172.169.8.253:31112/function/opt-66b-submod-0-latency-25.cdgp
1704042894947886596,1704042901808985477,200,http://172.169.8.253:31112/function/opt-66b-submod-0-latency-25.cdgp
1704042894948033341,1704042903383323767,200,http://172.169.8.253:31112/function/opt-66b-submod-0-latency-25.cdgp
1704042895166850687,1704042901727177138,200,http://172.169.8.253:31112/function/opt-66b-submod-0-latency-25.cdgp
1704042895166955200,1704042897143571519,200,http://172.169.8.253:31112/function/opt-66b-submod-0-latency-25.cdgp
1704042895167048070,1704042902092831595,200,http://172.169.8.253:31112/function/opt-66b-submod-0-latency-25.cdgp
1704042895167149593,1704042897424966484,200,http://172.169.8.253:31112/function/opt-66b-submod-0-latency-25.cdgp
1704042895167217232,1704042897508854577,200,http://172.169.8.253:31112/function/opt-66b-submod-0-latency-25.cdgp
1704042895176167215,1704042902363880606,200,http://172.169.8.253:31112/function/opt-66b-submod-0-latency-25.cdgp
1704042895176284505,1704042896476399306,200,http://172.169.8.253:31112/function/opt-66b-submod-0-latency-25.cdgp
1704042895176413660,1704042902135874555,200,http://172.169.8.253:31112/function/opt-66b-submod-0-latency-25.cdgp
1704042895186148166,1704042897248497505,200,http://172.169.8.253:31112/function/opt-66b-submod-0-latency-25.cdgp
1704042895186213542,1704042902111832739,200,http://172.169.8.253:31112/function/opt-66b-submod-0-latency-25.cdgp
1704042895186285532,1704042901591235381,200,http://172.169.8.253:31112/function/opt-66b-submod-0-latency-25.cdgp
1704042895186364445,1704042901325861709,200,http://172.169.8.253:31112/function/opt-66b-submod-0-latency-25.cdgp
1704042895186432445,1704042901891808019,200,http://172.169.8.253:31112/function/opt-66b-submod-0-latency-25.cdgp
1704042895186494594,1704042897279138548,200,http://172.169.8.253:31112/function/opt-66b-submod-0-latency-25.cdgp
1704042895186531661,1704042896841878415,200,http://172.169.8.253:31112/function/opt-66b-submod-0-latency-25.cdgp
1704042895186615723,1704042901768760159,200,http://172.169.8.253:31112/function/opt-66b-submod-0-latency-25.cdgp
1704042895186657453,1704042903199246759,200,http://172.169.8.253:31112/function/opt-66b-submod-0-latency-25.cdgp
1704042895194889586,1704042897388981780,200,http://172.169.8.253:31112/function/opt-66b-submod-0-latency-25.cdgp
1704042895194986686,1704042897378195102,200,http://172.169.8.253:31112/function/opt-66b-submod-0-latency-25.cdgp
1704042895195062599,1704042897499990258,200,http://172.169.8.253:31112/function/opt-66b-submod-0-latency-25.cdgp
1704042895195122650,1704042896594633541,200,http://172.169.8.253:31112/function/opt-66b-submod-0-latency-25.cdgp
1704042895195201844,1704042902598220026,200,http://172.169.8.253:31112/function/opt-66b-submod-0-latency-25.cdgp
1704042895195270672,1704042897500568506,200,http://172.169.8.253:31112/function/opt-66b-submod-0-latency-25.cdgp
1704042895195355389,1704042897124365481,200,http://172.169.8.253:31112/function/opt-66b-submod-0-latency-25.cdgp
1704042895195435677,1704042903199141765,200,http://172.169.8.253:31112/function/opt-66b-submod-0-latency-25.cdgp
1704042895195548898,1704042902597339913,200,http://172.169.8.253:31112/function/opt-66b-submod-0-latency-25.cdgp
1704042895195611530,1704042902186682971,200,http://172.169.8.253:31112/function/opt-66b-submod-0-latency-25.cdgp
1704042900542352680,1704042902557906769,200,http://172.169.8.253:31112/function/opt-66b-submod-0-latency-25.cdgp
1704042900542487867,1704042902732846083,200,http://172.169.8.253:31112/function/opt-66b-submod-0-latency-25.cdgp
1704042900542607268,1704042903279377836,200,http://172.169.8.253:31112/function/opt-66b-submod-0-latency-25.cdgp
1704042900542671462,1704042902324503316,200,http://172.169.8.253:31112/function/opt-66b-submod-0-latency-25.cdgp
1704042900542706045,1704042903276562348,200,http://172.169.8.253:31112/function/opt-66b-submod-0-latency-25.cdgp
1704042900801431000,1704042903349474334,200,http://172.169.8.253:31112/function/opt-66b-submod-0-latency-25.cdgp
1704042900802043102,1704042902790237578,200,http://172.169.8.253:31112/function/opt-66b-submod-0-latency-25.cdgp
1704042900802117073,1704042903401205217,200,http://172.169.8.253:31112/function/opt-66b-submod-0-latency-25.cdgp
1704042900802170313,1704042902557975311,200,http://172.169.8.253:31112/function/opt-66b-submod-0-latency-25.cdgp
1704042900802245674,1704042902790530867,200,http://172.169.8.253:31112/function/opt-66b-submod-0-latency-25.cdgp
1704042900802370838,1704042902968179197,200,http://172.169.8.253:31112/function/opt-66b-submod-0-latency-25.cdgp
1704042900802485419,1704042902406533543,200,http://172.169.8.253:31112/function/opt-66b-submod-0-latency-25.cdgp
1704042900802578576,1704042902322925314,200,http://172.169.8.253:31112/function/opt-66b-submod-0-latency-25.cdgp
1704042900802665123,1704042902508100256,200,http://172.169.8.253:31112/function/opt-66b-submod-0-latency-25.cdgp
1704042900802752896,1704042902209745892,200,http://172.169.8.253:31112/function/opt-66b-submod-0-latency-25.cdgp
1704042900802815132,1704042902593332330,200,http://172.169.8.253:31112/function/opt-66b-submod-0-latency-25.cdgp
1704042900802907747,1704042902406993851,200,http://172.169.8.253:31112/function/opt-66b-submod-0-latency-25.cdgp
1704042900802961589,1704042903239610158,200,http://172.169.8.253:31112/function/opt-66b-submod-0-latency-25.cdgp
1704042900803022774,1704042902979399404,200,http://172.169.8.253:31112/function/opt-66b-submod-0-latency-25.cdgp
1704042900803132385,1704042902745767732,200,http://172.169.8.253:31112/function/opt-66b-submod-0-latency-25.cdgp
1704042900803210772,1704042903200904270,200,http://172.169.8.253:31112/function/opt-66b-submod-0-latency-25.cdgp
1704042901447035692,1704042903347482565,200,http://172.169.8.253:31112/function/opt-66b-submod-0-latency-25.cdgp
1704042901447138154,1704042903239511164,200,http://172.169.8.253:31112/function/opt-66b-submod-0-latency-25.cdgp
1704042901447281496,1704042902975914925,200,http://172.169.8.253:31112/function/opt-66b-submod-0-latency-25.cdgp
1704042901447350415,1704042902980120100,200,http://172.169.8.253:31112/function/opt-66b-submod-0-latency-25.cdgp
1704042901447424778,1704042902626208923,200,http://172.169.8.253:31112/function/opt-66b-submod-0-latency-25.cdgp
1704042901447469308,1704042903555601052,200,http://172.169.8.253:31112/function/opt-66b-submod-0-latency-25.cdgp
1704042901914373539,1704042903507709415,200,http://172.169.8.253:31112/function/opt-66b-submod-0-latency-25.cdgp
1704042901914497533,1704042904178186060,200,http://172.169.8.253:31112/function/opt-66b-submod-0-latency-25.cdgp
1704042901914596202,1704042904030923340,200,http://172.169.8.253:31112/function/opt-66b-submod-0-latency-25.cdgp
1704042901914685379,1704042903828395247,200,http://172.169.8.253:31112/function/opt-66b-submod-0-latency-25.cdgp
1704042901914757935,1704042903667070048,200,http://172.169.8.253:31112/function/opt-66b-submod-0-latency-25.cdgp
1704042901914803288,1704042904952119498,200,http://172.169.8.253:31112/function/opt-66b-submod-0-latency-25.cdgp
1704042901914889666,1704042903981328523,200,http://172.169.8.253:31112/function/opt-66b-submod-0-latency-25.cdgp
1704042901914940280,1704042903768146439,200,http://172.169.8.253:31112/function/opt-66b-submod-0-latency-25.cdgp
1704042901915024882,1704042903730995501,200,http://172.169.8.253:31112/function/opt-66b-submod-0-latency-25.cdgp
1704042901915065488,1704042903783434781,200,http://172.169.8.253:31112/function/opt-66b-submod-0-latency-25.cdgp
1704042901915142243,1704042903782872599,200,http://172.169.8.253:31112/function/opt-66b-submod-0-latency-25.cdgp
1704042901915203247,1704042903512556049,200,http://172.169.8.253:31112/function/opt-66b-submod-0-latency-25.cdgp
1704042901915301294,1704042903916059502,200,http://172.169.8.253:31112/function/opt-66b-submod-0-latency-25.cdgp
1704042901915406920,1704042904117182982,200,http://172.169.8.253:31112/function/opt-66b-submod-0-latency-25.cdgp
1704042901915435456,1704042904987786206,200,http://172.169.8.253:31112/function/opt-66b-submod-0-latency-25.cdgp
1704042901915524560,1704042904135459397,200,http://172.169.8.253:31112/function/opt-66b-submod-0-latency-25.cdgp
1704042901915601122,1704042904140390368,200,http://172.169.8.253:31112/function/opt-66b-submod-0-latency-25.cdgp
1704042901915635039,1704042904117324670,200,http://172.169.8.253:31112/function/opt-66b-submod-0-latency-25.cdgp
1704042901915707184,1704042903167853329,200,http://172.169.8.253:31112/function/opt-66b-submod-0-latency-25.cdgp
1704042901915765489,1704042904989924385,200,http://172.169.8.253:31112/function/opt-66b-submod-0-latency-25.cdgp
1704042901915881319,1704042903468070618,200,http://172.169.8.253:31112/function/opt-66b-submod-0-latency-25.cdgp
1704042902371492332,1704042904167817531,200,http://172.169.8.253:31112/function/opt-66b-submod-0-latency-25.cdgp
1704042902371603090,1704042904988460936,200,http://172.169.8.253:31112/function/opt-66b-submod-0-latency-25.cdgp
1704042902371681909,1704042903883934290,200,http://172.169.8.253:31112/function/opt-66b-submod-0-latency-25.cdgp
1704042902373254581,1704042905025855341,200,http://172.169.8.253:31112/function/opt-66b-submod-0-latency-25.cdgp
1704042902373593934,1704042904912155585,200,http://172.169.8.253:31112/function/opt-66b-submod-0-latency-25.cdgp
1704042902373693703,1704042904917525597,200,http://172.169.8.253:31112/function/opt-66b-submod-0-latency-25.cdgp
1704042902373817445,1704042905409627627,200,http://172.169.8.253:31112/function/opt-66b-submod-0-latency-25.cdgp
1704042902373872660,1704042904029223427,200,http://172.169.8.253:31112/function/opt-66b-submod-0-latency-25.cdgp
1704042902373944315,1704042904592125190,200,http://172.169.8.253:31112/function/opt-66b-submod-0-latency-25.cdgp
1704042902373974653,1704042904518552901,200,http://172.169.8.253:31112/function/opt-66b-submod-0-latency-25.cdgp
1704042902374055151,1704042904982206622,200,http://172.169.8.253:31112/function/opt-66b-submod-0-latency-25.cdgp
1704042902374123069,1704042905447997822,200,http://172.169.8.253:31112/function/opt-66b-submod-0-latency-25.cdgp
1704042902374154986,1704042904469792351,200,http://172.169.8.253:31112/function/opt-66b-submod-0-latency-25.cdgp
1704042902374213784,1704042904981579916,200,http://172.169.8.253:31112/function/opt-66b-submod-0-latency-25.cdgp
1704042902374281106,1704042904990204052,200,http://172.169.8.253:31112/function/opt-66b-submod-0-latency-25.cdgp
1704042902399689967,1704042904469822683,200,http://172.169.8.253:31112/function/opt-66b-submod-0-latency-25.cdgp
1704042902399768962,1704042904032580510,200,http://172.169.8.253:31112/function/opt-66b-submod-0-latency-25.cdgp
1704042902399868590,1704042904517773878,200,http://172.169.8.253:31112/function/opt-66b-submod-0-latency-25.cdgp
1704042903253003677,1704042905244394515,200,http://172.169.8.253:31112/function/opt-66b-submod-0-latency-25.cdgp
1704042903253093313,1704042904859893683,200,http://172.169.8.253:31112/function/opt-66b-submod-0-latency-25.cdgp
1704042903253222844,1704042905826101695,200,http://172.169.8.253:31112/function/opt-66b-submod-0-latency-25.cdgp
1704042903253337726,1704042905199704415,200,http://172.169.8.253:31112/function/opt-66b-submod-0-latency-25.cdgp
1704042903253409883,1704042905450199144,200,http://172.169.8.253:31112/function/opt-66b-submod-0-latency-25.cdgp
1704042903253493909,1704042905549449102,200,http://172.169.8.253:31112/function/opt-66b-submod-0-latency-25.cdgp
1704042903253613576,1704042905291126762,200,http://172.169.8.253:31112/function/opt-66b-submod-0-latency-25.cdgp
1704042903253682115,1704042906138753266,200,http://172.169.8.253:31112/function/opt-66b-submod-0-latency-25.cdgp
1704042903253745957,1704042905078325590,200,http://172.169.8.253:31112/function/opt-66b-submod-0-latency-25.cdgp
1704042903253817937,1704042904819118434,200,http://172.169.8.253:31112/function/opt-66b-submod-0-latency-25.cdgp
1704042903253862107,1704042905455776042,200,http://172.169.8.253:31112/function/opt-66b-submod-0-latency-25.cdgp
1704042903253929121,1704042905028242411,200,http://172.169.8.253:31112/function/opt-66b-submod-0-latency-25.cdgp
1704042903253996681,1704042905830660279,200,http://172.169.8.253:31112/function/opt-66b-submod-0-latency-25.cdgp
1704042903254082799,1704042905068341120,200,http://172.169.8.253:31112/function/opt-66b-submod-0-latency-25.cdgp
1704042903254149353,1704042906140665932,200,http://172.169.8.253:31112/function/opt-66b-submod-0-latency-25.cdgp
1704042903254191101,1704042905407957584,200,http://172.169.8.253:31112/function/opt-66b-submod-0-latency-25.cdgp
1704042903254261087,1704042905872548167,200,http://172.169.8.253:31112/function/opt-66b-submod-0-latency-25.cdgp
1704042903254340291,1704042906143836640,200,http://172.169.8.253:31112/function/opt-66b-submod-0-latency-25.cdgp
1704042903254370375,1704042906041225569,200,http://172.169.8.253:31112/function/opt-66b-submod-0-latency-25.cdgp
1704042903256522518,1704042906263709838,200,http://172.169.8.253:31112/function/opt-66b-submod-0-latency-25.cdgp
1704042903256620044,1704042905871252225,200,http://172.169.8.253:31112/function/opt-66b-submod-0-latency-25.cdgp
1704042903256699390,1704042906261382975,200,http://172.169.8.253:31112/function/opt-66b-submod-0-latency-25.cdgp
1704042903286093911,1704042906264684432,200,http://172.169.8.253:31112/function/opt-66b-submod-0-latency-25.cdgp
1704042903286196106,1704042905413328124,200,http://172.169.8.253:31112/function/opt-66b-submod-0-latency-25.cdgp
1704042903286332817,1704042906196196557,200,http://172.169.8.253:31112/function/opt-66b-submod-0-latency-25.cdgp
1704042903570004910,1704042905455819341,200,http://172.169.8.253:31112/function/opt-66b-submod-0-latency-25.cdgp
1704042903570095672,1704042905079379828,200,http://172.169.8.253:31112/function/opt-66b-submod-0-latency-25.cdgp
1704042903582470744,1704042906154253449,200,http://172.169.8.253:31112/function/opt-66b-submod-0-latency-25.cdgp
1704042903582516965,1704042906832167816,200,http://172.169.8.253:31112/function/opt-66b-submod-0-latency-25.cdgp
1704042903582598417,1704042906325105344,200,http://172.169.8.253:31112/function/opt-66b-submod-0-latency-25.cdgp
1704042903582672382,1704042906427161789,200,http://172.169.8.253:31112/function/opt-66b-submod-0-latency-25.cdgp
1704042903582783276,1704042905477925273,200,http://172.169.8.253:31112/function/opt-66b-submod-0-latency-25.cdgp
1704042903582860247,1704042905293877967,200,http://172.169.8.253:31112/function/opt-66b-submod-0-latency-25.cdgp
1704042903582923255,1704042906561009499,200,http://172.169.8.253:31112/function/opt-66b-submod-0-latency-25.cdgp
1704042903582943389,1704042906268581477,200,http://172.169.8.253:31112/function/opt-66b-submod-0-latency-25.cdgp
1704042903583017557,1704042907063949557,200,http://172.169.8.253:31112/function/opt-66b-submod-0-latency-25.cdgp
1704042903583104428,1704042905474408502,200,http://172.169.8.253:31112/function/opt-66b-submod-0-latency-25.cdgp
1704042903583199854,1704042905952546773,200,http://172.169.8.253:31112/function/opt-66b-submod-0-latency-25.cdgp
1704042903583241095,1704042906270597964,200,http://172.169.8.253:31112/function/opt-66b-submod-0-latency-25.cdgp
1704042903583331273,1704042905266590750,200,http://172.169.8.253:31112/function/opt-66b-submod-0-latency-25.cdgp
1704042903583372157,1704042906794985624,200,http://172.169.8.253:31112/function/opt-66b-submod-0-latency-25.cdgp
1704042903583477599,1704042907014120937,200,http://172.169.8.253:31112/function/opt-66b-submod-0-latency-25.cdgp
1704042903583536030,1704042905471334817,200,http://172.169.8.253:31112/function/opt-66b-submod-0-latency-25.cdgp
1704042903583567438,1704042905157741537,200,http://172.169.8.253:31112/function/opt-66b-submod-0-latency-25.cdgp
1704042903583672360,1704042906744003628,200,http://172.169.8.253:31112/function/opt-66b-submod-0-latency-25.cdgp
1704042903583744561,1704042907026857160,200,http://172.169.8.253:31112/function/opt-66b-submod-0-latency-25.cdgp
1704042903583808828,1704042906656904289,200,http://172.169.8.253:31112/function/opt-66b-submod-0-latency-25.cdgp
1704042903583889630,1704042906443792932,200,http://172.169.8.253:31112/function/opt-66b-submod-0-latency-25.cdgp
1704042903587476678,1704042906270983704,200,http://172.169.8.253:31112/function/opt-66b-submod-0-latency-25.cdgp
1704042903587569919,1704042905161928278,200,http://172.169.8.253:31112/function/opt-66b-submod-0-latency-25.cdgp
1704042903587648152,1704042906755622322,200,http://172.169.8.253:31112/function/opt-66b-submod-0-latency-25.cdgp
1704042904050936247,1704042906875745013,200,http://172.169.8.253:31112/function/opt-66b-submod-0-latency-25.cdgp
1704042904051128187,1704042906142025692,200,http://172.169.8.253:31112/function/opt-66b-submod-0-latency-25.cdgp
1704042904051261123,1704042906150072435,200,http://172.169.8.253:31112/function/opt-66b-submod-0-latency-25.cdgp
1704042904051342022,1704042906467652060,200,http://172.169.8.253:31112/function/opt-66b-submod-0-latency-25.cdgp
1704042904051410079,1704042906396086678,200,http://172.169.8.253:31112/function/opt-66b-submod-0-latency-25.cdgp
1704042904051446890,1704042907137916011,200,http://172.169.8.253:31112/function/opt-66b-submod-0-latency-25.cdgp
1704042904051526768,1704042906984961157,200,http://172.169.8.253:31112/function/opt-66b-submod-0-latency-25.cdgp
1704042904051583979,1704042905695858823,200,http://172.169.8.253:31112/function/opt-66b-submod-0-latency-25.cdgp
1704042904142342458,1704042907223914390,200,http://172.169.8.253:31112/function/opt-66b-submod-0-latency-25.cdgp
1704042904142427477,1704042907232361074,200,http://172.169.8.253:31112/function/opt-66b-submod-0-latency-25.cdgp
1704042904142543863,1704042906831872040,200,http://172.169.8.253:31112/function/opt-66b-submod-0-latency-25.cdgp
1704042904409811148,1704042905894608991,200,http://172.169.8.253:31112/function/opt-66b-submod-0-latency-25.cdgp
1704042904409901447,1704042907346778964,200,http://172.169.8.253:31112/function/opt-66b-submod-0-latency-25.cdgp
1704042904409966592,1704042906739813100,200,http://172.169.8.253:31112/function/opt-66b-submod-0-latency-25.cdgp
1704042904410048798,1704042906043189756,200,http://172.169.8.253:31112/function/opt-66b-submod-0-latency-25.cdgp
1704042904410109335,1704042907432258394,200,http://172.169.8.253:31112/function/opt-66b-submod-0-latency-25.cdgp
1704042904476283398,1704042907452136618,200,http://172.169.8.253:31112/function/opt-66b-submod-0-latency-25.cdgp
1704042904608719296,1704042906439852564,200,http://172.169.8.253:31112/function/opt-66b-submod-0-latency-25.cdgp
1704042904608812269,1704042906359699238,200,http://172.169.8.253:31112/function/opt-66b-submod-0-latency-25.cdgp
1704042904608892952,1704042905695014340,200,http://172.169.8.253:31112/function/opt-66b-submod-0-latency-25.cdgp
1704042904610054518,1704042907473443129,200,http://172.169.8.253:31112/function/opt-66b-submod-0-latency-25.cdgp
1704042904610156414,1704042907264986103,200,http://172.169.8.253:31112/function/opt-66b-submod-0-latency-25.cdgp
1704042904610246232,1704042907517037692,200,http://172.169.8.253:31112/function/opt-66b-submod-0-latency-25.cdgp
1704042904610313169,1704042907195103837,200,http://172.169.8.253:31112/function/opt-66b-submod-0-latency-25.cdgp
1704042904610381337,1704042906746709309,200,http://172.169.8.253:31112/function/opt-66b-submod-0-latency-25.cdgp
1704042904610463370,1704042906932943677,200,http://172.169.8.253:31112/function/opt-66b-submod-0-latency-25.cdgp
1704042904610538794,1704042907545045830,200,http://172.169.8.253:31112/function/opt-66b-submod-0-latency-25.cdgp
1704042904610606058,1704042907114719324,200,http://172.169.8.253:31112/function/opt-66b-submod-0-latency-25.cdgp
1704042904610679470,1704042907407076224,200,http://172.169.8.253:31112/function/opt-66b-submod-0-latency-25.cdgp
1704042904610713530,1704042907571362469,200,http://172.169.8.253:31112/function/opt-66b-submod-0-latency-25.cdgp
1704042904610775211,1704042906830674446,200,http://172.169.8.253:31112/function/opt-66b-submod-0-latency-25.cdgp
1704042904610845394,1704042907155071609,200,http://172.169.8.253:31112/function/opt-66b-submod-0-latency-25.cdgp
1704042904610916271,1704042906792926625,200,http://172.169.8.253:31112/function/opt-66b-submod-0-latency-25.cdgp
1704042904610947891,1704042907159693094,200,http://172.169.8.253:31112/function/opt-66b-submod-0-latency-25.cdgp
1704042904611060608,1704042907638696926,200,http://172.169.8.253:31112/function/opt-66b-submod-0-latency-25.cdgp
1704042904611186883,1704042907685057867,200,http://172.169.8.253:31112/function/opt-66b-submod-0-latency-25.cdgp
1704042904611225023,1704042907288710974,200,http://172.169.8.253:31112/function/opt-66b-submod-0-latency-25.cdgp
1704042904611319810,1704042906741172698,200,http://172.169.8.253:31112/function/opt-66b-submod-0-latency-25.cdgp
1704042904611352007,1704042907379062618,200,http://172.169.8.253:31112/function/opt-66b-submod-0-latency-25.cdgp
1704042904611417092,1704042907593254880,200,http://172.169.8.253:31112/function/opt-66b-submod-0-latency-25.cdgp
1704042904611511759,1704042907206389149,200,http://172.169.8.253:31112/function/opt-66b-submod-0-latency-25.cdgp
1704042904611549041,1704042906372752918,200,http://172.169.8.253:31112/function/opt-66b-submod-0-latency-25.cdgp
1704042904611639289,1704042906851076627,200,http://172.169.8.253:31112/function/opt-66b-submod-0-latency-25.cdgp
1704042904611680119,1704042907428274441,200,http://172.169.8.253:31112/function/opt-66b-submod-0-latency-25.cdgp
1704042904611740340,1704042906582254536,200,http://172.169.8.253:31112/function/opt-66b-submod-0-latency-25.cdgp
1704042904617887075,1704042906495781357,200,http://172.169.8.253:31112/function/opt-66b-submod-0-latency-25.cdgp
1704042904617974941,1704042907520078259,200,http://172.169.8.253:31112/function/opt-66b-submod-0-latency-25.cdgp
1704042908563944927,1704042911146633527,200,http://172.169.8.253:31112/function/opt-66b-submod-0-latency-25.cdgp
1704042908564114952,1704042909939382550,200,http://172.169.8.253:31112/function/opt-66b-submod-0-latency-25.cdgp
1704042908564199908,1704042909559751820,200,http://172.169.8.253:31112/function/opt-66b-submod-0-latency-25.cdgp
1704042908564477029,1704042910159577538,200,http://172.169.8.253:31112/function/opt-66b-submod-0-latency-25.cdgp
1704042908564579190,1704042910482514613,200,http://172.169.8.253:31112/function/opt-66b-submod-0-latency-25.cdgp
1704042908564658097,1704042910124976688,200,http://172.169.8.253:31112/function/opt-66b-submod-0-latency-25.cdgp
1704042908564726271,1704042911147153527,200,http://172.169.8.253:31112/function/opt-66b-submod-0-latency-25.cdgp
1704042908564762641,1704042910147003481,200,http://172.169.8.253:31112/function/opt-66b-submod-0-latency-25.cdgp
1704042908564865712,1704042910481724396,200,http://172.169.8.253:31112/function/opt-66b-submod-0-latency-25.cdgp
1704042908564905818,1704042910125028810,200,http://172.169.8.253:31112/function/opt-66b-submod-0-latency-25.cdgp
1704042908565019828,1704042909972863041,200,http://172.169.8.253:31112/function/opt-66b-submod-0-latency-25.cdgp
1704042908749897924,1704042910483142087,200,http://172.169.8.253:31112/function/opt-66b-submod-0-latency-25.cdgp
1704042908750006782,1704042910808471482,200,http://172.169.8.253:31112/function/opt-66b-submod-0-latency-25.cdgp
1704042908750090213,1704042911145584391,200,http://172.169.8.253:31112/function/opt-66b-submod-0-latency-25.cdgp
1704042908750155347,1704042912114721287,200,http://172.169.8.253:31112/function/opt-66b-submod-0-latency-25.cdgp
1704042908750247476,1704042911413759570,200,http://172.169.8.253:31112/function/opt-66b-submod-0-latency-25.cdgp
1704042908750343709,1704042911253690454,200,http://172.169.8.253:31112/function/opt-66b-submod-0-latency-25.cdgp
1704042908750437189,1704042910808474541,200,http://172.169.8.253:31112/function/opt-66b-submod-0-latency-25.cdgp
1704042908762302747,1704042912670575425,200,http://172.169.8.253:31112/function/opt-66b-submod-0-latency-25.cdgp
1704042908762397182,1704042912610127698,200,http://172.169.8.253:31112/function/opt-66b-submod-0-latency-25.cdgp
1704042908762543629,1704042910483127749,200,http://172.169.8.253:31112/function/opt-66b-submod-0-latency-25.cdgp
1704042908762615234,1704042911264172582,200,http://172.169.8.253:31112/function/opt-66b-submod-0-latency-25.cdgp
1704042908762684060,1704042912612603847,200,http://172.169.8.253:31112/function/opt-66b-submod-0-latency-25.cdgp
1704042908762759071,1704042912670648866,200,http://172.169.8.253:31112/function/opt-66b-submod-0-latency-25.cdgp
1704042908762857521,1704042912670221631,200,http://172.169.8.253:31112/function/opt-66b-submod-0-latency-25.cdgp
1704042908818743798,1704042911156749585,200,http://172.169.8.253:31112/function/opt-66b-submod-0-latency-25.cdgp
1704042908818833297,1704042917214139760,200,http://172.169.8.253:31112/function/opt-66b-submod-0-latency-25.cdgp
1704042908818939162,1704042912671417837,200,http://172.169.8.253:31112/function/opt-66b-submod-0-latency-25.cdgp
1704042908819012945,1704042912672101982,200,http://172.169.8.253:31112/function/opt-66b-submod-0-latency-25.cdgp
1704042908819040042,1704042912203958014,200,http://172.169.8.253:31112/function/opt-66b-submod-0-latency-25.cdgp
1704042908819146060,1704042913251049228,200,http://172.169.8.253:31112/function/opt-66b-submod-0-latency-25.cdgp
1704042908819263019,1704042911143858705,200,http://172.169.8.253:31112/function/opt-66b-submod-0-latency-25.cdgp
1704042908819325443,1704042911144608968,200,http://172.169.8.253:31112/function/opt-66b-submod-0-latency-25.cdgp
1704042908819383985,1704042911925213207,200,http://172.169.8.253:31112/function/opt-66b-submod-0-latency-25.cdgp
1704042908819409787,1704042912611525907,200,http://172.169.8.253:31112/function/opt-66b-submod-0-latency-25.cdgp
1704042908819520040,1704042913470240284,200,http://172.169.8.253:31112/function/opt-66b-submod-0-latency-25.cdgp
1704042908819598896,1704042911263496859,200,http://172.169.8.253:31112/function/opt-66b-submod-0-latency-25.cdgp
1704042908819703302,1704042910483755051,200,http://172.169.8.253:31112/function/opt-66b-submod-0-latency-25.cdgp
1704042908819747740,1704042913471625276,200,http://172.169.8.253:31112/function/opt-66b-submod-0-latency-25.cdgp
1704042908819813331,1704042912291639300,200,http://172.169.8.253:31112/function/opt-66b-submod-0-latency-25.cdgp
1704042908819916327,1704042917626829130,200,http://172.169.8.253:31112/function/opt-66b-submod-0-latency-25.cdgp
1704042908819988149,1704042912114407179,200,http://172.169.8.253:31112/function/opt-66b-submod-0-latency-25.cdgp
1704042908820064142,1704042912672064152,200,http://172.169.8.253:31112/function/opt-66b-submod-0-latency-25.cdgp
1704042908820131519,1704042912291583372,200,http://172.169.8.253:31112/function/opt-66b-submod-0-latency-25.cdgp
1704042908820160201,1704042912612050120,200,http://172.169.8.253:31112/function/opt-66b-submod-0-latency-25.cdgp
1704042908820222415,1704042912179261573,200,http://172.169.8.253:31112/function/opt-66b-submod-0-latency-25.cdgp
1704042908820309334,1704042911262871577,200,http://172.169.8.253:31112/function/opt-66b-submod-0-latency-25.cdgp
1704042908820420752,1704042910808179568,200,http://172.169.8.253:31112/function/opt-66b-submod-0-latency-25.cdgp
1704042908820471105,1704042911146711248,200,http://172.169.8.253:31112/function/opt-66b-submod-0-latency-25.cdgp
1704042908820567250,1704042912671007538,200,http://172.169.8.253:31112/function/opt-66b-submod-0-latency-25.cdgp
1704042908820649630,1704042910424001287,200,http://172.169.8.253:31112/function/opt-66b-submod-0-latency-25.cdgp
1704042909009595151,1704042917794209233,200,http://172.169.8.253:31112/function/opt-66b-submod-0-latency-25.cdgp
1704042909009735007,1704042912610316040,200,http://172.169.8.253:31112/function/opt-66b-submod-0-latency-25.cdgp
1704042909009854778,1704042917795513997,200,http://172.169.8.253:31112/function/opt-66b-submod-0-latency-25.cdgp
1704042909012547667,1704042917672260586,200,http://172.169.8.253:31112/function/opt-66b-submod-0-latency-25.cdgp
1704042909012617275,1704042911416291944,200,http://172.169.8.253:31112/function/opt-66b-submod-0-latency-25.cdgp
1704042909012652558,1704042917644309596,200,http://172.169.8.253:31112/function/opt-66b-submod-0-latency-25.cdgp
1704042909012735975,1704042917790994663,200,http://172.169.8.253:31112/function/opt-66b-submod-0-latency-25.cdgp
1704042909012858617,1704042917665395187,200,http://172.169.8.253:31112/function/opt-66b-submod-0-latency-25.cdgp
1704042909012972728,1704042913600221409,200,http://172.169.8.253:31112/function/opt-66b-submod-0-latency-25.cdgp
1704042909013059938,1704042917662704894,200,http://172.169.8.253:31112/function/opt-66b-submod-0-latency-25.cdgp
1704042909013125784,1704042913944675485,200,http://172.169.8.253:31112/function/opt-66b-submod-0-latency-25.cdgp
1704042909013236978,1704042917796825157,200,http://172.169.8.253:31112/function/opt-66b-submod-0-latency-25.cdgp
1704042909013303560,1704042913427170451,200,http://172.169.8.253:31112/function/opt-66b-submod-0-latency-25.cdgp
1704042909013361938,1704042917640045850,200,http://172.169.8.253:31112/function/opt-66b-submod-0-latency-25.cdgp
1704042909013469872,1704042917661192085,200,http://172.169.8.253:31112/function/opt-66b-submod-0-latency-25.cdgp
1704042909013534998,1704042917660494352,200,http://172.169.8.253:31112/function/opt-66b-submod-0-latency-25.cdgp
1704042909013567570,1704042917651915559,200,http://172.169.8.253:31112/function/opt-66b-submod-0-latency-25.cdgp
1704042909013652848,1704042911251551751,200,http://172.169.8.253:31112/function/opt-66b-submod-0-latency-25.cdgp
1704042909013720017,1704042913026812665,200,http://172.169.8.253:31112/function/opt-66b-submod-0-latency-25.cdgp
1704042909013743440,1704042917636643082,200,http://172.169.8.253:31112/function/opt-66b-submod-0-latency-25.cdgp
1704042909013820495,1704042911570664216,200,http://172.169.8.253:31112/function/opt-66b-submod-0-latency-25.cdgp
1704042909013884564,1704042917631768866,200,http://172.169.8.253:31112/function/opt-66b-submod-0-latency-25.cdgp
1704042909013976537,1704042917653422993,200,http://172.169.8.253:31112/function/opt-66b-submod-0-latency-25.cdgp
1704042909014031642,1704042914818170867,200,http://172.169.8.253:31112/function/opt-66b-submod-0-latency-25.cdgp
1704042909014115308,1704042912286369189,200,http://172.169.8.253:31112/function/opt-66b-submod-0-latency-25.cdgp
1704042909014151674,1704042917677860351,200,http://172.169.8.253:31112/function/opt-66b-submod-0-latency-25.cdgp
1704042909014234772,1704042918467121237,200,http://172.169.8.253:31112/function/opt-66b-submod-0-latency-25.cdgp
1704042909014289095,1704042917210138062,200,http://172.169.8.253:31112/function/opt-66b-submod-0-latency-25.cdgp
1704042909014361115,1704042917977144750,200,http://172.169.8.253:31112/function/opt-66b-submod-0-latency-25.cdgp
1704042909014412420,1704042917654686073,200,http://172.169.8.253:31112/function/opt-66b-submod-0-latency-25.cdgp
1704042909014481379,1704042917673810356,200,http://172.169.8.253:31112/function/opt-66b-submod-0-latency-25.cdgp
1704042909014507504,1704042913029833057,200,http://172.169.8.253:31112/function/opt-66b-submod-0-latency-25.cdgp
1704042909014575709,1704042912984085171,200,http://172.169.8.253:31112/function/opt-66b-submod-0-latency-25.cdgp
1704042909014625360,1704042913597868858,200,http://172.169.8.253:31112/function/opt-66b-submod-0-latency-25.cdgp
1704042909014684364,1704042917649627479,200,http://172.169.8.253:31112/function/opt-66b-submod-0-latency-25.cdgp
1704042909014718936,1704042912291210370,200,http://172.169.8.253:31112/function/opt-66b-submod-0-latency-25.cdgp
1704042909014785871,1704042914486346583,200,http://172.169.8.253:31112/function/opt-66b-submod-0-latency-25.cdgp
1704042909014817389,1704042911030430613,200,http://172.169.8.253:31112/function/opt-66b-submod-0-latency-25.cdgp
1704042909018354172,1704042917661907077,200,http://172.169.8.253:31112/function/opt-66b-submod-0-latency-25.cdgp
1704042909018427050,1704042912114386958,200,http://172.169.8.253:31112/function/opt-66b-submod-0-latency-25.cdgp
1704042909018521166,1704042913951902773,200,http://172.169.8.253:31112/function/opt-66b-submod-0-latency-25.cdgp
1704042909018587234,1704042917637263605,200,http://172.169.8.253:31112/function/opt-66b-submod-0-latency-25.cdgp
1704042909018642662,1704042913946206007,200,http://172.169.8.253:31112/function/opt-66b-submod-0-latency-25.cdgp
1704042909018711472,1704042917656032894,200,http://172.169.8.253:31112/function/opt-66b-submod-0-latency-25.cdgp
1704042909018736497,1704042912291136860,200,http://172.169.8.253:31112/function/opt-66b-submod-0-latency-25.cdgp
1704042909018840355,1704042917628350618,200,http://172.169.8.253:31112/function/opt-66b-submod-0-latency-25.cdgp
1704042909018873650,1704042913428039974,200,http://172.169.8.253:31112/function/opt-66b-submod-0-latency-25.cdgp
1704042909018907856,1704042917680734865,200,http://172.169.8.253:31112/function/opt-66b-submod-0-latency-25.cdgp
1704042909018976021,1704042917650670092,200,http://172.169.8.253:31112/function/opt-66b-submod-0-latency-25.cdgp
1704042909019063940,1704042913947601902,200,http://172.169.8.253:31112/function/opt-66b-submod-0-latency-25.cdgp
1704042909019127167,1704042912980449925,200,http://172.169.8.253:31112/function/opt-66b-submod-0-latency-25.cdgp
1704042909019186543,1704042917643552714,200,http://172.169.8.253:31112/function/opt-66b-submod-0-latency-25.cdgp
1704042909019288057,1704042917975051904,200,http://172.169.8.253:31112/function/opt-66b-submod-0-latency-25.cdgp
1704042909019337670,1704042911476881751,200,http://172.169.8.253:31112/function/opt-66b-submod-0-latency-25.cdgp
1704042909019416123,1704042912177306793,200,http://172.169.8.253:31112/function/opt-66b-submod-0-latency-25.cdgp
1704042909019453313,1704042917633205954,200,http://172.169.8.253:31112/function/opt-66b-submod-0-latency-25.cdgp
1704042909019553969,1704042913599870399,200,http://172.169.8.253:31112/function/opt-66b-submod-0-latency-25.cdgp
1704042909019638288,1704042912178701118,200,http://172.169.8.253:31112/function/opt-66b-submod-0-latency-25.cdgp
1704042909019699929,1704042917658066059,200,http://172.169.8.253:31112/function/opt-66b-submod-0-latency-25.cdgp
1704042909019820595,1704042913887949307,200,http://172.169.8.253:31112/function/opt-66b-submod-0-latency-25.cdgp
1704042909019888049,1704042912114260614,200,http://172.169.8.253:31112/function/opt-66b-submod-0-latency-25.cdgp
1704042909019958294,1704042917659156208,200,http://172.169.8.253:31112/function/opt-66b-submod-0-latency-25.cdgp
1704042909019997015,1704042917641878511,200,http://172.169.8.253:31112/function/opt-66b-submod-0-latency-25.cdgp
1704042909020080304,1704042913247761228,200,http://172.169.8.253:31112/function/opt-66b-submod-0-latency-25.cdgp
1704042909020129013,1704042917645773656,200,http://172.169.8.253:31112/function/opt-66b-submod-0-latency-25.cdgp
1704042909020192730,1704042914134233391,200,http://172.169.8.253:31112/function/opt-66b-submod-0-latency-25.cdgp
1704042909020319935,1704042913472985204,200,http://172.169.8.253:31112/function/opt-66b-submod-0-latency-25.cdgp
1704042909020394519,1704042915595616795,200,http://172.169.8.253:31112/function/opt-66b-submod-0-latency-25.cdgp
1704042909020468109,1704042917652808722,200,http://172.169.8.253:31112/function/opt-66b-submod-0-latency-25.cdgp
1704042909020543324,1704042912291830313,200,http://172.169.8.253:31112/function/opt-66b-submod-0-latency-25.cdgp
1704042909020667811,1704042911643055153,200,http://172.169.8.253:31112/function/opt-66b-submod-0-latency-25.cdgp
1704042909020713035,1704042917640080223,200,http://172.169.8.253:31112/function/opt-66b-submod-0-latency-25.cdgp
1704042909696010115,1704042912175014517,200,http://172.169.8.253:31112/function/opt-66b-submod-0-latency-25.cdgp
1704042909696107143,1704042917663688295,200,http://172.169.8.253:31112/function/opt-66b-submod-0-latency-25.cdgp
1704042909703738047,1704042913326032572,200,http://172.169.8.253:31112/function/opt-66b-submod-0-latency-25.cdgp
1704042909703855212,1704042912272620981,200,http://172.169.8.253:31112/function/opt-66b-submod-0-latency-25.cdgp
1704042909703988092,1704042919386138551,500,http://172.169.8.253:31112/function/opt-66b-submod-0-latency-25.cdgp
1704042909704080208,1704042917638340797,200,http://172.169.8.253:31112/function/opt-66b-submod-0-latency-25.cdgp
1704042909792957466,1704042919793996385,500,http://172.169.8.253:31112/function/opt-66b-submod-0-latency-25.cdgp
1704042909793049442,1704042919579031991,500,http://172.169.8.253:31112/function/opt-66b-submod-0-latency-25.cdgp
1704042909793140961,1704042917792585373,200,http://172.169.8.253:31112/function/opt-66b-submod-0-latency-25.cdgp
1704042909793198912,1704042917634986693,200,http://172.169.8.253:31112/function/opt-66b-submod-0-latency-25.cdgp
1704042909801024967,1704042914444962004,200,http://172.169.8.253:31112/function/opt-66b-submod-0-latency-25.cdgp
1704042909801094165,1704042917973214445,200,http://172.169.8.253:31112/function/opt-66b-submod-0-latency-25.cdgp
1704042909801123504,1704042912847808630,200,http://172.169.8.253:31112/function/opt-66b-submod-0-latency-25.cdgp
1704042909801211804,1704042919802304662,500,http://172.169.8.253:31112/function/opt-66b-submod-0-latency-25.cdgp
1704042909801266408,1704042919214333486,500,http://172.169.8.253:31112/function/opt-66b-submod-0-latency-25.cdgp
1704042909801311050,1704042917664937500,200,http://172.169.8.253:31112/function/opt-66b-submod-0-latency-25.cdgp
1704042909817437232,1704042912733195202,200,http://172.169.8.253:31112/function/opt-66b-submod-0-latency-25.cdgp
1704042909817520408,1704042918517093387,200,http://172.169.8.253:31112/function/opt-66b-submod-0-latency-25.cdgp
1704042909817575243,1704042918472289434,200,http://172.169.8.253:31112/function/opt-66b-submod-0-latency-25.cdgp
1704042909817621899,1704042912937096339,200,http://172.169.8.253:31112/function/opt-66b-submod-0-latency-25.cdgp
1704042909817689428,1704042919385719086,500,http://172.169.8.253:31112/function/opt-66b-submod-0-latency-25.cdgp
1704042909817728868,1704042913326398179,200,http://172.169.8.253:31112/function/opt-66b-submod-0-latency-25.cdgp
1704042909817808618,1704042913354889351,200,http://172.169.8.253:31112/function/opt-66b-submod-0-latency-25.cdgp
1704042909817870403,1704042916009877204,200,http://172.169.8.253:31112/function/opt-66b-submod-0-latency-25.cdgp
1704042909817923832,1704042919378597257,500,http://172.169.8.253:31112/function/opt-66b-submod-0-latency-25.cdgp
1704042909817976196,1704042919818720746,500,http://172.169.8.253:31112/function/opt-66b-submod-0-latency-25.cdgp
1704042909817997080,1704042919818719339,500,http://172.169.8.253:31112/function/opt-66b-submod-0-latency-25.cdgp
1704042909818053441,1704042919378653524,500,http://172.169.8.253:31112/function/opt-66b-submod-0-latency-25.cdgp
1704042909818134754,1704042919378663243,500,http://172.169.8.253:31112/function/opt-66b-submod-0-latency-25.cdgp
1704042909818165242,1704042918476170486,200,http://172.169.8.253:31112/function/opt-66b-submod-0-latency-25.cdgp
1704042909818228218,1704042918508165333,200,http://172.169.8.253:31112/function/opt-66b-submod-0-latency-25.cdgp
1704042909818306022,1704042913949396520,200,http://172.169.8.253:31112/function/opt-66b-submod-0-latency-25.cdgp
1704042909818390664,1704042918859900550,200,http://172.169.8.253:31112/function/opt-66b-submod-0-latency-25.cdgp
1704042909818500711,1704042919818731063,500,http://172.169.8.253:31112/function/opt-66b-submod-0-latency-25.cdgp
1704042909962482010,1704042918899403078,200,http://172.169.8.253:31112/function/opt-66b-submod-0-latency-25.cdgp
1704042909962602963,1704042919963695773,500,http://172.169.8.253:31112/function/opt-66b-submod-0-latency-25.cdgp
1704042909962671961,1704042913353598856,200,http://172.169.8.253:31112/function/opt-66b-submod-0-latency-25.cdgp
1704042909962744946,1704042913231713371,200,http://172.169.8.253:31112/function/opt-66b-submod-0-latency-25.cdgp
1704042909962802636,1704042918470534458,200,http://172.169.8.253:31112/function/opt-66b-submod-0-latency-25.cdgp
1704042909962847541,1704042915657489083,200,http://172.169.8.253:31112/function/opt-66b-submod-0-latency-25.cdgp
1704042909962921284,1704042914821502061,200,http://172.169.8.253:31112/function/opt-66b-submod-0-latency-25.cdgp
1704042909962952201,1704042913188862508,200,http://172.169.8.253:31112/function/opt-66b-submod-0-latency-25.cdgp
1704042909963056774,1704042919963693156,500,http://172.169.8.253:31112/function/opt-66b-submod-0-latency-25.cdgp
1704042909963125738,1704042919963708022,500,http://172.169.8.253:31112/function/opt-66b-submod-0-latency-25.cdgp
1704042909963202893,1704042918509574030,200,http://172.169.8.253:31112/function/opt-66b-submod-0-latency-25.cdgp
1704042909963238536,1704042915594986161,200,http://172.169.8.253:31112/function/opt-66b-submod-0-latency-25.cdgp
1704042909963349711,1704042914923486023,200,http://172.169.8.253:31112/function/opt-66b-submod-0-latency-25.cdgp
1704042909963470979,1704042913363049633,200,http://172.169.8.253:31112/function/opt-66b-submod-0-latency-25.cdgp
1704042909963557177,1704042915683940734,200,http://172.169.8.253:31112/function/opt-66b-submod-0-latency-25.cdgp
1704042909963644144,1704042915645912812,200,http://172.169.8.253:31112/function/opt-66b-submod-0-latency-25.cdgp
1704042909968201359,1704042918519773642,200,http://172.169.8.253:31112/function/opt-66b-submod-0-latency-25.cdgp
1704042909968286634,1704042915855598331,200,http://172.169.8.253:31112/function/opt-66b-submod-0-latency-25.cdgp
1704042909968354518,1704042918477585715,200,http://172.169.8.253:31112/function/opt-66b-submod-0-latency-25.cdgp
1704042909968417706,1704042919579503533,500,http://172.169.8.253:31112/function/opt-66b-submod-0-latency-25.cdgp
1704042909968492522,1704042914079151341,200,http://172.169.8.253:31112/function/opt-66b-submod-0-latency-25.cdgp
1704042909968564282,1704042913197623161,200,http://172.169.8.253:31112/function/opt-66b-submod-0-latency-25.cdgp
1704042909968628361,1704042912448362216,200,http://172.169.8.253:31112/function/opt-66b-submod-0-latency-25.cdgp
1704042909968655614,1704042919579416930,500,http://172.169.8.253:31112/function/opt-66b-submod-0-latency-25.cdgp
1704042909968695327,1704042919969341797,500,http://172.169.8.253:31112/function/opt-66b-submod-0-latency-25.cdgp
1704042909968766451,1704042918747964650,200,http://172.169.8.253:31112/function/opt-66b-submod-0-latency-25.cdgp
1704042909968867747,1704042919969345061,500,http://172.169.8.253:31112/function/opt-66b-submod-0-latency-25.cdgp
1704042909968904855,1704042919969242453,500,http://172.169.8.253:31112/function/opt-66b-submod-0-latency-25.cdgp
1704042909968998644,1704042919965937791,200,http://172.169.8.253:31112/function/opt-66b-submod-0-latency-25.cdgp
1704042909969052859,1704042914119518378,200,http://172.169.8.253:31112/function/opt-66b-submod-0-latency-25.cdgp
1704042909969132016,1704042912847117532,200,http://172.169.8.253:31112/function/opt-66b-submod-0-latency-25.cdgp
1704042909972609785,1704042919969704956,500,http://172.169.8.253:31112/function/opt-66b-submod-0-latency-25.cdgp
1704042909972704769,1704042914819985588,200,http://172.169.8.253:31112/function/opt-66b-submod-0-latency-25.cdgp
1704042909972775486,1704042913849104228,200,http://172.169.8.253:31112/function/opt-66b-submod-0-latency-25.cdgp
1704042909972866756,1704042919940987707,500,http://172.169.8.253:31112/function/opt-66b-submod-0-latency-25.cdgp
1704042909972938217,1704042913875224498,200,http://172.169.8.253:31112/function/opt-66b-submod-0-latency-25.cdgp
1704042909973005617,1704042914038162997,200,http://172.169.8.253:31112/function/opt-66b-submod-0-latency-25.cdgp
1704042909973062461,1704042913618169779,200,http://172.169.8.253:31112/function/opt-66b-submod-0-latency-25.cdgp
1704042909973115994,1704042919579431355,500,http://172.169.8.253:31112/function/opt-66b-submod-0-latency-25.cdgp
1704042909973232038,1704042915616308863,200,http://172.169.8.253:31112/function/opt-66b-submod-0-latency-25.cdgp
1704042909973316387,1704042913361978991,200,http://172.169.8.253:31112/function/opt-66b-submod-0-latency-25.cdgp
1704042909973382595,1704042919970282778,500,http://172.169.8.253:31112/function/opt-66b-submod-0-latency-25.cdgp
1704042909973475410,1704042919207876605,200,http://172.169.8.253:31112/function/opt-66b-submod-0-latency-25.cdgp
1704042909973524862,1704042914104251348,200,http://172.169.8.253:31112/function/opt-66b-submod-0-latency-25.cdgp
1704042910052059510,1704042915737454941,200,http://172.169.8.253:31112/function/opt-66b-submod-0-latency-25.cdgp
1704042910054064374,1704042919214333028,200,http://172.169.8.253:31112/function/opt-66b-submod-0-latency-25.cdgp
1704042910054160096,1704042913090118715,200,http://172.169.8.253:31112/function/opt-66b-submod-0-latency-25.cdgp
1704042910054878327,1704042916059498595,200,http://172.169.8.253:31112/function/opt-66b-submod-0-latency-25.cdgp
1704042910055002991,1704042919966021032,200,http://172.169.8.253:31112/function/opt-66b-submod-0-latency-25.cdgp
1704042910055083720,1704042912672128528,200,http://172.169.8.253:31112/function/opt-66b-submod-0-latency-25.cdgp
1704042910055209698,1704042919209617512,200,http://172.169.8.253:31112/function/opt-66b-submod-0-latency-25.cdgp
1704042910055279766,1704042919940592864,500,http://172.169.8.253:31112/function/opt-66b-submod-0-latency-25.cdgp
1704042910075053443,1704042914066240522,200,http://172.169.8.253:31112/function/opt-66b-submod-0-latency-25.cdgp
1704042910075144519,1704042913775029907,200,http://172.169.8.253:31112/function/opt-66b-submod-0-latency-25.cdgp
1704042910075344936,1704042915620235406,200,http://172.169.8.253:31112/function/opt-66b-submod-0-latency-25.cdgp
1704042910075412578,1704042912669631856,200,http://172.169.8.253:31112/function/opt-66b-submod-0-latency-25.cdgp
1704042910075480587,1704042919940531904,500,http://172.169.8.253:31112/function/opt-66b-submod-0-latency-25.cdgp
1704042910075549933,1704042918515063090,200,http://172.169.8.253:31112/function/opt-66b-submod-0-latency-25.cdgp
1704042910510897962,1704042920252049217,500,http://172.169.8.253:31112/function/opt-66b-submod-0-latency-25.cdgp
1704042910511053941,1704042919987622390,500,http://172.169.8.253:31112/function/opt-66b-submod-0-latency-25.cdgp
1704042910511134889,1704042912559869502,200,http://172.169.8.253:31112/function/opt-66b-submod-0-latency-25.cdgp
1704042910511229670,1704042916008332519,200,http://172.169.8.253:31112/function/opt-66b-submod-0-latency-25.cdgp
1704042910511336824,1704042919970733814,500,http://172.169.8.253:31112/function/opt-66b-submod-0-latency-25.cdgp
1704042910511399800,1704042914944281098,200,http://172.169.8.253:31112/function/opt-66b-submod-0-latency-25.cdgp
1704042910511469889,1704042920512994684,500,http://172.169.8.253:31112/function/opt-66b-submod-0-latency-25.cdgp
1704042910511553934,1704042919991255791,500,http://172.169.8.253:31112/function/opt-66b-submod-0-latency-25.cdgp
1704042910511646887,1704042913955905343,200,http://172.169.8.253:31112/function/opt-66b-submod-0-latency-25.cdgp
1704042910511767744,1704042919970642231,500,http://172.169.8.253:31112/function/opt-66b-submod-0-latency-25.cdgp
1704042910511893427,1704042920513077705,500,http://172.169.8.253:31112/function/opt-66b-submod-0-latency-25.cdgp
1704042910511973377,1704042915618323412,200,http://172.169.8.253:31112/function/opt-66b-submod-0-latency-25.cdgp
1704042910512033824,1704042920513056320,500,http://172.169.8.253:31112/function/opt-66b-submod-0-latency-25.cdgp
1704042910512103733,1704042913326293368,200,http://172.169.8.253:31112/function/opt-66b-submod-0-latency-25.cdgp
1704042910512194669,1704042920512988960,500,http://172.169.8.253:31112/function/opt-66b-submod-0-latency-25.cdgp
1704042910512266575,1704042920015813994,500,http://172.169.8.253:31112/function/opt-66b-submod-0-latency-25.cdgp
1704042910512324514,1704042920513079403,500,http://172.169.8.253:31112/function/opt-66b-submod-0-latency-25.cdgp
1704042910512413295,1704042920513073774,500,http://172.169.8.253:31112/function/opt-66b-submod-0-latency-25.cdgp
1704042910512466129,1704042914439791262,200,http://172.169.8.253:31112/function/opt-66b-submod-0-latency-25.cdgp
1704042910512531295,1704042919970044840,500,http://172.169.8.253:31112/function/opt-66b-submod-0-latency-25.cdgp
1704042910512610540,1704042913089934963,200,http://172.169.8.253:31112/function/opt-66b-submod-0-latency-25.cdgp
1704042910512649748,1704042916795580079,200,http://172.169.8.253:31112/function/opt-66b-submod-0-latency-25.cdgp
1704042910512725667,1704042913426734373,200,http://172.169.8.253:31112/function/opt-66b-submod-0-latency-25.cdgp
1704042910525719632,1704042916070379388,200,http://172.169.8.253:31112/function/opt-66b-submod-0-latency-25.cdgp
1704042910525801577,1704042920526005520,500,http://172.169.8.253:31112/function/opt-66b-submod-0-latency-25.cdgp
1704042910525901414,1704042920526088707,500,http://172.169.8.253:31112/function/opt-66b-submod-0-latency-25.cdgp
1704042910525974157,1704042920526252353,500,http://172.169.8.253:31112/function/opt-66b-submod-0-latency-25.cdgp
1704042910526039744,1704042913596138685,200,http://172.169.8.253:31112/function/opt-66b-submod-0-latency-25.cdgp
1704042910526145628,1704042919970309727,500,http://172.169.8.253:31112/function/opt-66b-submod-0-latency-25.cdgp
1704042910526237201,1704042919209726096,200,http://172.169.8.253:31112/function/opt-66b-submod-0-latency-25.cdgp
1704042910526305915,1704042915828738573,200,http://172.169.8.253:31112/function/opt-66b-submod-0-latency-25.cdgp
1704042910526350703,1704042915616922366,200,http://172.169.8.253:31112/function/opt-66b-submod-0-latency-25.cdgp
1704042910526430563,1704042913846378340,200,http://172.169.8.253:31112/function/opt-66b-submod-0-latency-25.cdgp
1704042910526486820,1704042913950192667,200,http://172.169.8.253:31112/function/opt-66b-submod-0-latency-25.cdgp
1704042910526572084,1704042919947511437,200,http://172.169.8.253:31112/function/opt-66b-submod-0-latency-25.cdgp
1704042910526638462,1704042914545686844,200,http://172.169.8.253:31112/function/opt-66b-submod-0-latency-25.cdgp
1704042910526688575,1704042915109157103,200,http://172.169.8.253:31112/function/opt-66b-submod-0-latency-25.cdgp
1704042910526773410,1704042919970731793,500,http://172.169.8.253:31112/function/opt-66b-submod-0-latency-25.cdgp
1704042911622818323,1704042921247067159,200,http://172.169.8.253:31112/function/opt-66b-submod-0-latency-25.cdgp
1704042911622907224,1704042915712359342,200,http://172.169.8.253:31112/function/opt-66b-submod-0-latency-25.cdgp
1704042911623049609,1704042921444444577,500,http://172.169.8.253:31112/function/opt-66b-submod-0-latency-25.cdgp
1704042911624782862,1704042919948016017,200,http://172.169.8.253:31112/function/opt-66b-submod-0-latency-25.cdgp
1704042911624852482,1704042921444774035,500,http://172.169.8.253:31112/function/opt-66b-submod-0-latency-25.cdgp
1704042911624880623,1704042921251803488,500,http://172.169.8.253:31112/function/opt-66b-submod-0-latency-25.cdgp
1704042911624959745,1704042919948208451,200,http://172.169.8.253:31112/function/opt-66b-submod-0-latency-25.cdgp
1704042911682457589,1704042913427684363,200,http://172.169.8.253:31112/function/opt-66b-submod-0-latency-25.cdgp
1704042911682511542,1704042920957130674,200,http://172.169.8.253:31112/function/opt-66b-submod-0-latency-25.cdgp
1704042911682581302,1704042920957049688,500,http://172.169.8.253:31112/function/opt-66b-submod-0-latency-25.cdgp
1704042911682755081,1704042921251794516,500,http://172.169.8.253:31112/function/opt-66b-submod-0-latency-25.cdgp
1704042911682820953,1704042915996926644,200,http://172.169.8.253:31112/function/opt-66b-submod-0-latency-25.cdgp
1704042911682881476,1704042921251808215,500,http://172.169.8.253:31112/function/opt-66b-submod-0-latency-25.cdgp
1704042911682901620,1704042914539701628,200,http://172.169.8.253:31112/function/opt-66b-submod-0-latency-25.cdgp
1704042911935370808,1704042915618829265,200,http://172.169.8.253:31112/function/opt-66b-submod-0-latency-25.cdgp
1704042911935459444,1704042915646772426,200,http://172.169.8.253:31112/function/opt-66b-submod-0-latency-25.cdgp
1704042911935555960,1704042915899809738,200,http://172.169.8.253:31112/function/opt-66b-submod-0-latency-25.cdgp
1704042911936217593,1704042916005590368,200,http://172.169.8.253:31112/function/opt-66b-submod-0-latency-25.cdgp
1704042911936295236,1704042915657929734,200,http://172.169.8.253:31112/function/opt-66b-submod-0-latency-25.cdgp
1704042911936310311,1704042921565273258,500,http://172.169.8.253:31112/function/opt-66b-submod-0-latency-25.cdgp
1704042911936389027,1704042920957044151,200,http://172.169.8.253:31112/function/opt-66b-submod-0-latency-25.cdgp
1704042911936482560,1704042921564534654,500,http://172.169.8.253:31112/function/opt-66b-submod-0-latency-25.cdgp
1704042911936535629,1704042921893164143,500,http://172.169.8.253:31112/function/opt-66b-submod-0-latency-25.cdgp
1704042911936606330,1704042921566416024,500,http://172.169.8.253:31112/function/opt-66b-submod-0-latency-25.cdgp
1704042911936640366,1704042921722148390,500,http://172.169.8.253:31112/function/opt-66b-submod-0-latency-25.cdgp
1704042911936712675,1704042915596327937,200,http://172.169.8.253:31112/function/opt-66b-submod-0-latency-25.cdgp
1704042911936793696,1704042921721759352,500,http://172.169.8.253:31112/function/opt-66b-submod-0-latency-25.cdgp
1704042911936857649,1704042921785210742,504,http://172.169.8.253:31112/function/opt-66b-submod-0-latency-25.cdgp
1704042911936927189,1704042921565357234,500,http://172.169.8.253:31112/function/opt-66b-submod-0-latency-25.cdgp
1704042911936964977,1704042915789447279,200,http://172.169.8.253:31112/function/opt-66b-submod-0-latency-25.cdgp
1704042911937048765,1704042915809506482,200,http://172.169.8.253:31112/function/opt-66b-submod-0-latency-25.cdgp
1704042911937110301,1704042915783613791,200,http://172.169.8.253:31112/function/opt-66b-submod-0-latency-25.cdgp
1704042911937168876,1704042920707792991,200,http://172.169.8.253:31112/function/opt-66b-submod-0-latency-25.cdgp
1704042911937241455,1704042920707797096,200,http://172.169.8.253:31112/function/opt-66b-submod-0-latency-25.cdgp
1704042911937274101,1704042921565803561,500,http://172.169.8.253:31112/function/opt-66b-submod-0-latency-25.cdgp
1704042911937348365,1704042921900380626,500,http://172.169.8.253:31112/function/opt-66b-submod-0-latency-25.cdgp
1704042911937424496,1704042917328309157,200,http://172.169.8.253:31112/function/opt-66b-submod-0-latency-25.cdgp
1704042911937487870,1704042921938797025,500,http://172.169.8.253:31112/function/opt-66b-submod-0-latency-25.cdgp
1704042911937572329,1704042917196510102,200,http://172.169.8.253:31112/function/opt-66b-submod-0-latency-25.cdgp
1704042911937642791,1704042914302916233,200,http://172.169.8.253:31112/function/opt-66b-submod-0-latency-25.cdgp
1704042911937704898,1704042916025197040,200,http://172.169.8.253:31112/function/opt-66b-submod-0-latency-25.cdgp
1704042911937788506,1704042916886886749,200,http://172.169.8.253:31112/function/opt-66b-submod-0-latency-25.cdgp
1704042911937810573,1704042916813341997,200,http://172.169.8.253:31112/function/opt-66b-submod-0-latency-25.cdgp
1704042911937856610,1704042921251432671,200,http://172.169.8.253:31112/function/opt-66b-submod-0-latency-25.cdgp
1704042911937940111,1704042916839064622,200,http://172.169.8.253:31112/function/opt-66b-submod-0-latency-25.cdgp
1704042911937963411,1704042914189016089,200,http://172.169.8.253:31112/function/opt-66b-submod-0-latency-25.cdgp
1704042911938032331,1704042921892331516,500,http://172.169.8.253:31112/function/opt-66b-submod-0-latency-25.cdgp
1704042911938078489,1704042917019782430,200,http://172.169.8.253:31112/function/opt-66b-submod-0-latency-25.cdgp
1704042911938150814,1704042921938792092,500,http://172.169.8.253:31112/function/opt-66b-submod-0-latency-25.cdgp
1704042911938261329,1704042914996114999,200,http://172.169.8.253:31112/function/opt-66b-submod-0-latency-25.cdgp
1704042911938331502,1704042916970370423,200,http://172.169.8.253:31112/function/opt-66b-submod-0-latency-25.cdgp
1704042911960252349,1704042921789513168,500,http://172.169.8.253:31112/function/opt-66b-submod-0-latency-25.cdgp
1704042911960373372,1704042921900510254,500,http://172.169.8.253:31112/function/opt-66b-submod-0-latency-25.cdgp
1704042911960449978,1704042914979995197,200,http://172.169.8.253:31112/function/opt-66b-submod-0-latency-25.cdgp
1704042911960528012,1704042915293616290,200,http://172.169.8.253:31112/function/opt-66b-submod-0-latency-25.cdgp
1704042911960555050,1704042915994452348,200,http://172.169.8.253:31112/function/opt-66b-submod-0-latency-25.cdgp
1704042911960653371,1704042921960895054,500,http://172.169.8.253:31112/function/opt-66b-submod-0-latency-25.cdgp
1704042911960742514,1704042914657506299,200,http://172.169.8.253:31112/function/opt-66b-submod-0-latency-25.cdgp
1704042911960813779,1704042916671171638,200,http://172.169.8.253:31112/function/opt-66b-submod-0-latency-25.cdgp
1704042911960904006,1704042916047028445,200,http://172.169.8.253:31112/function/opt-66b-submod-0-latency-25.cdgp
1704042911960966842,1704042921896311036,500,http://172.169.8.253:31112/function/opt-66b-submod-0-latency-25.cdgp
1704042911961022445,1704042916066349830,200,http://172.169.8.253:31112/function/opt-66b-submod-0-latency-25.cdgp
1704042911961099738,1704042921897953271,500,http://172.169.8.253:31112/function/opt-66b-submod-0-latency-25.cdgp
1704042911968976082,1704042915271386075,200,http://172.169.8.253:31112/function/opt-66b-submod-0-latency-25.cdgp
1704042911969420651,1704042921790208091,500,http://172.169.8.253:31112/function/opt-66b-submod-0-latency-25.cdgp
1704042911969524691,1704042915596431434,200,http://172.169.8.253:31112/function/opt-66b-submod-0-latency-25.cdgp
1704042911969677815,1704042916502618600,200,http://172.169.8.253:31112/function/opt-66b-submod-0-latency-25.cdgp
1704042911969740654,1704042921790731421,500,http://172.169.8.253:31112/function/opt-66b-submod-0-latency-25.cdgp
1704042911969840525,1704042921804887003,500,http://172.169.8.253:31112/function/opt-66b-submod-0-latency-25.cdgp
1704042912480424830,1704042922127034661,500,http://172.169.8.253:31112/function/opt-66b-submod-0-latency-25.cdgp
1704042912480550043,1704042922027746123,500,http://172.169.8.253:31112/function/opt-66b-submod-0-latency-25.cdgp
1704042912480692234,1704042917466997536,200,http://172.169.8.253:31112/function/opt-66b-submod-0-latency-25.cdgp
1704042912480777752,1704042922172986174,500,http://172.169.8.253:31112/function/opt-66b-submod-0-latency-25.cdgp
1704042912480851024,1704042915783514454,200,http://172.169.8.253:31112/function/opt-66b-submod-0-latency-25.cdgp
1704042912480882552,1704042915444455360,200,http://172.169.8.253:31112/function/opt-66b-submod-0-latency-25.cdgp
1704042912480983063,1704042916236912779,200,http://172.169.8.253:31112/function/opt-66b-submod-0-latency-25.cdgp
1704042912481044000,1704042914437730446,200,http://172.169.8.253:31112/function/opt-66b-submod-0-latency-25.cdgp
1704042912481068916,1704042917320352803,200,http://172.169.8.253:31112/function/opt-66b-submod-0-latency-25.cdgp
1704042912481152292,1704042921985899823,200,http://172.169.8.253:31112/function/opt-66b-submod-0-latency-25.cdgp
1704042912481234054,1704042916552820422,200,http://172.169.8.253:31112/function/opt-66b-submod-0-latency-25.cdgp
1704042912481263782,1704042916759638901,200,http://172.169.8.253:31112/function/opt-66b-submod-0-latency-25.cdgp
1704042912481355858,1704042922174327498,500,http://172.169.8.253:31112/function/opt-66b-submod-0-latency-25.cdgp
1704042912481418131,1704042921956501024,500,http://172.169.8.253:31112/function/opt-66b-submod-0-latency-25.cdgp
1704042912481439397,1704042916840806157,200,http://172.169.8.253:31112/function/opt-66b-submod-0-latency-25.cdgp
1704042912481519738,1704042921907463862,500,http://172.169.8.253:31112/function/opt-66b-submod-0-latency-25.cdgp
1704042912481609501,1704042922220726328,500,http://172.169.8.253:31112/function/opt-66b-submod-0-latency-25.cdgp
1704042913029629775,1704042917738038412,200,http://172.169.8.253:31112/function/opt-66b-submod-0-latency-25.cdgp
1704042913029754019,1704042922559701987,500,http://172.169.8.253:31112/function/opt-66b-submod-0-latency-25.cdgp
1704042913029863902,1704042914964790419,200,http://172.169.8.253:31112/function/opt-66b-submod-0-latency-25.cdgp
1704042913029895670,1704042915640111585,200,http://172.169.8.253:31112/function/opt-66b-submod-0-latency-25.cdgp
1704042913030016114,1704042922603938954,500,http://172.169.8.253:31112/function/opt-66b-submod-0-latency-25.cdgp
1704042913030085474,1704042922557644906,500,http://172.169.8.253:31112/function/opt-66b-submod-0-latency-25.cdgp
1704042913102573016,1704042917228569970,200,http://172.169.8.253:31112/function/opt-66b-submod-0-latency-25.cdgp
1704042913102660606,1704042922575724882,200,http://172.169.8.253:31112/function/opt-66b-submod-0-latency-25.cdgp
1704042913102759148,1704042915004605501,200,http://172.169.8.253:31112/function/opt-66b-submod-0-latency-25.cdgp
1704042913102829569,1704042917270628740,200,http://172.169.8.253:31112/function/opt-66b-submod-0-latency-25.cdgp
1704042913102908675,1704042917310891615,200,http://172.169.8.253:31112/function/opt-66b-submod-0-latency-25.cdgp
1704042913102945995,1704042917081851747,200,http://172.169.8.253:31112/function/opt-66b-submod-0-latency-25.cdgp
1704042913103034937,1704042917415856390,200,http://172.169.8.253:31112/function/opt-66b-submod-0-latency-25.cdgp
1704042913103078107,1704042922556097325,500,http://172.169.8.253:31112/function/opt-66b-submod-0-latency-25.cdgp
1704042913103152753,1704042922558811847,500,http://172.169.8.253:31112/function/opt-66b-submod-0-latency-25.cdgp
1704042913103217965,1704042917299131662,200,http://172.169.8.253:31112/function/opt-66b-submod-0-latency-25.cdgp
1704042913103276251,1704042922565476937,500,http://172.169.8.253:31112/function/opt-66b-submod-0-latency-25.cdgp
1704042913103363766,1704042922557791848,500,http://172.169.8.253:31112/function/opt-66b-submod-0-latency-25.cdgp
1704042913103400954,1704042922559412789,500,http://172.169.8.253:31112/function/opt-66b-submod-0-latency-25.cdgp
1704042913103482789,1704042917986361066,200,http://172.169.8.253:31112/function/opt-66b-submod-0-latency-25.cdgp
1704042913103563394,1704042922560162605,500,http://172.169.8.253:31112/function/opt-66b-submod-0-latency-25.cdgp
1704042913103645158,1704042922564533779,500,http://172.169.8.253:31112/function/opt-66b-submod-0-latency-25.cdgp
1704042914847987589,1704042915999871026,200,http://172.169.8.253:31112/function/opt-66b-submod-0-latency-25.cdgp
1704042914848107115,1704042917519592919,200,http://172.169.8.253:31112/function/opt-66b-submod-0-latency-25.cdgp
1704042914848190270,1704042921953669132,200,http://172.169.8.253:31112/function/opt-66b-submod-0-latency-25.cdgp
1704042914848285443,1704042916347502921,200,http://172.169.8.253:31112/function/opt-66b-submod-0-latency-25.cdgp
1704042914848334814,1704042917029946022,200,http://172.169.8.253:31112/function/opt-66b-submod-0-latency-25.cdgp
1704042914848428160,1704042917702888159,200,http://172.169.8.253:31112/function/opt-66b-submod-0-latency-25.cdgp
1704042914900803105,1704042916053850807,200,http://172.169.8.253:31112/function/opt-66b-submod-0-latency-25.cdgp
1704042914960399022,1704042924099247282,200,http://172.169.8.253:31112/function/opt-66b-submod-0-latency-25.cdgp
1704042914960571749,1704042924102858505,200,http://172.169.8.253:31112/function/opt-66b-submod-0-latency-25.cdgp
1704042914960668527,1704042921955277059,200,http://172.169.8.253:31112/function/opt-66b-submod-0-latency-25.cdgp
1704042914967913968,1704042917142444839,200,http://172.169.8.253:31112/function/opt-66b-submod-0-latency-25.cdgp
1704042915011152021,1704042924099245762,500,http://172.169.8.253:31112/function/opt-66b-submod-0-latency-25.cdgp
1704042915016380584,1704042924675221033,500,http://172.169.8.253:31112/function/opt-66b-submod-0-latency-25.cdgp
1704042915016497034,1704042917619837387,200,http://172.169.8.253:31112/function/opt-66b-submod-0-latency-25.cdgp
1704042915016564866,1704042921909219791,200,http://172.169.8.253:31112/function/opt-66b-submod-0-latency-25.cdgp
1704042915018613609,1704042924227231547,200,http://172.169.8.253:31112/function/opt-66b-submod-0-latency-25.cdgp
1704042915018687677,1704042917390572514,200,http://172.169.8.253:31112/function/opt-66b-submod-0-latency-25.cdgp
1704042915018777406,1704042924343999477,500,http://172.169.8.253:31112/function/opt-66b-submod-0-latency-25.cdgp
1704042915018918067,1704042916271614789,200,http://172.169.8.253:31112/function/opt-66b-submod-0-latency-25.cdgp
1704042915018988058,1704042924223631252,200,http://172.169.8.253:31112/function/opt-66b-submod-0-latency-25.cdgp
1704042915019071881,1704042924374321006,500,http://172.169.8.253:31112/function/opt-66b-submod-0-latency-25.cdgp
1704042915019134511,1704042924402835521,500,http://172.169.8.253:31112/function/opt-66b-submod-0-latency-25.cdgp
1704042915019221145,1704042924698963119,500,http://172.169.8.253:31112/function/opt-66b-submod-0-latency-25.cdgp
1704042915141619958,1704042917692829157,200,http://172.169.8.253:31112/function/opt-66b-submod-0-latency-25.cdgp
1704042915141700530,1704042917630245164,200,http://172.169.8.253:31112/function/opt-66b-submod-0-latency-25.cdgp
1704042915141734883,1704042917562906524,200,http://172.169.8.253:31112/function/opt-66b-submod-0-latency-25.cdgp
1704042915141829684,1704042916410171335,200,http://172.169.8.253:31112/function/opt-66b-submod-0-latency-25.cdgp
1704042915141878693,1704042917475687217,200,http://172.169.8.253:31112/function/opt-66b-submod-0-latency-25.cdgp
1704042915141961396,1704042924300351693,500,http://172.169.8.253:31112/function/opt-66b-submod-0-latency-25.cdgp
1704042915141984929,1704042924754683142,500,http://172.169.8.253:31112/function/opt-66b-submod-0-latency-25.cdgp
1704042915142083720,1704042924752662362,500,http://172.169.8.253:31112/function/opt-66b-submod-0-latency-25.cdgp
1704042915142112021,1704042917530493877,200,http://172.169.8.253:31112/function/opt-66b-submod-0-latency-25.cdgp
1704042915142201841,1704042924727005540,500,http://172.169.8.253:31112/function/opt-66b-submod-0-latency-25.cdgp
1704042915142241171,1704042917178064608,200,http://172.169.8.253:31112/function/opt-66b-submod-0-latency-25.cdgp
1704042915142315624,1704042924752566983,500,http://172.169.8.253:31112/function/opt-66b-submod-0-latency-25.cdgp
1704042915142385312,1704042924222571377,200,http://172.169.8.253:31112/function/opt-66b-submod-0-latency-25.cdgp
1704042915142452609,1704042924223942862,200,http://172.169.8.253:31112/function/opt-66b-submod-0-latency-25.cdgp
1704042915142478284,1704042924885935567,500,http://172.169.8.253:31112/function/opt-66b-submod-0-latency-25.cdgp
1704042915142568609,1704042917615160876,200,http://172.169.8.253:31112/function/opt-66b-submod-0-latency-25.cdgp
1704042915142596291,1704042921978428939,200,http://172.169.8.253:31112/function/opt-66b-submod-0-latency-25.cdgp
1704042915142655230,1704042916411932332,200,http://172.169.8.253:31112/function/opt-66b-submod-0-latency-25.cdgp
1704042915142739362,1704042924726167039,500,http://172.169.8.253:31112/function/opt-66b-submod-0-latency-25.cdgp
1704042915142829175,1704042922529238063,200,http://172.169.8.253:31112/function/opt-66b-submod-0-latency-25.cdgp
1704042915142925120,1704042917326023362,200,http://172.169.8.253:31112/function/opt-66b-submod-0-latency-25.cdgp
1704042915142994812,1704042924098937024,200,http://172.169.8.253:31112/function/opt-66b-submod-0-latency-25.cdgp
1704042915143013815,1704042917342574443,200,http://172.169.8.253:31112/function/opt-66b-submod-0-latency-25.cdgp
1704042915143046545,1704042917766996144,200,http://172.169.8.253:31112/function/opt-66b-submod-0-latency-25.cdgp
1704042915143125886,1704042917746014862,200,http://172.169.8.253:31112/function/opt-66b-submod-0-latency-25.cdgp
1704042915143205072,1704042924798823620,500,http://172.169.8.253:31112/function/opt-66b-submod-0-latency-25.cdgp
1704042918816586963,1704042927652702572,500,http://172.169.8.253:31112/function/opt-66b-submod-0-latency-25.cdgp
1704042918816766353,1704042923506424578,200,http://172.169.8.253:31112/function/opt-66b-submod-0-latency-25.cdgp
1704042918816883368,1704042928120251041,500,http://172.169.8.253:31112/function/opt-66b-submod-0-latency-25.cdgp
1704042918823144993,1704042924223379177,200,http://172.169.8.253:31112/function/opt-66b-submod-0-latency-25.cdgp
1704042918823301365,1704042924223129586,200,http://172.169.8.253:31112/function/opt-66b-submod-0-latency-25.cdgp
1704042918823414326,1704042927838769857,500,http://172.169.8.253:31112/function/opt-66b-submod-0-latency-25.cdgp
1704042918823521170,1704042922546163636,200,http://172.169.8.253:31112/function/opt-66b-submod-0-latency-25.cdgp
1704042918823597732,1704042927654494744,500,http://172.169.8.253:31112/function/opt-66b-submod-0-latency-25.cdgp
1704042918823733785,1704042927837919244,500,http://172.169.8.253:31112/function/opt-66b-submod-0-latency-25.cdgp
1704042918823793680,1704042928814039485,500,http://172.169.8.253:31112/function/opt-66b-submod-0-latency-25.cdgp
1704042918823851665,1704042922783490408,200,http://172.169.8.253:31112/function/opt-66b-submod-0-latency-25.cdgp
1704042918823930853,1704042922559426183,200,http://172.169.8.253:31112/function/opt-66b-submod-0-latency-25.cdgp
1704042918824015289,1704042928240576568,500,http://172.169.8.253:31112/function/opt-66b-submod-0-latency-25.cdgp
1704042918824053582,1704042922785798805,200,http://172.169.8.253:31112/function/opt-66b-submod-0-latency-25.cdgp
1704042918824098918,1704042927838916220,500,http://172.169.8.253:31112/function/opt-66b-submod-0-latency-25.cdgp
1704042918824175704,1704042927957452166,500,http://172.169.8.253:31112/function/opt-66b-submod-0-latency-25.cdgp
1704042918824248258,1704042927653932763,500,http://172.169.8.253:31112/function/opt-66b-submod-0-latency-25.cdgp
1704042918824327379,1704042925273168863,200,http://172.169.8.253:31112/function/opt-66b-submod-0-latency-25.cdgp
1704042918824375801,1704042924101758876,200,http://172.169.8.253:31112/function/opt-66b-submod-0-latency-25.cdgp
1704042918824456504,1704042923506599906,200,http://172.169.8.253:31112/function/opt-66b-submod-0-latency-25.cdgp
1704042918846431527,1704042923707460320,200,http://172.169.8.253:31112/function/opt-66b-submod-0-latency-25.cdgp
1704042918846523581,1704042928098556737,504,http://172.169.8.253:31112/function/opt-66b-submod-0-latency-25.cdgp
1704042918846611910,1704042925278764006,200,http://172.169.8.253:31112/function/opt-66b-submod-0-latency-25.cdgp
1704042918846678126,1704042928767277901,500,http://172.169.8.253:31112/function/opt-66b-submod-0-latency-25.cdgp
1704042918846742400,1704042925277799631,200,http://172.169.8.253:31112/function/opt-66b-submod-0-latency-25.cdgp
1704042918846763015,1704042925280780051,200,http://172.169.8.253:31112/function/opt-66b-submod-0-latency-25.cdgp
1704042918846836008,1704042928600662150,500,http://172.169.8.253:31112/function/opt-66b-submod-0-latency-25.cdgp
1704042918846913943,1704042921980740463,200,http://172.169.8.253:31112/function/opt-66b-submod-0-latency-25.cdgp
1704042918846978659,1704042923476260581,200,http://172.169.8.253:31112/function/opt-66b-submod-0-latency-25.cdgp
1704042918889054539,1704042921947693429,200,http://172.169.8.253:31112/function/opt-66b-submod-0-latency-25.cdgp
1704042918889140006,1704042928699788557,500,http://172.169.8.253:31112/function/opt-66b-submod-0-latency-25.cdgp
1704042918889300976,1704042925278037228,200,http://172.169.8.253:31112/function/opt-66b-submod-0-latency-25.cdgp
1704042918889366035,1704042927837541660,500,http://172.169.8.253:31112/function/opt-66b-submod-0-latency-25.cdgp
1704042918889423951,1704042923745499202,200,http://172.169.8.253:31112/function/opt-66b-submod-0-latency-25.cdgp
1704042918889458227,1704042924223612801,200,http://172.169.8.253:31112/function/opt-66b-submod-0-latency-25.cdgp
1704042918889524100,1704042925287306233,200,http://172.169.8.253:31112/function/opt-66b-submod-0-latency-25.cdgp
1704042918889597108,1704042928889835877,500,http://172.169.8.253:31112/function/opt-66b-submod-0-latency-25.cdgp
1704042918889635466,1704042927838768994,500,http://172.169.8.253:31112/function/opt-66b-submod-0-latency-25.cdgp
1704042918889704536,1704042928360405371,500,http://172.169.8.253:31112/function/opt-66b-submod-0-latency-25.cdgp
1704042918889747997,1704042924223245333,200,http://172.169.8.253:31112/function/opt-66b-submod-0-latency-25.cdgp
1704042918889818179,1704042928889966567,500,http://172.169.8.253:31112/function/opt-66b-submod-0-latency-25.cdgp
1704042918897200756,1704042928897710682,500,http://172.169.8.253:31112/function/opt-66b-submod-0-latency-25.cdgp
1704042918897254621,1704042928897693835,500,http://172.169.8.253:31112/function/opt-66b-submod-0-latency-25.cdgp
1704042918898483279,1704042928832915016,500,http://172.169.8.253:31112/function/opt-66b-submod-0-latency-25.cdgp
1704042918898689269,1704042928898970504,500,http://172.169.8.253:31112/function/opt-66b-submod-0-latency-25.cdgp
1704042918898764772,1704042923707742013,200,http://172.169.8.253:31112/function/opt-66b-submod-0-latency-25.cdgp
1704042918898864742,1704042928899103707,500,http://172.169.8.253:31112/function/opt-66b-submod-0-latency-25.cdgp
1704042918898925764,1704042928699680215,500,http://172.169.8.253:31112/function/opt-66b-submod-0-latency-25.cdgp
1704042918898970339,1704042928600667022,500,http://172.169.8.253:31112/function/opt-66b-submod-0-latency-25.cdgp
1704042918899041335,1704042922554830463,200,http://172.169.8.253:31112/function/opt-66b-submod-0-latency-25.cdgp
1704042918899068553,1704042928899190185,500,http://172.169.8.253:31112/function/opt-66b-submod-0-latency-25.cdgp
1704042918899113251,1704042928899248392,500,http://172.169.8.253:31112/function/opt-66b-submod-0-latency-25.cdgp
1704042918899162775,1704042925283801206,200,http://172.169.8.253:31112/function/opt-66b-submod-0-latency-25.cdgp
1704042918899230061,1704042922529591421,200,http://172.169.8.253:31112/function/opt-66b-submod-0-latency-25.cdgp
1704042918899280672,1704042928900106976,500,http://172.169.8.253:31112/function/opt-66b-submod-0-latency-25.cdgp
1704042918899351246,1704042926734384428,200,http://172.169.8.253:31112/function/opt-66b-submod-0-latency-25.cdgp
1704042918899381347,1704042928900198658,500,http://172.169.8.253:31112/function/opt-66b-submod-0-latency-25.cdgp
1704042918899467942,1704042927883857725,500,http://172.169.8.253:31112/function/opt-66b-submod-0-latency-25.cdgp
1704042918899491830,1704042923476330966,200,http://172.169.8.253:31112/function/opt-66b-submod-0-latency-25.cdgp
1704042918899586385,1704042925332570591,200,http://172.169.8.253:31112/function/opt-66b-submod-0-latency-25.cdgp
1704042918899621923,1704042928699060368,500,http://172.169.8.253:31112/function/opt-66b-submod-0-latency-25.cdgp
1704042918899699092,1704042928900112621,500,http://172.169.8.253:31112/function/opt-66b-submod-0-latency-25.cdgp
1704042918899754961,1704042924754412996,200,http://172.169.8.253:31112/function/opt-66b-submod-0-latency-25.cdgp
1704042918913841754,1704042923707443265,200,http://172.169.8.253:31112/function/opt-66b-submod-0-latency-25.cdgp
1704042918913906877,1704042925284675666,200,http://172.169.8.253:31112/function/opt-66b-submod-0-latency-25.cdgp
1704042918913953772,1704042928914343387,500,http://172.169.8.253:31112/function/opt-66b-submod-0-latency-25.cdgp
1704042918914005813,1704042925285579356,200,http://172.169.8.253:31112/function/opt-66b-submod-0-latency-25.cdgp
1704042918914125901,1704042922780983209,200,http://172.169.8.253:31112/function/opt-66b-submod-0-latency-25.cdgp
1704042918914192763,1704042925282188793,200,http://172.169.8.253:31112/function/opt-66b-submod-0-latency-25.cdgp
1704042918914249131,1704042927838323553,500,http://172.169.8.253:31112/function/opt-66b-submod-0-latency-25.cdgp
1704042918914313289,1704042928914435308,500,http://172.169.8.253:31112/function/opt-66b-submod-0-latency-25.cdgp
1704042918915987032,1704042928360247353,500,http://172.169.8.253:31112/function/opt-66b-submod-0-latency-25.cdgp
1704042918916078946,1704042923505625034,200,http://172.169.8.253:31112/function/opt-66b-submod-0-latency-25.cdgp
1704042918916169925,1704042925274652925,200,http://172.169.8.253:31112/function/opt-66b-submod-0-latency-25.cdgp
1704042918916234929,1704042925277812845,200,http://172.169.8.253:31112/function/opt-66b-submod-0-latency-25.cdgp
1704042918916328848,1704042928916942371,500,http://172.169.8.253:31112/function/opt-66b-submod-0-latency-25.cdgp
1704042918916410858,1704042928916853913,500,http://172.169.8.253:31112/function/opt-66b-submod-0-latency-25.cdgp
1704042918916471462,1704042928602146505,500,http://172.169.8.253:31112/function/opt-66b-submod-0-latency-25.cdgp
1704042918927447130,1704042928928236672,500,http://172.169.8.253:31112/function/opt-66b-submod-0-latency-25.cdgp
1704042918927527571,1704042928767696249,500,http://172.169.8.253:31112/function/opt-66b-submod-0-latency-25.cdgp
1704042918927606184,1704042928928252514,500,http://172.169.8.253:31112/function/opt-66b-submod-0-latency-25.cdgp
1704042918927723345,1704042928928084601,500,http://172.169.8.253:31112/function/opt-66b-submod-0-latency-25.cdgp
1704042918927766207,1704042923548342541,200,http://172.169.8.253:31112/function/opt-66b-submod-0-latency-25.cdgp
1704042918927865021,1704042923706861626,200,http://172.169.8.253:31112/function/opt-66b-submod-0-latency-25.cdgp
1704042918927923971,1704042928928263126,500,http://172.169.8.253:31112/function/opt-66b-submod-0-latency-25.cdgp
1704042918932453051,1704042928933947792,500,http://172.169.8.253:31112/function/opt-66b-submod-0-latency-25.cdgp
1704042918932538859,1704042928933959691,500,http://172.169.8.253:31112/function/opt-66b-submod-0-latency-25.cdgp
1704042918932639380,1704042928933976146,500,http://172.169.8.253:31112/function/opt-66b-submod-0-latency-25.cdgp
1704042918932725755,1704042928933621762,500,http://172.169.8.253:31112/function/opt-66b-submod-0-latency-25.cdgp
1704042918932849316,1704042928885498429,500,http://172.169.8.253:31112/function/opt-66b-submod-0-latency-25.cdgp
1704042918932880925,1704042928933964894,500,http://172.169.8.253:31112/function/opt-66b-submod-0-latency-25.cdgp
1704042918932994818,1704042923706834583,200,http://172.169.8.253:31112/function/opt-66b-submod-0-latency-25.cdgp
1704042918933034131,1704042928883301943,500,http://172.169.8.253:31112/function/opt-66b-submod-0-latency-25.cdgp
1704042918933116113,1704042922786445743,200,http://172.169.8.253:31112/function/opt-66b-submod-0-latency-25.cdgp
1704042918933207346,1704042923476259060,200,http://172.169.8.253:31112/function/opt-66b-submod-0-latency-25.cdgp
1704042918933286605,1704042928601474297,500,http://172.169.8.253:31112/function/opt-66b-submod-0-latency-25.cdgp
1704042918933374926,1704042928933979304,500,http://172.169.8.253:31112/function/opt-66b-submod-0-latency-25.cdgp
1704042918933462471,1704042928933638144,500,http://172.169.8.253:31112/function/opt-66b-submod-0-latency-25.cdgp
1704042918933537351,1704042923548205058,200,http://172.169.8.253:31112/function/opt-66b-submod-0-latency-25.cdgp
1704042918933611682,1704042927839704543,500,http://172.169.8.253:31112/function/opt-66b-submod-0-latency-25.cdgp
1704042918933644778,1704042923706848946,200,http://172.169.8.253:31112/function/opt-66b-submod-0-latency-25.cdgp
1704042918933697033,1704042923706829358,200,http://172.169.8.253:31112/function/opt-66b-submod-0-latency-25.cdgp
1704042918933777121,1704042928933954277,500,http://172.169.8.253:31112/function/opt-66b-submod-0-latency-25.cdgp
1704042918933860648,1704042924223258608,200,http://172.169.8.253:31112/function/opt-66b-submod-0-latency-25.cdgp
1704042918933948603,1704042928897486394,500,http://172.169.8.253:31112/function/opt-66b-submod-0-latency-25.cdgp
1704042918934023929,1704042928934731907,500,http://172.169.8.253:31112/function/opt-66b-submod-0-latency-25.cdgp
1704042918934109523,1704042928600924345,500,http://172.169.8.253:31112/function/opt-66b-submod-0-latency-25.cdgp
1704042918934146530,1704042925279599910,200,http://172.169.8.253:31112/function/opt-66b-submod-0-latency-25.cdgp
1704042918934248847,1704042923475350271,200,http://172.169.8.253:31112/function/opt-66b-submod-0-latency-25.cdgp
1704042918934320429,1704042927828424327,500,http://172.169.8.253:31112/function/opt-66b-submod-0-latency-25.cdgp
1704042918934347844,1704042923747323182,200,http://172.169.8.253:31112/function/opt-66b-submod-0-latency-25.cdgp
1704042918934414984,1704042928934729330,500,http://172.169.8.253:31112/function/opt-66b-submod-0-latency-25.cdgp
1704042918934535386,1704042928934739655,500,http://172.169.8.253:31112/function/opt-66b-submod-0-latency-25.cdgp
1704042918934609341,1704042928601073733,500,http://172.169.8.253:31112/function/opt-66b-submod-0-latency-25.cdgp
1704042918934682719,1704042925666851824,200,http://172.169.8.253:31112/function/opt-66b-submod-0-latency-25.cdgp
1704042918934759900,1704042928935976158,500,http://172.169.8.253:31112/function/opt-66b-submod-0-latency-25.cdgp
1704042918934822680,1704042928935802153,500,http://172.169.8.253:31112/function/opt-66b-submod-0-latency-25.cdgp
1704042918934913065,1704042925660062269,200,http://172.169.8.253:31112/function/opt-66b-submod-0-latency-25.cdgp
1704042918934993105,1704042923475808815,200,http://172.169.8.253:31112/function/opt-66b-submod-0-latency-25.cdgp
1704042918935093415,1704042928935865386,500,http://172.169.8.253:31112/function/opt-66b-submod-0-latency-25.cdgp
1704042918935173483,1704042923511375084,200,http://172.169.8.253:31112/function/opt-66b-submod-0-latency-25.cdgp
1704042918935268934,1704042928935857952,500,http://172.169.8.253:31112/function/opt-66b-submod-0-latency-25.cdgp
1704042918935361149,1704042928935980947,500,http://172.169.8.253:31112/function/opt-66b-submod-0-latency-25.cdgp
1704042918935465014,1704042928897872209,500,http://172.169.8.253:31112/function/opt-66b-submod-0-latency-25.cdgp
1704042918935517747,1704042928774403382,500,http://172.169.8.253:31112/function/opt-66b-submod-0-latency-25.cdgp
1704042919119398100,1704042929120164000,500,http://172.169.8.253:31112/function/opt-66b-submod-0-latency-25.cdgp
1704042919119530134,1704042929120149519,500,http://172.169.8.253:31112/function/opt-66b-submod-0-latency-25.cdgp
1704042919130581704,1704042929131752656,500,http://172.169.8.253:31112/function/opt-66b-submod-0-latency-25.cdgp
1704042919130665367,1704042928926855477,500,http://172.169.8.253:31112/function/opt-66b-submod-0-latency-25.cdgp
1704042919130781960,1704042929131485719,500,http://172.169.8.253:31112/function/opt-66b-submod-0-latency-25.cdgp
1704042919130854557,1704042928870656148,500,http://172.169.8.253:31112/function/opt-66b-submod-0-latency-25.cdgp
1704042919130926726,1704042929131675264,500,http://172.169.8.253:31112/function/opt-66b-submod-0-latency-25.cdgp
1704042919131023295,1704042929131682458,500,http://172.169.8.253:31112/function/opt-66b-submod-0-latency-25.cdgp
1704042919131063140,1704042929131485529,500,http://172.169.8.253:31112/function/opt-66b-submod-0-latency-25.cdgp
1704042919131098171,1704042928915687923,500,http://172.169.8.253:31112/function/opt-66b-submod-0-latency-25.cdgp
1704042919131115849,1704042925333408592,200,http://172.169.8.253:31112/function/opt-66b-submod-0-latency-25.cdgp
1704042919131172940,1704042925280303240,200,http://172.169.8.253:31112/function/opt-66b-submod-0-latency-25.cdgp
1704042919131229573,1704042923475788502,200,http://172.169.8.253:31112/function/opt-66b-submod-0-latency-25.cdgp
1704042919131304898,1704042925328920156,200,http://172.169.8.253:31112/function/opt-66b-submod-0-latency-25.cdgp
1704042919131383913,1704042925329330818,200,http://172.169.8.253:31112/function/opt-66b-submod-0-latency-25.cdgp
1704042919131416921,1704042929131679184,500,http://172.169.8.253:31112/function/opt-66b-submod-0-latency-25.cdgp
1704042919131483776,1704042929131774631,500,http://172.169.8.253:31112/function/opt-66b-submod-0-latency-25.cdgp
1704042919131537585,1704042929131882069,500,http://172.169.8.253:31112/function/opt-66b-submod-0-latency-25.cdgp
1704042919131604479,1704042928229621708,500,http://172.169.8.253:31112/function/opt-66b-submod-0-latency-25.cdgp
1704042919131654661,1704042922783607849,200,http://172.169.8.253:31112/function/opt-66b-submod-0-latency-25.cdgp
1704042919131789956,1704042929132023217,500,http://172.169.8.253:31112/function/opt-66b-submod-0-latency-25.cdgp
1704042919131861233,1704042923506408863,200,http://172.169.8.253:31112/function/opt-66b-submod-0-latency-25.cdgp
1704042919131950794,1704042925366667882,200,http://172.169.8.253:31112/function/opt-66b-submod-0-latency-25.cdgp
1704042919132010195,1704042928601455588,500,http://172.169.8.253:31112/function/opt-66b-submod-0-latency-25.cdgp
1704042919132089470,1704042929132179545,500,http://172.169.8.253:31112/function/opt-66b-submod-0-latency-25.cdgp
1704042919132187040,1704042929132278669,500,http://172.169.8.253:31112/function/opt-66b-submod-0-latency-25.cdgp
1704042919132273865,1704042929132541836,500,http://172.169.8.253:31112/function/opt-66b-submod-0-latency-25.cdgp
1704042919132325381,1704042928960595681,500,http://172.169.8.253:31112/function/opt-66b-submod-0-latency-25.cdgp
1704042919132383668,1704042925288723522,200,http://172.169.8.253:31112/function/opt-66b-submod-0-latency-25.cdgp
1704042919132421165,1704042928931073821,500,http://172.169.8.253:31112/function/opt-66b-submod-0-latency-25.cdgp
1704042919132512652,1704042929132655019,500,http://172.169.8.253:31112/function/opt-66b-submod-0-latency-25.cdgp
1704042919132635206,1704042929132763963,500,http://172.169.8.253:31112/function/opt-66b-submod-0-latency-25.cdgp
1704042919132703971,1704042925365424488,200,http://172.169.8.253:31112/function/opt-66b-submod-0-latency-25.cdgp
1704042919132817808,1704042929132996193,500,http://172.169.8.253:31112/function/opt-66b-submod-0-latency-25.cdgp
1704042919132858043,1704042922781648198,200,http://172.169.8.253:31112/function/opt-66b-submod-0-latency-25.cdgp
1704042919132943543,1704042929133105301,500,http://172.169.8.253:31112/function/opt-66b-submod-0-latency-25.cdgp
1704042919273830879,1704042929274800020,500,http://172.169.8.253:31112/function/opt-66b-submod-0-latency-25.cdgp
1704042919273917810,1704042929274464142,500,http://172.169.8.253:31112/function/opt-66b-submod-0-latency-25.cdgp
1704042919274006748,1704042929274794041,500,http://172.169.8.253:31112/function/opt-66b-submod-0-latency-25.cdgp
1704042919274064585,1704042925333282124,200,http://172.169.8.253:31112/function/opt-66b-submod-0-latency-25.cdgp
1704042919274131003,1704042929274785546,500,http://172.169.8.253:31112/function/opt-66b-submod-0-latency-25.cdgp
1704042919274162682,1704042925367644648,200,http://172.169.8.253:31112/function/opt-66b-submod-0-latency-25.cdgp
1704042919274253612,1704042929274482885,500,http://172.169.8.253:31112/function/opt-66b-submod-0-latency-25.cdgp
1704042919274321882,1704042929274703696,500,http://172.169.8.253:31112/function/opt-66b-submod-0-latency-25.cdgp
1704042919274418913,1704042929274912659,500,http://172.169.8.253:31112/function/opt-66b-submod-0-latency-25.cdgp
1704042919274519386,1704042923706819875,200,http://172.169.8.253:31112/function/opt-66b-submod-0-latency-25.cdgp
1704042919274579771,1704042923746912650,200,http://172.169.8.253:31112/function/opt-66b-submod-0-latency-25.cdgp
1704042919274644578,1704042929274785895,500,http://172.169.8.253:31112/function/opt-66b-submod-0-latency-25.cdgp
1704042919274667662,1704042929275153442,500,http://172.169.8.253:31112/function/opt-66b-submod-0-latency-25.cdgp
1704042919274731547,1704042926733683938,200,http://172.169.8.253:31112/function/opt-66b-submod-0-latency-25.cdgp
1704042919274817328,1704042929275215579,500,http://172.169.8.253:31112/function/opt-66b-submod-0-latency-25.cdgp
1704042919274874194,1704042929275161890,500,http://172.169.8.253:31112/function/opt-66b-submod-0-latency-25.cdgp
1704042919274927911,1704042929275371714,500,http://172.169.8.253:31112/function/opt-66b-submod-0-latency-25.cdgp
1704042919274995576,1704042929275350398,500,http://172.169.8.253:31112/function/opt-66b-submod-0-latency-25.cdgp
1704042919275058119,1704042929275366818,500,http://172.169.8.253:31112/function/opt-66b-submod-0-latency-25.cdgp
1704042919275123614,1704042929275360124,500,http://172.169.8.253:31112/function/opt-66b-submod-0-latency-25.cdgp
1704042919275166123,1704042929275835088,500,http://172.169.8.253:31112/function/opt-66b-submod-0-latency-25.cdgp
1704042919275214839,1704042929275823193,500,http://172.169.8.253:31112/function/opt-66b-submod-0-latency-25.cdgp
1704042919275253344,1704042929275830869,500,http://172.169.8.253:31112/function/opt-66b-submod-0-latency-25.cdgp
1704042919275290173,1704042929275811841,500,http://172.169.8.253:31112/function/opt-66b-submod-0-latency-25.cdgp
1704042919275365131,1704042929275829100,500,http://172.169.8.253:31112/function/opt-66b-submod-0-latency-25.cdgp
1704042919275454692,1704042929275988935,500,http://172.169.8.253:31112/function/opt-66b-submod-0-latency-25.cdgp
1704042919275526422,1704042929276128166,500,http://172.169.8.253:31112/function/opt-66b-submod-0-latency-25.cdgp
1704042919275546173,1704042929276310230,500,http://172.169.8.253:31112/function/opt-66b-submod-0-latency-25.cdgp
1704042919275610474,1704042929276143594,500,http://172.169.8.253:31112/function/opt-66b-submod-0-latency-25.cdgp
1704042919275659069,1704042929276328884,500,http://172.169.8.253:31112/function/opt-66b-submod-0-latency-25.cdgp
1704042919275728417,1704042929276323136,500,http://172.169.8.253:31112/function/opt-66b-submod-0-latency-25.cdgp
1704042919275746794,1704042929276001483,500,http://172.169.8.253:31112/function/opt-66b-submod-0-latency-25.cdgp
1704042919275813495,1704042929276338284,500,http://172.169.8.253:31112/function/opt-66b-submod-0-latency-25.cdgp
1704042919276356917,1704042929277292713,500,http://172.169.8.253:31112/function/opt-66b-submod-0-latency-25.cdgp
1704042919276443262,1704042929277265842,500,http://172.169.8.253:31112/function/opt-66b-submod-0-latency-25.cdgp
1704042919276526533,1704042929276813308,500,http://172.169.8.253:31112/function/opt-66b-submod-0-latency-25.cdgp
1704042919276628494,1704042929276960735,500,http://172.169.8.253:31112/function/opt-66b-submod-0-latency-25.cdgp
1704042919276702373,1704042929276910848,500,http://172.169.8.253:31112/function/opt-66b-submod-0-latency-25.cdgp
1704042919276761279,1704042926743838889,200,http://172.169.8.253:31112/function/opt-66b-submod-0-latency-25.cdgp
1704042919276819588,1704042929277303699,500,http://172.169.8.253:31112/function/opt-66b-submod-0-latency-25.cdgp
1704042919276918625,1704042929277301238,500,http://172.169.8.253:31112/function/opt-66b-submod-0-latency-25.cdgp
1704042919276999146,1704042928870659567,500,http://172.169.8.253:31112/function/opt-66b-submod-0-latency-25.cdgp
1704042919277097265,1704042929277314165,500,http://172.169.8.253:31112/function/opt-66b-submod-0-latency-25.cdgp
1704042919277170595,1704042929277280473,500,http://172.169.8.253:31112/function/opt-66b-submod-0-latency-25.cdgp
1704042919277255327,1704042929277397170,500,http://172.169.8.253:31112/function/opt-66b-submod-0-latency-25.cdgp
1704042919277334066,1704042929277443803,500,http://172.169.8.253:31112/function/opt-66b-submod-0-latency-25.cdgp
1704042919277408881,1704042926001409263,200,http://172.169.8.253:31112/function/opt-66b-submod-0-latency-25.cdgp
1704042919277492690,1704042929278212611,500,http://172.169.8.253:31112/function/opt-66b-submod-0-latency-25.cdgp
1704042919277555140,1704042929278242599,500,http://172.169.8.253:31112/function/opt-66b-submod-0-latency-25.cdgp
1704042919277628465,1704042929278245104,500,http://172.169.8.253:31112/function/opt-66b-submod-0-latency-25.cdgp
1704042919277699940,1704042929278229742,500,http://172.169.8.253:31112/function/opt-66b-submod-0-latency-25.cdgp
1704042919277782339,1704042924276221538,200,http://172.169.8.253:31112/function/opt-66b-submod-0-latency-25.cdgp
1704042919331991723,1704042929332614004,500,http://172.169.8.253:31112/function/opt-66b-submod-0-latency-25.cdgp
1704042919332103138,1704042929332601130,500,http://172.169.8.253:31112/function/opt-66b-submod-0-latency-25.cdgp
1704042919332208048,1704042929332602528,500,http://172.169.8.253:31112/function/opt-66b-submod-0-latency-25.cdgp
1704042919333038483,1704042925325537463,200,http://172.169.8.253:31112/function/opt-66b-submod-0-latency-25.cdgp
1704042919333117795,1704042929334031188,500,http://172.169.8.253:31112/function/opt-66b-submod-0-latency-25.cdgp
1704042919333134590,1704042929334038647,500,http://172.169.8.253:31112/function/opt-66b-submod-0-latency-25.cdgp
1704042919333219217,1704042926734297994,200,http://172.169.8.253:31112/function/opt-66b-submod-0-latency-25.cdgp
1704042919333317127,1704042929333808882,500,http://172.169.8.253:31112/function/opt-66b-submod-0-latency-25.cdgp
1704042919333423784,1704042923475824287,200,http://172.169.8.253:31112/function/opt-66b-submod-0-latency-25.cdgp
1704042919333478858,1704042929334043681,500,http://172.169.8.253:31112/function/opt-66b-submod-0-latency-25.cdgp
1704042919333566205,1704042929333747848,500,http://172.169.8.253:31112/function/opt-66b-submod-0-latency-25.cdgp
1704042919333648895,1704042924223749171,200,http://172.169.8.253:31112/function/opt-66b-submod-0-latency-25.cdgp
1704042919333720689,1704042929334118841,500,http://172.169.8.253:31112/function/opt-66b-submod-0-latency-25.cdgp
1704042919333807282,1704042929334100384,500,http://172.169.8.253:31112/function/opt-66b-submod-0-latency-25.cdgp
1704042919333839330,1704042925410895719,200,http://172.169.8.253:31112/function/opt-66b-submod-0-latency-25.cdgp
1704042919365770281,1704042929367073135,500,http://172.169.8.253:31112/function/opt-66b-submod-0-latency-25.cdgp
1704042919365860272,1704042929366875455,500,http://172.169.8.253:31112/function/opt-66b-submod-0-latency-25.cdgp
1704042919366013557,1704042929367071978,500,http://172.169.8.253:31112/function/opt-66b-submod-0-latency-25.cdgp
1704042919366125698,1704042929366865267,500,http://172.169.8.253:31112/function/opt-66b-submod-0-latency-25.cdgp
1704042919367431958,1704042929367996433,500,http://172.169.8.253:31112/function/opt-66b-submod-0-latency-25.cdgp
1704042919367533218,1704042929368051322,500,http://172.169.8.253:31112/function/opt-66b-submod-0-latency-25.cdgp
1704042919401015642,1704042929402157961,500,http://172.169.8.253:31112/function/opt-66b-submod-0-latency-25.cdgp
1704042919401109444,1704042929402154799,500,http://172.169.8.253:31112/function/opt-66b-submod-0-latency-25.cdgp
1704042919401263369,1704042929402308910,500,http://172.169.8.253:31112/function/opt-66b-submod-0-latency-25.cdgp
1704042919401328424,1704042929402169669,500,http://172.169.8.253:31112/function/opt-66b-submod-0-latency-25.cdgp
1704042919401355806,1704042924343818997,200,http://172.169.8.253:31112/function/opt-66b-submod-0-latency-25.cdgp
1704042919445598566,1704042923745507396,200,http://172.169.8.253:31112/function/opt-66b-submod-0-latency-25.cdgp
1704042919445646003,1704042929445975093,500,http://172.169.8.253:31112/function/opt-66b-submod-0-latency-25.cdgp
1704042919445716145,1704042929445964577,500,http://172.169.8.253:31112/function/opt-66b-submod-0-latency-25.cdgp
1704042919445792705,1704042929446206467,500,http://172.169.8.253:31112/function/opt-66b-submod-0-latency-25.cdgp
1704042919445876633,1704042929446200886,500,http://172.169.8.253:31112/function/opt-66b-submod-0-latency-25.cdgp
1704042919445990320,1704042929446213491,500,http://172.169.8.253:31112/function/opt-66b-submod-0-latency-25.cdgp
1704042919446059132,1704042925326176984,200,http://172.169.8.253:31112/function/opt-66b-submod-0-latency-25.cdgp
1704042919446138302,1704042926744552883,200,http://172.169.8.253:31112/function/opt-66b-submod-0-latency-25.cdgp
1704042919446215503,1704042929447242864,500,http://172.169.8.253:31112/function/opt-66b-submod-0-latency-25.cdgp
1704042919490926605,1704042929491536070,500,http://172.169.8.253:31112/function/opt-66b-submod-0-latency-25.cdgp
1704042919491007641,1704042929491529558,500,http://172.169.8.253:31112/function/opt-66b-submod-0-latency-25.cdgp
1704042919835725609,1704042929818164365,500,http://172.169.8.253:31112/function/opt-66b-submod-0-latency-25.cdgp
1704042919835837998,1704042926744764541,200,http://172.169.8.253:31112/function/opt-66b-submod-0-latency-25.cdgp
1704042919851935736,1704042929853625273,500,http://172.169.8.253:31112/function/opt-66b-submod-0-latency-25.cdgp
1704042919852018684,1704042929817699616,500,http://172.169.8.253:31112/function/opt-66b-submod-0-latency-25.cdgp
1704042919852109937,1704042925368803674,200,http://172.169.8.253:31112/function/opt-66b-submod-0-latency-25.cdgp
1704042919852187850,1704042929853517714,500,http://172.169.8.253:31112/function/opt-66b-submod-0-latency-25.cdgp
1704042919852260598,1704042929818494978,500,http://172.169.8.253:31112/function/opt-66b-submod-0-latency-25.cdgp
1704042919852322651,1704042929817330334,500,http://172.169.8.253:31112/function/opt-66b-submod-0-latency-25.cdgp
1704042919852381340,1704042929854057822,500,http://172.169.8.253:31112/function/opt-66b-submod-0-latency-25.cdgp
1704042919852444215,1704042929853339965,500,http://172.169.8.253:31112/function/opt-66b-submod-0-latency-25.cdgp
1704042919852533059,1704042925369617215,200,http://172.169.8.253:31112/function/opt-66b-submod-0-latency-25.cdgp
1704042919852540611,1704042929853514480,500,http://172.169.8.253:31112/function/opt-66b-submod-0-latency-25.cdgp
1704042919852590672,1704042926744394830,200,http://172.169.8.253:31112/function/opt-66b-submod-0-latency-25.cdgp
1704042919852616280,1704042929853975050,500,http://172.169.8.253:31112/function/opt-66b-submod-0-latency-25.cdgp
1704042919852635917,1704042927605773288,200,http://172.169.8.253:31112/function/opt-66b-submod-0-latency-25.cdgp
1704042919852721232,1704042927607131236,200,http://172.169.8.253:31112/function/opt-66b-submod-0-latency-25.cdgp
1704042919852756357,1704042929854063370,500,http://172.169.8.253:31112/function/opt-66b-submod-0-latency-25.cdgp
1704042919852871925,1704042929854041521,500,http://172.169.8.253:31112/function/opt-66b-submod-0-latency-25.cdgp
1704042919852971564,1704042927651923311,200,http://172.169.8.253:31112/function/opt-66b-submod-0-latency-25.cdgp
1704042919853063236,1704042929854023465,500,http://172.169.8.253:31112/function/opt-66b-submod-0-latency-25.cdgp
1704042919853158346,1704042929853637592,500,http://172.169.8.253:31112/function/opt-66b-submod-0-latency-25.cdgp
1704042919853194464,1704042929853954356,500,http://172.169.8.253:31112/function/opt-66b-submod-0-latency-25.cdgp
1704042919853282302,1704042925366444988,200,http://172.169.8.253:31112/function/opt-66b-submod-0-latency-25.cdgp
1704042919853361625,1704042929854033136,500,http://172.169.8.253:31112/function/opt-66b-submod-0-latency-25.cdgp
1704042919853461727,1704042925364378666,200,http://172.169.8.253:31112/function/opt-66b-submod-0-latency-25.cdgp
1704042919853541471,1704042925368467415,200,http://172.169.8.253:31112/function/opt-66b-submod-0-latency-25.cdgp
1704042919853615642,1704042929854048694,500,http://172.169.8.253:31112/function/opt-66b-submod-0-latency-25.cdgp
1704042919853698858,1704042926892116575,200,http://172.169.8.253:31112/function/opt-66b-submod-0-latency-25.cdgp
1704042919853758979,1704042925350305415,200,http://172.169.8.253:31112/function/opt-66b-submod-0-latency-25.cdgp
1704042919853836713,1704042929853965421,500,http://172.169.8.253:31112/function/opt-66b-submod-0-latency-25.cdgp
1704042919853892502,1704042926744803031,200,http://172.169.8.253:31112/function/opt-66b-submod-0-latency-25.cdgp
1704042919853940596,1704042926744835681,200,http://172.169.8.253:31112/function/opt-66b-submod-0-latency-25.cdgp
1704042919853995331,1704042929854157852,500,http://172.169.8.253:31112/function/opt-66b-submod-0-latency-25.cdgp
1704042919854031920,1704042929854226322,500,http://172.169.8.253:31112/function/opt-66b-submod-0-latency-25.cdgp
1704042919854144243,1704042929854242303,500,http://172.169.8.253:31112/function/opt-66b-submod-0-latency-25.cdgp
1704042919854221808,1704042926734445485,200,http://172.169.8.253:31112/function/opt-66b-submod-0-latency-25.cdgp
1704042919854271600,1704042927606343714,200,http://172.169.8.253:31112/function/opt-66b-submod-0-latency-25.cdgp
1704042919854317484,1704042929854690081,500,http://172.169.8.253:31112/function/opt-66b-submod-0-latency-25.cdgp
1704042919854369223,1704042929854631774,500,http://172.169.8.253:31112/function/opt-66b-submod-0-latency-25.cdgp
1704042919854452576,1704042929854636856,500,http://172.169.8.253:31112/function/opt-66b-submod-0-latency-25.cdgp
1704042919854505547,1704042929854726025,500,http://172.169.8.253:31112/function/opt-66b-submod-0-latency-25.cdgp
1704042920095962180,1704042930096631956,500,http://172.169.8.253:31112/function/opt-66b-submod-0-latency-25.cdgp
1704042920096053418,1704042930096648148,500,http://172.169.8.253:31112/function/opt-66b-submod-0-latency-25.cdgp
1704042920099485697,1704042930100059080,500,http://172.169.8.253:31112/function/opt-66b-submod-0-latency-25.cdgp
1704042920099561501,1704042930100075169,500,http://172.169.8.253:31112/function/opt-66b-submod-0-latency-25.cdgp
1704042920099598141,1704042930100060441,500,http://172.169.8.253:31112/function/opt-66b-submod-0-latency-25.cdgp
1704042920099696169,1704042927168271101,200,http://172.169.8.253:31112/function/opt-66b-submod-0-latency-25.cdgp
1704042920105462400,1704042930107235927,500,http://172.169.8.253:31112/function/opt-66b-submod-0-latency-25.cdgp
1704042920105545171,1704042930106500747,500,http://172.169.8.253:31112/function/opt-66b-submod-0-latency-25.cdgp
1704042920105692107,1704042930107031554,500,http://172.169.8.253:31112/function/opt-66b-submod-0-latency-25.cdgp
1704042920105756609,1704042930107410470,500,http://172.169.8.253:31112/function/opt-66b-submod-0-latency-25.cdgp
1704042920105793521,1704042930107051372,500,http://172.169.8.253:31112/function/opt-66b-submod-0-latency-25.cdgp
1704042920105873020,1704042925364676075,200,http://172.169.8.253:31112/function/opt-66b-submod-0-latency-25.cdgp
1704042920105938546,1704042926733593189,200,http://172.169.8.253:31112/function/opt-66b-submod-0-latency-25.cdgp
1704042920106026972,1704042930106430691,500,http://172.169.8.253:31112/function/opt-66b-submod-0-latency-25.cdgp
1704042920106106240,1704042926892266319,200,http://172.169.8.253:31112/function/opt-66b-submod-0-latency-25.cdgp
1704042920106146902,1704042928550051102,200,http://172.169.8.253:31112/function/opt-66b-submod-0-latency-25.cdgp
1704042920106226365,1704042930107723268,500,http://172.169.8.253:31112/function/opt-66b-submod-0-latency-25.cdgp
1704042920106292965,1704042930107044417,500,http://172.169.8.253:31112/function/opt-66b-submod-0-latency-25.cdgp
1704042920106317945,1704042930107206548,500,http://172.169.8.253:31112/function/opt-66b-submod-0-latency-25.cdgp
1704042920106395555,1704042930107738432,500,http://172.169.8.253:31112/function/opt-66b-submod-0-latency-25.cdgp
1704042920106481603,1704042930107384893,500,http://172.169.8.253:31112/function/opt-66b-submod-0-latency-25.cdgp
1704042920106536546,1704042930107746873,500,http://172.169.8.253:31112/function/opt-66b-submod-0-latency-25.cdgp
1704042920106620885,1704042930107462315,500,http://172.169.8.253:31112/function/opt-66b-submod-0-latency-25.cdgp
1704042920106693781,1704042930106849357,500,http://172.169.8.253:31112/function/opt-66b-submod-0-latency-25.cdgp
1704042920106734939,1704042930107763076,500,http://172.169.8.253:31112/function/opt-66b-submod-0-latency-25.cdgp
1704042920106809909,1704042930107655331,500,http://172.169.8.253:31112/function/opt-66b-submod-0-latency-25.cdgp
1704042920106887790,1704042930107668552,500,http://172.169.8.253:31112/function/opt-66b-submod-0-latency-25.cdgp
1704042920106995918,1704042930107741586,500,http://172.169.8.253:31112/function/opt-66b-submod-0-latency-25.cdgp
1704042920107102207,1704042930107225574,500,http://172.169.8.253:31112/function/opt-66b-submod-0-latency-25.cdgp
1704042920107143023,1704042925924537234,200,http://172.169.8.253:31112/function/opt-66b-submod-0-latency-25.cdgp
1704042920107218950,1704042930107399024,500,http://172.169.8.253:31112/function/opt-66b-submod-0-latency-25.cdgp
1704042920107343998,1704042930107750461,500,http://172.169.8.253:31112/function/opt-66b-submod-0-latency-25.cdgp
1704042920153902221,1704042930155426273,500,http://172.169.8.253:31112/function/opt-66b-submod-0-latency-25.cdgp
1704042920153988986,1704042930155447942,500,http://172.169.8.253:31112/function/opt-66b-submod-0-latency-25.cdgp
1704042920154060798,1704042930155261093,500,http://172.169.8.253:31112/function/opt-66b-submod-0-latency-25.cdgp
1704042920154478486,1704042930155464609,500,http://172.169.8.253:31112/function/opt-66b-submod-0-latency-25.cdgp
1704042920154606816,1704042930155261631,500,http://172.169.8.253:31112/function/opt-66b-submod-0-latency-25.cdgp
1704042920154695671,1704042930155471918,500,http://172.169.8.253:31112/function/opt-66b-submod-0-latency-25.cdgp
1704042920154765602,1704042929335468326,200,http://172.169.8.253:31112/function/opt-66b-submod-0-latency-25.cdgp
1704042920154794117,1704042930155438846,500,http://172.169.8.253:31112/function/opt-66b-submod-0-latency-25.cdgp
1704042920154904534,1704042930155455697,500,http://172.169.8.253:31112/function/opt-66b-submod-0-latency-25.cdgp
1704042920168291886,1704042926893260962,200,http://172.169.8.253:31112/function/opt-66b-submod-0-latency-25.cdgp
1704042920168373518,1704042930169973653,500,http://172.169.8.253:31112/function/opt-66b-submod-0-latency-25.cdgp
1704042920168444947,1704042930169964842,500,http://172.169.8.253:31112/function/opt-66b-submod-0-latency-25.cdgp
1704042920168528301,1704042930170168180,500,http://172.169.8.253:31112/function/opt-66b-submod-0-latency-25.cdgp
1704042920168611828,1704042930169553700,500,http://172.169.8.253:31112/function/opt-66b-submod-0-latency-25.cdgp
1704042920168675921,1704042930170111182,500,http://172.169.8.253:31112/function/opt-66b-submod-0-latency-25.cdgp
1704042920168767649,1704042930170196701,500,http://172.169.8.253:31112/function/opt-66b-submod-0-latency-25.cdgp
1704042920168814073,1704042930169543153,500,http://172.169.8.253:31112/function/opt-66b-submod-0-latency-25.cdgp
1704042920168884993,1704042930170191016,500,http://172.169.8.253:31112/function/opt-66b-submod-0-latency-25.cdgp
1704042920168936317,1704042927606733070,200,http://172.169.8.253:31112/function/opt-66b-submod-0-latency-25.cdgp
1704042920169008924,1704042928550320020,200,http://172.169.8.253:31112/function/opt-66b-submod-0-latency-25.cdgp
1704042920169164047,1704042928360781928,200,http://172.169.8.253:31112/function/opt-66b-submod-0-latency-25.cdgp
1704042920169211855,1704042925367472729,200,http://172.169.8.253:31112/function/opt-66b-submod-0-latency-25.cdgp
1704042920169326693,1704042930170088441,500,http://172.169.8.253:31112/function/opt-66b-submod-0-latency-25.cdgp
1704042920169402269,1704042930170190995,500,http://172.169.8.253:31112/function/opt-66b-submod-0-latency-25.cdgp
1704042920169484417,1704042930170201749,500,http://172.169.8.253:31112/function/opt-66b-submod-0-latency-25.cdgp
1704042920169528635,1704042930170100382,500,http://172.169.8.253:31112/function/opt-66b-submod-0-latency-25.cdgp
1704042920169630753,1704042927541761815,200,http://172.169.8.253:31112/function/opt-66b-submod-0-latency-25.cdgp
1704042920169717528,1704042930170177623,500,http://172.169.8.253:31112/function/opt-66b-submod-0-latency-25.cdgp
1704042920169804588,1704042927337108506,200,http://172.169.8.253:31112/function/opt-66b-submod-0-latency-25.cdgp
1704042920178458270,1704042930179399166,500,http://172.169.8.253:31112/function/opt-66b-submod-0-latency-25.cdgp
1704042920178518792,1704042930179989607,500,http://172.169.8.253:31112/function/opt-66b-submod-0-latency-25.cdgp
1704042920178567016,1704042930180144188,500,http://172.169.8.253:31112/function/opt-66b-submod-0-latency-25.cdgp
1704042920178621658,1704042930179223478,500,http://172.169.8.253:31112/function/opt-66b-submod-0-latency-25.cdgp
1704042920178711513,1704042930180135270,500,http://172.169.8.253:31112/function/opt-66b-submod-0-latency-25.cdgp
1704042920178764959,1704042925701265470,200,http://172.169.8.253:31112/function/opt-66b-submod-0-latency-25.cdgp
1704042920178840408,1704042930179618162,500,http://172.169.8.253:31112/function/opt-66b-submod-0-latency-25.cdgp
1704042920178899381,1704042930179705780,500,http://172.169.8.253:31112/function/opt-66b-submod-0-latency-25.cdgp
1704042920178974038,1704042930179689394,500,http://172.169.8.253:31112/function/opt-66b-submod-0-latency-25.cdgp
1704042920179018680,1704042930179932111,500,http://172.169.8.253:31112/function/opt-66b-submod-0-latency-25.cdgp
1704042920179106787,1704042930179940081,500,http://172.169.8.253:31112/function/opt-66b-submod-0-latency-25.cdgp
1704042920179152118,1704042930179400007,500,http://172.169.8.253:31112/function/opt-66b-submod-0-latency-25.cdgp
1704042920179228697,1704042930180000640,500,http://172.169.8.253:31112/function/opt-66b-submod-0-latency-25.cdgp
1704042920179293165,1704042930180221397,500,http://172.169.8.253:31112/function/opt-66b-submod-0-latency-25.cdgp
1704042920179399609,1704042930180231507,500,http://172.169.8.253:31112/function/opt-66b-submod-0-latency-25.cdgp
1704042920179464498,1704042930180236986,500,http://172.169.8.253:31112/function/opt-66b-submod-0-latency-25.cdgp
1704042920179499725,1704042930179631855,500,http://172.169.8.253:31112/function/opt-66b-submod-0-latency-25.cdgp
1704042920179618276,1704042930180222503,500,http://172.169.8.253:31112/function/opt-66b-submod-0-latency-25.cdgp
1704042920179704684,1704042930180202978,500,http://172.169.8.253:31112/function/opt-66b-submod-0-latency-25.cdgp
1704042920179727049,1704042930180218751,500,http://172.169.8.253:31112/function/opt-66b-submod-0-latency-25.cdgp
1704042920179809155,1704042930179931564,500,http://172.169.8.253:31112/function/opt-66b-submod-0-latency-25.cdgp
1704042920179892942,1704042926733071972,200,http://172.169.8.253:31112/function/opt-66b-submod-0-latency-25.cdgp
1704042920210194734,1704042930210539595,500,http://172.169.8.253:31112/function/opt-66b-submod-0-latency-25.cdgp
1704042920210278795,1704042930210544488,500,http://172.169.8.253:31112/function/opt-66b-submod-0-latency-25.cdgp
1704042920210344415,1704042930210690822,500,http://172.169.8.253:31112/function/opt-66b-submod-0-latency-25.cdgp
1704042920210424762,1704042930210703933,500,http://172.169.8.253:31112/function/opt-66b-submod-0-latency-25.cdgp
1704042920210486139,1704042930210702830,500,http://172.169.8.253:31112/function/opt-66b-submod-0-latency-25.cdgp
1704042920311405819,1704042930312922522,500,http://172.169.8.253:31112/function/opt-66b-submod-0-latency-25.cdgp
1704042920311521793,1704042930312934551,500,http://172.169.8.253:31112/function/opt-66b-submod-0-latency-25.cdgp
1704042920311585872,1704042927653238448,200,http://172.169.8.253:31112/function/opt-66b-submod-0-latency-25.cdgp
1704042920311633255,1704042930312948438,500,http://172.169.8.253:31112/function/opt-66b-submod-0-latency-25.cdgp
1704042920311735270,1704042928697068077,200,http://172.169.8.253:31112/function/opt-66b-submod-0-latency-25.cdgp
1704042920311797709,1704042930312938320,500,http://172.169.8.253:31112/function/opt-66b-submod-0-latency-25.cdgp
1704042920311850312,1704042927652501599,200,http://172.169.8.253:31112/function/opt-66b-submod-0-latency-25.cdgp
1704042920311949807,1704042930312917069,500,http://172.169.8.253:31112/function/opt-66b-submod-0-latency-25.cdgp
1704042920312037869,1704042928767294281,200,http://172.169.8.253:31112/function/opt-66b-submod-0-latency-25.cdgp
1704042920312125655,1704042927166231722,200,http://172.169.8.253:31112/function/opt-66b-submod-0-latency-25.cdgp
1704042920349244544,1704042928601575410,200,http://172.169.8.253:31112/function/opt-66b-submod-0-latency-25.cdgp
1704042920349319893,1704042930350184528,500,http://172.169.8.253:31112/function/opt-66b-submod-0-latency-25.cdgp
1704042920349358920,1704042930350209059,500,http://172.169.8.253:31112/function/opt-66b-submod-0-latency-25.cdgp
1704042920630415787,1704042930415958701,500,http://172.169.8.253:31112/function/opt-66b-submod-0-latency-25.cdgp
1704042920630498246,1704042930416499622,500,http://172.169.8.253:31112/function/opt-66b-submod-0-latency-25.cdgp
1704042920630594189,1704042930631381810,500,http://172.169.8.253:31112/function/opt-66b-submod-0-latency-25.cdgp
1704042920630712532,1704042930631611965,500,http://172.169.8.253:31112/function/opt-66b-submod-0-latency-25.cdgp
1704042920630748765,1704042930415672651,500,http://172.169.8.253:31112/function/opt-66b-submod-0-latency-25.cdgp
1704042920630815992,1704042930631441703,500,http://172.169.8.253:31112/function/opt-66b-submod-0-latency-25.cdgp
1704042920630917058,1704042930414837515,500,http://172.169.8.253:31112/function/opt-66b-submod-0-latency-25.cdgp
1704042920631121587,1704042930631606916,500,http://172.169.8.253:31112/function/opt-66b-submod-0-latency-25.cdgp
1704042920775511932,1704042930776452451,500,http://172.169.8.253:31112/function/opt-66b-submod-0-latency-25.cdgp
1704042920775614990,1704042927606887435,200,http://172.169.8.253:31112/function/opt-66b-submod-0-latency-25.cdgp
1704042920775730687,1704042930597372432,500,http://172.169.8.253:31112/function/opt-66b-submod-0-latency-25.cdgp
1704042920775797719,1704042930776422797,500,http://172.169.8.253:31112/function/opt-66b-submod-0-latency-25.cdgp
1704042920776780404,1704042930777681552,500,http://172.169.8.253:31112/function/opt-66b-submod-0-latency-25.cdgp
1704042920776883387,1704042927094408757,200,http://172.169.8.253:31112/function/opt-66b-submod-0-latency-25.cdgp
1704042920776985297,1704042930777692783,500,http://172.169.8.253:31112/function/opt-66b-submod-0-latency-25.cdgp
1704042920777114960,1704042930777643436,500,http://172.169.8.253:31112/function/opt-66b-submod-0-latency-25.cdgp
1704042920777194283,1704042930597685397,500,http://172.169.8.253:31112/function/opt-66b-submod-0-latency-25.cdgp
1704042920777277815,1704042930777681031,500,http://172.169.8.253:31112/function/opt-66b-submod-0-latency-25.cdgp
1704042920777379905,1704042927300729871,200,http://172.169.8.253:31112/function/opt-66b-submod-0-latency-25.cdgp
1704042920777452067,1704042930597512972,500,http://172.169.8.253:31112/function/opt-66b-submod-0-latency-25.cdgp
1704042920777501886,1704042927094712345,200,http://172.169.8.253:31112/function/opt-66b-submod-0-latency-25.cdgp
1704042920777740280,1704042930597592674,500,http://172.169.8.253:31112/function/opt-66b-submod-0-latency-25.cdgp
1704042920777817083,1704042928868196759,200,http://172.169.8.253:31112/function/opt-66b-submod-0-latency-25.cdgp
1704042920777917765,1704042930598338869,500,http://172.169.8.253:31112/function/opt-66b-submod-0-latency-25.cdgp
1704042920777996718,1704042930779014395,500,http://172.169.8.253:31112/function/opt-66b-submod-0-latency-25.cdgp
1704042920778059856,1704042930778868293,500,http://172.169.8.253:31112/function/opt-66b-submod-0-latency-25.cdgp
1704042920778163083,1704042930598144281,500,http://172.169.8.253:31112/function/opt-66b-submod-0-latency-25.cdgp
1704042920778240200,1704042930778729183,500,http://172.169.8.253:31112/function/opt-66b-submod-0-latency-25.cdgp
1704042920778305755,1704042930778927877,500,http://172.169.8.253:31112/function/opt-66b-submod-0-latency-25.cdgp
1704042920778409724,1704042930598026506,500,http://172.169.8.253:31112/function/opt-66b-submod-0-latency-25.cdgp
1704042920778479648,1704042926376253579,200,http://172.169.8.253:31112/function/opt-66b-submod-0-latency-25.cdgp
1704042920778554357,1704042928698898510,200,http://172.169.8.253:31112/function/opt-66b-submod-0-latency-25.cdgp
1704042920778631438,1704042930778941791,500,http://172.169.8.253:31112/function/opt-66b-submod-0-latency-25.cdgp
1704042920778716566,1704042930597653397,500,http://172.169.8.253:31112/function/opt-66b-submod-0-latency-25.cdgp
1704042920778792175,1704042930779030582,500,http://172.169.8.253:31112/function/opt-66b-submod-0-latency-25.cdgp
1704042920778821602,1704042927653629448,200,http://172.169.8.253:31112/function/opt-66b-submod-0-latency-25.cdgp
1704042920778899362,1704042927606425582,200,http://172.169.8.253:31112/function/opt-66b-submod-0-latency-25.cdgp
1704042920778979699,1704042930779230076,500,http://172.169.8.253:31112/function/opt-66b-submod-0-latency-25.cdgp
1704042920779056901,1704042930598071699,500,http://172.169.8.253:31112/function/opt-66b-submod-0-latency-25.cdgp
1704042920779095447,1704042930598069791,500,http://172.169.8.253:31112/function/opt-66b-submod-0-latency-25.cdgp
1704042920779154001,1704042930598588663,500,http://172.169.8.253:31112/function/opt-66b-submod-0-latency-25.cdgp
1704042920779215809,1704042927605791046,200,http://172.169.8.253:31112/function/opt-66b-submod-0-latency-25.cdgp
1704042923175362149,1704042932434129125,500,http://172.169.8.253:31112/function/opt-66b-submod-0-latency-25.cdgp
1704042923175497984,1704042932577769615,500,http://172.169.8.253:31112/function/opt-66b-submod-0-latency-25.cdgp
1704042923175539596,1704042927653894069,200,http://172.169.8.253:31112/function/opt-66b-submod-0-latency-25.cdgp
1704042923175686602,1704042932539549033,500,http://172.169.8.253:31112/function/opt-66b-submod-0-latency-25.cdgp
1704042923175755232,1704042928380386501,200,http://172.169.8.253:31112/function/opt-66b-submod-0-latency-25.cdgp
1704042923175845013,1704042932682385243,500,http://172.169.8.253:31112/function/opt-66b-submod-0-latency-25.cdgp
1704042923175949336,1704042927098429875,200,http://172.169.8.253:31112/function/opt-66b-submod-0-latency-25.cdgp
1704042923176038832,1704042932241390776,500,http://172.169.8.253:31112/function/opt-66b-submod-0-latency-25.cdgp
1704042923176120136,1704042932717482421,500,http://172.169.8.253:31112/function/opt-66b-submod-0-latency-25.cdgp
1704042923176161244,1704042932519986432,500,http://172.169.8.253:31112/function/opt-66b-submod-0-latency-25.cdgp
1704042923176248242,1704042930371658457,200,http://172.169.8.253:31112/function/opt-66b-submod-0-latency-25.cdgp
1704042923176323034,1704042928601482974,200,http://172.169.8.253:31112/function/opt-66b-submod-0-latency-25.cdgp
1704042923176379184,1704042928601491292,200,http://172.169.8.253:31112/function/opt-66b-submod-0-latency-25.cdgp
1704042923176470217,1704042932550782800,500,http://172.169.8.253:31112/function/opt-66b-submod-0-latency-25.cdgp
1704042923176560573,1704042932571864018,500,http://172.169.8.253:31112/function/opt-66b-submod-0-latency-25.cdgp
1704042923176625007,1704042932712921446,500,http://172.169.8.253:31112/function/opt-66b-submod-0-latency-25.cdgp
1704042923176722975,1704042927958324745,200,http://172.169.8.253:31112/function/opt-66b-submod-0-latency-25.cdgp
1704042923176787726,1704042932685927616,500,http://172.169.8.253:31112/function/opt-66b-submod-0-latency-25.cdgp
1704042923176849573,1704042932684394648,500,http://172.169.8.253:31112/function/opt-66b-submod-0-latency-25.cdgp
1704042923176924738,1704042931207942167,200,http://172.169.8.253:31112/function/opt-66b-submod-0-latency-25.cdgp
1704042923176995025,1704042932716140627,500,http://172.169.8.253:31112/function/opt-66b-submod-0-latency-25.cdgp
1704042923177069519,1704042933018574544,500,http://172.169.8.253:31112/function/opt-66b-submod-0-latency-25.cdgp
1704042923177151507,1704042932573615233,500,http://172.169.8.253:31112/function/opt-66b-submod-0-latency-25.cdgp
1704042923177235692,1704042932576208411,500,http://172.169.8.253:31112/function/opt-66b-submod-0-latency-25.cdgp
1704042923177311343,1704042930854672445,200,http://172.169.8.253:31112/function/opt-66b-submod-0-latency-25.cdgp
1704042923177390286,1704042928550295039,200,http://172.169.8.253:31112/function/opt-66b-submod-0-latency-25.cdgp
1704042923177455423,1704042932581174796,500,http://172.169.8.253:31112/function/opt-66b-submod-0-latency-25.cdgp
1704042923583440272,1704042933018558418,500,http://172.169.8.253:31112/function/opt-66b-submod-0-latency-25.cdgp
1704042923583534121,1704042933583916121,500,http://172.169.8.253:31112/function/opt-66b-submod-0-latency-25.cdgp
1704042923583661896,1704042932615632712,500,http://172.169.8.253:31112/function/opt-66b-submod-0-latency-25.cdgp
1704042923583728589,1704042933063888235,500,http://172.169.8.253:31112/function/opt-66b-submod-0-latency-25.cdgp
1704042923583763335,1704042932947771693,500,http://172.169.8.253:31112/function/opt-66b-submod-0-latency-25.cdgp
1704042923583845039,1704042933584050162,500,http://172.169.8.253:31112/function/opt-66b-submod-0-latency-25.cdgp
1704042923583909132,1704042933584064177,500,http://172.169.8.253:31112/function/opt-66b-submod-0-latency-25.cdgp
1704042923583943037,1704042933584141519,500,http://172.169.8.253:31112/function/opt-66b-submod-0-latency-25.cdgp
1704042923584045374,1704042930591278752,200,http://172.169.8.253:31112/function/opt-66b-submod-0-latency-25.cdgp
1704042923584105226,1704042933584304420,500,http://172.169.8.253:31112/function/opt-66b-submod-0-latency-25.cdgp
1704042923584169295,1704042932848633033,500,http://172.169.8.253:31112/function/opt-66b-submod-0-latency-25.cdgp
1704042923584245999,1704042929846816684,200,http://172.169.8.253:31112/function/opt-66b-submod-0-latency-25.cdgp
1704042923584366834,1704042933534282992,500,http://172.169.8.253:31112/function/opt-66b-submod-0-latency-25.cdgp
1704042923584443462,1704042933026253975,500,http://172.169.8.253:31112/function/opt-66b-submod-0-latency-25.cdgp
1704042923584523431,1704042927344231367,200,http://172.169.8.253:31112/function/opt-66b-submod-0-latency-25.cdgp
1704042923584599312,1704042932574542072,500,http://172.169.8.253:31112/function/opt-66b-submod-0-latency-25.cdgp
1704042923584687451,1704042930826372580,200,http://172.169.8.253:31112/function/opt-66b-submod-0-latency-25.cdgp
1704042923584769495,1704042932388781519,500,http://172.169.8.253:31112/function/opt-66b-submod-0-latency-25.cdgp
1704042923584846121,1704042933026130086,500,http://172.169.8.253:31112/function/opt-66b-submod-0-latency-25.cdgp
1704042923584931331,1704042933026325727,500,http://172.169.8.253:31112/function/opt-66b-submod-0-latency-25.cdgp
1704042923584966973,1704042933586146321,500,http://172.169.8.253:31112/function/opt-66b-submod-0-latency-25.cdgp
1704042923585028717,1704042926892475083,200,http://172.169.8.253:31112/function/opt-66b-submod-0-latency-25.cdgp
1704042923585091011,1704042932620977259,500,http://172.169.8.253:31112/function/opt-66b-submod-0-latency-25.cdgp
1704042923585172766,1704042932571094837,500,http://172.169.8.253:31112/function/opt-66b-submod-0-latency-25.cdgp
1704042923585255598,1704042926885813878,200,http://172.169.8.253:31112/function/opt-66b-submod-0-latency-25.cdgp
1704042923585329972,1704042933586030839,500,http://172.169.8.253:31112/function/opt-66b-submod-0-latency-25.cdgp
1704042923692955432,1704042930611723526,200,http://172.169.8.253:31112/function/opt-66b-submod-0-latency-25.cdgp
1704042923693056592,1704042933668614397,500,http://172.169.8.253:31112/function/opt-66b-submod-0-latency-25.cdgp
1704042923693231428,1704042933694491568,500,http://172.169.8.253:31112/function/opt-66b-submod-0-latency-25.cdgp
1704042923693286485,1704042933020667383,500,http://172.169.8.253:31112/function/opt-66b-submod-0-latency-25.cdgp
1704042923693313997,1704042933694488853,500,http://172.169.8.253:31112/function/opt-66b-submod-0-latency-25.cdgp
1704042923693391959,1704042933694371826,500,http://172.169.8.253:31112/function/opt-66b-submod-0-latency-25.cdgp
1704042923693468206,1704042927607267495,200,http://172.169.8.253:31112/function/opt-66b-submod-0-latency-25.cdgp
1704042923693496336,1704042933694504792,500,http://172.169.8.253:31112/function/opt-66b-submod-0-latency-25.cdgp
1704042923693583915,1704042927654090034,200,http://172.169.8.253:31112/function/opt-66b-submod-0-latency-25.cdgp
1704042923693648761,1704042933020599576,500,http://172.169.8.253:31112/function/opt-66b-submod-0-latency-25.cdgp
1704042923693691573,1704042933694514391,500,http://172.169.8.253:31112/function/opt-66b-submod-0-latency-25.cdgp
1704042923693774094,1704042933694518535,500,http://172.169.8.253:31112/function/opt-66b-submod-0-latency-25.cdgp
1704042923693864392,1704042933668124567,500,http://172.169.8.253:31112/function/opt-66b-submod-0-latency-25.cdgp
1704042923693924132,1704042933694028374,500,http://172.169.8.253:31112/function/opt-66b-submod-0-latency-25.cdgp
1704042923708897225,1704042933709696714,500,http://172.169.8.253:31112/function/opt-66b-submod-0-latency-25.cdgp
1704042923708992557,1704042927139793295,200,http://172.169.8.253:31112/function/opt-66b-submod-0-latency-25.cdgp
1704042923709098742,1704042933709575633,500,http://172.169.8.253:31112/function/opt-66b-submod-0-latency-25.cdgp
1704042923709210565,1704042928379615285,200,http://172.169.8.253:31112/function/opt-66b-submod-0-latency-25.cdgp
1704042923709298151,1704042933709823182,500,http://172.169.8.253:31112/function/opt-66b-submod-0-latency-25.cdgp
1704042923709403897,1704042933710082072,500,http://172.169.8.253:31112/function/opt-66b-submod-0-latency-25.cdgp
1704042923709462370,1704042933710051608,500,http://172.169.8.253:31112/function/opt-66b-submod-0-latency-25.cdgp
1704042923709520450,1704042933709700992,500,http://172.169.8.253:31112/function/opt-66b-submod-0-latency-25.cdgp
1704042923709602928,1704042933710205913,500,http://172.169.8.253:31112/function/opt-66b-submod-0-latency-25.cdgp
1704042923709664625,1704042933680815926,500,http://172.169.8.253:31112/function/opt-66b-submod-0-latency-25.cdgp
1704042923709729425,1704042933710078440,500,http://172.169.8.253:31112/function/opt-66b-submod-0-latency-25.cdgp
1704042923709808950,1704042933710088036,500,http://172.169.8.253:31112/function/opt-66b-submod-0-latency-25.cdgp
1704042923709868172,1704042933710218850,500,http://172.169.8.253:31112/function/opt-66b-submod-0-latency-25.cdgp
1704042923709949034,1704042933668489865,500,http://172.169.8.253:31112/function/opt-66b-submod-0-latency-25.cdgp
1704042923710024651,1704042933710344300,500,http://172.169.8.253:31112/function/opt-66b-submod-0-latency-25.cdgp
1704042923710105018,1704042928811860204,200,http://172.169.8.253:31112/function/opt-66b-submod-0-latency-25.cdgp
1704042923720430311,1704042932386873528,500,http://172.169.8.253:31112/function/opt-66b-submod-0-latency-25.cdgp
1704042923720507430,1704042933680700478,500,http://172.169.8.253:31112/function/opt-66b-submod-0-latency-25.cdgp
1704042923720622350,1704042933721481857,500,http://172.169.8.253:31112/function/opt-66b-submod-0-latency-25.cdgp
1704042923720680209,1704042926893353471,200,http://172.169.8.253:31112/function/opt-66b-submod-0-latency-25.cdgp
1704042923720720883,1704042933721255394,500,http://172.169.8.253:31112/function/opt-66b-submod-0-latency-25.cdgp
1704042923720822068,1704042933721483409,500,http://172.169.8.253:31112/function/opt-66b-submod-0-latency-25.cdgp
1704042923720939103,1704042928869756058,200,http://172.169.8.253:31112/function/opt-66b-submod-0-latency-25.cdgp
1704042923720999842,1704042933721509155,500,http://172.169.8.253:31112/function/opt-66b-submod-0-latency-25.cdgp
1704042923721054268,1704042927654853753,200,http://172.169.8.253:31112/function/opt-66b-submod-0-latency-25.cdgp
1704042923721117246,1704042931208279219,200,http://172.169.8.253:31112/function/opt-66b-submod-0-latency-25.cdgp
1704042923721189958,1704042933721503157,500,http://172.169.8.253:31112/function/opt-66b-submod-0-latency-25.cdgp
1704042923721258480,1704042933721563901,500,http://172.169.8.253:31112/function/opt-66b-submod-0-latency-25.cdgp
1704042923721286523,1704042933721569206,500,http://172.169.8.253:31112/function/opt-66b-submod-0-latency-25.cdgp
1704042923721355705,1704042928767204556,200,http://172.169.8.253:31112/function/opt-66b-submod-0-latency-25.cdgp
1704042923721836649,1704042933670073701,500,http://172.169.8.253:31112/function/opt-66b-submod-0-latency-25.cdgp
1704042923721928932,1704042926893275550,200,http://172.169.8.253:31112/function/opt-66b-submod-0-latency-25.cdgp
1704042923722006238,1704042933722290982,500,http://172.169.8.253:31112/function/opt-66b-submod-0-latency-25.cdgp
1704042923722074058,1704042928602318768,200,http://172.169.8.253:31112/function/opt-66b-submod-0-latency-25.cdgp
1704042923722123293,1704042930826559266,200,http://172.169.8.253:31112/function/opt-66b-submod-0-latency-25.cdgp
1704042923722230172,1704042933722397383,500,http://172.169.8.253:31112/function/opt-66b-submod-0-latency-25.cdgp
1704042923722303078,1704042928774328257,200,http://172.169.8.253:31112/function/opt-66b-submod-0-latency-25.cdgp
1704042923722364505,1704042933722467404,500,http://172.169.8.253:31112/function/opt-66b-submod-0-latency-25.cdgp
1704042923722390126,1704042932529189280,200,http://172.169.8.253:31112/function/opt-66b-submod-0-latency-25.cdgp
1704042923722462014,1704042933680246741,500,http://172.169.8.253:31112/function/opt-66b-submod-0-latency-25.cdgp
1704042923722553093,1704042928357494476,200,http://172.169.8.253:31112/function/opt-66b-submod-0-latency-25.cdgp
1704042923722631908,1704042933668629090,500,http://172.169.8.253:31112/function/opt-66b-submod-0-latency-25.cdgp
1704042923722697340,1704042933669317752,500,http://172.169.8.253:31112/function/opt-66b-submod-0-latency-25.cdgp
1704042923722793292,1704042931501979674,200,http://172.169.8.253:31112/function/opt-66b-submod-0-latency-25.cdgp
1704042923722865311,1704042933723575751,500,http://172.169.8.253:31112/function/opt-66b-submod-0-latency-25.cdgp
1704042923722941195,1704042932614986470,500,http://172.169.8.253:31112/function/opt-66b-submod-0-latency-25.cdgp
1704042923723002910,1704042931209917208,200,http://172.169.8.253:31112/function/opt-66b-submod-0-latency-25.cdgp
1704042923723065238,1704042925465727428,200,http://172.169.8.253:31112/function/opt-66b-submod-0-latency-25.cdgp
1704042923723124942,1704042933670382229,500,http://172.169.8.253:31112/function/opt-66b-submod-0-latency-25.cdgp
1704042923723183442,1704042933669896252,500,http://172.169.8.253:31112/function/opt-66b-submod-0-latency-25.cdgp
1704042923723251586,1704042933723563802,500,http://172.169.8.253:31112/function/opt-66b-submod-0-latency-25.cdgp
1704042923723291423,1704042933670190209,500,http://172.169.8.253:31112/function/opt-66b-submod-0-latency-25.cdgp
1704042923723332839,1704042933680687888,500,http://172.169.8.253:31112/function/opt-66b-submod-0-latency-25.cdgp
1704042923723387380,1704042933723573291,500,http://172.169.8.253:31112/function/opt-66b-submod-0-latency-25.cdgp
1704042923725975633,1704042933644323767,200,http://172.169.8.253:31112/function/opt-66b-submod-0-latency-25.cdgp
1704042923728606973,1704042933680557172,500,http://172.169.8.253:31112/function/opt-66b-submod-0-latency-25.cdgp
1704042923728693083,1704042930152726551,200,http://172.169.8.253:31112/function/opt-66b-submod-0-latency-25.cdgp
1704042923731840693,1704042930854853318,200,http://172.169.8.253:31112/function/opt-66b-submod-0-latency-25.cdgp
1704042923731928056,1704042933669817653,500,http://172.169.8.253:31112/function/opt-66b-submod-0-latency-25.cdgp
1704042923732015771,1704042933680961965,500,http://172.169.8.253:31112/function/opt-66b-submod-0-latency-25.cdgp
1704042923732097936,1704042933732883780,500,http://172.169.8.253:31112/function/opt-66b-submod-0-latency-25.cdgp
1704042923732149209,1704042933680693349,500,http://172.169.8.253:31112/function/opt-66b-submod-0-latency-25.cdgp
1704042923732224849,1704042933669180540,500,http://172.169.8.253:31112/function/opt-66b-submod-0-latency-25.cdgp
1704042923732335487,1704042933732867627,500,http://172.169.8.253:31112/function/opt-66b-submod-0-latency-25.cdgp
1704042923736887854,1704042933737069824,500,http://172.169.8.253:31112/function/opt-66b-submod-0-latency-25.cdgp
1704042923736979375,1704042933669111653,500,http://172.169.8.253:31112/function/opt-66b-submod-0-latency-25.cdgp
1704042923737087692,1704042933738486802,500,http://172.169.8.253:31112/function/opt-66b-submod-0-latency-25.cdgp
1704042923737159171,1704042933738483466,500,http://172.169.8.253:31112/function/opt-66b-submod-0-latency-25.cdgp
1704042923737200722,1704042933738453682,500,http://172.169.8.253:31112/function/opt-66b-submod-0-latency-25.cdgp
1704042923737302595,1704042933738470276,500,http://172.169.8.253:31112/function/opt-66b-submod-0-latency-25.cdgp
1704042923737382867,1704042930500686171,200,http://172.169.8.253:31112/function/opt-66b-submod-0-latency-25.cdgp
1704042923737479483,1704042933738209071,500,http://172.169.8.253:31112/function/opt-66b-submod-0-latency-25.cdgp
1704042923737604991,1704042933738474064,500,http://172.169.8.253:31112/function/opt-66b-submod-0-latency-25.cdgp
1704042923797813259,1704042927839597169,200,http://172.169.8.253:31112/function/opt-66b-submod-0-latency-25.cdgp
1704042923797950372,1704042933798628107,500,http://172.169.8.253:31112/function/opt-66b-submod-0-latency-25.cdgp
1704042923798463430,1704042933798782562,500,http://172.169.8.253:31112/function/opt-66b-submod-0-latency-25.cdgp
1704042923798520700,1704042933798899908,500,http://172.169.8.253:31112/function/opt-66b-submod-0-latency-25.cdgp
1704042923798559394,1704042933798891306,500,http://172.169.8.253:31112/function/opt-66b-submod-0-latency-25.cdgp
1704042923798668587,1704042933799060832,500,http://172.169.8.253:31112/function/opt-66b-submod-0-latency-25.cdgp
1704042923798750293,1704042933798886132,500,http://172.169.8.253:31112/function/opt-66b-submod-0-latency-25.cdgp
1704042923798793664,1704042933798902727,500,http://172.169.8.253:31112/function/opt-66b-submod-0-latency-25.cdgp
1704042923798881595,1704042927300260570,200,http://172.169.8.253:31112/function/opt-66b-submod-0-latency-25.cdgp
1704042923798949103,1704042927654953008,200,http://172.169.8.253:31112/function/opt-66b-submod-0-latency-25.cdgp
1704042924358803125,1704042934104234786,500,http://172.169.8.253:31112/function/opt-66b-submod-0-latency-25.cdgp
1704042925292884081,1704042935294069772,500,http://172.169.8.253:31112/function/opt-66b-submod-0-latency-25.cdgp
1704042925292980787,1704042934975949137,500,http://172.169.8.253:31112/function/opt-66b-submod-0-latency-25.cdgp
1704042925298542044,1704042935299477468,500,http://172.169.8.253:31112/function/opt-66b-submod-0-latency-25.cdgp
1704042925298702783,1704042935299602155,500,http://172.169.8.253:31112/function/opt-66b-submod-0-latency-25.cdgp
1704042925298801148,1704042935299471191,500,http://172.169.8.253:31112/function/opt-66b-submod-0-latency-25.cdgp
1704042925834768712,1704042931501522600,200,http://172.169.8.253:31112/function/opt-66b-submod-0-latency-25.cdgp
1704042925834893458,1704042931555679686,200,http://172.169.8.253:31112/function/opt-66b-submod-0-latency-25.cdgp
1704042925837826219,1704042935584660173,500,http://172.169.8.253:31112/function/opt-66b-submod-0-latency-25.cdgp
1704042925837909987,1704042935076055856,500,http://172.169.8.253:31112/function/opt-66b-submod-0-latency-25.cdgp
1704042925838069911,1704042930611655996,200,http://172.169.8.253:31112/function/opt-66b-submod-0-latency-25.cdgp
1704042925838136041,1704042930591418087,200,http://172.169.8.253:31112/function/opt-66b-submod-0-latency-25.cdgp
1704042925838185604,1704042935587158138,500,http://172.169.8.253:31112/function/opt-66b-submod-0-latency-25.cdgp
1704042925838261128,1704042935129881967,500,http://172.169.8.253:31112/function/opt-66b-submod-0-latency-25.cdgp
1704042925838320554,1704042935743287691,500,http://172.169.8.253:31112/function/opt-66b-submod-0-latency-25.cdgp
1704042925838361430,1704042928767693829,200,http://172.169.8.253:31112/function/opt-66b-submod-0-latency-25.cdgp
1704042925838435652,1704042935527146231,500,http://172.169.8.253:31112/function/opt-66b-submod-0-latency-25.cdgp
1704042925838523200,1704042935744618250,500,http://172.169.8.253:31112/function/opt-66b-submod-0-latency-25.cdgp
1704042925838556415,1704042930611622552,200,http://172.169.8.253:31112/function/opt-66b-submod-0-latency-25.cdgp
1704042925838627541,1704042935583506926,500,http://172.169.8.253:31112/function/opt-66b-submod-0-latency-25.cdgp
1704042925838709340,1704042935587428593,500,http://172.169.8.253:31112/function/opt-66b-submod-0-latency-25.cdgp
1704042925838774290,1704042934979384439,500,http://172.169.8.253:31112/function/opt-66b-submod-0-latency-25.cdgp
1704042925838836701,1704042935004702758,500,http://172.169.8.253:31112/function/opt-66b-submod-0-latency-25.cdgp
1704042925838899408,1704042935529368219,500,http://172.169.8.253:31112/function/opt-66b-submod-0-latency-25.cdgp
1704042925838978611,1704042935077700595,500,http://172.169.8.253:31112/function/opt-66b-submod-0-latency-25.cdgp
1704042925839072848,1704042934999808487,500,http://172.169.8.253:31112/function/opt-66b-submod-0-latency-25.cdgp
1704042925839194649,1704042931208078681,200,http://172.169.8.253:31112/function/opt-66b-submod-0-latency-25.cdgp
1704042925839262804,1704042934196248143,500,http://172.169.8.253:31112/function/opt-66b-submod-0-latency-25.cdgp
1704042925839305954,1704042935331477532,500,http://172.169.8.253:31112/function/opt-66b-submod-0-latency-25.cdgp
1704042925839379371,1704042935477770295,500,http://172.169.8.253:31112/function/opt-66b-submod-0-latency-25.cdgp
1704042925839411221,1704042935478430961,500,http://172.169.8.253:31112/function/opt-66b-submod-0-latency-25.cdgp
1704042925839514459,1704042935062078358,500,http://172.169.8.253:31112/function/opt-66b-submod-0-latency-25.cdgp
1704042925839595112,1704042935009914231,500,http://172.169.8.253:31112/function/opt-66b-submod-0-latency-25.cdgp
1704042925839666399,1704042934979930777,500,http://172.169.8.253:31112/function/opt-66b-submod-0-latency-25.cdgp
1704042925839740228,1704042935528361604,500,http://172.169.8.253:31112/function/opt-66b-submod-0-latency-25.cdgp
1704042925839812448,1704042935588601852,500,http://172.169.8.253:31112/function/opt-66b-submod-0-latency-25.cdgp
1704042925839839082,1704042935528656495,500,http://172.169.8.253:31112/function/opt-66b-submod-0-latency-25.cdgp
1704042925839929828,1704042931555342099,200,http://172.169.8.253:31112/function/opt-66b-submod-0-latency-25.cdgp
1704042925840001481,1704042935331026738,500,http://172.169.8.253:31112/function/opt-66b-submod-0-latency-25.cdgp
1704042925840061568,1704042935529173972,500,http://172.169.8.253:31112/function/opt-66b-submod-0-latency-25.cdgp
1704042925840190314,1704042932575090392,200,http://172.169.8.253:31112/function/opt-66b-submod-0-latency-25.cdgp
1704042925840416238,1704042931734577809,200,http://172.169.8.253:31112/function/opt-66b-submod-0-latency-25.cdgp
1704042925841623774,1704042935740748589,500,http://172.169.8.253:31112/function/opt-66b-submod-0-latency-25.cdgp
1704042926248363147,1704042935748996841,500,http://172.169.8.253:31112/function/opt-66b-submod-0-latency-25.cdgp
1704042926248538001,1704042935747911430,500,http://172.169.8.253:31112/function/opt-66b-submod-0-latency-25.cdgp
1704042926248657125,1704042935744041233,500,http://172.169.8.253:31112/function/opt-66b-submod-0-latency-25.cdgp
1704042926248753233,1704042935742568570,500,http://172.169.8.253:31112/function/opt-66b-submod-0-latency-25.cdgp
1704042926248856420,1704042930591584982,200,http://172.169.8.253:31112/function/opt-66b-submod-0-latency-25.cdgp
1704042926248966472,1704042935740127279,500,http://172.169.8.253:31112/function/opt-66b-submod-0-latency-25.cdgp
1704042926249032233,1704042935746507389,500,http://172.169.8.253:31112/function/opt-66b-submod-0-latency-25.cdgp
1704042926249089500,1704042935657275136,500,http://172.169.8.253:31112/function/opt-66b-submod-0-latency-25.cdgp
1704042926249152441,1704042935662546705,500,http://172.169.8.253:31112/function/opt-66b-submod-0-latency-25.cdgp
1704042926257049659,1704042935062079331,500,http://172.169.8.253:31112/function/opt-66b-submod-0-latency-25.cdgp
1704042926257157708,1704042935660491429,500,http://172.169.8.253:31112/function/opt-66b-submod-0-latency-25.cdgp
1704042926257299177,1704042935661874382,500,http://172.169.8.253:31112/function/opt-66b-submod-0-latency-25.cdgp
1704042926263736975,1704042935062488840,500,http://172.169.8.253:31112/function/opt-66b-submod-0-latency-25.cdgp
1704042926263782109,1704042935728099531,500,http://172.169.8.253:31112/function/opt-66b-submod-0-latency-25.cdgp
1704042926263878974,1704042935744638285,500,http://172.169.8.253:31112/function/opt-66b-submod-0-latency-25.cdgp
1704042926263951634,1704042935942959462,500,http://172.169.8.253:31112/function/opt-66b-submod-0-latency-25.cdgp
1704042926263991259,1704042935944847931,500,http://172.169.8.253:31112/function/opt-66b-submod-0-latency-25.cdgp
1704042926264075720,1704042936007238369,500,http://172.169.8.253:31112/function/opt-66b-submod-0-latency-25.cdgp
1704042926264129666,1704042935741351472,500,http://172.169.8.253:31112/function/opt-66b-submod-0-latency-25.cdgp
1704042926264206336,1704042935465470538,500,http://172.169.8.253:31112/function/opt-66b-submod-0-latency-25.cdgp
1704042926389710167,1704042935819618485,500,http://172.169.8.253:31112/function/opt-66b-submod-0-latency-25.cdgp
1704042926389809780,1704042935818830928,500,http://172.169.8.253:31112/function/opt-66b-submod-0-latency-25.cdgp
1704042926389915487,1704042935814824847,500,http://172.169.8.253:31112/function/opt-66b-submod-0-latency-25.cdgp
1704042926389980283,1704042931209830095,200,http://172.169.8.253:31112/function/opt-66b-submod-0-latency-25.cdgp
1704042926390053665,1704042935817514307,500,http://172.169.8.253:31112/function/opt-66b-submod-0-latency-25.cdgp
1704042926390152272,1704042936120586245,500,http://172.169.8.253:31112/function/opt-66b-submod-0-latency-25.cdgp
1704042926390217444,1704042935926209754,200,http://172.169.8.253:31112/function/opt-66b-submod-0-latency-25.cdgp
1704042926390275826,1704042936115079934,500,http://172.169.8.253:31112/function/opt-66b-submod-0-latency-25.cdgp
1704042926390336696,1704042935771728708,500,http://172.169.8.253:31112/function/opt-66b-submod-0-latency-25.cdgp
1704042926390407449,1704042936116978232,500,http://172.169.8.253:31112/function/opt-66b-submod-0-latency-25.cdgp
1704042926390432019,1704042930500668081,200,http://172.169.8.253:31112/function/opt-66b-submod-0-latency-25.cdgp
1704042926392250860,1704042935843364436,500,http://172.169.8.253:31112/function/opt-66b-submod-0-latency-25.cdgp
1704042926392360259,1704042935941165452,500,http://172.169.8.253:31112/function/opt-66b-submod-0-latency-25.cdgp
1704042926392444535,1704042936044764711,500,http://172.169.8.253:31112/function/opt-66b-submod-0-latency-25.cdgp
1704042926392576773,1704042936118884554,500,http://172.169.8.253:31112/function/opt-66b-submod-0-latency-25.cdgp
1704042926432446186,1704042936059143842,500,http://172.169.8.253:31112/function/opt-66b-submod-0-latency-25.cdgp
1704042926432532510,1704042936078129168,500,http://172.169.8.253:31112/function/opt-66b-submod-0-latency-25.cdgp
1704042926432658737,1704042935942149164,500,http://172.169.8.253:31112/function/opt-66b-submod-0-latency-25.cdgp
1704042926432728097,1704042935728715433,500,http://172.169.8.253:31112/function/opt-66b-submod-0-latency-25.cdgp
1704042926489850073,1704042932576947455,200,http://172.169.8.253:31112/function/opt-66b-submod-0-latency-25.cdgp
1704042926489933452,1704042935816091490,500,http://172.169.8.253:31112/function/opt-66b-submod-0-latency-25.cdgp
1704042926490046772,1704042935071348862,500,http://172.169.8.253:31112/function/opt-66b-submod-0-latency-25.cdgp
1704042926490155646,1704042936251499639,500,http://172.169.8.253:31112/function/opt-66b-submod-0-latency-25.cdgp
1704042926490183583,1704042935527494641,500,http://172.169.8.253:31112/function/opt-66b-submod-0-latency-25.cdgp
1704042926490268629,1704042936107015409,500,http://172.169.8.253:31112/function/opt-66b-submod-0-latency-25.cdgp
1704042926493961741,1704042935000921911,500,http://172.169.8.253:31112/function/opt-66b-submod-0-latency-25.cdgp
1704042926494039788,1704042936101660999,500,http://172.169.8.253:31112/function/opt-66b-submod-0-latency-25.cdgp
1704042926494139770,1704042932579335720,200,http://172.169.8.253:31112/function/opt-66b-submod-0-latency-25.cdgp
1704042926494208785,1704042936112666108,500,http://172.169.8.253:31112/function/opt-66b-submod-0-latency-25.cdgp
1704042926494283771,1704042935519147076,500,http://172.169.8.253:31112/function/opt-66b-submod-0-latency-25.cdgp
1704042926494365748,1704042935530715476,500,http://172.169.8.253:31112/function/opt-66b-submod-0-latency-25.cdgp
1704042926494426926,1704042936110925930,500,http://172.169.8.253:31112/function/opt-66b-submod-0-latency-25.cdgp
1704042926494487206,1704042936091367418,500,http://172.169.8.253:31112/function/opt-66b-submod-0-latency-25.cdgp
1704042926494513134,1704042935844442176,500,http://172.169.8.253:31112/function/opt-66b-submod-0-latency-25.cdgp
1704042926494596262,1704042935918772922,500,http://172.169.8.253:31112/function/opt-66b-submod-0-latency-25.cdgp
1704042926494665462,1704042936107289621,500,http://172.169.8.253:31112/function/opt-66b-submod-0-latency-25.cdgp
1704042926494708227,1704042936251487742,500,http://172.169.8.253:31112/function/opt-66b-submod-0-latency-25.cdgp
1704042926501735790,1704042936110323785,500,http://172.169.8.253:31112/function/opt-66b-submod-0-latency-25.cdgp
1704042926759591753,1704042936343867108,500,http://172.169.8.253:31112/function/opt-66b-submod-0-latency-25.cdgp
1704042926759676708,1704042935963964861,200,http://172.169.8.253:31112/function/opt-66b-submod-0-latency-25.cdgp
1704042926759771331,1704042930419676884,200,http://172.169.8.253:31112/function/opt-66b-submod-0-latency-25.cdgp
1704042926759837576,1704042930895826919,200,http://172.169.8.253:31112/function/opt-66b-submod-0-latency-25.cdgp
1704042926759883721,1704042936499900548,500,http://172.169.8.253:31112/function/opt-66b-submod-0-latency-25.cdgp
1704042926759975245,1704042936471739295,500,http://172.169.8.253:31112/function/opt-66b-submod-0-latency-25.cdgp
1704042926760081829,1704042936343909633,500,http://172.169.8.253:31112/function/opt-66b-submod-0-latency-25.cdgp
1704042926760150580,1704042936344044987,500,http://172.169.8.253:31112/function/opt-66b-submod-0-latency-25.cdgp
1704042926760211327,1704042936351976692,500,http://172.169.8.253:31112/function/opt-66b-submod-0-latency-25.cdgp
1704042926762997526,1704042931688015688,200,http://172.169.8.253:31112/function/opt-66b-submod-0-latency-25.cdgp
1704042926763088696,1704042936352085430,500,http://172.169.8.253:31112/function/opt-66b-submod-0-latency-25.cdgp
1704042926763154345,1704042935452491932,500,http://172.169.8.253:31112/function/opt-66b-submod-0-latency-25.cdgp
1704042926765198084,1704042936309634862,500,http://172.169.8.253:31112/function/opt-66b-submod-0-latency-25.cdgp
1704042926765280891,1704042936304999180,500,http://172.169.8.253:31112/function/opt-66b-submod-0-latency-25.cdgp
1704042926781150732,1704042936100088259,500,http://172.169.8.253:31112/function/opt-66b-submod-0-latency-25.cdgp
1704042926781233572,1704042936490836613,500,http://172.169.8.253:31112/function/opt-66b-submod-0-latency-25.cdgp
1704042926781344656,1704042936121887204,500,http://172.169.8.253:31112/function/opt-66b-submod-0-latency-25.cdgp
1704042926781431921,1704042936307776924,500,http://172.169.8.253:31112/function/opt-66b-submod-0-latency-25.cdgp
1704042926781506972,1704042936302952246,500,http://172.169.8.253:31112/function/opt-66b-submod-0-latency-25.cdgp
1704042927193912167,1704042936507771164,500,http://172.169.8.253:31112/function/opt-66b-submod-0-latency-25.cdgp
1704042927194001367,1704042936579822543,500,http://172.169.8.253:31112/function/opt-66b-submod-0-latency-25.cdgp
1704042927194096909,1704042933711719441,200,http://172.169.8.253:31112/function/opt-66b-submod-0-latency-25.cdgp
1704042927195930986,1704042936547603961,500,http://172.169.8.253:31112/function/opt-66b-submod-0-latency-25.cdgp
1704042927196004732,1704042931556233582,200,http://172.169.8.253:31112/function/opt-66b-submod-0-latency-25.cdgp
1704042927196040798,1704042935479989656,500,http://172.169.8.253:31112/function/opt-66b-submod-0-latency-25.cdgp
1704042927198743376,1704042931645283637,200,http://172.169.8.253:31112/function/opt-66b-submod-0-latency-25.cdgp
1704042927198830002,1704042936728164441,500,http://172.169.8.253:31112/function/opt-66b-submod-0-latency-25.cdgp
1704042927198965387,1704042931501954142,200,http://172.169.8.253:31112/function/opt-66b-submod-0-latency-25.cdgp
1704042927199046707,1704042936565409295,500,http://172.169.8.253:31112/function/opt-66b-submod-0-latency-25.cdgp
1704042927199126654,1704042935479254365,500,http://172.169.8.253:31112/function/opt-66b-submod-0-latency-25.cdgp
1704042927199227579,1704042936730477016,500,http://172.169.8.253:31112/function/opt-66b-submod-0-latency-25.cdgp
1704042927199336020,1704042936842703298,500,http://172.169.8.253:31112/function/opt-66b-submod-0-latency-25.cdgp
1704042927199410978,1704042936547130476,500,http://172.169.8.253:31112/function/opt-66b-submod-0-latency-25.cdgp
1704042927199472187,1704042936646745625,500,http://172.169.8.253:31112/function/opt-66b-submod-0-latency-25.cdgp
1704042927199538756,1704042931644507333,200,http://172.169.8.253:31112/function/opt-66b-submod-0-latency-25.cdgp
1704042927199625615,1704042936566158716,500,http://172.169.8.253:31112/function/opt-66b-submod-0-latency-25.cdgp
1704042927199651339,1704042936525720406,500,http://172.169.8.253:31112/function/opt-66b-submod-0-latency-25.cdgp
1704042927199710539,1704042936546861877,500,http://172.169.8.253:31112/function/opt-66b-submod-0-latency-25.cdgp
1704042927199776107,1704042936728033960,500,http://172.169.8.253:31112/function/opt-66b-submod-0-latency-25.cdgp
1704042927199832527,1704042936730377686,500,http://172.169.8.253:31112/function/opt-66b-submod-0-latency-25.cdgp
1704042927199940210,1704042936547882068,500,http://172.169.8.253:31112/function/opt-66b-submod-0-latency-25.cdgp
1704042927200025698,1704042936767725238,500,http://172.169.8.253:31112/function/opt-66b-submod-0-latency-25.cdgp
1704042927200108613,1704042936646278767,500,http://172.169.8.253:31112/function/opt-66b-submod-0-latency-25.cdgp
1704042927200189109,1704042936842618688,500,http://172.169.8.253:31112/function/opt-66b-submod-0-latency-25.cdgp
1704042927200218184,1704042936861387870,500,http://172.169.8.253:31112/function/opt-66b-submod-0-latency-25.cdgp
1704042927389586951,1704042936496538041,500,http://172.169.8.253:31112/function/opt-66b-submod-0-latency-25.cdgp
1704042927389661013,1704042937358989799,500,http://172.169.8.253:31112/function/opt-66b-submod-0-latency-25.cdgp
1704042927389738532,1704042936842970919,500,http://172.169.8.253:31112/function/opt-66b-submod-0-latency-25.cdgp
1704042927389796332,1704042936842842328,500,http://172.169.8.253:31112/function/opt-66b-submod-0-latency-25.cdgp
1704042927389841072,1704042936579181931,500,http://172.169.8.253:31112/function/opt-66b-submod-0-latency-25.cdgp
1704042927389911344,1704042937358988707,500,http://172.169.8.253:31112/function/opt-66b-submod-0-latency-25.cdgp
1704042927389967672,1704042930607757880,200,http://172.169.8.253:31112/function/opt-66b-submod-0-latency-25.cdgp
1704042927390015337,1704042935921438452,200,http://172.169.8.253:31112/function/opt-66b-submod-0-latency-25.cdgp
1704042927390095928,1704042936547941494,500,http://172.169.8.253:31112/function/opt-66b-submod-0-latency-25.cdgp
1704042927390165525,1704042936888725119,500,http://172.169.8.253:31112/function/opt-66b-submod-0-latency-25.cdgp
1704042927390226278,1704042936645680588,500,http://172.169.8.253:31112/function/opt-66b-submod-0-latency-25.cdgp
1704042927390275505,1704042937274079512,500,http://172.169.8.253:31112/function/opt-66b-submod-0-latency-25.cdgp
1704042927390350481,1704042935493558961,500,http://172.169.8.253:31112/function/opt-66b-submod-0-latency-25.cdgp
1704042927390419227,1704042937039957973,500,http://172.169.8.253:31112/function/opt-66b-submod-0-latency-25.cdgp
1704042927390446782,1704042936495399250,500,http://172.169.8.253:31112/function/opt-66b-submod-0-latency-25.cdgp
1704042927390548532,1704042936498224703,500,http://172.169.8.253:31112/function/opt-66b-submod-0-latency-25.cdgp
1704042927390574738,1704042937268426639,500,http://172.169.8.253:31112/function/opt-66b-submod-0-latency-25.cdgp
1704042927390651478,1704042937359455180,500,http://172.169.8.253:31112/function/opt-66b-submod-0-latency-25.cdgp
1704042927390722564,1704042936888569946,500,http://172.169.8.253:31112/function/opt-66b-submod-0-latency-25.cdgp
1704042927390821067,1704042935919438288,200,http://172.169.8.253:31112/function/opt-66b-submod-0-latency-25.cdgp
1704042927390917957,1704042931079731252,200,http://172.169.8.253:31112/function/opt-66b-submod-0-latency-25.cdgp
1704042927390994647,1704042936888057252,500,http://172.169.8.253:31112/function/opt-66b-submod-0-latency-25.cdgp
1704042927391056022,1704042936497934526,500,http://172.169.8.253:31112/function/opt-66b-submod-0-latency-25.cdgp
1704042927391149559,1704042937359375319,500,http://172.169.8.253:31112/function/opt-66b-submod-0-latency-25.cdgp
1704042927391234886,1704042936646064903,500,http://172.169.8.253:31112/function/opt-66b-submod-0-latency-25.cdgp
1704042927391331409,1704042936888143464,500,http://172.169.8.253:31112/function/opt-66b-submod-0-latency-25.cdgp
1704042927391462880,1704042935924876798,200,http://172.169.8.253:31112/function/opt-66b-submod-0-latency-25.cdgp
1704042927391543138,1704042936646172986,500,http://172.169.8.253:31112/function/opt-66b-submod-0-latency-25.cdgp
1704042927408842379,1704042937268751642,500,http://172.169.8.253:31112/function/opt-66b-submod-0-latency-25.cdgp
1704042927421358342,1704042937359436757,500,http://172.169.8.253:31112/function/opt-66b-submod-0-latency-25.cdgp
1704042927421457756,1704042935963582924,200,http://172.169.8.253:31112/function/opt-66b-submod-0-latency-25.cdgp
1704042927421561444,1704042937268766227,500,http://172.169.8.253:31112/function/opt-66b-submod-0-latency-25.cdgp
1704042928100523362,1704042937415894625,500,http://172.169.8.253:31112/function/opt-66b-submod-0-latency-25.cdgp
1704042928100618344,1704042936565392735,500,http://172.169.8.253:31112/function/opt-66b-submod-0-latency-25.cdgp
1704042928100684311,1704042937359719592,500,http://172.169.8.253:31112/function/opt-66b-submod-0-latency-25.cdgp
1704042928100769373,1704042937802401061,500,http://172.169.8.253:31112/function/opt-66b-submod-0-latency-25.cdgp
1704042928100854899,1704042937371004834,500,http://172.169.8.253:31112/function/opt-66b-submod-0-latency-25.cdgp
1704042928100917199,1704042938101332638,500,http://172.169.8.253:31112/function/opt-66b-submod-0-latency-25.cdgp
1704042928100977814,1704042935920701439,200,http://172.169.8.253:31112/function/opt-66b-submod-0-latency-25.cdgp
1704042928101039179,1704042938101326594,500,http://172.169.8.253:31112/function/opt-66b-submod-0-latency-25.cdgp
1704042928101058340,1704042937403819588,500,http://172.169.8.253:31112/function/opt-66b-submod-0-latency-25.cdgp
1704042928101113548,1704042937396443672,500,http://172.169.8.253:31112/function/opt-66b-submod-0-latency-25.cdgp
1704042928101172433,1704042930594312385,200,http://172.169.8.253:31112/function/opt-66b-submod-0-latency-25.cdgp
1704042928101210267,1704042930285219916,200,http://172.169.8.253:31112/function/opt-66b-submod-0-latency-25.cdgp
1704042928101294320,1704042937359629093,500,http://172.169.8.253:31112/function/opt-66b-submod-0-latency-25.cdgp
1704042928101318259,1704042937906834191,500,http://172.169.8.253:31112/function/opt-66b-submod-0-latency-25.cdgp
1704042928101427667,1704042935531253021,200,http://172.169.8.253:31112/function/opt-66b-submod-0-latency-25.cdgp
1704042928101494559,1704042937396805860,500,http://172.169.8.253:31112/function/opt-66b-submod-0-latency-25.cdgp
1704042928101538110,1704042935529299031,200,http://172.169.8.253:31112/function/opt-66b-submod-0-latency-25.cdgp
1704042928101653802,1704042931501435646,200,http://172.169.8.253:31112/function/opt-66b-submod-0-latency-25.cdgp
1704042928101758830,1704042931645299180,200,http://172.169.8.253:31112/function/opt-66b-submod-0-latency-25.cdgp
1704042928101841335,1704042936566145891,500,http://172.169.8.253:31112/function/opt-66b-submod-0-latency-25.cdgp
1704042928101926988,1704042937844414189,500,http://172.169.8.253:31112/function/opt-66b-submod-0-latency-25.cdgp
1704042928101983234,1704042935568062673,200,http://172.169.8.253:31112/function/opt-66b-submod-0-latency-25.cdgp
1704042928102042331,1704042935572460617,200,http://172.169.8.253:31112/function/opt-66b-submod-0-latency-25.cdgp
1704042928111386263,1704042937469643398,500,http://172.169.8.253:31112/function/opt-66b-submod-0-latency-25.cdgp
1704042928111466181,1704042935530205459,200,http://172.169.8.253:31112/function/opt-66b-submod-0-latency-25.cdgp
1704042928111550719,1704042937906102647,500,http://172.169.8.253:31112/function/opt-66b-submod-0-latency-25.cdgp
1704042928111683543,1704042931501937890,200,http://172.169.8.253:31112/function/opt-66b-submod-0-latency-25.cdgp
1704042928111743693,1704042935574254377,200,http://172.169.8.253:31112/function/opt-66b-submod-0-latency-25.cdgp
1704042928117485774,1704042937987549659,500,http://172.169.8.253:31112/function/opt-66b-submod-0-latency-25.cdgp
1704042928132185182,1704042935452348926,500,http://172.169.8.253:31112/function/opt-66b-submod-0-latency-25.cdgp
1704042928132278989,1704042937844808858,500,http://172.169.8.253:31112/function/opt-66b-submod-0-latency-25.cdgp
1704042928149348101,1704042937986200418,500,http://172.169.8.253:31112/function/opt-66b-submod-0-latency-25.cdgp
1704042928149429797,1704042935477088693,200,http://172.169.8.253:31112/function/opt-66b-submod-0-latency-25.cdgp
1704042928149524702,1704042937971384325,500,http://172.169.8.253:31112/function/opt-66b-submod-0-latency-25.cdgp
1704042928149572794,1704042936544844357,500,http://172.169.8.253:31112/function/opt-66b-submod-0-latency-25.cdgp
1704042928149660307,1704042935925877684,200,http://172.169.8.253:31112/function/opt-66b-submod-0-latency-25.cdgp
1704042928149713925,1704042937971678413,500,http://172.169.8.253:31112/function/opt-66b-submod-0-latency-25.cdgp
1704042928149794556,1704042937991209604,500,http://172.169.8.253:31112/function/opt-66b-submod-0-latency-25.cdgp
1704042928155372626,1704042937877783752,500,http://172.169.8.253:31112/function/opt-66b-submod-0-latency-25.cdgp
1704042928155528383,1704042935929475063,200,http://172.169.8.253:31112/function/opt-66b-submod-0-latency-25.cdgp
1704042928155647927,1704042936547576134,500,http://172.169.8.253:31112/function/opt-66b-submod-0-latency-25.cdgp
1704042928420914678,1704042931645525663,200,http://172.169.8.253:31112/function/opt-66b-submod-0-latency-25.cdgp
1704042928421003857,1704042937980984355,500,http://172.169.8.253:31112/function/opt-66b-submod-0-latency-25.cdgp
1704042928421150798,1704042935528122276,200,http://172.169.8.253:31112/function/opt-66b-submod-0-latency-25.cdgp
1704042928421234655,1704042937982657473,500,http://172.169.8.253:31112/function/opt-66b-submod-0-latency-25.cdgp
1704042928421333404,1704042938084005761,500,http://172.169.8.253:31112/function/opt-66b-submod-0-latency-25.cdgp
1704042928421433904,1704042938116760818,500,http://172.169.8.253:31112/function/opt-66b-submod-0-latency-25.cdgp
1704042928421513310,1704042935575272958,200,http://172.169.8.253:31112/function/opt-66b-submod-0-latency-25.cdgp
1704042928421586658,1704042935962180075,200,http://172.169.8.253:31112/function/opt-66b-submod-0-latency-25.cdgp
1704042928421671229,1704042938422560795,500,http://172.169.8.253:31112/function/opt-66b-submod-0-latency-25.cdgp
1704042928421727057,1704042938203835003,500,http://172.169.8.253:31112/function/opt-66b-submod-0-latency-25.cdgp
1704042928421819375,1704042938157549361,500,http://172.169.8.253:31112/function/opt-66b-submod-0-latency-25.cdgp
1704042928421902429,1704042938117748712,500,http://172.169.8.253:31112/function/opt-66b-submod-0-latency-25.cdgp
1704042928421960293,1704042938072050928,500,http://172.169.8.253:31112/function/opt-66b-submod-0-latency-25.cdgp
1704042928422014740,1704042938116355568,500,http://172.169.8.253:31112/function/opt-66b-submod-0-latency-25.cdgp
1704042928422097385,1704042937982898676,500,http://172.169.8.253:31112/function/opt-66b-submod-0-latency-25.cdgp
1704042928422175229,1704042938115864824,500,http://172.169.8.253:31112/function/opt-66b-submod-0-latency-25.cdgp
1704042928422247636,1704042938422622124,500,http://172.169.8.253:31112/function/opt-66b-submod-0-latency-25.cdgp
1704042928422271208,1704042935479300215,200,http://172.169.8.253:31112/function/opt-66b-submod-0-latency-25.cdgp
1704042928424136329,1704042938039592746,500,http://172.169.8.253:31112/function/opt-66b-submod-0-latency-25.cdgp
1704042928424234175,1704042931599635006,200,http://172.169.8.253:31112/function/opt-66b-submod-0-latency-25.cdgp
1704042928424313358,1704042938008649283,500,http://172.169.8.253:31112/function/opt-66b-submod-0-latency-25.cdgp
1704042928424395112,1704042931646027019,200,http://172.169.8.253:31112/function/opt-66b-submod-0-latency-25.cdgp
1704042928424446293,1704042938207473073,500,http://172.169.8.253:31112/function/opt-66b-submod-0-latency-25.cdgp
1704042928424540262,1704042938209243795,500,http://172.169.8.253:31112/function/opt-66b-submod-0-latency-25.cdgp
1704042928424615747,1704042938038836334,500,http://172.169.8.253:31112/function/opt-66b-submod-0-latency-25.cdgp
1704042928424670647,1704042937983350640,500,http://172.169.8.253:31112/function/opt-66b-submod-0-latency-25.cdgp
1704042928424757293,1704042936930771831,500,http://172.169.8.253:31112/function/opt-66b-submod-0-latency-25.cdgp
1704042928424822832,1704042937278774415,500,http://172.169.8.253:31112/function/opt-66b-submod-0-latency-25.cdgp
1704042928424916062,1704042938037866694,500,http://172.169.8.253:31112/function/opt-66b-submod-0-latency-25.cdgp
1704042928719406409,1704042937315686350,500,http://172.169.8.253:31112/function/opt-66b-submod-0-latency-25.cdgp
1704042928719509922,1704042938175831820,500,http://172.169.8.253:31112/function/opt-66b-submod-0-latency-25.cdgp
1704042928719572215,1704042937277963035,500,http://172.169.8.253:31112/function/opt-66b-submod-0-latency-25.cdgp
1704042928719645040,1704042938127970096,500,http://172.169.8.253:31112/function/opt-66b-submod-0-latency-25.cdgp
1704042928719676984,1704042938075888760,500,http://172.169.8.253:31112/function/opt-66b-submod-0-latency-25.cdgp
1704042928719776559,1704042937278782212,500,http://172.169.8.253:31112/function/opt-66b-submod-0-latency-25.cdgp
1704042928719840283,1704042938127613148,500,http://172.169.8.253:31112/function/opt-66b-submod-0-latency-25.cdgp
1704042928719872381,1704042938119777669,500,http://172.169.8.253:31112/function/opt-66b-submod-0-latency-25.cdgp
1704042928719963583,1704042938159766129,500,http://172.169.8.253:31112/function/opt-66b-submod-0-latency-25.cdgp
1704042929131692600,1704042938772369186,500,http://172.169.8.253:31112/function/opt-66b-submod-0-latency-25.cdgp
1704042929131766619,1704042938233000330,500,http://172.169.8.253:31112/function/opt-66b-submod-0-latency-25.cdgp
1704042929131871023,1704042937360121215,500,http://172.169.8.253:31112/function/opt-66b-submod-0-latency-25.cdgp
1704042929131943358,1704042937360722786,500,http://172.169.8.253:31112/function/opt-66b-submod-0-latency-25.cdgp
1704042929131959593,1704042935929121486,200,http://172.169.8.253:31112/function/opt-66b-submod-0-latency-25.cdgp
1704042929132035415,1704042938771085787,500,http://172.169.8.253:31112/function/opt-66b-submod-0-latency-25.cdgp
1704042929132101410,1704042935966871683,200,http://172.169.8.253:31112/function/opt-66b-submod-0-latency-25.cdgp
1704042929136146864,1704042938664259966,500,http://172.169.8.253:31112/function/opt-66b-submod-0-latency-25.cdgp
1704042929136242115,1704042938770559197,500,http://172.169.8.253:31112/function/opt-66b-submod-0-latency-25.cdgp
1704042929136323542,1704042938469189281,500,http://172.169.8.253:31112/function/opt-66b-submod-0-latency-25.cdgp
1704042929136409446,1704042938229164987,500,http://172.169.8.253:31112/function/opt-66b-submod-0-latency-25.cdgp
1704042929136490506,1704042938772533135,500,http://172.169.8.253:31112/function/opt-66b-submod-0-latency-25.cdgp
1704042929136550849,1704042931644217878,200,http://172.169.8.253:31112/function/opt-66b-submod-0-latency-25.cdgp
1704042929136614628,1704042938663688817,500,http://172.169.8.253:31112/function/opt-66b-submod-0-latency-25.cdgp
1704042929136703694,1704042935924399859,200,http://172.169.8.253:31112/function/opt-66b-submod-0-latency-25.cdgp
1704042929136791037,1704042938664014393,500,http://172.169.8.253:31112/function/opt-66b-submod-0-latency-25.cdgp
1704042929385108809,1704042931644915655,200,http://172.169.8.253:31112/function/opt-66b-submod-0-latency-25.cdgp
1704042929385244619,1704042938308305708,500,http://172.169.8.253:31112/function/opt-66b-submod-0-latency-25.cdgp
1704042929385318100,1704042938307798714,500,http://172.169.8.253:31112/function/opt-66b-submod-0-latency-25.cdgp
1704042929385423863,1704042938734919273,500,http://172.169.8.253:31112/function/opt-66b-submod-0-latency-25.cdgp
1704042929385504817,1704042939181725024,500,http://172.169.8.253:31112/function/opt-66b-submod-0-latency-25.cdgp
1704042929385586710,1704042931645220556,200,http://172.169.8.253:31112/function/opt-66b-submod-0-latency-25.cdgp
1704042929385678409,1704042931644275986,200,http://172.169.8.253:31112/function/opt-66b-submod-0-latency-25.cdgp
1704042929385736973,1704042937360136849,500,http://172.169.8.253:31112/function/opt-66b-submod-0-latency-25.cdgp
1704042929385763695,1704042938663610094,500,http://172.169.8.253:31112/function/opt-66b-submod-0-latency-25.cdgp
1704042929385860809,1704042939181910297,500,http://172.169.8.253:31112/function/opt-66b-submod-0-latency-25.cdgp
1704042929385940972,1704042939181943455,500,http://172.169.8.253:31112/function/opt-66b-submod-0-latency-25.cdgp
1704042929385967989,1704042931644841861,200,http://172.169.8.253:31112/function/opt-66b-submod-0-latency-25.cdgp
1704042929386062368,1704042939181643827,500,http://172.169.8.253:31112/function/opt-66b-submod-0-latency-25.cdgp
1704042929386093177,1704042938308512693,500,http://172.169.8.253:31112/function/opt-66b-submod-0-latency-25.cdgp
1704042929386179842,1704042939181145614,500,http://172.169.8.253:31112/function/opt-66b-submod-0-latency-25.cdgp
1704042929386253903,1704042938663189882,500,http://172.169.8.253:31112/function/opt-66b-submod-0-latency-25.cdgp
1704042929386283844,1704042939179812276,500,http://172.169.8.253:31112/function/opt-66b-submod-0-latency-25.cdgp
1704042929386408426,1704042935528604509,200,http://172.169.8.253:31112/function/opt-66b-submod-0-latency-25.cdgp
1704042929394406023,1704042939163492931,500,http://172.169.8.253:31112/function/opt-66b-submod-0-latency-25.cdgp
1704042929396049543,1704042931537726521,200,http://172.169.8.253:31112/function/opt-66b-submod-0-latency-25.cdgp
1704042929396100820,1704042939180010519,500,http://172.169.8.253:31112/function/opt-66b-submod-0-latency-25.cdgp
1704042929396166090,1704042939180343162,500,http://172.169.8.253:31112/function/opt-66b-submod-0-latency-25.cdgp
1704042929396226848,1704042939169187303,500,http://172.169.8.253:31112/function/opt-66b-submod-0-latency-25.cdgp
1704042929396256088,1704042938033581739,500,http://172.169.8.253:31112/function/opt-66b-submod-0-latency-25.cdgp
1704042929396337552,1704042939163916452,500,http://172.169.8.253:31112/function/opt-66b-submod-0-latency-25.cdgp
1704042929396387456,1704042939181916139,500,http://172.169.8.253:31112/function/opt-66b-submod-0-latency-25.cdgp
1704042929396419885,1704042939180859534,500,http://172.169.8.253:31112/function/opt-66b-submod-0-latency-25.cdgp
1704042929396532431,1704042939168273222,500,http://172.169.8.253:31112/function/opt-66b-submod-0-latency-25.cdgp
1704042929396562719,1704042939163789727,500,http://172.169.8.253:31112/function/opt-66b-submod-0-latency-25.cdgp
1704042929396652220,1704042938029712590,500,http://172.169.8.253:31112/function/opt-66b-submod-0-latency-25.cdgp
1704042929396705389,1704042939163386788,500,http://172.169.8.253:31112/function/opt-66b-submod-0-latency-25.cdgp
1704042929396773412,1704042935479898399,200,http://172.169.8.253:31112/function/opt-66b-submod-0-latency-25.cdgp
1704042929396812748,1704042939164085083,500,http://172.169.8.253:31112/function/opt-66b-submod-0-latency-25.cdgp
1704042929396888537,1704042939163476238,500,http://172.169.8.253:31112/function/opt-66b-submod-0-latency-25.cdgp
1704042929396931129,1704042939164150728,500,http://172.169.8.253:31112/function/opt-66b-submod-0-latency-25.cdgp
1704042929397016177,1704042935932250635,200,http://172.169.8.253:31112/function/opt-66b-submod-0-latency-25.cdgp
1704042929397112333,1704042938663293375,500,http://172.169.8.253:31112/function/opt-66b-submod-0-latency-25.cdgp
1704042929397211402,1704042931208163632,200,http://172.169.8.253:31112/function/opt-66b-submod-0-latency-25.cdgp
1704042929397271071,1704042937971289319,500,http://172.169.8.253:31112/function/opt-66b-submod-0-latency-25.cdgp
1704042929407888278,1704042938033893543,500,http://172.169.8.253:31112/function/opt-66b-submod-0-latency-25.cdgp
1704042929744746433,1704042939164871994,500,http://172.169.8.253:31112/function/opt-66b-submod-0-latency-25.cdgp
1704042929744837744,1704042936888482084,500,http://172.169.8.253:31112/function/opt-66b-submod-0-latency-25.cdgp
1704042929744920149,1704042939165429549,500,http://172.169.8.253:31112/function/opt-66b-submod-0-latency-25.cdgp
1704042929744986504,1704042939169252971,500,http://172.169.8.253:31112/function/opt-66b-submod-0-latency-25.cdgp
1704042929745044099,1704042939167672453,500,http://172.169.8.253:31112/function/opt-66b-submod-0-latency-25.cdgp
1704042929745079266,1704042931645267951,200,http://172.169.8.253:31112/function/opt-66b-submod-0-latency-25.cdgp
1704042929915545208,1704042939165524916,500,http://172.169.8.253:31112/function/opt-66b-submod-0-latency-25.cdgp
1704042929915592885,1704042939180545626,500,http://172.169.8.253:31112/function/opt-66b-submod-0-latency-25.cdgp
1704042929915696770,1704042939185818538,500,http://172.169.8.253:31112/function/opt-66b-submod-0-latency-25.cdgp
1704042929915740182,1704042939165682314,500,http://172.169.8.253:31112/function/opt-66b-submod-0-latency-25.cdgp
1704042929915816753,1704042935931155649,200,http://172.169.8.253:31112/function/opt-66b-submod-0-latency-25.cdgp
1704042929915879924,1704042938728085376,500,http://172.169.8.253:31112/function/opt-66b-submod-0-latency-25.cdgp
1704042929915993429,1704042932529418468,200,http://172.169.8.253:31112/function/opt-66b-submod-0-latency-25.cdgp
1704042929921812635,1704042938042173677,500,http://172.169.8.253:31112/function/opt-66b-submod-0-latency-25.cdgp
1704042929922192940,1704042939758418481,500,http://172.169.8.253:31112/function/opt-66b-submod-0-latency-25.cdgp
1704042929922241012,1704042939756763046,500,http://172.169.8.253:31112/function/opt-66b-submod-0-latency-25.cdgp
1704042929922281916,1704042933026045466,200,http://172.169.8.253:31112/function/opt-66b-submod-0-latency-25.cdgp
1704042929922352456,1704042936926722356,200,http://172.169.8.253:31112/function/opt-66b-submod-0-latency-25.cdgp
1704042929922408035,1704042939699017323,500,http://172.169.8.253:31112/function/opt-66b-submod-0-latency-25.cdgp
1704042929926360865,1704042932051520877,200,http://172.169.8.253:31112/function/opt-66b-submod-0-latency-25.cdgp
1704042929926455263,1704042933018658406,200,http://172.169.8.253:31112/function/opt-66b-submod-0-latency-25.cdgp
1704042929926538430,1704042939759565566,500,http://172.169.8.253:31112/function/opt-66b-submod-0-latency-25.cdgp
1704042929926592776,1704042938288592534,500,http://172.169.8.253:31112/function/opt-66b-submod-0-latency-25.cdgp
1704042929926660495,1704042936888740158,200,http://172.169.8.253:31112/function/opt-66b-submod-0-latency-25.cdgp
1704042929932470130,1704042938190418578,500,http://172.169.8.253:31112/function/opt-66b-submod-0-latency-25.cdgp
1704042929932580192,1704042938285558213,500,http://172.169.8.253:31112/function/opt-66b-submod-0-latency-25.cdgp
1704042929932688841,1704042939758314943,500,http://172.169.8.253:31112/function/opt-66b-submod-0-latency-25.cdgp
1704042929932788578,1704042939759887758,500,http://172.169.8.253:31112/function/opt-66b-submod-0-latency-25.cdgp
1704042929932846216,1704042939180021335,500,http://172.169.8.253:31112/function/opt-66b-submod-0-latency-25.cdgp
1704042929932951360,1704042939782056595,500,http://172.169.8.253:31112/function/opt-66b-submod-0-latency-25.cdgp
1704042929933016504,1704042938228589164,200,http://172.169.8.253:31112/function/opt-66b-submod-0-latency-25.cdgp
1704042929933111899,1704042936925969133,200,http://172.169.8.253:31112/function/opt-66b-submod-0-latency-25.cdgp
1704042929933186388,1704042939758382753,500,http://172.169.8.253:31112/function/opt-66b-submod-0-latency-25.cdgp
1704042929933263897,1704042933018516420,200,http://172.169.8.253:31112/function/opt-66b-submod-0-latency-25.cdgp
1704042929933341054,1704042939704249800,500,http://172.169.8.253:31112/function/opt-66b-submod-0-latency-25.cdgp
1704042929933432504,1704042939699122656,500,http://172.169.8.253:31112/function/opt-66b-submod-0-latency-25.cdgp
1704042929938930114,1704042936926120259,200,http://172.169.8.253:31112/function/opt-66b-submod-0-latency-25.cdgp
1704042929939022831,1704042939784420690,500,http://172.169.8.253:31112/function/opt-66b-submod-0-latency-25.cdgp
1704042929939092646,1704042939758292595,500,http://172.169.8.253:31112/function/opt-66b-submod-0-latency-25.cdgp
1704042929939186387,1704042939759212036,500,http://172.169.8.253:31112/function/opt-66b-submod-0-latency-25.cdgp
1704042929939277348,1704042939787488458,500,http://172.169.8.253:31112/function/opt-66b-submod-0-latency-25.cdgp
1704042929939413782,1704042939759051217,500,http://172.169.8.253:31112/function/opt-66b-submod-0-latency-25.cdgp
1704042929939488014,1704042939759067159,500,http://172.169.8.253:31112/function/opt-66b-submod-0-latency-25.cdgp
1704042929939606262,1704042939704832482,500,http://172.169.8.253:31112/function/opt-66b-submod-0-latency-25.cdgp
1704042929939679335,1704042939704189808,500,http://172.169.8.253:31112/function/opt-66b-submod-0-latency-25.cdgp
1704042929939750887,1704042939762509343,500,http://172.169.8.253:31112/function/opt-66b-submod-0-latency-25.cdgp
1704042929939845564,1704042939789154370,500,http://172.169.8.253:31112/function/opt-66b-submod-0-latency-25.cdgp
1704042929939921843,1704042932135685612,200,http://172.169.8.253:31112/function/opt-66b-submod-0-latency-25.cdgp
1704042929940001860,1704042937969530780,500,http://172.169.8.253:31112/function/opt-66b-submod-0-latency-25.cdgp
1704042929940082719,1704042939704838138,500,http://172.169.8.253:31112/function/opt-66b-submod-0-latency-25.cdgp
1704042929940156555,1704042933643330733,200,http://172.169.8.253:31112/function/opt-66b-submod-0-latency-25.cdgp
1704042929976483077,1704042939759680245,500,http://172.169.8.253:31112/function/opt-66b-submod-0-latency-25.cdgp
1704042929976570276,1704042938226304429,200,http://172.169.8.253:31112/function/opt-66b-submod-0-latency-25.cdgp
1704042929976647876,1704042934108172628,200,http://172.169.8.253:31112/function/opt-66b-submod-0-latency-25.cdgp
1704042929976720935,1704042939828156776,500,http://172.169.8.253:31112/function/opt-66b-submod-0-latency-25.cdgp
1704042929976739248,1704042938226514073,200,http://172.169.8.253:31112/function/opt-66b-submod-0-latency-25.cdgp
1704042929976839524,1704042938227274047,200,http://172.169.8.253:31112/function/opt-66b-submod-0-latency-25.cdgp
1704042929976924411,1704042939840827917,500,http://172.169.8.253:31112/function/opt-66b-submod-0-latency-25.cdgp
1704042929977015977,1704042939797709230,500,http://172.169.8.253:31112/function/opt-66b-submod-0-latency-25.cdgp
1704042929977067691,1704042938288534800,500,http://172.169.8.253:31112/function/opt-66b-submod-0-latency-25.cdgp
1704042930463560205,1704042939173081153,500,http://172.169.8.253:31112/function/opt-66b-submod-0-latency-25.cdgp
1704042930463646284,1704042940027814630,500,http://172.169.8.253:31112/function/opt-66b-submod-0-latency-25.cdgp
1704042930463745239,1704042933018669833,200,http://172.169.8.253:31112/function/opt-66b-submod-0-latency-25.cdgp
1704042930463815492,1704042939879949673,500,http://172.169.8.253:31112/function/opt-66b-submod-0-latency-25.cdgp
1704042930463882893,1704042932574472670,200,http://172.169.8.253:31112/function/opt-66b-submod-0-latency-25.cdgp
1704042930463914191,1704042939180274230,500,http://172.169.8.253:31112/function/opt-66b-submod-0-latency-25.cdgp
1704042930478294349,1704042939943703581,500,http://172.169.8.253:31112/function/opt-66b-submod-0-latency-25.cdgp
1704042930478408150,1704042939948735738,500,http://172.169.8.253:31112/function/opt-66b-submod-0-latency-25.cdgp
1704042930478507521,1704042939704336658,500,http://172.169.8.253:31112/function/opt-66b-submod-0-latency-25.cdgp
1704042930478610790,1704042940176566533,500,http://172.169.8.253:31112/function/opt-66b-submod-0-latency-25.cdgp
1704042930478663427,1704042940176294958,500,http://172.169.8.253:31112/function/opt-66b-submod-0-latency-25.cdgp
1704042930478771871,1704042939989039438,500,http://172.169.8.253:31112/function/opt-66b-submod-0-latency-25.cdgp
1704042930478870735,1704042940176314614,500,http://172.169.8.253:31112/function/opt-66b-submod-0-latency-25.cdgp
1704042930478963120,1704042933643468633,200,http://172.169.8.253:31112/function/opt-66b-submod-0-latency-25.cdgp
1704042930479016510,1704042939704992158,500,http://172.169.8.253:31112/function/opt-66b-submod-0-latency-25.cdgp
1704042930479118231,1704042940174684913,500,http://172.169.8.253:31112/function/opt-66b-submod-0-latency-25.cdgp
1704042930479200375,1704042938308886983,200,http://172.169.8.253:31112/function/opt-66b-submod-0-latency-25.cdgp
1704042930479292788,1704042939835640616,500,http://172.169.8.253:31112/function/opt-66b-submod-0-latency-25.cdgp
1704042930479336594,1704042939704846110,500,http://172.169.8.253:31112/function/opt-66b-submod-0-latency-25.cdgp
1704042930479418679,1704042939834970655,500,http://172.169.8.253:31112/function/opt-66b-submod-0-latency-25.cdgp
1704042930479498150,1704042933030873878,200,http://172.169.8.253:31112/function/opt-66b-submod-0-latency-25.cdgp
1704042930479574765,1704042939957463613,500,http://172.169.8.253:31112/function/opt-66b-submod-0-latency-25.cdgp
1704042930479651127,1704042932346039857,200,http://172.169.8.253:31112/function/opt-66b-submod-0-latency-25.cdgp
1704042930479739135,1704042939165098700,500,http://172.169.8.253:31112/function/opt-66b-submod-0-latency-25.cdgp
1704042930618175679,1704042940387891118,500,http://172.169.8.253:31112/function/opt-66b-submod-0-latency-25.cdgp
1704042930618256717,1704042940191826774,500,http://172.169.8.253:31112/function/opt-66b-submod-0-latency-25.cdgp
1704042930618390547,1704042940391831057,500,http://172.169.8.253:31112/function/opt-66b-submod-0-latency-25.cdgp
1704042930618456892,1704042932811802971,200,http://172.169.8.253:31112/function/opt-66b-submod-0-latency-25.cdgp
1704042930618540239,1704042939991791016,500,http://172.169.8.253:31112/function/opt-66b-submod-0-latency-25.cdgp
1704042930618619957,1704042940339098188,500,http://172.169.8.253:31112/function/opt-66b-submod-0-latency-25.cdgp
1704042930618689340,1704042932346927815,200,http://172.169.8.253:31112/function/opt-66b-submod-0-latency-25.cdgp
1704042930618787188,1704042933691747604,200,http://172.169.8.253:31112/function/opt-66b-submod-0-latency-25.cdgp
1704042930618852783,1704042940091700421,500,http://172.169.8.253:31112/function/opt-66b-submod-0-latency-25.cdgp
1704042930618968389,1704042938115657096,500,http://172.169.8.253:31112/function/opt-66b-submod-0-latency-25.cdgp
1704042930619016293,1704042938073890554,500,http://172.169.8.253:31112/function/opt-66b-submod-0-latency-25.cdgp
1704042930619079519,1704042940055417613,500,http://172.169.8.253:31112/function/opt-66b-submod-0-latency-25.cdgp
1704042930619163952,1704042940089724780,500,http://172.169.8.253:31112/function/opt-66b-submod-0-latency-25.cdgp
1704042930619230597,1704042939207849444,500,http://172.169.8.253:31112/function/opt-66b-submod-0-latency-25.cdgp
1704042930619255278,1704042940391743276,500,http://172.169.8.253:31112/function/opt-66b-submod-0-latency-25.cdgp
1704042930619347643,1704042938339805246,200,http://172.169.8.253:31112/function/opt-66b-submod-0-latency-25.cdgp
1704042930619423624,1704042940183700903,500,http://172.169.8.253:31112/function/opt-66b-submod-0-latency-25.cdgp
1704042930619460111,1704042940391722224,500,http://172.169.8.253:31112/function/opt-66b-submod-0-latency-25.cdgp
1704042930619540081,1704042940227825268,500,http://172.169.8.253:31112/function/opt-66b-submod-0-latency-25.cdgp
1704042930619609450,1704042938075675262,200,http://172.169.8.253:31112/function/opt-66b-submod-0-latency-25.cdgp
1704042930619679073,1704042940350920582,500,http://172.169.8.253:31112/function/opt-66b-submod-0-latency-25.cdgp
1704042930619702920,1704042940387767673,500,http://172.169.8.253:31112/function/opt-66b-submod-0-latency-25.cdgp
1704042930619788633,1704042940388016833,500,http://172.169.8.253:31112/function/opt-66b-submod-0-latency-25.cdgp
1704042930619870392,1704042938119718001,200,http://172.169.8.253:31112/function/opt-66b-submod-0-latency-25.cdgp
1704042930619894006,1704042939181671001,500,http://172.169.8.253:31112/function/opt-66b-submod-0-latency-25.cdgp
1704042930723475398,1704042938284806783,200,http://172.169.8.253:31112/function/opt-66b-submod-0-latency-25.cdgp
1704042930723567351,1704042940050865181,500,http://172.169.8.253:31112/function/opt-66b-submod-0-latency-25.cdgp
1704042930723638146,1704042940436521473,500,http://172.169.8.253:31112/function/opt-66b-submod-0-latency-25.cdgp
1704042930723709531,1704042940346877991,500,http://172.169.8.253:31112/function/opt-66b-submod-0-latency-25.cdgp
1704042930723812607,1704042938032159539,200,http://172.169.8.253:31112/function/opt-66b-submod-0-latency-25.cdgp
1704042930723940538,1704042932652661031,200,http://172.169.8.253:31112/function/opt-66b-submod-0-latency-25.cdgp
1704042930724002639,1704042938079000444,200,http://172.169.8.253:31112/function/opt-66b-submod-0-latency-25.cdgp
1704042930724046123,1704042939164551054,500,http://172.169.8.253:31112/function/opt-66b-submod-0-latency-25.cdgp
1704042930724133862,1704042940349254602,500,http://172.169.8.253:31112/function/opt-66b-submod-0-latency-25.cdgp
1704042930811650019,1704042939759223471,500,http://172.169.8.253:31112/function/opt-66b-submod-0-latency-25.cdgp
1704042930811739984,1704042939704173535,500,http://172.169.8.253:31112/function/opt-66b-submod-0-latency-25.cdgp
1704042930811825380,1704042937983533435,200,http://172.169.8.253:31112/function/opt-66b-submod-0-latency-25.cdgp
1704042930811901834,1704042940653550547,500,http://172.169.8.253:31112/function/opt-66b-submod-0-latency-25.cdgp
1704042930811982649,1704042938082435758,200,http://172.169.8.253:31112/function/opt-66b-submod-0-latency-25.cdgp
1704042930812044617,1704042940193746679,500,http://172.169.8.253:31112/function/opt-66b-submod-0-latency-25.cdgp
1704042930812114710,1704042940362892641,500,http://172.169.8.253:31112/function/opt-66b-submod-0-latency-25.cdgp
1704042930812150524,1704042940658411725,500,http://172.169.8.253:31112/function/opt-66b-submod-0-latency-25.cdgp
1704042930812220532,1704042939703634465,500,http://172.169.8.253:31112/function/opt-66b-submod-0-latency-25.cdgp
1704042930812289306,1704042937972176658,200,http://172.169.8.253:31112/function/opt-66b-submod-0-latency-25.cdgp
1704042930812336599,1704042940657854841,500,http://172.169.8.253:31112/function/opt-66b-submod-0-latency-25.cdgp
1704042930812413937,1704042940048739531,500,http://172.169.8.253:31112/function/opt-66b-submod-0-latency-25.cdgp
1704042930812451720,1704042940501732396,500,http://172.169.8.253:31112/function/opt-66b-submod-0-latency-25.cdgp
1704042930816148151,1704042940493028109,500,http://172.169.8.253:31112/function/opt-66b-submod-0-latency-25.cdgp
1704042930816238428,1704042932616499929,200,http://172.169.8.253:31112/function/opt-66b-submod-0-latency-25.cdgp
1704042930816323670,1704042940780862680,500,http://172.169.8.253:31112/function/opt-66b-submod-0-latency-25.cdgp
1704042930816394838,1704042940780728253,500,http://172.169.8.253:31112/function/opt-66b-submod-0-latency-25.cdgp
1704042930816462171,1704042935066806186,200,http://172.169.8.253:31112/function/opt-66b-submod-0-latency-25.cdgp
1704042930816519813,1704042933642574304,200,http://172.169.8.253:31112/function/opt-66b-submod-0-latency-25.cdgp
1704042930816597224,1704042937972399319,200,http://172.169.8.253:31112/function/opt-66b-submod-0-latency-25.cdgp
1704042930816675922,1704042938034884150,200,http://172.169.8.253:31112/function/opt-66b-submod-0-latency-25.cdgp
1704042930816758437,1704042940651684406,500,http://172.169.8.253:31112/function/opt-66b-submod-0-latency-25.cdgp
1704042930816841711,1704042939950898318,200,http://172.169.8.253:31112/function/opt-66b-submod-0-latency-25.cdgp
1704042930816897307,1704042940817469636,500,http://172.169.8.253:31112/function/opt-66b-submod-0-latency-25.cdgp
1704042930816985419,1704042940649149840,500,http://172.169.8.253:31112/function/opt-66b-submod-0-latency-25.cdgp
1704042930817070420,1704042940817573598,500,http://172.169.8.253:31112/function/opt-66b-submod-0-latency-25.cdgp
1704042930817133411,1704042940690901089,500,http://172.169.8.253:31112/function/opt-66b-submod-0-latency-25.cdgp
1704042930817161100,1704042939834854815,500,http://172.169.8.253:31112/function/opt-66b-submod-0-latency-25.cdgp
1704042930817209976,1704042938285072121,200,http://172.169.8.253:31112/function/opt-66b-submod-0-latency-25.cdgp
1704042930817276405,1704042935823525800,200,http://172.169.8.253:31112/function/opt-66b-submod-0-latency-25.cdgp
1704042930817344413,1704042940817584757,500,http://172.169.8.253:31112/function/opt-66b-submod-0-latency-25.cdgp
1704042930817400544,1704042932702118390,200,http://172.169.8.253:31112/function/opt-66b-submod-0-latency-25.cdgp
1704042930817474127,1704042934124017962,200,http://172.169.8.253:31112/function/opt-66b-submod-0-latency-25.cdgp
1704042930817566827,1704042940495471968,500,http://172.169.8.253:31112/function/opt-66b-submod-0-latency-25.cdgp
1704042930817631197,1704042940405864799,500,http://172.169.8.253:31112/function/opt-66b-submod-0-latency-25.cdgp
1704042930817690486,1704042940780568659,500,http://172.169.8.253:31112/function/opt-66b-submod-0-latency-25.cdgp
1704042930817802136,1704042938074893817,200,http://172.169.8.253:31112/function/opt-66b-submod-0-latency-25.cdgp
1704042930817879345,1704042939703863149,500,http://172.169.8.253:31112/function/opt-66b-submod-0-latency-25.cdgp
1704042930817924362,1704042940475214874,500,http://172.169.8.253:31112/function/opt-66b-submod-0-latency-25.cdgp
1704042930817976129,1704042940402521522,500,http://172.169.8.253:31112/function/opt-66b-submod-0-latency-25.cdgp
1704042930818039682,1704042940688597570,500,http://172.169.8.253:31112/function/opt-66b-submod-0-latency-25.cdgp
1704042930818090595,1704042938033513033,200,http://172.169.8.253:31112/function/opt-66b-submod-0-latency-25.cdgp
1704042930818152740,1704042940691455009,500,http://172.169.8.253:31112/function/opt-66b-submod-0-latency-25.cdgp
1704042930818209359,1704042940818646628,500,http://172.169.8.253:31112/function/opt-66b-submod-0-latency-25.cdgp
1704042930818271301,1704042939759170370,500,http://172.169.8.253:31112/function/opt-66b-submod-0-latency-25.cdgp
1704042930818325598,1704042940504733821,500,http://172.169.8.253:31112/function/opt-66b-submod-0-latency-25.cdgp
1704042930818375966,1704042940780949402,500,http://172.169.8.253:31112/function/opt-66b-submod-0-latency-25.cdgp
1704042930818431142,1704042940658737028,500,http://172.169.8.253:31112/function/opt-66b-submod-0-latency-25.cdgp
1704042930818479670,1704042940406379157,500,http://172.169.8.253:31112/function/opt-66b-submod-0-latency-25.cdgp
1704042930818532625,1704042935067927015,200,http://172.169.8.253:31112/function/opt-66b-submod-0-latency-25.cdgp
1704042930818619862,1704042934108740116,200,http://172.169.8.253:31112/function/opt-66b-submod-0-latency-25.cdgp
1704042930818704508,1704042940663371317,500,http://172.169.8.253:31112/function/opt-66b-submod-0-latency-25.cdgp
1704042930818778507,1704042940473723406,500,http://172.169.8.253:31112/function/opt-66b-submod-0-latency-25.cdgp
1704042930818860817,1704042940653827711,500,http://172.169.8.253:31112/function/opt-66b-submod-0-latency-25.cdgp
1704042930818918546,1704042940404772230,500,http://172.169.8.253:31112/function/opt-66b-submod-0-latency-25.cdgp
1704042930869813530,1704042940870810100,500,http://172.169.8.253:31112/function/opt-66b-submod-0-latency-25.cdgp
1704042930957327641,1704042939985178572,500,http://172.169.8.253:31112/function/opt-66b-submod-0-latency-25.cdgp
1704042930959134442,1704042940959785302,500,http://172.169.8.253:31112/function/opt-66b-submod-0-latency-25.cdgp
1704042930960107684,1704042940961208946,500,http://172.169.8.253:31112/function/opt-66b-submod-0-latency-25.cdgp
1704042930960148935,1704042940961234171,500,http://172.169.8.253:31112/function/opt-66b-submod-0-latency-25.cdgp
1704042930960230952,1704042940961280489,500,http://172.169.8.253:31112/function/opt-66b-submod-0-latency-25.cdgp
1704042930960332434,1704042940468238738,500,http://172.169.8.253:31112/function/opt-66b-submod-0-latency-25.cdgp
1704042930960412161,1704042940961303209,500,http://172.169.8.253:31112/function/opt-66b-submod-0-latency-25.cdgp
1704042930960487600,1704042940961228061,500,http://172.169.8.253:31112/function/opt-66b-submod-0-latency-25.cdgp
1704042930960571264,1704042940866077056,500,http://172.169.8.253:31112/function/opt-66b-submod-0-latency-25.cdgp
1704042930960666375,1704042940961230382,500,http://172.169.8.253:31112/function/opt-66b-submod-0-latency-25.cdgp
1704042930960732054,1704042935969067000,200,http://172.169.8.253:31112/function/opt-66b-submod-0-latency-25.cdgp
1704042930960791951,1704042934980373546,200,http://172.169.8.253:31112/function/opt-66b-submod-0-latency-25.cdgp
1704042930960893490,1704042940866396119,500,http://172.169.8.253:31112/function/opt-66b-submod-0-latency-25.cdgp
1704042930960957967,1704042940961304373,500,http://172.169.8.253:31112/function/opt-66b-submod-0-latency-25.cdgp
1704042930961035376,1704042939951379857,200,http://172.169.8.253:31112/function/opt-66b-submod-0-latency-25.cdgp
1704042930961183054,1704042938032585676,200,http://172.169.8.253:31112/function/opt-66b-submod-0-latency-25.cdgp
1704042930961278136,1704042940961443244,500,http://172.169.8.253:31112/function/opt-66b-submod-0-latency-25.cdgp
1704042930961382710,1704042940961519835,500,http://172.169.8.253:31112/function/opt-66b-submod-0-latency-25.cdgp
1704042930961466433,1704042940780995959,500,http://172.169.8.253:31112/function/opt-66b-submod-0-latency-25.cdgp
1704042930961550819,1704042940962234637,500,http://172.169.8.253:31112/function/opt-66b-submod-0-latency-25.cdgp
1704042930961662585,1704042934137373675,200,http://172.169.8.253:31112/function/opt-66b-submod-0-latency-25.cdgp
1704042930961734229,1704042940962222447,500,http://172.169.8.253:31112/function/opt-66b-submod-0-latency-25.cdgp
1704042930961829336,1704042940361492751,500,http://172.169.8.253:31112/function/opt-66b-submod-0-latency-25.cdgp
1704042930961917516,1704042935072639641,200,http://172.169.8.253:31112/function/opt-66b-submod-0-latency-25.cdgp
1704042930962017573,1704042940866364712,500,http://172.169.8.253:31112/function/opt-66b-submod-0-latency-25.cdgp
1704042930962100356,1704042935935186976,200,http://172.169.8.253:31112/function/opt-66b-submod-0-latency-25.cdgp
1704042930962174365,1704042940471802008,500,http://172.169.8.253:31112/function/opt-66b-submod-0-latency-25.cdgp
1704042930962256267,1704042935924410258,200,http://172.169.8.253:31112/function/opt-66b-submod-0-latency-25.cdgp
1704042930962356339,1704042940963405105,500,http://172.169.8.253:31112/function/opt-66b-submod-0-latency-25.cdgp
1704042930963144044,1704042939941593631,200,http://172.169.8.253:31112/function/opt-66b-submod-0-latency-25.cdgp
1704042930963239238,1704042940493887402,500,http://172.169.8.253:31112/function/opt-66b-submod-0-latency-25.cdgp
1704042930963344680,1704042940963470740,500,http://172.169.8.253:31112/function/opt-66b-submod-0-latency-25.cdgp
1704042930963433381,1704042940963600148,500,http://172.169.8.253:31112/function/opt-66b-submod-0-latency-25.cdgp
1704042930963544511,1704042935071602653,200,http://172.169.8.253:31112/function/opt-66b-submod-0-latency-25.cdgp
1704042930963598115,1704042940488207221,500,http://172.169.8.253:31112/function/opt-66b-submod-0-latency-25.cdgp
1704042930963647268,1704042940964997849,500,http://172.169.8.253:31112/function/opt-66b-submod-0-latency-25.cdgp
1704042930963751166,1704042938033989247,200,http://172.169.8.253:31112/function/opt-66b-submod-0-latency-25.cdgp
1704042930963832053,1704042940964796628,500,http://172.169.8.253:31112/function/opt-66b-submod-0-latency-25.cdgp
1704042930963910432,1704042938030404749,200,http://172.169.8.253:31112/function/opt-66b-submod-0-latency-25.cdgp
1704042930963981205,1704042940964924441,500,http://172.169.8.253:31112/function/opt-66b-submod-0-latency-25.cdgp
1704042930964076366,1704042940964635129,500,http://172.169.8.253:31112/function/opt-66b-submod-0-latency-25.cdgp
1704042930964169539,1704042940964626237,500,http://172.169.8.253:31112/function/opt-66b-submod-0-latency-25.cdgp
1704042930964220281,1704042940964938023,500,http://172.169.8.253:31112/function/opt-66b-submod-0-latency-25.cdgp
1704042930964306599,1704042940964788304,500,http://172.169.8.253:31112/function/opt-66b-submod-0-latency-25.cdgp
1704042930964386127,1704042940866196624,500,http://172.169.8.253:31112/function/opt-66b-submod-0-latency-25.cdgp
1704042930964464999,1704042940965004339,500,http://172.169.8.253:31112/function/opt-66b-submod-0-latency-25.cdgp
1704042930964861827,1704042940965149833,500,http://172.169.8.253:31112/function/opt-66b-submod-0-latency-25.cdgp
1704042930964898436,1704042940965178236,500,http://172.169.8.253:31112/function/opt-66b-submod-0-latency-25.cdgp
1704042930964963783,1704042940965162115,500,http://172.169.8.253:31112/function/opt-66b-submod-0-latency-25.cdgp
1704042930965042871,1704042940816234286,500,http://172.169.8.253:31112/function/opt-66b-submod-0-latency-25.cdgp
1704042931024688601,1704042940048875047,500,http://172.169.8.253:31112/function/opt-66b-submod-0-latency-25.cdgp
1704042931024771165,1704042941025193147,500,http://172.169.8.253:31112/function/opt-66b-submod-0-latency-25.cdgp
1704042931040735145,1704042940360071889,500,http://172.169.8.253:31112/function/opt-66b-submod-0-latency-25.cdgp
1704042931040812614,1704042940053309279,500,http://172.169.8.253:31112/function/opt-66b-submod-0-latency-25.cdgp
1704042931040854749,1704042941041829553,500,http://172.169.8.253:31112/function/opt-66b-submod-0-latency-25.cdgp
1704042931040917513,1704042940474940573,500,http://172.169.8.253:31112/function/opt-66b-submod-0-latency-25.cdgp
1704042931040948209,1704042940491333867,500,http://172.169.8.253:31112/function/opt-66b-submod-0-latency-25.cdgp
1704042931041012712,1704042941041705776,500,http://172.169.8.253:31112/function/opt-66b-submod-0-latency-25.cdgp
1704042931041090719,1704042939942943847,200,http://172.169.8.253:31112/function/opt-66b-submod-0-latency-25.cdgp
1704042931041156186,1704042941025087284,500,http://172.169.8.253:31112/function/opt-66b-submod-0-latency-25.cdgp
1704042931041232085,1704042940492602729,504,http://172.169.8.253:31112/function/opt-66b-submod-0-latency-25.cdgp
1704042931041295797,1704042941041824077,500,http://172.169.8.253:31112/function/opt-66b-submod-0-latency-25.cdgp
1704042931041358720,1704042941025663979,500,http://172.169.8.253:31112/function/opt-66b-submod-0-latency-25.cdgp
1704042931041402094,1704042941041812912,500,http://172.169.8.253:31112/function/opt-66b-submod-0-latency-25.cdgp
1704042931041439817,1704042939758642228,200,http://172.169.8.253:31112/function/opt-66b-submod-0-latency-25.cdgp
1704042931041519300,1704042934113489728,200,http://172.169.8.253:31112/function/opt-66b-submod-0-latency-25.cdgp
1704042931041556498,1704042939942757980,200,http://172.169.8.253:31112/function/opt-66b-submod-0-latency-25.cdgp
1704042931041646596,1704042941041814780,500,http://172.169.8.253:31112/function/opt-66b-submod-0-latency-25.cdgp
1704042931041741162,1704042941041961348,500,http://172.169.8.253:31112/function/opt-66b-submod-0-latency-25.cdgp
1704042931041830292,1704042934162120978,200,http://172.169.8.253:31112/function/opt-66b-submod-0-latency-25.cdgp
1704042931041901585,1704042941042056068,500,http://172.169.8.253:31112/function/opt-66b-submod-0-latency-25.cdgp
1704042931041999050,1704042935927870978,200,http://172.169.8.253:31112/function/opt-66b-submod-0-latency-25.cdgp
1704042931042073821,1704042941042729168,500,http://172.169.8.253:31112/function/opt-66b-submod-0-latency-25.cdgp
1704042931042152210,1704042940866378662,500,http://172.169.8.253:31112/function/opt-66b-submod-0-latency-25.cdgp
1704042931042232461,1704042939940153268,200,http://172.169.8.253:31112/function/opt-66b-submod-0-latency-25.cdgp
1704042931042309609,1704042938077509789,200,http://172.169.8.253:31112/function/opt-66b-submod-0-latency-25.cdgp
1704042931066498500,1704042941067243758,500,http://172.169.8.253:31112/function/opt-66b-submod-0-latency-25.cdgp
1704042931066585537,1704042940782968306,500,http://172.169.8.253:31112/function/opt-66b-submod-0-latency-25.cdgp
1704042931066648558,1704042935006355805,200,http://172.169.8.253:31112/function/opt-66b-submod-0-latency-25.cdgp
1704042931066709643,1704042941067229488,500,http://172.169.8.253:31112/function/opt-66b-submod-0-latency-25.cdgp
1704042931066761091,1704042941067162204,500,http://172.169.8.253:31112/function/opt-66b-submod-0-latency-25.cdgp
1704042931066800264,1704042941067230605,500,http://172.169.8.253:31112/function/opt-66b-submod-0-latency-25.cdgp
1704042931066895402,1704042940470176311,500,http://172.169.8.253:31112/function/opt-66b-submod-0-latency-25.cdgp
1704042931070687162,1704042941071412922,500,http://172.169.8.253:31112/function/opt-66b-submod-0-latency-25.cdgp
1704042931070844920,1704042939740218360,200,http://172.169.8.253:31112/function/opt-66b-submod-0-latency-25.cdgp
1704042931520830103,1704042941266686167,500,http://172.169.8.253:31112/function/opt-66b-submod-0-latency-25.cdgp
1704042932869153376,1704042939991773430,200,http://172.169.8.253:31112/function/opt-66b-submod-0-latency-25.cdgp
1704042932869245600,1704042939985194789,200,http://172.169.8.253:31112/function/opt-66b-submod-0-latency-25.cdgp
1704042932869363995,1704042939984807519,200,http://172.169.8.253:31112/function/opt-66b-submod-0-latency-25.cdgp
1704042932873432875,1704042942104879563,500,http://172.169.8.253:31112/function/opt-66b-submod-0-latency-25.cdgp
1704042932873580870,1704042942476002731,500,http://172.169.8.253:31112/function/opt-66b-submod-0-latency-25.cdgp
1704042932873674829,1704042942325077694,500,http://172.169.8.253:31112/function/opt-66b-submod-0-latency-25.cdgp
1704042932873788863,1704042942516300330,500,http://172.169.8.253:31112/function/opt-66b-submod-0-latency-25.cdgp
1704042932873911444,1704042942408566065,500,http://172.169.8.253:31112/function/opt-66b-submod-0-latency-25.cdgp
1704042932874012632,1704042942229664248,500,http://172.169.8.253:31112/function/opt-66b-submod-0-latency-25.cdgp
1704042932874088439,1704042942515746866,500,http://172.169.8.253:31112/function/opt-66b-submod-0-latency-25.cdgp
1704042932874181376,1704042942474820811,500,http://172.169.8.253:31112/function/opt-66b-submod-0-latency-25.cdgp
1704042932874249673,1704042942548442944,500,http://172.169.8.253:31112/function/opt-66b-submod-0-latency-25.cdgp
1704042932874292926,1704042941524320295,500,http://172.169.8.253:31112/function/opt-66b-submod-0-latency-25.cdgp
1704042932874484238,1704042942168827250,500,http://172.169.8.253:31112/function/opt-66b-submod-0-latency-25.cdgp
1704042932874564375,1704042939703962690,200,http://172.169.8.253:31112/function/opt-66b-submod-0-latency-25.cdgp
1704042932874638351,1704042942408581947,500,http://172.169.8.253:31112/function/opt-66b-submod-0-latency-25.cdgp
1704042932874752173,1704042941477708333,500,http://172.169.8.253:31112/function/opt-66b-submod-0-latency-25.cdgp
1704042932874800855,1704042942268020924,500,http://172.169.8.253:31112/function/opt-66b-submod-0-latency-25.cdgp
1704042932874867764,1704042942324670064,500,http://172.169.8.253:31112/function/opt-66b-submod-0-latency-25.cdgp
1704042932874944697,1704042942422807100,500,http://172.169.8.253:31112/function/opt-66b-submod-0-latency-25.cdgp
1704042932876588524,1704042942400747988,500,http://172.169.8.253:31112/function/opt-66b-submod-0-latency-25.cdgp
1704042932876669012,1704042942229959162,500,http://172.169.8.253:31112/function/opt-66b-submod-0-latency-25.cdgp
1704042932876741168,1704042942230370925,500,http://172.169.8.253:31112/function/opt-66b-submod-0-latency-25.cdgp
1704042932876810636,1704042942229735244,500,http://172.169.8.253:31112/function/opt-66b-submod-0-latency-25.cdgp
1704042932909829652,1704042942911424794,500,http://172.169.8.253:31112/function/opt-66b-submod-0-latency-25.cdgp
1704042932909944495,1704042942911389957,500,http://172.169.8.253:31112/function/opt-66b-submod-0-latency-25.cdgp
1704042932910092565,1704042939582734541,200,http://172.169.8.253:31112/function/opt-66b-submod-0-latency-25.cdgp
1704042932910159528,1704042942578658381,500,http://172.169.8.253:31112/function/opt-66b-submod-0-latency-25.cdgp
1704042932910190533,1704042937358303031,200,http://172.169.8.253:31112/function/opt-66b-submod-0-latency-25.cdgp
1704042932910292378,1704042942911247991,500,http://172.169.8.253:31112/function/opt-66b-submod-0-latency-25.cdgp
1704042932910327352,1704042942716508700,500,http://172.169.8.253:31112/function/opt-66b-submod-0-latency-25.cdgp
1704042932910387196,1704042942911371631,500,http://172.169.8.253:31112/function/opt-66b-submod-0-latency-25.cdgp
1704042932910460008,1704042942911237435,500,http://172.169.8.253:31112/function/opt-66b-submod-0-latency-25.cdgp
1704042932910485423,1704042942911374300,500,http://172.169.8.253:31112/function/opt-66b-submod-0-latency-25.cdgp
1704042932910540668,1704042942911388623,500,http://172.169.8.253:31112/function/opt-66b-submod-0-latency-25.cdgp
1704042932910624090,1704042935112625111,200,http://172.169.8.253:31112/function/opt-66b-submod-0-latency-25.cdgp
1704042932962855990,1704042942963086648,500,http://172.169.8.253:31112/function/opt-66b-submod-0-latency-25.cdgp
1704042932966780047,1704042942967828088,500,http://172.169.8.253:31112/function/opt-66b-submod-0-latency-25.cdgp
1704042932966894608,1704042942967670594,500,http://172.169.8.253:31112/function/opt-66b-submod-0-latency-25.cdgp
1704042932966986677,1704042942967929360,500,http://172.169.8.253:31112/function/opt-66b-submod-0-latency-25.cdgp
1704042932967054579,1704042936493519022,200,http://172.169.8.253:31112/function/opt-66b-submod-0-latency-25.cdgp
1704042932967140627,1704042942967927443,500,http://172.169.8.253:31112/function/opt-66b-submod-0-latency-25.cdgp
1704042932967205805,1704042942967839599,500,http://172.169.8.253:31112/function/opt-66b-submod-0-latency-25.cdgp
1704042932967282882,1704042942967939029,500,http://172.169.8.253:31112/function/opt-66b-submod-0-latency-25.cdgp
1704042932967294216,1704042940050100227,200,http://172.169.8.253:31112/function/opt-66b-submod-0-latency-25.cdgp
1704042932967417676,1704042942967844731,500,http://172.169.8.253:31112/function/opt-66b-submod-0-latency-25.cdgp
1704042932967481252,1704042942967926814,500,http://172.169.8.253:31112/function/opt-66b-submod-0-latency-25.cdgp
1704042932967501868,1704042942967685857,500,http://172.169.8.253:31112/function/opt-66b-submod-0-latency-25.cdgp
1704042932967601624,1704042942967918581,500,http://172.169.8.253:31112/function/opt-66b-submod-0-latency-25.cdgp
1704042932976371953,1704042942978534119,500,http://172.169.8.253:31112/function/opt-66b-submod-0-latency-25.cdgp
1704042932976469768,1704042942978236111,500,http://172.169.8.253:31112/function/opt-66b-submod-0-latency-25.cdgp
1704042932976539866,1704042942978469156,500,http://172.169.8.253:31112/function/opt-66b-submod-0-latency-25.cdgp
1704042932976610366,1704042942978339665,500,http://172.169.8.253:31112/function/opt-66b-submod-0-latency-25.cdgp
1704042932976690451,1704042942978629498,500,http://172.169.8.253:31112/function/opt-66b-submod-0-latency-25.cdgp
1704042932976769581,1704042940650412368,200,http://172.169.8.253:31112/function/opt-66b-submod-0-latency-25.cdgp
1704042932976837578,1704042936548941193,200,http://172.169.8.253:31112/function/opt-66b-submod-0-latency-25.cdgp
1704042932976856515,1704042942978052833,500,http://172.169.8.253:31112/function/opt-66b-submod-0-latency-25.cdgp
1704042932976922984,1704042939943931258,200,http://172.169.8.253:31112/function/opt-66b-submod-0-latency-25.cdgp
1704042932977009362,1704042942978991663,500,http://172.169.8.253:31112/function/opt-66b-submod-0-latency-25.cdgp
1704042932977086361,1704042942978637380,500,http://172.169.8.253:31112/function/opt-66b-submod-0-latency-25.cdgp
1704042932977127809,1704042942978598546,500,http://172.169.8.253:31112/function/opt-66b-submod-0-latency-25.cdgp
1704042932977179906,1704042937360483458,200,http://172.169.8.253:31112/function/opt-66b-submod-0-latency-25.cdgp
1704042932977250313,1704042940050947099,200,http://172.169.8.253:31112/function/opt-66b-submod-0-latency-25.cdgp
1704042932977324754,1704042942979003410,500,http://172.169.8.253:31112/function/opt-66b-submod-0-latency-25.cdgp
1704042932977396466,1704042941175472048,200,http://172.169.8.253:31112/function/opt-66b-submod-0-latency-25.cdgp
1704042932977499356,1704042939947421739,200,http://172.169.8.253:31112/function/opt-66b-submod-0-latency-25.cdgp
1704042932977558974,1704042942979052488,500,http://172.169.8.253:31112/function/opt-66b-submod-0-latency-25.cdgp
1704042932977631409,1704042942978536045,500,http://172.169.8.253:31112/function/opt-66b-submod-0-latency-25.cdgp
1704042932977696518,1704042942978544618,500,http://172.169.8.253:31112/function/opt-66b-submod-0-latency-25.cdgp
1704042932977728943,1704042942978548227,500,http://172.169.8.253:31112/function/opt-66b-submod-0-latency-25.cdgp
1704042932977776412,1704042942978622246,500,http://172.169.8.253:31112/function/opt-66b-submod-0-latency-25.cdgp
1704042932977825455,1704042937970988092,200,http://172.169.8.253:31112/function/opt-66b-submod-0-latency-25.cdgp
1704042932977874403,1704042942978608966,500,http://172.169.8.253:31112/function/opt-66b-submod-0-latency-25.cdgp
1704042932977943725,1704042942978168399,500,http://172.169.8.253:31112/function/opt-66b-submod-0-latency-25.cdgp
1704042932978016239,1704042942978170063,500,http://172.169.8.253:31112/function/opt-66b-submod-0-latency-25.cdgp
1704042932978047881,1704042942979169131,500,http://172.169.8.253:31112/function/opt-66b-submod-0-latency-25.cdgp
1704042932978089448,1704042942979188507,500,http://172.169.8.253:31112/function/opt-66b-submod-0-latency-25.cdgp
1704042932978163838,1704042942979203270,500,http://172.169.8.253:31112/function/opt-66b-submod-0-latency-25.cdgp
1704042932978201525,1704042942978353207,500,http://172.169.8.253:31112/function/opt-66b-submod-0-latency-25.cdgp
1704042932978264048,1704042942979063332,500,http://172.169.8.253:31112/function/opt-66b-submod-0-latency-25.cdgp
1704042932978299203,1704042942979069416,500,http://172.169.8.253:31112/function/opt-66b-submod-0-latency-25.cdgp
1704042932978367315,1704042939940143369,200,http://172.169.8.253:31112/function/opt-66b-submod-0-latency-25.cdgp
1704042932978428925,1704042942979302088,500,http://172.169.8.253:31112/function/opt-66b-submod-0-latency-25.cdgp
1704042932978468960,1704042939944010925,200,http://172.169.8.253:31112/function/opt-66b-submod-0-latency-25.cdgp
1704042932978523957,1704042937360145531,200,http://172.169.8.253:31112/function/opt-66b-submod-0-latency-25.cdgp
1704042932978572974,1704042942979180400,500,http://172.169.8.253:31112/function/opt-66b-submod-0-latency-25.cdgp
1704042932978653810,1704042942717535464,500,http://172.169.8.253:31112/function/opt-66b-submod-0-latency-25.cdgp
1704042932978706206,1704042942979195885,500,http://172.169.8.253:31112/function/opt-66b-submod-0-latency-25.cdgp
1704042932978783429,1704042942979209895,500,http://172.169.8.253:31112/function/opt-66b-submod-0-latency-25.cdgp
1704042932978870080,1704042942978992732,500,http://172.169.8.253:31112/function/opt-66b-submod-0-latency-25.cdgp
1704042932978914799,1704042942979356687,500,http://172.169.8.253:31112/function/opt-66b-submod-0-latency-25.cdgp
1704042932978988594,1704042942979344716,500,http://172.169.8.253:31112/function/opt-66b-submod-0-latency-25.cdgp
1704042932988612471,1704042942989082893,500,http://172.169.8.253:31112/function/opt-66b-submod-0-latency-25.cdgp
1704042932988768879,1704042942989124934,500,http://172.169.8.253:31112/function/opt-66b-submod-0-latency-25.cdgp
1704042932988876544,1704042942989146072,500,http://172.169.8.253:31112/function/opt-66b-submod-0-latency-25.cdgp
1704042932988982393,1704042936547169559,200,http://172.169.8.253:31112/function/opt-66b-submod-0-latency-25.cdgp
1704042932989091868,1704042938063521396,200,http://172.169.8.253:31112/function/opt-66b-submod-0-latency-25.cdgp
1704042932989210120,1704042942991104108,500,http://172.169.8.253:31112/function/opt-66b-submod-0-latency-25.cdgp
1704042932989282243,1704042942990627889,500,http://172.169.8.253:31112/function/opt-66b-submod-0-latency-25.cdgp
1704042932989344057,1704042942991160859,500,http://172.169.8.253:31112/function/opt-66b-submod-0-latency-25.cdgp
1704042932989473055,1704042942991099711,500,http://172.169.8.253:31112/function/opt-66b-submod-0-latency-25.cdgp
1704042932989552956,1704042942991089674,500,http://172.169.8.253:31112/function/opt-66b-submod-0-latency-25.cdgp
1704042932989639344,1704042942990877593,500,http://172.169.8.253:31112/function/opt-66b-submod-0-latency-25.cdgp
1704042932989708325,1704042942990637445,500,http://172.169.8.253:31112/function/opt-66b-submod-0-latency-25.cdgp
1704042932989799043,1704042942990448180,500,http://172.169.8.253:31112/function/opt-66b-submod-0-latency-25.cdgp
1704042932989863136,1704042942990874246,500,http://172.169.8.253:31112/function/opt-66b-submod-0-latency-25.cdgp
1704042932989953906,1704042942990863454,500,http://172.169.8.253:31112/function/opt-66b-submod-0-latency-25.cdgp
1704042932990027842,1704042942990545569,500,http://172.169.8.253:31112/function/opt-66b-submod-0-latency-25.cdgp
1704042932990105366,1704042939758478755,200,http://172.169.8.253:31112/function/opt-66b-submod-0-latency-25.cdgp
1704042932990173376,1704042942719051338,500,http://172.169.8.253:31112/function/opt-66b-submod-0-latency-25.cdgp
1704042932990274379,1704042942990883182,500,http://172.169.8.253:31112/function/opt-66b-submod-0-latency-25.cdgp
1704042932990382602,1704042942990551827,500,http://172.169.8.253:31112/function/opt-66b-submod-0-latency-25.cdgp
1704042932990465932,1704042942991009305,500,http://172.169.8.253:31112/function/opt-66b-submod-0-latency-25.cdgp
1704042932990540016,1704042942991011304,500,http://172.169.8.253:31112/function/opt-66b-submod-0-latency-25.cdgp
1704042932990645206,1704042939582886732,200,http://172.169.8.253:31112/function/opt-66b-submod-0-latency-25.cdgp
1704042932990723019,1704042942990868771,500,http://172.169.8.253:31112/function/opt-66b-submod-0-latency-25.cdgp
1704042932990826806,1704042942991252677,500,http://172.169.8.253:31112/function/opt-66b-submod-0-latency-25.cdgp
1704042932990880155,1704042942991126130,500,http://172.169.8.253:31112/function/opt-66b-submod-0-latency-25.cdgp
1704042932990926167,1704042942991326558,500,http://172.169.8.253:31112/function/opt-66b-submod-0-latency-25.cdgp
1704042932991007770,1704042942718648540,500,http://172.169.8.253:31112/function/opt-66b-submod-0-latency-25.cdgp
1704042932991088640,1704042942991255329,500,http://172.169.8.253:31112/function/opt-66b-submod-0-latency-25.cdgp
1704042932991164267,1704042942991352787,500,http://172.169.8.253:31112/function/opt-66b-submod-0-latency-25.cdgp
1704042932991232308,1704042937358220327,200,http://172.169.8.253:31112/function/opt-66b-submod-0-latency-25.cdgp
1704042932991293729,1704042942993062552,500,http://172.169.8.253:31112/function/opt-66b-submod-0-latency-25.cdgp
1704042932991405028,1704042942992683493,500,http://172.169.8.253:31112/function/opt-66b-submod-0-latency-25.cdgp
1704042932991500255,1704042942190390980,200,http://172.169.8.253:31112/function/opt-66b-submod-0-latency-25.cdgp
1704042932991570842,1704042942992842006,500,http://172.169.8.253:31112/function/opt-66b-submod-0-latency-25.cdgp
1704042932991651892,1704042942993050115,500,http://172.169.8.253:31112/function/opt-66b-submod-0-latency-25.cdgp
1704042932991729111,1704042937359539466,200,http://172.169.8.253:31112/function/opt-66b-submod-0-latency-25.cdgp
1704042932991797946,1704042942992849183,500,http://172.169.8.253:31112/function/opt-66b-submod-0-latency-25.cdgp
1704042932991885381,1704042942993036224,500,http://172.169.8.253:31112/function/opt-66b-submod-0-latency-25.cdgp
1704042932991956634,1704042942993054328,500,http://172.169.8.253:31112/function/opt-66b-submod-0-latency-25.cdgp
1704042932992023699,1704042941018453128,200,http://172.169.8.253:31112/function/opt-66b-submod-0-latency-25.cdgp
1704042932992104308,1704042942993038850,500,http://172.169.8.253:31112/function/opt-66b-submod-0-latency-25.cdgp
1704042932992120754,1704042942993040063,500,http://172.169.8.253:31112/function/opt-66b-submod-0-latency-25.cdgp
1704042932992189469,1704042942993058705,500,http://172.169.8.253:31112/function/opt-66b-submod-0-latency-25.cdgp
1704042932994737399,1704042942995884125,500,http://172.169.8.253:31112/function/opt-66b-submod-0-latency-25.cdgp
1704042932994840912,1704042942995882928,500,http://172.169.8.253:31112/function/opt-66b-submod-0-latency-25.cdgp
1704042933480445934,1704042943481670971,500,http://172.169.8.253:31112/function/opt-66b-submod-0-latency-25.cdgp
1704042933480625863,1704042943481692939,500,http://172.169.8.253:31112/function/opt-66b-submod-0-latency-25.cdgp
1704042933497022489,1704042942408259483,200,http://172.169.8.253:31112/function/opt-66b-submod-0-latency-25.cdgp
1704042933497110240,1704042943498442368,500,http://172.169.8.253:31112/function/opt-66b-submod-0-latency-25.cdgp
1704042933497217305,1704042943483978823,500,http://172.169.8.253:31112/function/opt-66b-submod-0-latency-25.cdgp
1704042933497296727,1704042943483687983,500,http://172.169.8.253:31112/function/opt-66b-submod-0-latency-25.cdgp
1704042933497327474,1704042943498553523,500,http://172.169.8.253:31112/function/opt-66b-submod-0-latency-25.cdgp
1704042933497408815,1704042943498449525,500,http://172.169.8.253:31112/function/opt-66b-submod-0-latency-25.cdgp
1704042933527333898,1704042943528058571,500,http://172.169.8.253:31112/function/opt-66b-submod-0-latency-25.cdgp
1704042933564818871,1704042943565833804,500,http://172.169.8.253:31112/function/opt-66b-submod-0-latency-25.cdgp
1704042933564866454,1704042943388454308,500,http://172.169.8.253:31112/function/opt-66b-submod-0-latency-25.cdgp
1704042933564966754,1704042943538579739,500,http://172.169.8.253:31112/function/opt-66b-submod-0-latency-25.cdgp
1704042933565031484,1704042943565969235,500,http://172.169.8.253:31112/function/opt-66b-submod-0-latency-25.cdgp
1704042933565106422,1704042943539121220,500,http://172.169.8.253:31112/function/opt-66b-submod-0-latency-25.cdgp
1704042933565243066,1704042943540096261,500,http://172.169.8.253:31112/function/opt-66b-submod-0-latency-25.cdgp
1704042933565349807,1704042943565944170,500,http://172.169.8.253:31112/function/opt-66b-submod-0-latency-25.cdgp
1704042933565432685,1704042943565824748,500,http://172.169.8.253:31112/function/opt-66b-submod-0-latency-25.cdgp
1704042933569529744,1704042943538971387,500,http://172.169.8.253:31112/function/opt-66b-submod-0-latency-25.cdgp
1704042933569619207,1704042942406869186,200,http://172.169.8.253:31112/function/opt-66b-submod-0-latency-25.cdgp
1704042933569688393,1704042943570243873,500,http://172.169.8.253:31112/function/opt-66b-submod-0-latency-25.cdgp
1704042933569776769,1704042943570233653,500,http://172.169.8.253:31112/function/opt-66b-submod-0-latency-25.cdgp
1704042933603019911,1704042943540227819,500,http://172.169.8.253:31112/function/opt-66b-submod-0-latency-25.cdgp
1704042933603096218,1704042939939060502,200,http://172.169.8.253:31112/function/opt-66b-submod-0-latency-25.cdgp
1704042933603190042,1704042943604425937,500,http://172.169.8.253:31112/function/opt-66b-submod-0-latency-25.cdgp
1704042933603270888,1704042942229985644,200,http://172.169.8.253:31112/function/opt-66b-submod-0-latency-25.cdgp
1704042933603364641,1704042939833496938,200,http://172.169.8.253:31112/function/opt-66b-submod-0-latency-25.cdgp
1704042933603428420,1704042943539796064,500,http://172.169.8.253:31112/function/opt-66b-submod-0-latency-25.cdgp
1704042933603452437,1704042943604437485,500,http://172.169.8.253:31112/function/opt-66b-submod-0-latency-25.cdgp
1704042933603537389,1704042943539101987,500,http://172.169.8.253:31112/function/opt-66b-submod-0-latency-25.cdgp
1704042933603599643,1704042943604554837,500,http://172.169.8.253:31112/function/opt-66b-submod-0-latency-25.cdgp
1704042933603652288,1704042943539136061,500,http://172.169.8.253:31112/function/opt-66b-submod-0-latency-25.cdgp
1704042933603713241,1704042939941036833,200,http://172.169.8.253:31112/function/opt-66b-submod-0-latency-25.cdgp
1704042933603798652,1704042943604432400,500,http://172.169.8.253:31112/function/opt-66b-submod-0-latency-25.cdgp
1704042933603836898,1704042943604407917,500,http://172.169.8.253:31112/function/opt-66b-submod-0-latency-25.cdgp
1704042933603933916,1704042937966671198,200,http://172.169.8.253:31112/function/opt-66b-submod-0-latency-25.cdgp
1704042933604004180,1704042943539332141,500,http://172.169.8.253:31112/function/opt-66b-submod-0-latency-25.cdgp
1704042933604184681,1704042943540402058,500,http://172.169.8.253:31112/function/opt-66b-submod-0-latency-25.cdgp
1704042933604260874,1704042943604564783,500,http://172.169.8.253:31112/function/opt-66b-submod-0-latency-25.cdgp
1704042933605545648,1704042943606526809,500,http://172.169.8.253:31112/function/opt-66b-submod-0-latency-25.cdgp
1704042933605629286,1704042937972721068,200,http://172.169.8.253:31112/function/opt-66b-submod-0-latency-25.cdgp
1704042933605691882,1704042943478338701,500,http://172.169.8.253:31112/function/opt-66b-submod-0-latency-25.cdgp
1704042933605747127,1704042943539625641,500,http://172.169.8.253:31112/function/opt-66b-submod-0-latency-25.cdgp
1704042933605779273,1704042943606516581,500,http://172.169.8.253:31112/function/opt-66b-submod-0-latency-25.cdgp
1704042933656361154,1704042943657095794,500,http://172.169.8.253:31112/function/opt-66b-submod-0-latency-25.cdgp
1704042933656476682,1704042943656862334,500,http://172.169.8.253:31112/function/opt-66b-submod-0-latency-25.cdgp
1704042933656566990,1704042942356844000,200,http://172.169.8.253:31112/function/opt-66b-submod-0-latency-25.cdgp
1704042933656633670,1704042943656877716,500,http://172.169.8.253:31112/function/opt-66b-submod-0-latency-25.cdgp
1704042933656735155,1704042943575795382,500,http://172.169.8.253:31112/function/opt-66b-submod-0-latency-25.cdgp
1704042933656797441,1704042943657106663,500,http://172.169.8.253:31112/function/opt-66b-submod-0-latency-25.cdgp
1704042933656869100,1704042943657112357,500,http://172.169.8.253:31112/function/opt-66b-submod-0-latency-25.cdgp
1704042933656939911,1704042943657220866,500,http://172.169.8.253:31112/function/opt-66b-submod-0-latency-25.cdgp
1704042933656987094,1704042943657290412,500,http://172.169.8.253:31112/function/opt-66b-submod-0-latency-25.cdgp
1704042933657057135,1704042937049844758,200,http://172.169.8.253:31112/function/opt-66b-submod-0-latency-25.cdgp
1704042933657144016,1704042943657306692,500,http://172.169.8.253:31112/function/opt-66b-submod-0-latency-25.cdgp
1704042933657199623,1704042943657361079,500,http://172.169.8.253:31112/function/opt-66b-submod-0-latency-25.cdgp
1704042933657266651,1704042942230044192,200,http://172.169.8.253:31112/function/opt-66b-submod-0-latency-25.cdgp
1704042933657335105,1704042941063654458,200,http://172.169.8.253:31112/function/opt-66b-submod-0-latency-25.cdgp
1704042933657427879,1704042943658394268,500,http://172.169.8.253:31112/function/opt-66b-submod-0-latency-25.cdgp
1704042933657524192,1704042943658475941,500,http://172.169.8.253:31112/function/opt-66b-submod-0-latency-25.cdgp
1704042933657599703,1704042943658476047,500,http://172.169.8.253:31112/function/opt-66b-submod-0-latency-25.cdgp
1704042933657672167,1704042940927035340,200,http://172.169.8.253:31112/function/opt-66b-submod-0-latency-25.cdgp
1704042933657739776,1704042943658458244,500,http://172.169.8.253:31112/function/opt-66b-submod-0-latency-25.cdgp
1704042933657766868,1704042943658405088,500,http://172.169.8.253:31112/function/opt-66b-submod-0-latency-25.cdgp
1704042933657824402,1704042943658463603,500,http://172.169.8.253:31112/function/opt-66b-submod-0-latency-25.cdgp
1704042933657894119,1704042943658454822,500,http://172.169.8.253:31112/function/opt-66b-submod-0-latency-25.cdgp
1704042933657949021,1704042943658394604,500,http://172.169.8.253:31112/function/opt-66b-submod-0-latency-25.cdgp
1704042933658040417,1704042943658467698,500,http://172.169.8.253:31112/function/opt-66b-submod-0-latency-25.cdgp
1704042933658155982,1704042936888098450,200,http://172.169.8.253:31112/function/opt-66b-submod-0-latency-25.cdgp
1704042933658180081,1704042937967792198,200,http://172.169.8.253:31112/function/opt-66b-submod-0-latency-25.cdgp
1704042933658279677,1704042939833955222,200,http://172.169.8.253:31112/function/opt-66b-submod-0-latency-25.cdgp
1704042933658357911,1704042943658527584,500,http://172.169.8.253:31112/function/opt-66b-submod-0-latency-25.cdgp
1704042933658466050,1704042943658598785,500,http://172.169.8.253:31112/function/opt-66b-submod-0-latency-25.cdgp
1704042933658536608,1704042943658689136,500,http://172.169.8.253:31112/function/opt-66b-submod-0-latency-25.cdgp
1704042933658764221,1704042943659164198,500,http://172.169.8.253:31112/function/opt-66b-submod-0-latency-25.cdgp
1704042934147273269,1704042940703863862,200,http://172.169.8.253:31112/function/opt-66b-submod-0-latency-25.cdgp
1704042934147520695,1704042940927229403,200,http://172.169.8.253:31112/function/opt-66b-submod-0-latency-25.cdgp
1704042934147624812,1704042943801637036,500,http://172.169.8.253:31112/function/opt-66b-submod-0-latency-25.cdgp
1704042934147692428,1704042944148178335,500,http://172.169.8.253:31112/function/opt-66b-submod-0-latency-25.cdgp
1704042934624009451,1704042944260450149,500,http://172.169.8.253:31112/function/opt-66b-submod-0-latency-25.cdgp
1704042934624094727,1704042944309227202,500,http://172.169.8.253:31112/function/opt-66b-submod-0-latency-25.cdgp
1704042934624211197,1704042944289975499,500,http://172.169.8.253:31112/function/opt-66b-submod-0-latency-25.cdgp
1704042934624282139,1704042944301051130,500,http://172.169.8.253:31112/function/opt-66b-submod-0-latency-25.cdgp
1704042934624317255,1704042944292606427,500,http://172.169.8.253:31112/function/opt-66b-submod-0-latency-25.cdgp
1704042934624409367,1704042944306396704,500,http://172.169.8.253:31112/function/opt-66b-submod-0-latency-25.cdgp
1704042934624479838,1704042944268346428,500,http://172.169.8.253:31112/function/opt-66b-submod-0-latency-25.cdgp
1704042934626452831,1704042944307975049,500,http://172.169.8.253:31112/function/opt-66b-submod-0-latency-25.cdgp
1704042934626506049,1704042937982564555,200,http://172.169.8.253:31112/function/opt-66b-submod-0-latency-25.cdgp
1704042934627064880,1704042939948645794,200,http://172.169.8.253:31112/function/opt-66b-submod-0-latency-25.cdgp
1704042934627142056,1704042940889059225,200,http://172.169.8.253:31112/function/opt-66b-submod-0-latency-25.cdgp
1704042935260508358,1704042941104424532,200,http://172.169.8.253:31112/function/opt-66b-submod-0-latency-25.cdgp
1704042935260592612,1704042944645096905,500,http://172.169.8.253:31112/function/opt-66b-submod-0-latency-25.cdgp
1704042935260684899,1704042944647631388,500,http://172.169.8.253:31112/function/opt-66b-submod-0-latency-25.cdgp
1704042935260754801,1704042944699214736,504,http://172.169.8.253:31112/function/opt-66b-submod-0-latency-25.cdgp
1704042935260795379,1704042944649091771,500,http://172.169.8.253:31112/function/opt-66b-submod-0-latency-25.cdgp
1704042935260931891,1704042944600595513,500,http://172.169.8.253:31112/function/opt-66b-submod-0-latency-25.cdgp
1704042935261013260,1704042941148237083,200,http://172.169.8.253:31112/function/opt-66b-submod-0-latency-25.cdgp
1704042935261077667,1704042944701012050,500,http://172.169.8.253:31112/function/opt-66b-submod-0-latency-25.cdgp
1704042935261193949,1704042944629254917,500,http://172.169.8.253:31112/function/opt-66b-submod-0-latency-25.cdgp
1704042935261307252,1704042942476007870,200,http://172.169.8.253:31112/function/opt-66b-submod-0-latency-25.cdgp
1704042935261387539,1704042944627653125,500,http://172.169.8.253:31112/function/opt-66b-submod-0-latency-25.cdgp
1704042935311053323,1704042944646385600,500,http://172.169.8.253:31112/function/opt-66b-submod-0-latency-25.cdgp
1704042935313424159,1704042944647219333,500,http://172.169.8.253:31112/function/opt-66b-submod-0-latency-25.cdgp
1704042935313519392,1704042944643113819,500,http://172.169.8.253:31112/function/opt-66b-submod-0-latency-25.cdgp
1704042935313641544,1704042944658238579,500,http://172.169.8.253:31112/function/opt-66b-submod-0-latency-25.cdgp
1704042935357915280,1704042944659030073,500,http://172.169.8.253:31112/function/opt-66b-submod-0-latency-25.cdgp
1704042935357990099,1704042944736815970,500,http://172.169.8.253:31112/function/opt-66b-submod-0-latency-25.cdgp
1704042935358142182,1704042944779747499,500,http://172.169.8.253:31112/function/opt-66b-submod-0-latency-25.cdgp
1704042935358208067,1704042938331606002,200,http://172.169.8.253:31112/function/opt-66b-submod-0-latency-25.cdgp
1704042935358250457,1704042939946821101,200,http://172.169.8.253:31112/function/opt-66b-submod-0-latency-25.cdgp
1704042935360384906,1704042939947960812,200,http://172.169.8.253:31112/function/opt-66b-submod-0-latency-25.cdgp
1704042935360497868,1704042945050084556,504,http://172.169.8.253:31112/function/opt-66b-submod-0-latency-25.cdgp
1704042935589796645,1704042944915684805,500,http://172.169.8.253:31112/function/opt-66b-submod-0-latency-25.cdgp
1704042935589874462,1704042944992312994,500,http://172.169.8.253:31112/function/opt-66b-submod-0-latency-25.cdgp
1704042935589954188,1704042940696818301,200,http://172.169.8.253:31112/function/opt-66b-submod-0-latency-25.cdgp
1704042935590019760,1704042940339537352,200,http://172.169.8.253:31112/function/opt-66b-submod-0-latency-25.cdgp
1704042935590119932,1704042942409352182,200,http://172.169.8.253:31112/function/opt-66b-submod-0-latency-25.cdgp
1704042935590173363,1704042939942109075,200,http://172.169.8.253:31112/function/opt-66b-submod-0-latency-25.cdgp
1704042936179711206,1704042941023013317,200,http://172.169.8.253:31112/function/opt-66b-submod-0-latency-25.cdgp
1704042936179823196,1704042945542463747,500,http://172.169.8.253:31112/function/opt-66b-submod-0-latency-25.cdgp
1704042936355512258,1704042945715748400,500,http://172.169.8.253:31112/function/opt-66b-submod-0-latency-25.cdgp
1704042936355626080,1704042945687843923,500,http://172.169.8.253:31112/function/opt-66b-submod-0-latency-25.cdgp
1704042936355719599,1704042945689178214,500,http://172.169.8.253:31112/function/opt-66b-submod-0-latency-25.cdgp
1704042936355848078,1704042940703865589,200,http://172.169.8.253:31112/function/opt-66b-submod-0-latency-25.cdgp
1704042936355922654,1704042945184008052,500,http://172.169.8.253:31112/function/opt-66b-submod-0-latency-25.cdgp
1704042936355994257,1704042941200638353,200,http://172.169.8.253:31112/function/opt-66b-submod-0-latency-25.cdgp
1704042936491819973,1704042944963731417,500,http://172.169.8.253:31112/function/opt-66b-submod-0-latency-25.cdgp
1704042936491893600,1704042945847720711,500,http://172.169.8.253:31112/function/opt-66b-submod-0-latency-25.cdgp
1704042936492394863,1704042942267906345,200,http://172.169.8.253:31112/function/opt-66b-submod-0-latency-25.cdgp
1704042936492491813,1704042945843402849,500,http://172.169.8.253:31112/function/opt-66b-submod-0-latency-25.cdgp
1704042936492598855,1704042945927591750,500,http://172.169.8.253:31112/function/opt-66b-submod-0-latency-25.cdgp
1704042936492715698,1704042944826678328,500,http://172.169.8.253:31112/function/opt-66b-submod-0-latency-25.cdgp
1704042936492781073,1704042945847841470,500,http://172.169.8.253:31112/function/opt-66b-submod-0-latency-25.cdgp
1704042936492855298,1704042945844959806,500,http://172.169.8.253:31112/function/opt-66b-submod-0-latency-25.cdgp
1704042936492911224,1704042945146148448,500,http://172.169.8.253:31112/function/opt-66b-submod-0-latency-25.cdgp
1704042936492996772,1704042945879912119,500,http://172.169.8.253:31112/function/opt-66b-submod-0-latency-25.cdgp
1704042936592713046,1704042945975690367,500,http://172.169.8.253:31112/function/opt-66b-submod-0-latency-25.cdgp
1704042936592788091,1704042938290327244,200,http://172.169.8.253:31112/function/opt-66b-submod-0-latency-25.cdgp
1704042936592850763,1704042939983860064,200,http://172.169.8.253:31112/function/opt-66b-submod-0-latency-25.cdgp
1704042936592907317,1704042945909525255,500,http://172.169.8.253:31112/function/opt-66b-submod-0-latency-25.cdgp
1704042936592959416,1704042944803507012,500,http://172.169.8.253:31112/function/opt-66b-submod-0-latency-25.cdgp
1704042936593045108,1704042945853435975,500,http://172.169.8.253:31112/function/opt-66b-submod-0-latency-25.cdgp
1704042936593106428,1704042945843849884,500,http://172.169.8.253:31112/function/opt-66b-submod-0-latency-25.cdgp
1704042936593169061,1704042938035270985,200,http://172.169.8.253:31112/function/opt-66b-submod-0-latency-25.cdgp
1704042936593201857,1704042946075792485,500,http://172.169.8.253:31112/function/opt-66b-submod-0-latency-25.cdgp
1704042936593285056,1704042944872180465,500,http://172.169.8.253:31112/function/opt-66b-submod-0-latency-25.cdgp
1704042936593326733,1704042945843933444,500,http://172.169.8.253:31112/function/opt-66b-submod-0-latency-25.cdgp
1704042936593400057,1704042945851983389,500,http://172.169.8.253:31112/function/opt-66b-submod-0-latency-25.cdgp
1704042936593437957,1704042946207923110,500,http://172.169.8.253:31112/function/opt-66b-submod-0-latency-25.cdgp
1704042936593517205,1704042944908141090,500,http://172.169.8.253:31112/function/opt-66b-submod-0-latency-25.cdgp
1704042936596938194,1704042941055718948,200,http://172.169.8.253:31112/function/opt-66b-submod-0-latency-25.cdgp
1704042936596995195,1704042944929045933,500,http://172.169.8.253:31112/function/opt-66b-submod-0-latency-25.cdgp
1704042936597041210,1704042946214389066,500,http://172.169.8.253:31112/function/opt-66b-submod-0-latency-25.cdgp
1704042936597093691,1704042941022043650,200,http://172.169.8.253:31112/function/opt-66b-submod-0-latency-25.cdgp
1704042936597209013,1704042946229865960,500,http://172.169.8.253:31112/function/opt-66b-submod-0-latency-25.cdgp
1704042936597270014,1704042944995444343,500,http://172.169.8.253:31112/function/opt-66b-submod-0-latency-25.cdgp
1704042936597319551,1704042946158776729,500,http://172.169.8.253:31112/function/opt-66b-submod-0-latency-25.cdgp
1704042936597354442,1704042946227882640,500,http://172.169.8.253:31112/function/opt-66b-submod-0-latency-25.cdgp
1704042936597446192,1704042945976393071,500,http://172.169.8.253:31112/function/opt-66b-submod-0-latency-25.cdgp
1704042936597495763,1704042939947062913,200,http://172.169.8.253:31112/function/opt-66b-submod-0-latency-25.cdgp
1704042936597570597,1704042942474904280,200,http://172.169.8.253:31112/function/opt-66b-submod-0-latency-25.cdgp
1704042936597663770,1704042938663726047,200,http://172.169.8.253:31112/function/opt-66b-submod-0-latency-25.cdgp
1704042936597720707,1704042946261088829,500,http://172.169.8.253:31112/function/opt-66b-submod-0-latency-25.cdgp
1704042936597784031,1704042940064899189,200,http://172.169.8.253:31112/function/opt-66b-submod-0-latency-25.cdgp
1704042936597809069,1704042945908951360,500,http://172.169.8.253:31112/function/opt-66b-submod-0-latency-25.cdgp
1704042936597885817,1704042938283473415,200,http://172.169.8.253:31112/function/opt-66b-submod-0-latency-25.cdgp
1704042936597951157,1704042946598164466,500,http://172.169.8.253:31112/function/opt-66b-submod-0-latency-25.cdgp
1704042936597979829,1704042945143272276,500,http://172.169.8.253:31112/function/opt-66b-submod-0-latency-25.cdgp
1704042936598058161,1704042946262523605,500,http://172.169.8.253:31112/function/opt-66b-submod-0-latency-25.cdgp
1704042936598145075,1704042945215915681,500,http://172.169.8.253:31112/function/opt-66b-submod-0-latency-25.cdgp
1704042936598195788,1704042940659630532,200,http://172.169.8.253:31112/function/opt-66b-submod-0-latency-25.cdgp
1704042936598248499,1704042938308421960,200,http://172.169.8.253:31112/function/opt-66b-submod-0-latency-25.cdgp
1704042936598334283,1704042941107641252,200,http://172.169.8.253:31112/function/opt-66b-submod-0-latency-25.cdgp
1704042936598475375,1704042946366691278,500,http://172.169.8.253:31112/function/opt-66b-submod-0-latency-25.cdgp
1704042936598500223,1704042946456264180,500,http://172.169.8.253:31112/function/opt-66b-submod-0-latency-25.cdgp
1704042936598577266,1704042946332177659,500,http://172.169.8.253:31112/function/opt-66b-submod-0-latency-25.cdgp
1704042936598661755,1704042940696537234,200,http://172.169.8.253:31112/function/opt-66b-submod-0-latency-25.cdgp
1704042936598685947,1704042946243819998,500,http://172.169.8.253:31112/function/opt-66b-submod-0-latency-25.cdgp
1704042936598765393,1704042945142448388,500,http://172.169.8.253:31112/function/opt-66b-submod-0-latency-25.cdgp
1704042936598859487,1704042945156321400,500,http://172.169.8.253:31112/function/opt-66b-submod-0-latency-25.cdgp
1704042936598954570,1704042946452378122,500,http://172.169.8.253:31112/function/opt-66b-submod-0-latency-25.cdgp
1704042936598981816,1704042946349985981,500,http://172.169.8.253:31112/function/opt-66b-submod-0-latency-25.cdgp
1704042936599061154,1704042946319050651,500,http://172.169.8.253:31112/function/opt-66b-submod-0-latency-25.cdgp
1704042936599106726,1704042945945473241,500,http://172.169.8.253:31112/function/opt-66b-submod-0-latency-25.cdgp
1704042936626893379,1704042946627106938,500,http://172.169.8.253:31112/function/opt-66b-submod-0-latency-25.cdgp
1704042936627120886,1704042946557733849,500,http://172.169.8.253:31112/function/opt-66b-submod-0-latency-25.cdgp
1704042936627209590,1704042946516995584,500,http://172.169.8.253:31112/function/opt-66b-submod-0-latency-25.cdgp
1704042936627271410,1704042945801136440,500,http://172.169.8.253:31112/function/opt-66b-submod-0-latency-25.cdgp
1704042936627439988,1704042946558212087,500,http://172.169.8.253:31112/function/opt-66b-submod-0-latency-25.cdgp
1704042936655737361,1704042940423709682,200,http://172.169.8.253:31112/function/opt-66b-submod-0-latency-25.cdgp
1704042936655785431,1704042941635879773,200,http://172.169.8.253:31112/function/opt-66b-submod-0-latency-25.cdgp
1704042936655869662,1704042942403803033,200,http://172.169.8.253:31112/function/opt-66b-submod-0-latency-25.cdgp
1704042936655937811,1704042946656409422,500,http://172.169.8.253:31112/function/opt-66b-submod-0-latency-25.cdgp
1704042936656020657,1704042946656418297,500,http://172.169.8.253:31112/function/opt-66b-submod-0-latency-25.cdgp
1704042936656093634,1704042946644293291,500,http://172.169.8.253:31112/function/opt-66b-submod-0-latency-25.cdgp
1704042936656134135,1704042946656678479,500,http://172.169.8.253:31112/function/opt-66b-submod-0-latency-25.cdgp
1704042936656217740,1704042943790562368,200,http://172.169.8.253:31112/function/opt-66b-submod-0-latency-25.cdgp
1704042936656252803,1704042946656670951,500,http://172.169.8.253:31112/function/opt-66b-submod-0-latency-25.cdgp
1704042936656329130,1704042946644029928,500,http://172.169.8.253:31112/function/opt-66b-submod-0-latency-25.cdgp
1704042936656406612,1704042946656697305,500,http://172.169.8.253:31112/function/opt-66b-submod-0-latency-25.cdgp
1704042936656504876,1704042939704881107,200,http://172.169.8.253:31112/function/opt-66b-submod-0-latency-25.cdgp
1704042936656594300,1704042941226841295,200,http://172.169.8.253:31112/function/opt-66b-submod-0-latency-25.cdgp
1704042936656669854,1704042942475631747,200,http://172.169.8.253:31112/function/opt-66b-submod-0-latency-25.cdgp
1704042936656728354,1704042946657909967,500,http://172.169.8.253:31112/function/opt-66b-submod-0-latency-25.cdgp
1704042936656808782,1704042943797546860,200,http://172.169.8.253:31112/function/opt-66b-submod-0-latency-25.cdgp
1704042936656840660,1704042946596957799,500,http://172.169.8.253:31112/function/opt-66b-submod-0-latency-25.cdgp
1704042936656897306,1704042946275413694,500,http://172.169.8.253:31112/function/opt-66b-submod-0-latency-25.cdgp
1704042936656962153,1704042946657936368,500,http://172.169.8.253:31112/function/opt-66b-submod-0-latency-25.cdgp
1704042936656992907,1704042941255103508,200,http://172.169.8.253:31112/function/opt-66b-submod-0-latency-25.cdgp
1704042936657064520,1704042946657694507,500,http://172.169.8.253:31112/function/opt-66b-submod-0-latency-25.cdgp
1704042936657130429,1704042946657921685,500,http://172.169.8.253:31112/function/opt-66b-submod-0-latency-25.cdgp
1704042936657165622,1704042941983167278,200,http://172.169.8.253:31112/function/opt-66b-submod-0-latency-25.cdgp
1704042936657225305,1704042939834854357,200,http://172.169.8.253:31112/function/opt-66b-submod-0-latency-25.cdgp
1704042936657315786,1704042946650007536,500,http://172.169.8.253:31112/function/opt-66b-submod-0-latency-25.cdgp
1704042936657354251,1704042940489135423,200,http://172.169.8.253:31112/function/opt-66b-submod-0-latency-25.cdgp
1704042936657446806,1704042943789303345,200,http://172.169.8.253:31112/function/opt-66b-submod-0-latency-25.cdgp
1704042936657536047,1704042946281183417,500,http://172.169.8.253:31112/function/opt-66b-submod-0-latency-25.cdgp
1704042936657651852,1704042946657942240,500,http://172.169.8.253:31112/function/opt-66b-submod-0-latency-25.cdgp
1704042936657731495,1704042941088221204,200,http://172.169.8.253:31112/function/opt-66b-submod-0-latency-25.cdgp
1704042936657790448,1704042946657943403,500,http://172.169.8.253:31112/function/opt-66b-submod-0-latency-25.cdgp
1704042936657863296,1704042940652424032,200,http://172.169.8.253:31112/function/opt-66b-submod-0-latency-25.cdgp
1704042936694717478,1704042946695835987,500,http://172.169.8.253:31112/function/opt-66b-submod-0-latency-25.cdgp
1704042936694831721,1704042941611281495,200,http://172.169.8.253:31112/function/opt-66b-submod-0-latency-25.cdgp
1704042936694894969,1704042941025007617,200,http://172.169.8.253:31112/function/opt-66b-submod-0-latency-25.cdgp
1704042936694956681,1704042945928947486,500,http://172.169.8.253:31112/function/opt-66b-submod-0-latency-25.cdgp
1704042936695006669,1704042946695805347,500,http://172.169.8.253:31112/function/opt-66b-submod-0-latency-25.cdgp
1704042936695057983,1704042946695818870,500,http://172.169.8.253:31112/function/opt-66b-submod-0-latency-25.cdgp
1704042936695147338,1704042946695845635,500,http://172.169.8.253:31112/function/opt-66b-submod-0-latency-25.cdgp
1704042936695283133,1704042946695661144,500,http://172.169.8.253:31112/function/opt-66b-submod-0-latency-25.cdgp
1704042936695345715,1704042946695841836,500,http://172.169.8.253:31112/function/opt-66b-submod-0-latency-25.cdgp
1704042936695427565,1704042941026751827,200,http://172.169.8.253:31112/function/opt-66b-submod-0-latency-25.cdgp
1704042936714891433,1704042946716347980,500,http://172.169.8.253:31112/function/opt-66b-submod-0-latency-25.cdgp
1704042936714954901,1704042946716345404,500,http://172.169.8.253:31112/function/opt-66b-submod-0-latency-25.cdgp
1704042936715027813,1704042946716123793,500,http://172.169.8.253:31112/function/opt-66b-submod-0-latency-25.cdgp
1704042936715052443,1704042946716361396,500,http://172.169.8.253:31112/function/opt-66b-submod-0-latency-25.cdgp
1704042936715145391,1704042946107764817,500,http://172.169.8.253:31112/function/opt-66b-submod-0-latency-25.cdgp
1704042936715193810,1704042946716539003,500,http://172.169.8.253:31112/function/opt-66b-submod-0-latency-25.cdgp
1704042936715265716,1704042941477953344,200,http://172.169.8.253:31112/function/opt-66b-submod-0-latency-25.cdgp
1704042936715298108,1704042946716545918,500,http://172.169.8.253:31112/function/opt-66b-submod-0-latency-25.cdgp
1704042936715402907,1704042942267684166,200,http://172.169.8.253:31112/function/opt-66b-submod-0-latency-25.cdgp
1704042936715459138,1704042946716573887,500,http://172.169.8.253:31112/function/opt-66b-submod-0-latency-25.cdgp
1704042936715535062,1704042946716336969,500,http://172.169.8.253:31112/function/opt-66b-submod-0-latency-25.cdgp
1704042936715578844,1704042944226793743,200,http://172.169.8.253:31112/function/opt-66b-submod-0-latency-25.cdgp
1704042936715679491,1704042946716011892,500,http://172.169.8.253:31112/function/opt-66b-submod-0-latency-25.cdgp
1704042936715752745,1704042946716561762,500,http://172.169.8.253:31112/function/opt-66b-submod-0-latency-25.cdgp
1704042936715837991,1704042946716567197,500,http://172.169.8.253:31112/function/opt-66b-submod-0-latency-25.cdgp
1704042936715918350,1704042940889560925,200,http://172.169.8.253:31112/function/opt-66b-submod-0-latency-25.cdgp
1704042936716007025,1704042946716549875,500,http://172.169.8.253:31112/function/opt-66b-submod-0-latency-25.cdgp
1704042936719006028,1704042946719367285,500,http://172.169.8.253:31112/function/opt-66b-submod-0-latency-25.cdgp
1704042936719093583,1704042942475693759,200,http://172.169.8.253:31112/function/opt-66b-submod-0-latency-25.cdgp
1704042936719217898,1704042942409194645,200,http://172.169.8.253:31112/function/opt-66b-submod-0-latency-25.cdgp
1704042936719296988,1704042942267611258,200,http://172.169.8.253:31112/function/opt-66b-submod-0-latency-25.cdgp
1704042936719383399,1704042946720464528,500,http://172.169.8.253:31112/function/opt-66b-submod-0-latency-25.cdgp
1704042936721031943,1704042946721548622,500,http://172.169.8.253:31112/function/opt-66b-submod-0-latency-25.cdgp
1704042936723800486,1704042942553105342,200,http://172.169.8.253:31112/function/opt-66b-submod-0-latency-25.cdgp
1704042936723895140,1704042942580266285,200,http://172.169.8.253:31112/function/opt-66b-submod-0-latency-25.cdgp
1704042936723973585,1704042946724822345,500,http://172.169.8.253:31112/function/opt-66b-submod-0-latency-25.cdgp
1704042936724045821,1704042946724814087,500,http://172.169.8.253:31112/function/opt-66b-submod-0-latency-25.cdgp
1704042936846846185,1704042943143534694,200,http://172.169.8.253:31112/function/opt-66b-submod-0-latency-25.cdgp
1704042936846927542,1704042946847822383,500,http://172.169.8.253:31112/function/opt-66b-submod-0-latency-25.cdgp
1704042936847043736,1704042946847646509,500,http://172.169.8.253:31112/function/opt-66b-submod-0-latency-25.cdgp
1704042936847116644,1704042946847641827,500,http://172.169.8.253:31112/function/opt-66b-submod-0-latency-25.cdgp
1704042936847167294,1704042941027196953,200,http://172.169.8.253:31112/function/opt-66b-submod-0-latency-25.cdgp
1704042936847263031,1704042942474695881,200,http://172.169.8.253:31112/function/opt-66b-submod-0-latency-25.cdgp
1704042936847346573,1704042942207880646,200,http://172.169.8.253:31112/function/opt-66b-submod-0-latency-25.cdgp
1704042936847427179,1704042946847645769,500,http://172.169.8.253:31112/function/opt-66b-submod-0-latency-25.cdgp
1704042936847450896,1704042946848087197,500,http://172.169.8.253:31112/function/opt-66b-submod-0-latency-25.cdgp
1704042936847542704,1704042946848114043,500,http://172.169.8.253:31112/function/opt-66b-submod-0-latency-25.cdgp
1704042936847609281,1704042942355570605,200,http://172.169.8.253:31112/function/opt-66b-submod-0-latency-25.cdgp
1704042936847650549,1704042946847835406,500,http://172.169.8.253:31112/function/opt-66b-submod-0-latency-25.cdgp
1704042936847740225,1704042946848105817,500,http://172.169.8.253:31112/function/opt-66b-submod-0-latency-25.cdgp
1704042936847776966,1704042946620730639,500,http://172.169.8.253:31112/function/opt-66b-submod-0-latency-25.cdgp
1704042936847865528,1704042946848121990,500,http://172.169.8.253:31112/function/opt-66b-submod-0-latency-25.cdgp
1704042936847938738,1704042946848125144,500,http://172.169.8.253:31112/function/opt-66b-submod-0-latency-25.cdgp
1704042936847980184,1704042946848104779,500,http://172.169.8.253:31112/function/opt-66b-submod-0-latency-25.cdgp
1704042936848056202,1704042941312725656,200,http://172.169.8.253:31112/function/opt-66b-submod-0-latency-25.cdgp
1704042936848109974,1704042946848212826,500,http://172.169.8.253:31112/function/opt-66b-submod-0-latency-25.cdgp
1704042936848164364,1704042946848281709,500,http://172.169.8.253:31112/function/opt-66b-submod-0-latency-25.cdgp
1704042936848261367,1704042946848356482,500,http://172.169.8.253:31112/function/opt-66b-submod-0-latency-25.cdgp
1704042936848328170,1704042942230299238,200,http://172.169.8.253:31112/function/opt-66b-submod-0-latency-25.cdgp
1704042936848413188,1704042946848615692,500,http://172.169.8.253:31112/function/opt-66b-submod-0-latency-25.cdgp
1704042936848503614,1704042943791945510,200,http://172.169.8.253:31112/function/opt-66b-submod-0-latency-25.cdgp
1704042936848576736,1704042946848675326,500,http://172.169.8.253:31112/function/opt-66b-submod-0-latency-25.cdgp
1704042936848663461,1704042946848756527,500,http://172.169.8.253:31112/function/opt-66b-submod-0-latency-25.cdgp
1704042937143825247,1704042946977862895,500,http://172.169.8.253:31112/function/opt-66b-submod-0-latency-25.cdgp
1704042937144605552,1704042947012660155,500,http://172.169.8.253:31112/function/opt-66b-submod-0-latency-25.cdgp
1704042937144720986,1704042947014728800,500,http://172.169.8.253:31112/function/opt-66b-submod-0-latency-25.cdgp
1704042937144815097,1704042943793248285,200,http://172.169.8.253:31112/function/opt-66b-submod-0-latency-25.cdgp
1704042937144942953,1704042947015690689,500,http://172.169.8.253:31112/function/opt-66b-submod-0-latency-25.cdgp
1704042937926291716,1704042947515753013,500,http://172.169.8.253:31112/function/opt-66b-submod-0-latency-25.cdgp
1704042937926377203,1704042947546748835,500,http://172.169.8.253:31112/function/opt-66b-submod-0-latency-25.cdgp
1704042937950087363,1704042947589477763,500,http://172.169.8.253:31112/function/opt-66b-submod-0-latency-25.cdgp
1704042937950168814,1704042943840194507,200,http://172.169.8.253:31112/function/opt-66b-submod-0-latency-25.cdgp
1704042937950281304,1704042947057921374,500,http://172.169.8.253:31112/function/opt-66b-submod-0-latency-25.cdgp
1704042937950345707,1704042942231174461,200,http://172.169.8.253:31112/function/opt-66b-submod-0-latency-25.cdgp
1704042938167735465,1704042948168390289,500,http://172.169.8.253:31112/function/opt-66b-submod-0-latency-25.cdgp
1704042938167848675,1704042948168405476,500,http://172.169.8.253:31112/function/opt-66b-submod-0-latency-25.cdgp
1704042938167939336,1704042942443985610,200,http://172.169.8.253:31112/function/opt-66b-submod-0-latency-25.cdgp
1704042938235470724,1704042948236691354,500,http://172.169.8.253:31112/function/opt-66b-submod-0-latency-25.cdgp
1704042938235579986,1704042947665042811,500,http://172.169.8.253:31112/function/opt-66b-submod-0-latency-25.cdgp
1704042938235689016,1704042942275802095,200,http://172.169.8.253:31112/function/opt-66b-submod-0-latency-25.cdgp
1704042938235756363,1704042944233379751,200,http://172.169.8.253:31112/function/opt-66b-submod-0-latency-25.cdgp
1704042938235821648,1704042942619774452,200,http://172.169.8.253:31112/function/opt-66b-submod-0-latency-25.cdgp
1704042938235835156,1704042947174467654,500,http://172.169.8.253:31112/function/opt-66b-submod-0-latency-25.cdgp
1704042938235877909,1704042947679780811,500,http://172.169.8.253:31112/function/opt-66b-submod-0-latency-25.cdgp
1704042938236002794,1704042947623793118,500,http://172.169.8.253:31112/function/opt-66b-submod-0-latency-25.cdgp
1704042938236096358,1704042947683767620,500,http://172.169.8.253:31112/function/opt-66b-submod-0-latency-25.cdgp
1704042938236185314,1704042942451732986,200,http://172.169.8.253:31112/function/opt-66b-submod-0-latency-25.cdgp
1704042938236247462,1704042947171923257,500,http://172.169.8.253:31112/function/opt-66b-submod-0-latency-25.cdgp
1704042938370114449,1704042943793791014,200,http://172.169.8.253:31112/function/opt-66b-submod-0-latency-25.cdgp
1704042938370200538,1704042947667411601,500,http://172.169.8.253:31112/function/opt-66b-submod-0-latency-25.cdgp
1704042938371186911,1704042947743781738,500,http://172.169.8.253:31112/function/opt-66b-submod-0-latency-25.cdgp
1704042938371256505,1704042948111276093,500,http://172.169.8.253:31112/function/opt-66b-submod-0-latency-25.cdgp
1704042938371285120,1704042942232395415,200,http://172.169.8.253:31112/function/opt-66b-submod-0-latency-25.cdgp
1704042938371370729,1704042948122942302,500,http://172.169.8.253:31112/function/opt-66b-submod-0-latency-25.cdgp
1704042938371464823,1704042948149162378,500,http://172.169.8.253:31112/function/opt-66b-submod-0-latency-25.cdgp
1704042938371516240,1704042941305553492,200,http://172.169.8.253:31112/function/opt-66b-submod-0-latency-25.cdgp
1704042938371586494,1704042944274797127,200,http://172.169.8.253:31112/function/opt-66b-submod-0-latency-25.cdgp
1704042938371637412,1704042947833279286,500,http://172.169.8.253:31112/function/opt-66b-submod-0-latency-25.cdgp
1704042938371710445,1704042948330387115,500,http://172.169.8.253:31112/function/opt-66b-submod-0-latency-25.cdgp
1704042938371749181,1704042942408873160,200,http://172.169.8.253:31112/function/opt-66b-submod-0-latency-25.cdgp
1704042938371802558,1704042948116604959,500,http://172.169.8.253:31112/function/opt-66b-submod-0-latency-25.cdgp
1704042938371875084,1704042947180621964,500,http://172.169.8.253:31112/function/opt-66b-submod-0-latency-25.cdgp
1704042938371897394,1704042947626844786,500,http://172.169.8.253:31112/function/opt-66b-submod-0-latency-25.cdgp
1704042938371972620,1704042941302808087,200,http://172.169.8.253:31112/function/opt-66b-submod-0-latency-25.cdgp
1704042938372214019,1704042944233143299,200,http://172.169.8.253:31112/function/opt-66b-submod-0-latency-25.cdgp
1704042938372635623,1704042948119132688,500,http://172.169.8.253:31112/function/opt-66b-submod-0-latency-25.cdgp
1704042938372685338,1704042941988547144,200,http://172.169.8.253:31112/function/opt-66b-submod-0-latency-25.cdgp
1704042938372738231,1704042948346143410,500,http://172.169.8.253:31112/function/opt-66b-submod-0-latency-25.cdgp
1704042938372802258,1704042947462935529,500,http://172.169.8.253:31112/function/opt-66b-submod-0-latency-25.cdgp
1704042938372878206,1704042948119549846,500,http://172.169.8.253:31112/function/opt-66b-submod-0-latency-25.cdgp
1704042938372917824,1704042948130420241,500,http://172.169.8.253:31112/function/opt-66b-submod-0-latency-25.cdgp
1704042938372979429,1704042948373463561,500,http://172.169.8.253:31112/function/opt-66b-submod-0-latency-25.cdgp
1704042938373070554,1704042948373456748,500,http://172.169.8.253:31112/function/opt-66b-submod-0-latency-25.cdgp
1704042938373142448,1704042948034652086,500,http://172.169.8.253:31112/function/opt-66b-submod-0-latency-25.cdgp
1704042938373217646,1704042948114130264,500,http://172.169.8.253:31112/function/opt-66b-submod-0-latency-25.cdgp
1704042938373298848,1704042948123605099,500,http://172.169.8.253:31112/function/opt-66b-submod-0-latency-25.cdgp
1704042938373399937,1704042948057241871,500,http://172.169.8.253:31112/function/opt-66b-submod-0-latency-25.cdgp
1704042938373441207,1704042947492934010,500,http://172.169.8.253:31112/function/opt-66b-submod-0-latency-25.cdgp
1704042938373517653,1704042940957341389,200,http://172.169.8.253:31112/function/opt-66b-submod-0-latency-25.cdgp
1704042938373556318,1704042948118649453,500,http://172.169.8.253:31112/function/opt-66b-submod-0-latency-25.cdgp
1704042938373629896,1704042944226094490,200,http://172.169.8.253:31112/function/opt-66b-submod-0-latency-25.cdgp
1704042938374180982,1704042941023352750,200,http://172.169.8.253:31112/function/opt-66b-submod-0-latency-25.cdgp
1704042938374258844,1704042948374717682,500,http://172.169.8.253:31112/function/opt-66b-submod-0-latency-25.cdgp
1704042938374356384,1704042947409819571,500,http://172.169.8.253:31112/function/opt-66b-submod-0-latency-25.cdgp
1704042938393402438,1704042947615364746,500,http://172.169.8.253:31112/function/opt-66b-submod-0-latency-25.cdgp
1704042938393483703,1704042948394435072,500,http://172.169.8.253:31112/function/opt-66b-submod-0-latency-25.cdgp
1704042938393598812,1704042944228819919,200,http://172.169.8.253:31112/function/opt-66b-submod-0-latency-25.cdgp
1704042938393688469,1704042948348046481,500,http://172.169.8.253:31112/function/opt-66b-submod-0-latency-25.cdgp
1704042938393760139,1704042948285369605,500,http://172.169.8.253:31112/function/opt-66b-submod-0-latency-25.cdgp
1704042938393785040,1704042948290144939,500,http://172.169.8.253:31112/function/opt-66b-submod-0-latency-25.cdgp
1704042938393845425,1704042944291283811,200,http://172.169.8.253:31112/function/opt-66b-submod-0-latency-25.cdgp
1704042938393919694,1704042948381947480,500,http://172.169.8.253:31112/function/opt-66b-submod-0-latency-25.cdgp
1704042938393995027,1704042948367748900,500,http://172.169.8.253:31112/function/opt-66b-submod-0-latency-25.cdgp
1704042938394032568,1704042948394443937,500,http://172.169.8.253:31112/function/opt-66b-submod-0-latency-25.cdgp
1704042938394149876,1704042948382191104,500,http://172.169.8.253:31112/function/opt-66b-submod-0-latency-25.cdgp
1704042938394237461,1704042948394528317,500,http://172.169.8.253:31112/function/opt-66b-submod-0-latency-25.cdgp
1704042938394299599,1704042948341572576,500,http://172.169.8.253:31112/function/opt-66b-submod-0-latency-25.cdgp
1704042938394357623,1704042948365880735,500,http://172.169.8.253:31112/function/opt-66b-submod-0-latency-25.cdgp
1704042938394412378,1704042948372235858,500,http://172.169.8.253:31112/function/opt-66b-submod-0-latency-25.cdgp
1704042938394504916,1704042948371783305,500,http://172.169.8.253:31112/function/opt-66b-submod-0-latency-25.cdgp
1704042938394600010,1704042948395289525,500,http://172.169.8.253:31112/function/opt-66b-submod-0-latency-25.cdgp
1704042938394677424,1704042944294642185,200,http://172.169.8.253:31112/function/opt-66b-submod-0-latency-25.cdgp
1704042938394756063,1704042948370232255,500,http://172.169.8.253:31112/function/opt-66b-submod-0-latency-25.cdgp
1704042938403497459,1704042948343890055,500,http://172.169.8.253:31112/function/opt-66b-submod-0-latency-25.cdgp
1704042938403586200,1704042948382953081,500,http://172.169.8.253:31112/function/opt-66b-submod-0-latency-25.cdgp
1704042938403655194,1704042947655584442,500,http://172.169.8.253:31112/function/opt-66b-submod-0-latency-25.cdgp
1704042938403767857,1704042948404501493,500,http://172.169.8.253:31112/function/opt-66b-submod-0-latency-25.cdgp
1704042938403834873,1704042944298945634,200,http://172.169.8.253:31112/function/opt-66b-submod-0-latency-25.cdgp
1704042938403912343,1704042947613111103,500,http://172.169.8.253:31112/function/opt-66b-submod-0-latency-25.cdgp
1704042938403997311,1704042948404491686,500,http://172.169.8.253:31112/function/opt-66b-submod-0-latency-25.cdgp
1704042938404901282,1704042948343761756,500,http://172.169.8.253:31112/function/opt-66b-submod-0-latency-25.cdgp
1704042938405447740,1704042948278856882,500,http://172.169.8.253:31112/function/opt-66b-submod-0-latency-25.cdgp
1704042938405571395,1704042948407097099,500,http://172.169.8.253:31112/function/opt-66b-submod-0-latency-25.cdgp
1704042938405670926,1704042948406852232,500,http://172.169.8.253:31112/function/opt-66b-submod-0-latency-25.cdgp
1704042938405783410,1704042948383954916,500,http://172.169.8.253:31112/function/opt-66b-submod-0-latency-25.cdgp
1704042938405882496,1704042948282664742,500,http://172.169.8.253:31112/function/opt-66b-submod-0-latency-25.cdgp
1704042938406042385,1704042948407123840,500,http://172.169.8.253:31112/function/opt-66b-submod-0-latency-25.cdgp
1704042938406201460,1704042948395293876,500,http://172.169.8.253:31112/function/opt-66b-submod-0-latency-25.cdgp
1704042938406358140,1704042948406987291,500,http://172.169.8.253:31112/function/opt-66b-submod-0-latency-25.cdgp
1704042938406450420,1704042942719394649,200,http://172.169.8.253:31112/function/opt-66b-submod-0-latency-25.cdgp
1704042938406541107,1704042948407130145,500,http://172.169.8.253:31112/function/opt-66b-submod-0-latency-25.cdgp
1704042938406626792,1704042948349112607,500,http://172.169.8.253:31112/function/opt-66b-submod-0-latency-25.cdgp
1704042938406735915,1704042948406870998,500,http://172.169.8.253:31112/function/opt-66b-submod-0-latency-25.cdgp
1704042938406811556,1704042948396108148,500,http://172.169.8.253:31112/function/opt-66b-submod-0-latency-25.cdgp
1704042938406908675,1704042948407104913,500,http://172.169.8.253:31112/function/opt-66b-submod-0-latency-25.cdgp
1704042938406940742,1704042947583436457,500,http://172.169.8.253:31112/function/opt-66b-submod-0-latency-25.cdgp
1704042938407003687,1704042948335194027,500,http://172.169.8.253:31112/function/opt-66b-submod-0-latency-25.cdgp
1704042938407124408,1704042942889525930,200,http://172.169.8.253:31112/function/opt-66b-submod-0-latency-25.cdgp
1704042938407180440,1704042942229434198,200,http://172.169.8.253:31112/function/opt-66b-submod-0-latency-25.cdgp
1704042938407279465,1704042948408038454,500,http://172.169.8.253:31112/function/opt-66b-submod-0-latency-25.cdgp
1704042938407400097,1704042948285012921,500,http://172.169.8.253:31112/function/opt-66b-submod-0-latency-25.cdgp
1704042938407510009,1704042948347008853,500,http://172.169.8.253:31112/function/opt-66b-submod-0-latency-25.cdgp
1704042938541244747,1704042948542545398,500,http://172.169.8.253:31112/function/opt-66b-submod-0-latency-25.cdgp
1704042938541335998,1704042948542683392,500,http://172.169.8.253:31112/function/opt-66b-submod-0-latency-25.cdgp
1704042938541424675,1704042948542381686,500,http://172.169.8.253:31112/function/opt-66b-submod-0-latency-25.cdgp
1704042938541507818,1704042947694916372,500,http://172.169.8.253:31112/function/opt-66b-submod-0-latency-25.cdgp
1704042938541576185,1704042948480781852,500,http://172.169.8.253:31112/function/opt-66b-submod-0-latency-25.cdgp
1704042938541605339,1704042948542631758,500,http://172.169.8.253:31112/function/opt-66b-submod-0-latency-25.cdgp
1704042938541693122,1704042948542393965,500,http://172.169.8.253:31112/function/opt-66b-submod-0-latency-25.cdgp
1704042938541838872,1704042948542364856,500,http://172.169.8.253:31112/function/opt-66b-submod-0-latency-25.cdgp
1704042938541901756,1704042948542624865,500,http://172.169.8.253:31112/function/opt-66b-submod-0-latency-25.cdgp
1704042938541959260,1704042944696622119,200,http://172.169.8.253:31112/function/opt-66b-submod-0-latency-25.cdgp
1704042938541988801,1704042948542667238,500,http://172.169.8.253:31112/function/opt-66b-submod-0-latency-25.cdgp
1704042938542095919,1704042941993069577,200,http://172.169.8.253:31112/function/opt-66b-submod-0-latency-25.cdgp
1704042938542159200,1704042948542543575,500,http://172.169.8.253:31112/function/opt-66b-submod-0-latency-25.cdgp
1704042938555045032,1704042942476343775,200,http://172.169.8.253:31112/function/opt-66b-submod-0-latency-25.cdgp
1704042938555133748,1704042944746259241,200,http://172.169.8.253:31112/function/opt-66b-submod-0-latency-25.cdgp
1704042938555208242,1704042948555866411,500,http://172.169.8.253:31112/function/opt-66b-submod-0-latency-25.cdgp
1704042938555276135,1704042948555843787,500,http://172.169.8.253:31112/function/opt-66b-submod-0-latency-25.cdgp
1704042938555350993,1704042948555832463,500,http://172.169.8.253:31112/function/opt-66b-submod-0-latency-25.cdgp
1704042938555376478,1704042948555816776,500,http://172.169.8.253:31112/function/opt-66b-submod-0-latency-25.cdgp
1704042938565058457,1704042942408570007,200,http://172.169.8.253:31112/function/opt-66b-submod-0-latency-25.cdgp
1704042938565144616,1704042948566157246,500,http://172.169.8.253:31112/function/opt-66b-submod-0-latency-25.cdgp
1704042938565248295,1704042948566019940,500,http://172.169.8.253:31112/function/opt-66b-submod-0-latency-25.cdgp
1704042938565318437,1704042948566157829,500,http://172.169.8.253:31112/function/opt-66b-submod-0-latency-25.cdgp
1704042938565397362,1704042948566038946,500,http://172.169.8.253:31112/function/opt-66b-submod-0-latency-25.cdgp
1704042938565462957,1704042944282266351,200,http://172.169.8.253:31112/function/opt-66b-submod-0-latency-25.cdgp
1704042938608542532,1704042944291575418,200,http://172.169.8.253:31112/function/opt-66b-submod-0-latency-25.cdgp
1704042938608647069,1704042948151911332,500,http://172.169.8.253:31112/function/opt-66b-submod-0-latency-25.cdgp
1704042938608784755,1704042948609302265,500,http://172.169.8.253:31112/function/opt-66b-submod-0-latency-25.cdgp
1704042938608851709,1704042942969096934,200,http://172.169.8.253:31112/function/opt-66b-submod-0-latency-25.cdgp
1704042938608886965,1704042944695152312,200,http://172.169.8.253:31112/function/opt-66b-submod-0-latency-25.cdgp
1704042938608973142,1704042948609275143,500,http://172.169.8.253:31112/function/opt-66b-submod-0-latency-25.cdgp
1704042938609017936,1704042948609292331,500,http://172.169.8.253:31112/function/opt-66b-submod-0-latency-25.cdgp
1704042938609082391,1704042944295652805,200,http://172.169.8.253:31112/function/opt-66b-submod-0-latency-25.cdgp
1704042938609161172,1704042948606867989,500,http://172.169.8.253:31112/function/opt-66b-submod-0-latency-25.cdgp
1704042938609182912,1704042943050346380,200,http://172.169.8.253:31112/function/opt-66b-submod-0-latency-25.cdgp
1704042938609268802,1704042948425619837,500,http://172.169.8.253:31112/function/opt-66b-submod-0-latency-25.cdgp
1704042938609339098,1704042948417973596,500,http://172.169.8.253:31112/function/opt-66b-submod-0-latency-25.cdgp
1704042938609399732,1704042948610680644,500,http://172.169.8.253:31112/function/opt-66b-submod-0-latency-25.cdgp
1704042938609505056,1704042944704072891,200,http://172.169.8.253:31112/function/opt-66b-submod-0-latency-25.cdgp
1704042938609586692,1704042948599705165,500,http://172.169.8.253:31112/function/opt-66b-submod-0-latency-25.cdgp
1704042938609672278,1704042948610665184,500,http://172.169.8.253:31112/function/opt-66b-submod-0-latency-25.cdgp
1704042938609820390,1704042944693576784,200,http://172.169.8.253:31112/function/opt-66b-submod-0-latency-25.cdgp
1704042938609885480,1704042944702206267,200,http://172.169.8.253:31112/function/opt-66b-submod-0-latency-25.cdgp
1704042938609961442,1704042948610534017,500,http://172.169.8.253:31112/function/opt-66b-submod-0-latency-25.cdgp
1704042938610033279,1704042948610662268,500,http://172.169.8.253:31112/function/opt-66b-submod-0-latency-25.cdgp
1704042938610064964,1704042942409577539,200,http://172.169.8.253:31112/function/opt-66b-submod-0-latency-25.cdgp
1704042938610114953,1704042948610534090,500,http://172.169.8.253:31112/function/opt-66b-submod-0-latency-25.cdgp
1704042938613982172,1704042948615505859,500,http://172.169.8.253:31112/function/opt-66b-submod-0-latency-25.cdgp
1704042938614068120,1704042948615537936,500,http://172.169.8.253:31112/function/opt-66b-submod-0-latency-25.cdgp
1704042938614164081,1704042948601382002,500,http://172.169.8.253:31112/function/opt-66b-submod-0-latency-25.cdgp
1704042938614229582,1704042942791497818,200,http://172.169.8.253:31112/function/opt-66b-submod-0-latency-25.cdgp
1704042938614300246,1704042948615414045,500,http://172.169.8.253:31112/function/opt-66b-submod-0-latency-25.cdgp
1704042938614390218,1704042948614927827,500,http://172.169.8.253:31112/function/opt-66b-submod-0-latency-25.cdgp
1704042938614468136,1704042948615039480,500,http://172.169.8.253:31112/function/opt-66b-submod-0-latency-25.cdgp
1704042938614557182,1704042948615254312,500,http://172.169.8.253:31112/function/opt-66b-submod-0-latency-25.cdgp
1704042938614644069,1704042948423685917,500,http://172.169.8.253:31112/function/opt-66b-submod-0-latency-25.cdgp
1704042938614721983,1704042948615596131,500,http://172.169.8.253:31112/function/opt-66b-submod-0-latency-25.cdgp
1704042938614784803,1704042947656481258,500,http://172.169.8.253:31112/function/opt-66b-submod-0-latency-25.cdgp
1704042938614881453,1704042948615062874,500,http://172.169.8.253:31112/function/opt-66b-submod-0-latency-25.cdgp
1704042938614936727,1704042948615516178,500,http://172.169.8.253:31112/function/opt-66b-submod-0-latency-25.cdgp
1704042938615016104,1704042944695019315,200,http://172.169.8.253:31112/function/opt-66b-submod-0-latency-25.cdgp
1704042938615104544,1704042948562526256,500,http://172.169.8.253:31112/function/opt-66b-submod-0-latency-25.cdgp
1704042938615179913,1704042948615420164,500,http://172.169.8.253:31112/function/opt-66b-submod-0-latency-25.cdgp
1704042938615271692,1704042944704557436,200,http://172.169.8.253:31112/function/opt-66b-submod-0-latency-25.cdgp
1704042938615344792,1704042948615811064,500,http://172.169.8.253:31112/function/opt-66b-submod-0-latency-25.cdgp
1704042938615424804,1704042942879451925,200,http://172.169.8.253:31112/function/opt-66b-submod-0-latency-25.cdgp
1704042938615472041,1704042948615610001,500,http://172.169.8.253:31112/function/opt-66b-submod-0-latency-25.cdgp
1704042938615498472,1704042947611230999,500,http://172.169.8.253:31112/function/opt-66b-submod-0-latency-25.cdgp
1704042938615552546,1704042948615727598,500,http://172.169.8.253:31112/function/opt-66b-submod-0-latency-25.cdgp
1704042938615614778,1704042948615880206,500,http://172.169.8.253:31112/function/opt-66b-submod-0-latency-25.cdgp
1704042938615705664,1704042948615807881,500,http://172.169.8.253:31112/function/opt-66b-submod-0-latency-25.cdgp
1704042938615769528,1704042944297378531,200,http://172.169.8.253:31112/function/opt-66b-submod-0-latency-25.cdgp
1704042939383267124,1704042949003762432,500,http://172.169.8.253:31112/function/opt-66b-submod-0-latency-25.cdgp
1704042939383386725,1704042944465072780,200,http://172.169.8.253:31112/function/opt-66b-submod-0-latency-25.cdgp
1704042939473950114,1704042948687983968,500,http://172.169.8.253:31112/function/opt-66b-submod-0-latency-25.cdgp
1704042939474043423,1704042944740686593,200,http://172.169.8.253:31112/function/opt-66b-submod-0-latency-25.cdgp
1704042939474151660,1704042948664963457,500,http://172.169.8.253:31112/function/opt-66b-submod-0-latency-25.cdgp
1704042939474200794,1704042944960456772,200,http://172.169.8.253:31112/function/opt-66b-submod-0-latency-25.cdgp
1704042939474289321,1704042949312706019,500,http://172.169.8.253:31112/function/opt-66b-submod-0-latency-25.cdgp
1704042939474355423,1704042949475511427,500,http://172.169.8.253:31112/function/opt-66b-submod-0-latency-25.cdgp
1704042939474421871,1704042949475349479,500,http://172.169.8.253:31112/function/opt-66b-submod-0-latency-25.cdgp
1704042939474470316,1704042948627083218,500,http://172.169.8.253:31112/function/opt-66b-submod-0-latency-25.cdgp
1704042939474552363,1704042944300500956,200,http://172.169.8.253:31112/function/opt-66b-submod-0-latency-25.cdgp
1704042939474627717,1704042949475514231,500,http://172.169.8.253:31112/function/opt-66b-submod-0-latency-25.cdgp
1704042939474738841,1704042942960757593,200,http://172.169.8.253:31112/function/opt-66b-submod-0-latency-25.cdgp
1704042939474821271,1704042943010855125,200,http://172.169.8.253:31112/function/opt-66b-submod-0-latency-25.cdgp
1704042939474870993,1704042949475476467,500,http://172.169.8.253:31112/function/opt-66b-submod-0-latency-25.cdgp
1704042939474945096,1704042948689631093,500,http://172.169.8.253:31112/function/opt-66b-submod-0-latency-25.cdgp
1704042939474995724,1704042949475366774,500,http://172.169.8.253:31112/function/opt-66b-submod-0-latency-25.cdgp
1704042939475049343,1704042949091043574,500,http://172.169.8.253:31112/function/opt-66b-submod-0-latency-25.cdgp
1704042939475118561,1704042949368977106,500,http://172.169.8.253:31112/function/opt-66b-submod-0-latency-25.cdgp
1704042939475191579,1704042944293431393,200,http://172.169.8.253:31112/function/opt-66b-submod-0-latency-25.cdgp
1704042939475276030,1704042949475510940,500,http://172.169.8.253:31112/function/opt-66b-submod-0-latency-25.cdgp
1704042939475356203,1704042949364632689,500,http://172.169.8.253:31112/function/opt-66b-submod-0-latency-25.cdgp
1704042939475385615,1704042949096833885,500,http://172.169.8.253:31112/function/opt-66b-submod-0-latency-25.cdgp
1704042939475464749,1704042949367105153,500,http://172.169.8.253:31112/function/opt-66b-submod-0-latency-25.cdgp
1704042939475537299,1704042948691450647,500,http://172.169.8.253:31112/function/opt-66b-submod-0-latency-25.cdgp
1704042939475602469,1704042949093294168,500,http://172.169.8.253:31112/function/opt-66b-submod-0-latency-25.cdgp
1704042939475670848,1704042944920070936,200,http://172.169.8.253:31112/function/opt-66b-submod-0-latency-25.cdgp
1704042939475726734,1704042944697322037,200,http://172.169.8.253:31112/function/opt-66b-submod-0-latency-25.cdgp
1704042939475797474,1704042949476274582,500,http://172.169.8.253:31112/function/opt-66b-submod-0-latency-25.cdgp
1704042939475829382,1704042949148394470,500,http://172.169.8.253:31112/function/opt-66b-submod-0-latency-25.cdgp
1704042939475881594,1704042944997571709,200,http://172.169.8.253:31112/function/opt-66b-submod-0-latency-25.cdgp
1704042939475951895,1704042943180407946,200,http://172.169.8.253:31112/function/opt-66b-submod-0-latency-25.cdgp
1704042939476034587,1704042948288384802,500,http://172.169.8.253:31112/function/opt-66b-submod-0-latency-25.cdgp
1704042939476335915,1704042949308171223,504,http://172.169.8.253:31112/function/opt-66b-submod-0-latency-25.cdgp
1704042939476403967,1704042949314678613,500,http://172.169.8.253:31112/function/opt-66b-submod-0-latency-25.cdgp
1704042939476485674,1704042942408760154,200,http://172.169.8.253:31112/function/opt-66b-submod-0-latency-25.cdgp
1704042939476540297,1704042949369453434,500,http://172.169.8.253:31112/function/opt-66b-submod-0-latency-25.cdgp
1704042939476621592,1704042949477456421,500,http://172.169.8.253:31112/function/opt-66b-submod-0-latency-25.cdgp
1704042939476678048,1704042949477440878,500,http://172.169.8.253:31112/function/opt-66b-submod-0-latency-25.cdgp
1704042939476750080,1704042949310949370,500,http://172.169.8.253:31112/function/opt-66b-submod-0-latency-25.cdgp
1704042940544671836,1704042949489802079,500,http://172.169.8.253:31112/function/opt-66b-submod-0-latency-25.cdgp
1704042940544788610,1704042949836511364,500,http://172.169.8.253:31112/function/opt-66b-submod-0-latency-25.cdgp
1704042940544885195,1704042949834940181,500,http://172.169.8.253:31112/function/opt-66b-submod-0-latency-25.cdgp
1704042940547829887,1704042942295898465,200,http://172.169.8.253:31112/function/opt-66b-submod-0-latency-25.cdgp
1704042940698031199,1704042950240641340,500,http://172.169.8.253:31112/function/opt-66b-submod-0-latency-25.cdgp
1704042940698195180,1704042945415919765,200,http://172.169.8.253:31112/function/opt-66b-submod-0-latency-25.cdgp
1704042940698283558,1704042950019931938,500,http://172.169.8.253:31112/function/opt-66b-submod-0-latency-25.cdgp
1704042940698373483,1704042950134434086,500,http://172.169.8.253:31112/function/opt-66b-submod-0-latency-25.cdgp
1704042940698459682,1704042948939500394,500,http://172.169.8.253:31112/function/opt-66b-submod-0-latency-25.cdgp
1704042940698558890,1704042948791384153,500,http://172.169.8.253:31112/function/opt-66b-submod-0-latency-25.cdgp
1704042940698582717,1704042950144040502,500,http://172.169.8.253:31112/function/opt-66b-submod-0-latency-25.cdgp
1704042940698667036,1704042949827935496,500,http://172.169.8.253:31112/function/opt-66b-submod-0-latency-25.cdgp
1704042940698735965,1704042945460363230,200,http://172.169.8.253:31112/function/opt-66b-submod-0-latency-25.cdgp
1704042940698760576,1704042942762074142,200,http://172.169.8.253:31112/function/opt-66b-submod-0-latency-25.cdgp
1704042940698854259,1704042942790875792,200,http://172.169.8.253:31112/function/opt-66b-submod-0-latency-25.cdgp
1704042940698917576,1704042943089833066,200,http://172.169.8.253:31112/function/opt-66b-submod-0-latency-25.cdgp
1704042940698956537,1704042950116120105,500,http://172.169.8.253:31112/function/opt-66b-submod-0-latency-25.cdgp
1704042940699046197,1704042950234201608,500,http://172.169.8.253:31112/function/opt-66b-submod-0-latency-25.cdgp
1704042940699106954,1704042945618507201,200,http://172.169.8.253:31112/function/opt-66b-submod-0-latency-25.cdgp
1704042940699123738,1704042948857432103,500,http://172.169.8.253:31112/function/opt-66b-submod-0-latency-25.cdgp
1704042940699196100,1704042950168600395,500,http://172.169.8.253:31112/function/opt-66b-submod-0-latency-25.cdgp
1704042940705988180,1704042949820150682,500,http://172.169.8.253:31112/function/opt-66b-submod-0-latency-25.cdgp
1704042940706081189,1704042950293216889,500,http://172.169.8.253:31112/function/opt-66b-submod-0-latency-25.cdgp
1704042940706230370,1704042949811870573,500,http://172.169.8.253:31112/function/opt-66b-submod-0-latency-25.cdgp
1704042940706317296,1704042950123814685,500,http://172.169.8.253:31112/function/opt-66b-submod-0-latency-25.cdgp
1704042940811576659,1704042950144028521,500,http://172.169.8.253:31112/function/opt-66b-submod-0-latency-25.cdgp
1704042940811670327,1704042950169561596,500,http://172.169.8.253:31112/function/opt-66b-submod-0-latency-25.cdgp
1704042941201241943,1704042950215678942,500,http://172.169.8.253:31112/function/opt-66b-submod-0-latency-25.cdgp
1704042941201349735,1704042950453660876,500,http://172.169.8.253:31112/function/opt-66b-submod-0-latency-25.cdgp
1704042941320771082,1704042945542294618,200,http://172.169.8.253:31112/function/opt-66b-submod-0-latency-25.cdgp
1704042941320857113,1704042950439731807,500,http://172.169.8.253:31112/function/opt-66b-submod-0-latency-25.cdgp
1704042941320951143,1704042950640078734,500,http://172.169.8.253:31112/function/opt-66b-submod-0-latency-25.cdgp
1704042941321012641,1704042943091828639,200,http://172.169.8.253:31112/function/opt-66b-submod-0-latency-25.cdgp
1704042941321376968,1704042950401713845,500,http://172.169.8.253:31112/function/opt-66b-submod-0-latency-25.cdgp
1704042941321441081,1704042950752027688,500,http://172.169.8.253:31112/function/opt-66b-submod-0-latency-25.cdgp
1704042941321470883,1704042945541782435,200,http://172.169.8.253:31112/function/opt-66b-submod-0-latency-25.cdgp
1704042941321546955,1704042950451370489,500,http://172.169.8.253:31112/function/opt-66b-submod-0-latency-25.cdgp
1704042941321596822,1704042943480394970,200,http://172.169.8.253:31112/function/opt-66b-submod-0-latency-25.cdgp
1704042941325908031,1704042950412518123,500,http://172.169.8.253:31112/function/opt-66b-submod-0-latency-25.cdgp
1704042941326623144,1704042950403598129,500,http://172.169.8.253:31112/function/opt-66b-submod-0-latency-25.cdgp
1704042941326733623,1704042949594849350,500,http://172.169.8.253:31112/function/opt-66b-submod-0-latency-25.cdgp
1704042941577241836,1704042945668636981,200,http://172.169.8.253:31112/function/opt-66b-submod-0-latency-25.cdgp
1704042941591421018,1704042950872865472,500,http://172.169.8.253:31112/function/opt-66b-submod-0-latency-25.cdgp
1704042941591550908,1704042951055473082,500,http://172.169.8.253:31112/function/opt-66b-submod-0-latency-25.cdgp
1704042941591643219,1704042949596892029,500,http://172.169.8.253:31112/function/opt-66b-submod-0-latency-25.cdgp
1704042941591705518,1704042951052894512,500,http://172.169.8.253:31112/function/opt-66b-submod-0-latency-25.cdgp
1704042941591809819,1704042950094659118,500,http://172.169.8.253:31112/function/opt-66b-submod-0-latency-25.cdgp
1704042941591874126,1704042945787727626,200,http://172.169.8.253:31112/function/opt-66b-submod-0-latency-25.cdgp
1704042941591965573,1704042950680567324,500,http://172.169.8.253:31112/function/opt-66b-submod-0-latency-25.cdgp
1704042941592034970,1704042951052492012,500,http://172.169.8.253:31112/function/opt-66b-submod-0-latency-25.cdgp
1704042941592141108,1704042945457865099,200,http://172.169.8.253:31112/function/opt-66b-submod-0-latency-25.cdgp
1704042941592215684,1704042951055480408,500,http://172.169.8.253:31112/function/opt-66b-submod-0-latency-25.cdgp
1704042941592289636,1704042951337111253,500,http://172.169.8.253:31112/function/opt-66b-submod-0-latency-25.cdgp
1704042941592361644,1704042951376498747,500,http://172.169.8.253:31112/function/opt-66b-submod-0-latency-25.cdgp
1704042941592987674,1704042951058464186,500,http://172.169.8.253:31112/function/opt-66b-submod-0-latency-25.cdgp
1704042941593088257,1704042943534070473,200,http://172.169.8.253:31112/function/opt-66b-submod-0-latency-25.cdgp
1704042941593284723,1704042950878849167,500,http://172.169.8.253:31112/function/opt-66b-submod-0-latency-25.cdgp
1704042941593385096,1704042950064136836,500,http://172.169.8.253:31112/function/opt-66b-submod-0-latency-25.cdgp
1704042941593450459,1704042951337128369,500,http://172.169.8.253:31112/function/opt-66b-submod-0-latency-25.cdgp
1704042941593542312,1704042951220414144,500,http://172.169.8.253:31112/function/opt-66b-submod-0-latency-25.cdgp
1704042941593642984,1704042943668372857,200,http://172.169.8.253:31112/function/opt-66b-submod-0-latency-25.cdgp
1704042941593727893,1704042951376402907,500,http://172.169.8.253:31112/function/opt-66b-submod-0-latency-25.cdgp
1704042941593804947,1704042951207765788,500,http://172.169.8.253:31112/function/opt-66b-submod-0-latency-25.cdgp
1704042941593890089,1704042944556009448,200,http://172.169.8.253:31112/function/opt-66b-submod-0-latency-25.cdgp
1704042941593949607,1704042951223794642,500,http://172.169.8.253:31112/function/opt-66b-submod-0-latency-25.cdgp
1704042941594014852,1704042951244534079,500,http://172.169.8.253:31112/function/opt-66b-submod-0-latency-25.cdgp
1704042941594076703,1704042951220084477,500,http://172.169.8.253:31112/function/opt-66b-submod-0-latency-25.cdgp
1704042941594127655,1704042951138233721,500,http://172.169.8.253:31112/function/opt-66b-submod-0-latency-25.cdgp
1704042941594216988,1704042943761059106,200,http://172.169.8.253:31112/function/opt-66b-submod-0-latency-25.cdgp
1704042941594288702,1704042951337031365,500,http://172.169.8.253:31112/function/opt-66b-submod-0-latency-25.cdgp
1704042941594360168,1704042943505794594,200,http://172.169.8.253:31112/function/opt-66b-submod-0-latency-25.cdgp
1704042941594433459,1704042951208205295,500,http://172.169.8.253:31112/function/opt-66b-submod-0-latency-25.cdgp
1704042941594519764,1704042951207679169,500,http://172.169.8.253:31112/function/opt-66b-submod-0-latency-25.cdgp
1704042941594615677,1704042949998557540,500,http://172.169.8.253:31112/function/opt-66b-submod-0-latency-25.cdgp
1704042941594686765,1704042951058656106,500,http://172.169.8.253:31112/function/opt-66b-submod-0-latency-25.cdgp
1704042941594754638,1704042943813320136,200,http://172.169.8.253:31112/function/opt-66b-submod-0-latency-25.cdgp
1704042941594801304,1704042951428003746,500,http://172.169.8.253:31112/function/opt-66b-submod-0-latency-25.cdgp
1704042941642189473,1704042945503833386,200,http://172.169.8.253:31112/function/opt-66b-submod-0-latency-25.cdgp
1704042941642263995,1704042951506707665,500,http://172.169.8.253:31112/function/opt-66b-submod-0-latency-25.cdgp
1704042941642328723,1704042944107994663,200,http://172.169.8.253:31112/function/opt-66b-submod-0-latency-25.cdgp
1704042941642361381,1704042951520627076,500,http://172.169.8.253:31112/function/opt-66b-submod-0-latency-25.cdgp
1704042941642448061,1704042951248937193,500,http://172.169.8.253:31112/function/opt-66b-submod-0-latency-25.cdgp
1704042941642514274,1704042951502082698,500,http://172.169.8.253:31112/function/opt-66b-submod-0-latency-25.cdgp
1704042941642582680,1704042951506849615,500,http://172.169.8.253:31112/function/opt-66b-submod-0-latency-25.cdgp
1704042941642610558,1704042944454910117,200,http://172.169.8.253:31112/function/opt-66b-submod-0-latency-25.cdgp
1704042941642702815,1704042951407762991,500,http://172.169.8.253:31112/function/opt-66b-submod-0-latency-25.cdgp
1704042941642744617,1704042951504566692,500,http://172.169.8.253:31112/function/opt-66b-submod-0-latency-25.cdgp
1704042941642822009,1704042950885232436,500,http://172.169.8.253:31112/function/opt-66b-submod-0-latency-25.cdgp
1704042941642883423,1704042943965925639,200,http://172.169.8.253:31112/function/opt-66b-submod-0-latency-25.cdgp
1704042941642914935,1704042945785625616,200,http://172.169.8.253:31112/function/opt-66b-submod-0-latency-25.cdgp
1704042941642972959,1704042951376763563,500,http://172.169.8.253:31112/function/opt-66b-submod-0-latency-25.cdgp
1704042941643067294,1704042951376860448,500,http://172.169.8.253:31112/function/opt-66b-submod-0-latency-25.cdgp
1704042941645166039,1704042951502230834,500,http://172.169.8.253:31112/function/opt-66b-submod-0-latency-25.cdgp
1704042941645259238,1704042951505268060,500,http://172.169.8.253:31112/function/opt-66b-submod-0-latency-25.cdgp
1704042941645365420,1704042951502754779,500,http://172.169.8.253:31112/function/opt-66b-submod-0-latency-25.cdgp
1704042941645442327,1704042950963199162,500,http://172.169.8.253:31112/function/opt-66b-submod-0-latency-25.cdgp
1704042941645547719,1704042945783486627,200,http://172.169.8.253:31112/function/opt-66b-submod-0-latency-25.cdgp
1704042941645636403,1704042951220127146,500,http://172.169.8.253:31112/function/opt-66b-submod-0-latency-25.cdgp
1704042941741943449,1704042951502706346,500,http://172.169.8.253:31112/function/opt-66b-submod-0-latency-25.cdgp
1704042941742025704,1704042951376898606,500,http://172.169.8.253:31112/function/opt-66b-submod-0-latency-25.cdgp
1704042942086169569,1704042951519087825,500,http://172.169.8.253:31112/function/opt-66b-submod-0-latency-25.cdgp
1704042942086269743,1704042950728899593,500,http://172.169.8.253:31112/function/opt-66b-submod-0-latency-25.cdgp
1704042942086405606,1704042951870286151,500,http://172.169.8.253:31112/function/opt-66b-submod-0-latency-25.cdgp
1704042942086502563,1704042951684770160,500,http://172.169.8.253:31112/function/opt-66b-submod-0-latency-25.cdgp
1704042942086641574,1704042951560050380,500,http://172.169.8.253:31112/function/opt-66b-submod-0-latency-25.cdgp
1704042942086732921,1704042944112823701,200,http://172.169.8.253:31112/function/opt-66b-submod-0-latency-25.cdgp
1704042942086795619,1704042951433508013,500,http://172.169.8.253:31112/function/opt-66b-submod-0-latency-25.cdgp
1704042942086881034,1704042951801034346,500,http://172.169.8.253:31112/function/opt-66b-submod-0-latency-25.cdgp
1704042942086956248,1704042952087493396,500,http://172.169.8.253:31112/function/opt-66b-submod-0-latency-25.cdgp
1704042942087035330,1704042950989307083,500,http://172.169.8.253:31112/function/opt-66b-submod-0-latency-25.cdgp
1704042942087120663,1704042944345933186,200,http://172.169.8.253:31112/function/opt-66b-submod-0-latency-25.cdgp
1704042942087190759,1704042945781996644,200,http://172.169.8.253:31112/function/opt-66b-submod-0-latency-25.cdgp
1704042942087220799,1704042944660473351,200,http://172.169.8.253:31112/function/opt-66b-submod-0-latency-25.cdgp
1704042942087304892,1704042951376666466,500,http://172.169.8.253:31112/function/opt-66b-submod-0-latency-25.cdgp
1704042942087384872,1704042944328121220,200,http://172.169.8.253:31112/function/opt-66b-submod-0-latency-25.cdgp
1704042942087460174,1704042951521682790,500,http://172.169.8.253:31112/function/opt-66b-submod-0-latency-25.cdgp
1704042942087535071,1704042951660624055,500,http://172.169.8.253:31112/function/opt-66b-submod-0-latency-25.cdgp
1704042942087579457,1704042951683339885,500,http://172.169.8.253:31112/function/opt-66b-submod-0-latency-25.cdgp
1704042942087666037,1704042946006159157,200,http://172.169.8.253:31112/function/opt-66b-submod-0-latency-25.cdgp
1704042942087702670,1704042951521439366,500,http://172.169.8.253:31112/function/opt-66b-submod-0-latency-25.cdgp
1704042942087755137,1704042944456422953,200,http://172.169.8.253:31112/function/opt-66b-submod-0-latency-25.cdgp
1704042942087788770,1704042945977708409,200,http://172.169.8.253:31112/function/opt-66b-submod-0-latency-25.cdgp
1704042942087869365,1704042950745333697,500,http://172.169.8.253:31112/function/opt-66b-submod-0-latency-25.cdgp
1704042942087906875,1704042945950211039,200,http://172.169.8.253:31112/function/opt-66b-submod-0-latency-25.cdgp
1704042942160351677,1704042952160899308,500,http://172.169.8.253:31112/function/opt-66b-submod-0-latency-25.cdgp
1704042942160448165,1704042951756643133,500,http://172.169.8.253:31112/function/opt-66b-submod-0-latency-25.cdgp
1704042942160511460,1704042945843895085,200,http://172.169.8.253:31112/function/opt-66b-submod-0-latency-25.cdgp
1704042942160528166,1704042951786447272,500,http://172.169.8.253:31112/function/opt-66b-submod-0-latency-25.cdgp
1704042942160584857,1704042951755933678,500,http://172.169.8.253:31112/function/opt-66b-submod-0-latency-25.cdgp
1704042942160612042,1704042951664166166,500,http://172.169.8.253:31112/function/opt-66b-submod-0-latency-25.cdgp
1704042942160706611,1704042951784761123,500,http://172.169.8.253:31112/function/opt-66b-submod-0-latency-25.cdgp
1704042942160823146,1704042945907796285,200,http://172.169.8.253:31112/function/opt-66b-submod-0-latency-25.cdgp
1704042942160852836,1704042944082232229,200,http://172.169.8.253:31112/function/opt-66b-submod-0-latency-25.cdgp
1704042942160944272,1704042945782567595,200,http://172.169.8.253:31112/function/opt-66b-submod-0-latency-25.cdgp
1704042942160969021,1704042951753088788,500,http://172.169.8.253:31112/function/opt-66b-submod-0-latency-25.cdgp
1704042942161047912,1704042945795554318,200,http://172.169.8.253:31112/function/opt-66b-submod-0-latency-25.cdgp
1704042942161114257,1704042951662380720,500,http://172.169.8.253:31112/function/opt-66b-submod-0-latency-25.cdgp
1704042942161155982,1704042951704698125,500,http://172.169.8.253:31112/function/opt-66b-submod-0-latency-25.cdgp
1704042942161240701,1704042952162063447,500,http://172.169.8.253:31112/function/opt-66b-submod-0-latency-25.cdgp
1704042942161292848,1704042951685796962,500,http://172.169.8.253:31112/function/opt-66b-submod-0-latency-25.cdgp
1704042942179626127,1704042952017026255,500,http://172.169.8.253:31112/function/opt-66b-submod-0-latency-25.cdgp
1704042942179744826,1704042951663534440,500,http://172.169.8.253:31112/function/opt-66b-submod-0-latency-25.cdgp
1704042942179900627,1704042951788090219,500,http://172.169.8.253:31112/function/opt-66b-submod-0-latency-25.cdgp
1704042942179968062,1704042946059740832,200,http://172.169.8.253:31112/function/opt-66b-submod-0-latency-25.cdgp
1704042942180046823,1704042950963438882,500,http://172.169.8.253:31112/function/opt-66b-submod-0-latency-25.cdgp
1704042942180070109,1704042951755358281,500,http://172.169.8.253:31112/function/opt-66b-submod-0-latency-25.cdgp
1704042942180176065,1704042951687002284,500,http://172.169.8.253:31112/function/opt-66b-submod-0-latency-25.cdgp
1704042943505763917,1704042952569152156,500,http://172.169.8.253:31112/function/opt-66b-submod-0-latency-25.cdgp
1704042943505867668,1704042952552107058,500,http://172.169.8.253:31112/function/opt-66b-submod-0-latency-25.cdgp
1704042943505963353,1704042951479643288,500,http://172.169.8.253:31112/function/opt-66b-submod-0-latency-25.cdgp
1704042943507591599,1704042952851896389,500,http://172.169.8.253:31112/function/opt-66b-submod-0-latency-25.cdgp
1704042943507671421,1704042952684095308,500,http://172.169.8.253:31112/function/opt-66b-submod-0-latency-25.cdgp
1704042943507733580,1704042945906983415,200,http://172.169.8.253:31112/function/opt-66b-submod-0-latency-25.cdgp
1704042943507761528,1704042952685532554,500,http://172.169.8.253:31112/function/opt-66b-submod-0-latency-25.cdgp
1704042943507839693,1704042952567729736,500,http://172.169.8.253:31112/function/opt-66b-submod-0-latency-25.cdgp
1704042943507914447,1704042952529155630,500,http://172.169.8.253:31112/function/opt-66b-submod-0-latency-25.cdgp
1704042943507947379,1704042952596044392,500,http://172.169.8.253:31112/function/opt-66b-submod-0-latency-25.cdgp
1704042943508036181,1704042953276168867,500,http://172.169.8.253:31112/function/opt-66b-submod-0-latency-25.cdgp
1704042943508097666,1704042952681757702,500,http://172.169.8.253:31112/function/opt-66b-submod-0-latency-25.cdgp
1704042943508157613,1704042945255471694,200,http://172.169.8.253:31112/function/opt-66b-submod-0-latency-25.cdgp
1704042943508237894,1704042953279764741,500,http://172.169.8.253:31112/function/opt-66b-submod-0-latency-25.cdgp
1704042943508294487,1704042944961337768,200,http://172.169.8.253:31112/function/opt-66b-submod-0-latency-25.cdgp
1704042943508361562,1704042952892116885,500,http://172.169.8.253:31112/function/opt-66b-submod-0-latency-25.cdgp
1704042943508392586,1704042945898133744,200,http://172.169.8.253:31112/function/opt-66b-submod-0-latency-25.cdgp
1704042944885508205,1704042952948132723,500,http://172.169.8.253:31112/function/opt-66b-submod-0-latency-25.cdgp
1704042944885599120,1704042953901002767,500,http://172.169.8.253:31112/function/opt-66b-submod-0-latency-25.cdgp
1704042944885696241,1704042952854539651,500,http://172.169.8.253:31112/function/opt-66b-submod-0-latency-25.cdgp
1704042944885751374,1704042953877083848,500,http://172.169.8.253:31112/function/opt-66b-submod-0-latency-25.cdgp
1704042944885899947,1704042953854294420,500,http://172.169.8.253:31112/function/opt-66b-submod-0-latency-25.cdgp
1704042944885977874,1704042953975211520,500,http://172.169.8.253:31112/function/opt-66b-submod-0-latency-25.cdgp
1704042944886018693,1704042946093107604,200,http://172.169.8.253:31112/function/opt-66b-submod-0-latency-25.cdgp
1704042944904845547,1704042952891750424,500,http://172.169.8.253:31112/function/opt-66b-submod-0-latency-25.cdgp
1704042944904922422,1704042952950682391,500,http://172.169.8.253:31112/function/opt-66b-submod-0-latency-25.cdgp
1704042944904945079,1704042954273869363,500,http://172.169.8.253:31112/function/opt-66b-submod-0-latency-25.cdgp
1704042944905017309,1704042946350513204,200,http://172.169.8.253:31112/function/opt-66b-submod-0-latency-25.cdgp
1704042944905107004,1704042954120166041,500,http://172.169.8.253:31112/function/opt-66b-submod-0-latency-25.cdgp
1704042944905147430,1704042946729826563,200,http://172.169.8.253:31112/function/opt-66b-submod-0-latency-25.cdgp
1704042944905231258,1704042946282909322,200,http://172.169.8.253:31112/function/opt-66b-submod-0-latency-25.cdgp
1704042944905284562,1704042952917911234,500,http://172.169.8.253:31112/function/opt-66b-submod-0-latency-25.cdgp
1704042944905346736,1704042954075067581,500,http://172.169.8.253:31112/function/opt-66b-submod-0-latency-25.cdgp
1704042944905388333,1704042953248931733,500,http://172.169.8.253:31112/function/opt-66b-submod-0-latency-25.cdgp
1704042944905470850,1704042953246458149,500,http://172.169.8.253:31112/function/opt-66b-submod-0-latency-25.cdgp
1704042944905535455,1704042954312645391,500,http://172.169.8.253:31112/function/opt-66b-submod-0-latency-25.cdgp
1704042944905601685,1704042952855429570,500,http://172.169.8.253:31112/function/opt-66b-submod-0-latency-25.cdgp
1704042944905653583,1704042954077482360,500,http://172.169.8.253:31112/function/opt-66b-submod-0-latency-25.cdgp
1704042944905713812,1704042952865119267,500,http://172.169.8.253:31112/function/opt-66b-submod-0-latency-25.cdgp
1704042944934243236,1704042953055250102,500,http://172.169.8.253:31112/function/opt-66b-submod-0-latency-25.cdgp
1704042944934326530,1704042953014207676,200,http://172.169.8.253:31112/function/opt-66b-submod-0-latency-25.cdgp
1704042944934354189,1704042946279603264,200,http://172.169.8.253:31112/function/opt-66b-submod-0-latency-25.cdgp
1704042944934448169,1704042954153645031,500,http://172.169.8.253:31112/function/opt-66b-submod-0-latency-25.cdgp
1704042944934512011,1704042952935841232,500,http://172.169.8.253:31112/function/opt-66b-submod-0-latency-25.cdgp
1704042944934613243,1704042954372688573,500,http://172.169.8.253:31112/function/opt-66b-submod-0-latency-25.cdgp
1704042944934664408,1704042954578192926,500,http://172.169.8.253:31112/function/opt-66b-submod-0-latency-25.cdgp
1704042944934728793,1704042954115747506,500,http://172.169.8.253:31112/function/opt-66b-submod-0-latency-25.cdgp
1704042944934751047,1704042953294183574,500,http://172.169.8.253:31112/function/opt-66b-submod-0-latency-25.cdgp
1704042944934849617,1704042954172763055,500,http://172.169.8.253:31112/function/opt-66b-submod-0-latency-25.cdgp
1704042944937595363,1704042954592623291,500,http://172.169.8.253:31112/function/opt-66b-submod-0-latency-25.cdgp
1704042944937748923,1704042954577210769,500,http://172.169.8.253:31112/function/opt-66b-submod-0-latency-25.cdgp
1704042944937828303,1704042953099956002,500,http://172.169.8.253:31112/function/opt-66b-submod-0-latency-25.cdgp
1704042944937924610,1704042954341508685,500,http://172.169.8.253:31112/function/opt-66b-submod-0-latency-25.cdgp
1704042944938053421,1704042952925173836,500,http://172.169.8.253:31112/function/opt-66b-submod-0-latency-25.cdgp
1704042945029681453,1704042946216085579,200,http://172.169.8.253:31112/function/opt-66b-submod-0-latency-25.cdgp
1704042945029780514,1704042954469444142,500,http://172.169.8.253:31112/function/opt-66b-submod-0-latency-25.cdgp
1704042945029847574,1704042953376017038,500,http://172.169.8.253:31112/function/opt-66b-submod-0-latency-25.cdgp
1704042945029878290,1704042954591014067,500,http://172.169.8.253:31112/function/opt-66b-submod-0-latency-25.cdgp
1704042945032798634,1704042953431886063,200,http://172.169.8.253:31112/function/opt-66b-submod-0-latency-25.cdgp
1704042945032901393,1704042946593404170,200,http://172.169.8.253:31112/function/opt-66b-submod-0-latency-25.cdgp
1704042945033038375,1704042954594036049,500,http://172.169.8.253:31112/function/opt-66b-submod-0-latency-25.cdgp
1704042945033126651,1704042954433239924,500,http://172.169.8.253:31112/function/opt-66b-submod-0-latency-25.cdgp
1704042945033197896,1704042954344914993,500,http://172.169.8.253:31112/function/opt-66b-submod-0-latency-25.cdgp
1704042945033288005,1704042954579163798,500,http://172.169.8.253:31112/function/opt-66b-submod-0-latency-25.cdgp
1704042945033352130,1704042954570787003,500,http://172.169.8.253:31112/function/opt-66b-submod-0-latency-25.cdgp
1704042945033375710,1704042953515498933,500,http://172.169.8.253:31112/function/opt-66b-submod-0-latency-25.cdgp
1704042945033399520,1704042946556686261,200,http://172.169.8.253:31112/function/opt-66b-submod-0-latency-25.cdgp
1704042945033465171,1704042946802037201,200,http://172.169.8.253:31112/function/opt-66b-submod-0-latency-25.cdgp
1704042945033542629,1704042946342079859,200,http://172.169.8.253:31112/function/opt-66b-submod-0-latency-25.cdgp
1704042945033625159,1704042954569038530,500,http://172.169.8.253:31112/function/opt-66b-submod-0-latency-25.cdgp
1704042945033683563,1704042954573965161,500,http://172.169.8.253:31112/function/opt-66b-submod-0-latency-25.cdgp
1704042945033696642,1704042953493711639,500,http://172.169.8.253:31112/function/opt-66b-submod-0-latency-25.cdgp
1704042945033788428,1704042954573197467,500,http://172.169.8.253:31112/function/opt-66b-submod-0-latency-25.cdgp
1704042945033859700,1704042954343440652,500,http://172.169.8.253:31112/function/opt-66b-submod-0-latency-25.cdgp
1704042945039853896,1704042953130756301,200,http://172.169.8.253:31112/function/opt-66b-submod-0-latency-25.cdgp
1704042945039956260,1704042953551145547,500,http://172.169.8.253:31112/function/opt-66b-submod-0-latency-25.cdgp
1704042945040037928,1704042954337328248,500,http://172.169.8.253:31112/function/opt-66b-submod-0-latency-25.cdgp
1704042945040164115,1704042946685197032,200,http://172.169.8.253:31112/function/opt-66b-submod-0-latency-25.cdgp
1704042945040238646,1704042953368675320,200,http://172.169.8.253:31112/function/opt-66b-submod-0-latency-25.cdgp
1704042945040320528,1704042953301273062,200,http://172.169.8.253:31112/function/opt-66b-submod-0-latency-25.cdgp
1704042945040409500,1704042954339588486,500,http://172.169.8.253:31112/function/opt-66b-submod-0-latency-25.cdgp
1704042946366182986,1704042953874443233,200,http://172.169.8.253:31112/function/opt-66b-submod-0-latency-25.cdgp
1704042946366272258,1704042947232025150,200,http://172.169.8.253:31112/function/opt-66b-submod-0-latency-25.cdgp
1704042946366347033,1704042955924437715,500,http://172.169.8.253:31112/function/opt-66b-submod-0-latency-25.cdgp
1704042946366416367,1704042955923962546,500,http://172.169.8.253:31112/function/opt-66b-submod-0-latency-25.cdgp
1704042946366527213,1704042955359999320,500,http://172.169.8.253:31112/function/opt-66b-submod-0-latency-25.cdgp
1704042946366577517,1704042955371987563,500,http://172.169.8.253:31112/function/opt-66b-submod-0-latency-25.cdgp
1704042946387224959,1704042955882534248,500,http://172.169.8.253:31112/function/opt-66b-submod-0-latency-25.cdgp
1704042946387340331,1704042947324731081,200,http://172.169.8.253:31112/function/opt-66b-submod-0-latency-25.cdgp
1704042946387459778,1704042947214829344,200,http://172.169.8.253:31112/function/opt-66b-submod-0-latency-25.cdgp
1704042946387524896,1704042953985230339,200,http://172.169.8.253:31112/function/opt-66b-submod-0-latency-25.cdgp
1704042946387579551,1704042955881958736,500,http://172.169.8.253:31112/function/opt-66b-submod-0-latency-25.cdgp
1704042946387655179,1704042955814684449,500,http://172.169.8.253:31112/function/opt-66b-submod-0-latency-25.cdgp
1704042946387693934,1704042953652278415,200,http://172.169.8.253:31112/function/opt-66b-submod-0-latency-25.cdgp
1704042950552200267,1704042959565249634,500,http://172.169.8.253:31112/function/opt-66b-submod-0-latency-25.cdgp
1704042950552326773,1704042954205176840,200,http://172.169.8.253:31112/function/opt-66b-submod-0-latency-25.cdgp
1704042950552403714,1704042953875461842,200,http://172.169.8.253:31112/function/opt-66b-submod-0-latency-25.cdgp
1704042950552474575,1704042959910923507,500,http://172.169.8.253:31112/function/opt-66b-submod-0-latency-25.cdgp
1704042950552583731,1704042951375654185,200,http://172.169.8.253:31112/function/opt-66b-submod-0-latency-25.cdgp
1704042950552646255,1704042959607007530,500,http://172.169.8.253:31112/function/opt-66b-submod-0-latency-25.cdgp
1704042950552689634,1704042954280158917,200,http://172.169.8.253:31112/function/opt-66b-submod-0-latency-25.cdgp
1704042950552771145,1704042953590574061,200,http://172.169.8.253:31112/function/opt-66b-submod-0-latency-25.cdgp
1704042950575794761,1704042954423876509,200,http://172.169.8.253:31112/function/opt-66b-submod-0-latency-25.cdgp
1704042950576715975,1704042951603766904,200,http://172.169.8.253:31112/function/opt-66b-submod-0-latency-25.cdgp
1704042950744362320,1704042951859783008,200,http://172.169.8.253:31112/function/opt-66b-submod-0-latency-25.cdgp
1704042950744477678,1704042954370540316,200,http://172.169.8.253:31112/function/opt-66b-submod-0-latency-25.cdgp
1704042950744576225,1704042954169956703,200,http://172.169.8.253:31112/function/opt-66b-submod-0-latency-25.cdgp
1704042950744654012,1704042952579095149,200,http://172.169.8.253:31112/function/opt-66b-submod-0-latency-25.cdgp
1704042950744717871,1704042952260734350,200,http://172.169.8.253:31112/function/opt-66b-submod-0-latency-25.cdgp
1704042950744748221,1704042960151821723,500,http://172.169.8.253:31112/function/opt-66b-submod-0-latency-25.cdgp
1704042950744853363,1704042959700047322,500,http://172.169.8.253:31112/function/opt-66b-submod-0-latency-25.cdgp
1704042950744911821,1704042959914362446,500,http://172.169.8.253:31112/function/opt-66b-submod-0-latency-25.cdgp
1704042950746405466,1704042959902786075,500,http://172.169.8.253:31112/function/opt-66b-submod-0-latency-25.cdgp
1704042950746517507,1704042952347103084,200,http://172.169.8.253:31112/function/opt-66b-submod-0-latency-25.cdgp
1704042950746590333,1704042953867977159,200,http://172.169.8.253:31112/function/opt-66b-submod-0-latency-25.cdgp
1704042950746696273,1704042951935884991,200,http://172.169.8.253:31112/function/opt-66b-submod-0-latency-25.cdgp
1704042950754696149,1704042952201748566,200,http://172.169.8.253:31112/function/opt-66b-submod-0-latency-25.cdgp
1704042950754795576,1704042954292030991,200,http://172.169.8.253:31112/function/opt-66b-submod-0-latency-25.cdgp
1704042950754878750,1704042951726637778,200,http://172.169.8.253:31112/function/opt-66b-submod-0-latency-25.cdgp
1704042950754934939,1704042959903544366,500,http://172.169.8.253:31112/function/opt-66b-submod-0-latency-25.cdgp
1704042950755055448,1704042953331761835,200,http://172.169.8.253:31112/function/opt-66b-submod-0-latency-25.cdgp
1704042950755141621,1704042951858313770,200,http://172.169.8.253:31112/function/opt-66b-submod-0-latency-25.cdgp
1704042950755232236,1704042953813772116,200,http://172.169.8.253:31112/function/opt-66b-submod-0-latency-25.cdgp
1704042950973069760,1704042954330606197,200,http://172.169.8.253:31112/function/opt-66b-submod-0-latency-25.cdgp
1704042950973162683,1704042952351916686,200,http://172.169.8.253:31112/function/opt-66b-submod-0-latency-25.cdgp
1704042950973357134,1704042960179023075,500,http://172.169.8.253:31112/function/opt-66b-submod-0-latency-25.cdgp
1704042950973430215,1704042960463938613,500,http://172.169.8.253:31112/function/opt-66b-submod-0-latency-25.cdgp
1704042950973498439,1704042952726659297,200,http://172.169.8.253:31112/function/opt-66b-submod-0-latency-25.cdgp
1704042950973542561,1704042952461056027,200,http://172.169.8.253:31112/function/opt-66b-submod-0-latency-25.cdgp
1704042950973850154,1704042952294103973,200,http://172.169.8.253:31112/function/opt-66b-submod-0-latency-25.cdgp
1704042950973910093,1704042953908455562,200,http://172.169.8.253:31112/function/opt-66b-submod-0-latency-25.cdgp
1704042950973942475,1704042960338247310,500,http://172.169.8.253:31112/function/opt-66b-submod-0-latency-25.cdgp
1704042950974009579,1704042960148062513,500,http://172.169.8.253:31112/function/opt-66b-submod-0-latency-25.cdgp
1704042950974067514,1704042960417879076,500,http://172.169.8.253:31112/function/opt-66b-submod-0-latency-25.cdgp
1704042950974103385,1704042960338953058,500,http://172.169.8.253:31112/function/opt-66b-submod-0-latency-25.cdgp
1704042950974180561,1704042952183382493,200,http://172.169.8.253:31112/function/opt-66b-submod-0-latency-25.cdgp
1704042950974239487,1704042960105128472,500,http://172.169.8.253:31112/function/opt-66b-submod-0-latency-25.cdgp
1704042950974310326,1704042952349034707,200,http://172.169.8.253:31112/function/opt-66b-submod-0-latency-25.cdgp
1704042951073209222,1704042953667798230,200,http://172.169.8.253:31112/function/opt-66b-submod-0-latency-25.cdgp
1704042951073287060,1704042954186207170,200,http://172.169.8.253:31112/function/opt-66b-submod-0-latency-25.cdgp
1704042951073374994,1704042952431737437,200,http://172.169.8.253:31112/function/opt-66b-submod-0-latency-25.cdgp
1704042951073449968,1704042953169200765,200,http://172.169.8.253:31112/function/opt-66b-submod-0-latency-25.cdgp
1704042951073531485,1704042960464061592,500,http://172.169.8.253:31112/function/opt-66b-submod-0-latency-25.cdgp
1704042951073615167,1704042953771728284,200,http://172.169.8.253:31112/function/opt-66b-submod-0-latency-25.cdgp
1704042951073695181,1704042952715936671,200,http://172.169.8.253:31112/function/opt-66b-submod-0-latency-25.cdgp
1704042951073779266,1704042960404946954,500,http://172.169.8.253:31112/function/opt-66b-submod-0-latency-25.cdgp
1704042951073839967,1704042960566643316,500,http://172.169.8.253:31112/function/opt-66b-submod-0-latency-25.cdgp
1704042951073867799,1704042952309648455,200,http://172.169.8.253:31112/function/opt-66b-submod-0-latency-25.cdgp
1704042951073933703,1704042952864906553,200,http://172.169.8.253:31112/function/opt-66b-submod-0-latency-25.cdgp
1704042951074689039,1704042960176052361,500,http://172.169.8.253:31112/function/opt-66b-submod-0-latency-25.cdgp
1704042951074774812,1704042960404562543,500,http://172.169.8.253:31112/function/opt-66b-submod-0-latency-25.cdgp
1704042951074863606,1704042953037195304,200,http://172.169.8.253:31112/function/opt-66b-submod-0-latency-25.cdgp
1704042951074994388,1704042952458373075,200,http://172.169.8.253:31112/function/opt-66b-submod-0-latency-25.cdgp
1704042951075055788,1704042960338347287,500,http://172.169.8.253:31112/function/opt-66b-submod-0-latency-25.cdgp
1704042951075091038,1704042960563702236,500,http://172.169.8.253:31112/function/opt-66b-submod-0-latency-25.cdgp
1704042951075166620,1704042960338731935,500,http://172.169.8.253:31112/function/opt-66b-submod-0-latency-25.cdgp
1704042951075249165,1704042960463877628,500,http://172.169.8.253:31112/function/opt-66b-submod-0-latency-25.cdgp
1704042951075343235,1704042960417876840,500,http://172.169.8.253:31112/function/opt-66b-submod-0-latency-25.cdgp
1704042951075429930,1704042960648151340,500,http://172.169.8.253:31112/function/opt-66b-submod-0-latency-25.cdgp
1704042951146388497,1704042953867856456,200,http://172.169.8.253:31112/function/opt-66b-submod-0-latency-25.cdgp
1704042951146476063,1704042953560641330,200,http://172.169.8.253:31112/function/opt-66b-submod-0-latency-25.cdgp
1704042951146583808,1704042952993016982,200,http://172.169.8.253:31112/function/opt-66b-submod-0-latency-25.cdgp
1704042951146650152,1704042960508322471,500,http://172.169.8.253:31112/function/opt-66b-submod-0-latency-25.cdgp
1704042951251649724,1704042954364638903,200,http://172.169.8.253:31112/function/opt-66b-submod-0-latency-25.cdgp
1704042951251828626,1704042960607749412,500,http://172.169.8.253:31112/function/opt-66b-submod-0-latency-25.cdgp
1704042951251939508,1704042954143890154,200,http://172.169.8.253:31112/function/opt-66b-submod-0-latency-25.cdgp
1704042951252005374,1704042953887847564,200,http://172.169.8.253:31112/function/opt-66b-submod-0-latency-25.cdgp
1704042951252049407,1704042954319558792,200,http://172.169.8.253:31112/function/opt-66b-submod-0-latency-25.cdgp
1704042951252131149,1704042960723804693,500,http://172.169.8.253:31112/function/opt-66b-submod-0-latency-25.cdgp
1704042951252203306,1704042960651934879,500,http://172.169.8.253:31112/function/opt-66b-submod-0-latency-25.cdgp
1704042951252227693,1704042960411839983,500,http://172.169.8.253:31112/function/opt-66b-submod-0-latency-25.cdgp
1704042951253962715,1704042960564817459,500,http://172.169.8.253:31112/function/opt-66b-submod-0-latency-25.cdgp
1704042951254050335,1704042960748761480,500,http://172.169.8.253:31112/function/opt-66b-submod-0-latency-25.cdgp
1704042951254136842,1704042953887940452,200,http://172.169.8.253:31112/function/opt-66b-submod-0-latency-25.cdgp
1704042951254220235,1704042953930045210,200,http://172.169.8.253:31112/function/opt-66b-submod-0-latency-25.cdgp
1704042951254285874,1704042960768142868,500,http://172.169.8.253:31112/function/opt-66b-submod-0-latency-25.cdgp
1704042951254371250,1704042952938524833,200,http://172.169.8.253:31112/function/opt-66b-submod-0-latency-25.cdgp
1704042951254453574,1704042952675638645,200,http://172.169.8.253:31112/function/opt-66b-submod-0-latency-25.cdgp
1704042951254526196,1704042960604672300,500,http://172.169.8.253:31112/function/opt-66b-submod-0-latency-25.cdgp
1704042951254618998,1704042960565342662,500,http://172.169.8.253:31112/function/opt-66b-submod-0-latency-25.cdgp
1704042951254756749,1704042960565547190,500,http://172.169.8.253:31112/function/opt-66b-submod-0-latency-25.cdgp
1704042951254825058,1704042960604877647,500,http://172.169.8.253:31112/function/opt-66b-submod-0-latency-25.cdgp
1704042951254927231,1704042960739917251,500,http://172.169.8.253:31112/function/opt-66b-submod-0-latency-25.cdgp
1704042951255010869,1704042960667591962,500,http://172.169.8.253:31112/function/opt-66b-submod-0-latency-25.cdgp
1704042951255128067,1704042960564719410,500,http://172.169.8.253:31112/function/opt-66b-submod-0-latency-25.cdgp
1704042951255230656,1704042960649780383,500,http://172.169.8.253:31112/function/opt-66b-submod-0-latency-25.cdgp
1704042951453357000,1704042954240634946,200,http://172.169.8.253:31112/function/opt-66b-submod-0-latency-25.cdgp
1704042954613210950,1704042963663061576,500,http://172.169.8.253:31112/function/opt-66b-submod-0-latency-25.cdgp
1704042954613300405,1704042956235881633,200,http://172.169.8.253:31112/function/opt-66b-submod-0-latency-25.cdgp
1704042954613439121,1704042955815301059,200,http://172.169.8.253:31112/function/opt-66b-submod-0-latency-25.cdgp
1704042954613506797,1704042955882685850,200,http://172.169.8.253:31112/function/opt-66b-submod-0-latency-25.cdgp
1704042954613591326,1704042963695954315,500,http://172.169.8.253:31112/function/opt-66b-submod-0-latency-25.cdgp
1704042954613700298,1704042963864605877,500,http://172.169.8.253:31112/function/opt-66b-submod-0-latency-25.cdgp
1704042954613825420,1704042955296683195,200,http://172.169.8.253:31112/function/opt-66b-submod-0-latency-25.cdgp
1704042954613889469,1704042963662047696,500,http://172.169.8.253:31112/function/opt-66b-submod-0-latency-25.cdgp
1704042954613979914,1704042964051976738,500,http://172.169.8.253:31112/function/opt-66b-submod-0-latency-25.cdgp
1704042954675859885,1704042955882537406,200,http://172.169.8.253:31112/function/opt-66b-submod-0-latency-25.cdgp
1704042954675945419,1704042964009651653,500,http://172.169.8.253:31112/function/opt-66b-submod-0-latency-25.cdgp
1704042954676019986,1704042956199608396,200,http://172.169.8.253:31112/function/opt-66b-submod-0-latency-25.cdgp
1704042954676098800,1704042963842109577,500,http://172.169.8.253:31112/function/opt-66b-submod-0-latency-25.cdgp
1704042954676212813,1704042963729324000,500,http://172.169.8.253:31112/function/opt-66b-submod-0-latency-25.cdgp
1704042954676272723,1704042956162190312,200,http://172.169.8.253:31112/function/opt-66b-submod-0-latency-25.cdgp
1704042954676313818,1704042955815287781,200,http://172.169.8.253:31112/function/opt-66b-submod-0-latency-25.cdgp
1704042954676391884,1704042964007022852,500,http://172.169.8.253:31112/function/opt-66b-submod-0-latency-25.cdgp
1704042954676453518,1704042964009913500,500,http://172.169.8.253:31112/function/opt-66b-submod-0-latency-25.cdgp
1704042954676514463,1704042955882869575,200,http://172.169.8.253:31112/function/opt-66b-submod-0-latency-25.cdgp
1704042955118789596,1704042964010456199,500,http://172.169.8.253:31112/function/opt-66b-submod-0-latency-25.cdgp
1704042955118895191,1704042964017271776,500,http://172.169.8.253:31112/function/opt-66b-submod-0-latency-25.cdgp
1704042955119046598,1704042956162874122,200,http://172.169.8.253:31112/function/opt-66b-submod-0-latency-25.cdgp
1704042955134196524,1704042958923577423,200,http://172.169.8.253:31112/function/opt-66b-submod-0-latency-25.cdgp
1704042955137899516,1704042956568234199,200,http://172.169.8.253:31112/function/opt-66b-submod-0-latency-25.cdgp
1704042955138069122,1704042956608679345,200,http://172.169.8.253:31112/function/opt-66b-submod-0-latency-25.cdgp
1704042955138134280,1704042964480210379,500,http://172.169.8.253:31112/function/opt-66b-submod-0-latency-25.cdgp
1704042955138183230,1704042964608990461,500,http://172.169.8.253:31112/function/opt-66b-submod-0-latency-25.cdgp
1704042955138258782,1704042964457620962,500,http://172.169.8.253:31112/function/opt-66b-submod-0-latency-25.cdgp
1704042955138300179,1704042956613694718,200,http://172.169.8.253:31112/function/opt-66b-submod-0-latency-25.cdgp
1704042955138384433,1704042964607661024,500,http://172.169.8.253:31112/function/opt-66b-submod-0-latency-25.cdgp
1704042955138449992,1704042956746408224,200,http://172.169.8.253:31112/function/opt-66b-submod-0-latency-25.cdgp
1704042955138523583,1704042956162790468,200,http://172.169.8.253:31112/function/opt-66b-submod-0-latency-25.cdgp
1704042955138612317,1704042957560368237,200,http://172.169.8.253:31112/function/opt-66b-submod-0-latency-25.cdgp
1704042955138682676,1704042956813950179,200,http://172.169.8.253:31112/function/opt-66b-submod-0-latency-25.cdgp
1704042955138774207,1704042957597785144,200,http://172.169.8.253:31112/function/opt-66b-submod-0-latency-25.cdgp
1704042955138863772,1704042956567763791,200,http://172.169.8.253:31112/function/opt-66b-submod-0-latency-25.cdgp
1704042955138933638,1704042956813770147,200,http://172.169.8.253:31112/function/opt-66b-submod-0-latency-25.cdgp
1704042955139001981,1704042964608627311,500,http://172.169.8.253:31112/function/opt-66b-submod-0-latency-25.cdgp
1704042955139042285,1704042964259625511,500,http://172.169.8.253:31112/function/opt-66b-submod-0-latency-25.cdgp
1704042955139154683,1704042957598497666,200,http://172.169.8.253:31112/function/opt-66b-submod-0-latency-25.cdgp
1704042955139230182,1704042964330256282,500,http://172.169.8.253:31112/function/opt-66b-submod-0-latency-25.cdgp
1704042955139399175,1704042964470274272,500,http://172.169.8.253:31112/function/opt-66b-submod-0-latency-25.cdgp
1704042955139468521,1704042957558819778,200,http://172.169.8.253:31112/function/opt-66b-submod-0-latency-25.cdgp
1704042955139506622,1704042956815667015,200,http://172.169.8.253:31112/function/opt-66b-submod-0-latency-25.cdgp
1704042955139602068,1704042956613937770,200,http://172.169.8.253:31112/function/opt-66b-submod-0-latency-25.cdgp
1704042955139635347,1704042956803378980,200,http://172.169.8.253:31112/function/opt-66b-submod-0-latency-25.cdgp
1704042955139721743,1704042964425063423,500,http://172.169.8.253:31112/function/opt-66b-submod-0-latency-25.cdgp
1704042955139781028,1704042964611245935,500,http://172.169.8.253:31112/function/opt-66b-submod-0-latency-25.cdgp
1704042955139798971,1704042956753815900,200,http://172.169.8.253:31112/function/opt-66b-submod-0-latency-25.cdgp
1704042955139862710,1704042956758332666,200,http://172.169.8.253:31112/function/opt-66b-submod-0-latency-25.cdgp
1704042955139946367,1704042964232213027,500,http://172.169.8.253:31112/function/opt-66b-submod-0-latency-25.cdgp
1704042955140013694,1704042958419861774,200,http://172.169.8.253:31112/function/opt-66b-submod-0-latency-25.cdgp
1704042955140041591,1704042964609753554,500,http://172.169.8.253:31112/function/opt-66b-submod-0-latency-25.cdgp
1704042955140103461,1704042964469360444,500,http://172.169.8.253:31112/function/opt-66b-submod-0-latency-25.cdgp
1704042955211596777,1704042960338264529,200,http://172.169.8.253:31112/function/opt-66b-submod-0-latency-25.cdgp
1704042955211681313,1704042960747462096,200,http://172.169.8.253:31112/function/opt-66b-submod-0-latency-25.cdgp
1704042955211736683,1704042959052523730,200,http://172.169.8.253:31112/function/opt-66b-submod-0-latency-25.cdgp
1704042955211789205,1704042965037567092,500,http://172.169.8.253:31112/function/opt-66b-submod-0-latency-25.cdgp
1704042955211873185,1704042965212556568,500,http://172.169.8.253:31112/function/opt-66b-submod-0-latency-25.cdgp
1704042955211924664,1704042965135542218,500,http://172.169.8.253:31112/function/opt-66b-submod-0-latency-25.cdgp
1704042955211989689,1704042959910810574,200,http://172.169.8.253:31112/function/opt-66b-submod-0-latency-25.cdgp
1704042955212043152,1704042964721081904,500,http://172.169.8.253:31112/function/opt-66b-submod-0-latency-25.cdgp
1704042955218404003,1704042965218837958,500,http://172.169.8.253:31112/function/opt-66b-submod-0-latency-25.cdgp
1704042955218558142,1704042959299364593,200,http://172.169.8.253:31112/function/opt-66b-submod-0-latency-25.cdgp
1704042955218659024,1704042964752552075,500,http://172.169.8.253:31112/function/opt-66b-submod-0-latency-25.cdgp
1704042955218767922,1704042965219030046,500,http://172.169.8.253:31112/function/opt-66b-submod-0-latency-25.cdgp
1704042955218876261,1704042965219398007,500,http://172.169.8.253:31112/function/opt-66b-submod-0-latency-25.cdgp
1704042955218978150,1704042965219244684,500,http://172.169.8.253:31112/function/opt-66b-submod-0-latency-25.cdgp
1704042955219058849,1704042965219188780,500,http://172.169.8.253:31112/function/opt-66b-submod-0-latency-25.cdgp
1704042955219166782,1704042965219403050,500,http://172.169.8.253:31112/function/opt-66b-submod-0-latency-25.cdgp
1704042955219262207,1704042959186301861,200,http://172.169.8.253:31112/function/opt-66b-submod-0-latency-25.cdgp
1704042955219333871,1704042961001464606,200,http://172.169.8.253:31112/function/opt-66b-submod-0-latency-25.cdgp
1704042955219402936,1704042959174437136,500,http://172.169.8.253:31112/function/opt-66b-submod-0-latency-25.cdgp
1704042955219456610,1704042965221029774,500,http://172.169.8.253:31112/function/opt-66b-submod-0-latency-25.cdgp
1704042955219523743,1704042965221013591,500,http://172.169.8.253:31112/function/opt-66b-submod-0-latency-25.cdgp
1704042955219617694,1704042965220997201,500,http://172.169.8.253:31112/function/opt-66b-submod-0-latency-25.cdgp
1704042955219683866,1704042965221015866,500,http://172.169.8.253:31112/function/opt-66b-submod-0-latency-25.cdgp
1704042955219746532,1704042965220791332,500,http://172.169.8.253:31112/function/opt-66b-submod-0-latency-25.cdgp
1704042955219820270,1704042965220985743,500,http://172.169.8.253:31112/function/opt-66b-submod-0-latency-25.cdgp
1704042955219908244,1704042961359442661,200,http://172.169.8.253:31112/function/opt-66b-submod-0-latency-25.cdgp
1704042955219981665,1704042965220981473,500,http://172.169.8.253:31112/function/opt-66b-submod-0-latency-25.cdgp
1704042955220071706,1704042959388892732,200,http://172.169.8.253:31112/function/opt-66b-submod-0-latency-25.cdgp
1704042955220152856,1704042965220797932,500,http://172.169.8.253:31112/function/opt-66b-submod-0-latency-25.cdgp
1704042955220243160,1704042961057964002,200,http://172.169.8.253:31112/function/opt-66b-submod-0-latency-25.cdgp
1704042955220309888,1704042958685175818,200,http://172.169.8.253:31112/function/opt-66b-submod-0-latency-25.cdgp
1704042955220370004,1704042965220587070,500,http://172.169.8.253:31112/function/opt-66b-submod-0-latency-25.cdgp
1704042955220431307,1704042957095553930,200,http://172.169.8.253:31112/function/opt-66b-submod-0-latency-25.cdgp
1704042955220493275,1704042958594550416,200,http://172.169.8.253:31112/function/opt-66b-submod-0-latency-25.cdgp
1704042955220544862,1704042965220993785,500,http://172.169.8.253:31112/function/opt-66b-submod-0-latency-25.cdgp
1704042955220600633,1704042964994106799,500,http://172.169.8.253:31112/function/opt-66b-submod-0-latency-25.cdgp
1704042955220652010,1704042957912679316,200,http://172.169.8.253:31112/function/opt-66b-submod-0-latency-25.cdgp
1704042955220721582,1704042959503086950,200,http://172.169.8.253:31112/function/opt-66b-submod-0-latency-25.cdgp
1704042955220811818,1704042958747531578,200,http://172.169.8.253:31112/function/opt-66b-submod-0-latency-25.cdgp
1704042955220882012,1704042960163470243,200,http://172.169.8.253:31112/function/opt-66b-submod-0-latency-25.cdgp
1704042955220979434,1704042965221098516,500,http://172.169.8.253:31112/function/opt-66b-submod-0-latency-25.cdgp
1704042955221072173,1704042965222148437,500,http://172.169.8.253:31112/function/opt-66b-submod-0-latency-25.cdgp
1704042955221159811,1704042959502647400,200,http://172.169.8.253:31112/function/opt-66b-submod-0-latency-25.cdgp
1704042955221214788,1704042965131015148,500,http://172.169.8.253:31112/function/opt-66b-submod-0-latency-25.cdgp
1704042955221281143,1704042965222130772,500,http://172.169.8.253:31112/function/opt-66b-submod-0-latency-25.cdgp
1704042955221355042,1704042962830433017,200,http://172.169.8.253:31112/function/opt-66b-submod-0-latency-25.cdgp
1704042955221424590,1704042965222119791,500,http://172.169.8.253:31112/function/opt-66b-submod-0-latency-25.cdgp
1704042955221499618,1704042965222014852,500,http://172.169.8.253:31112/function/opt-66b-submod-0-latency-25.cdgp
1704042955221555219,1704042965128488191,500,http://172.169.8.253:31112/function/opt-66b-submod-0-latency-25.cdgp
1704042955221608458,1704042958594406605,200,http://172.169.8.253:31112/function/opt-66b-submod-0-latency-25.cdgp
1704042955221668523,1704042965222104960,500,http://172.169.8.253:31112/function/opt-66b-submod-0-latency-25.cdgp
1704042955221704174,1704042965222111210,500,http://172.169.8.253:31112/function/opt-66b-submod-0-latency-25.cdgp
1704042955221798751,1704042965222139844,500,http://172.169.8.253:31112/function/opt-66b-submod-0-latency-25.cdgp
1704042955223009120,1704042965224181910,500,http://172.169.8.253:31112/function/opt-66b-submod-0-latency-25.cdgp
1704042955223086461,1704042960417498279,200,http://172.169.8.253:31112/function/opt-66b-submod-0-latency-25.cdgp
1704042955223172203,1704042965224173093,500,http://172.169.8.253:31112/function/opt-66b-submod-0-latency-25.cdgp
1704042955223256960,1704042959910717928,200,http://172.169.8.253:31112/function/opt-66b-submod-0-latency-25.cdgp
1704042955223330694,1704042957547757694,200,http://172.169.8.253:31112/function/opt-66b-submod-0-latency-25.cdgp
1704042955223399906,1704042957084211897,200,http://172.169.8.253:31112/function/opt-66b-submod-0-latency-25.cdgp
1704042955223484391,1704042957302639043,200,http://172.169.8.253:31112/function/opt-66b-submod-0-latency-25.cdgp
1704042955223555437,1704042965224185651,500,http://172.169.8.253:31112/function/opt-66b-submod-0-latency-25.cdgp
1704042955223618858,1704042957558024803,200,http://172.169.8.253:31112/function/opt-66b-submod-0-latency-25.cdgp
1704042955223691182,1704042958594998824,200,http://172.169.8.253:31112/function/opt-66b-submod-0-latency-25.cdgp
1704042955223765446,1704042965224254450,500,http://172.169.8.253:31112/function/opt-66b-submod-0-latency-25.cdgp
1704042955223856128,1704042965224190765,500,http://172.169.8.253:31112/function/opt-66b-submod-0-latency-25.cdgp
1704042955223921744,1704042965129961711,500,http://172.169.8.253:31112/function/opt-66b-submod-0-latency-25.cdgp
1704042955224008073,1704042965224207751,500,http://172.169.8.253:31112/function/opt-66b-submod-0-latency-25.cdgp
1704042955224086417,1704042958259071026,200,http://172.169.8.253:31112/function/opt-66b-submod-0-latency-25.cdgp
1704042955224169040,1704042965224265784,500,http://172.169.8.253:31112/function/opt-66b-submod-0-latency-25.cdgp
1704042955224233653,1704042959567189206,200,http://172.169.8.253:31112/function/opt-66b-submod-0-latency-25.cdgp
1704042955224266079,1704042965225207892,500,http://172.169.8.253:31112/function/opt-66b-submod-0-latency-25.cdgp
1704042955224321629,1704042958124524080,200,http://172.169.8.253:31112/function/opt-66b-submod-0-latency-25.cdgp
1704042955224388313,1704042965225266139,500,http://172.169.8.253:31112/function/opt-66b-submod-0-latency-25.cdgp
1704042955224430954,1704042965225248706,500,http://172.169.8.253:31112/function/opt-66b-submod-0-latency-25.cdgp
1704042955224532021,1704042965225204142,500,http://172.169.8.253:31112/function/opt-66b-submod-0-latency-25.cdgp
1704042955231410370,1704042965232625069,500,http://172.169.8.253:31112/function/opt-66b-submod-0-latency-25.cdgp
1704042955231493694,1704042965232687207,500,http://172.169.8.253:31112/function/opt-66b-submod-0-latency-25.cdgp
1704042955231561304,1704042965232676455,500,http://172.169.8.253:31112/function/opt-66b-submod-0-latency-25.cdgp
1704042955231618883,1704042960986097934,200,http://172.169.8.253:31112/function/opt-66b-submod-0-latency-25.cdgp
1704042955231708009,1704042960338110377,200,http://172.169.8.253:31112/function/opt-66b-submod-0-latency-25.cdgp
1704042955231734268,1704042965232710466,500,http://172.169.8.253:31112/function/opt-66b-submod-0-latency-25.cdgp
1704042955233534994,1704042960745472397,200,http://172.169.8.253:31112/function/opt-66b-submod-0-latency-25.cdgp
1704042955233648731,1704042957474422783,200,http://172.169.8.253:31112/function/opt-66b-submod-0-latency-25.cdgp
1704042955233735118,1704042958116834259,200,http://172.169.8.253:31112/function/opt-66b-submod-0-latency-25.cdgp
1704042955234446718,1704042965234751378,500,http://172.169.8.253:31112/function/opt-66b-submod-0-latency-25.cdgp
1704042955234525222,1704042959563640208,200,http://172.169.8.253:31112/function/opt-66b-submod-0-latency-25.cdgp
1704042955234613098,1704042958594710604,200,http://172.169.8.253:31112/function/opt-66b-submod-0-latency-25.cdgp
1704042955234700670,1704042960748511096,200,http://172.169.8.253:31112/function/opt-66b-submod-0-latency-25.cdgp
1704042955234780901,1704042965236062123,500,http://172.169.8.253:31112/function/opt-66b-submod-0-latency-25.cdgp
1704042955234846214,1704042965235933376,500,http://172.169.8.253:31112/function/opt-66b-submod-0-latency-25.cdgp
1704042955234875374,1704042965235936328,500,http://172.169.8.253:31112/function/opt-66b-submod-0-latency-25.cdgp
1704042955234929170,1704042958255393875,200,http://172.169.8.253:31112/function/opt-66b-submod-0-latency-25.cdgp
1704042955234993410,1704042958262654872,200,http://172.169.8.253:31112/function/opt-66b-submod-0-latency-25.cdgp
1704042955237487676,1704042965238529408,500,http://172.169.8.253:31112/function/opt-66b-submod-0-latency-25.cdgp
1704042955237640662,1704042965238423766,500,http://172.169.8.253:31112/function/opt-66b-submod-0-latency-25.cdgp
1704042955237726635,1704042959596468122,200,http://172.169.8.253:31112/function/opt-66b-submod-0-latency-25.cdgp
1704042955237804508,1704042965238501896,500,http://172.169.8.253:31112/function/opt-66b-submod-0-latency-25.cdgp
1704042955237874342,1704042965238414126,500,http://172.169.8.253:31112/function/opt-66b-submod-0-latency-25.cdgp
1704042955243067144,1704042965243734175,500,http://172.169.8.253:31112/function/opt-66b-submod-0-latency-25.cdgp
1704042955243221891,1704042965243832208,500,http://172.169.8.253:31112/function/opt-66b-submod-0-latency-25.cdgp
1704042955243297266,1704042958345773887,200,http://172.169.8.253:31112/function/opt-66b-submod-0-latency-25.cdgp
1704042955243442763,1704042965243727592,500,http://172.169.8.253:31112/function/opt-66b-submod-0-latency-25.cdgp
1704042955243540631,1704042959910830087,200,http://172.169.8.253:31112/function/opt-66b-submod-0-latency-25.cdgp
1704042955243637375,1704042965243828954,500,http://172.169.8.253:31112/function/opt-66b-submod-0-latency-25.cdgp
1704042955243743161,1704042958254760805,200,http://172.169.8.253:31112/function/opt-66b-submod-0-latency-25.cdgp
1704042955243826503,1704042959561800919,200,http://172.169.8.253:31112/function/opt-66b-submod-0-latency-25.cdgp
1704042955272580511,1704042957229564303,200,http://172.169.8.253:31112/function/opt-66b-submod-0-latency-25.cdgp
1704042957002037321,1704042959910643054,200,http://172.169.8.253:31112/function/opt-66b-submod-0-latency-25.cdgp
1704042957002159450,1704042958345928801,200,http://172.169.8.253:31112/function/opt-66b-submod-0-latency-25.cdgp
1704042957002279040,1704042966367516104,500,http://172.169.8.253:31112/function/opt-66b-submod-0-latency-25.cdgp
1704042957002368056,1704042961202976356,200,http://172.169.8.253:31112/function/opt-66b-submod-0-latency-25.cdgp
1704042957002481536,1704042966365428483,500,http://172.169.8.253:31112/function/opt-66b-submod-0-latency-25.cdgp
1704042957002612013,1704042959232054706,200,http://172.169.8.253:31112/function/opt-66b-submod-0-latency-25.cdgp
1704042957002698469,1704042966384554771,500,http://172.169.8.253:31112/function/opt-66b-submod-0-latency-25.cdgp
1704042957002778871,1704042959501760801,200,http://172.169.8.253:31112/function/opt-66b-submod-0-latency-25.cdgp
1704042957002860184,1704042962623969474,200,http://172.169.8.253:31112/function/opt-66b-submod-0-latency-25.cdgp
1704042957002960589,1704042966016502404,500,http://172.169.8.253:31112/function/opt-66b-submod-0-latency-25.cdgp
1704042957003008003,1704042959172442988,200,http://172.169.8.253:31112/function/opt-66b-submod-0-latency-25.cdgp
1704042957003090907,1704042959172250500,200,http://172.169.8.253:31112/function/opt-66b-submod-0-latency-25.cdgp
1704042957274459871,1704042959911204403,200,http://172.169.8.253:31112/function/opt-66b-submod-0-latency-25.cdgp
1704042957274542123,1704042960746441490,200,http://172.169.8.253:31112/function/opt-66b-submod-0-latency-25.cdgp
1704042957274685326,1704042966544450210,500,http://172.169.8.253:31112/function/opt-66b-submod-0-latency-25.cdgp
1704042957274750949,1704042966597296153,500,http://172.169.8.253:31112/function/opt-66b-submod-0-latency-25.cdgp
1704042957274801144,1704042959910545492,200,http://172.169.8.253:31112/function/opt-66b-submod-0-latency-25.cdgp
1704042957274877434,1704042966575446995,500,http://172.169.8.253:31112/function/opt-66b-submod-0-latency-25.cdgp
1704042957316388013,1704042966647909364,500,http://172.169.8.253:31112/function/opt-66b-submod-0-latency-25.cdgp
1704042957316475870,1704042959903372910,200,http://172.169.8.253:31112/function/opt-66b-submod-0-latency-25.cdgp
1704042957316547694,1704042958923469758,200,http://172.169.8.253:31112/function/opt-66b-submod-0-latency-25.cdgp
1704042957316623115,1704042966265483372,500,http://172.169.8.253:31112/function/opt-66b-submod-0-latency-25.cdgp
1704042957316728651,1704042959568405291,200,http://172.169.8.253:31112/function/opt-66b-submod-0-latency-25.cdgp
1704042957339538506,1704042966401911638,500,http://172.169.8.253:31112/function/opt-66b-submod-0-latency-25.cdgp
1704042957339656769,1704042966757229383,500,http://172.169.8.253:31112/function/opt-66b-submod-0-latency-25.cdgp
1704042957339760954,1704042959374203798,200,http://172.169.8.253:31112/function/opt-66b-submod-0-latency-25.cdgp
1704042957339819341,1704042966679834708,500,http://172.169.8.253:31112/function/opt-66b-submod-0-latency-25.cdgp
1704042957339899091,1704042966304048628,500,http://172.169.8.253:31112/function/opt-66b-submod-0-latency-25.cdgp
1704042957339930853,1704042959565419895,200,http://172.169.8.253:31112/function/opt-66b-submod-0-latency-25.cdgp
1704042957340007322,1704042966758188320,500,http://172.169.8.253:31112/function/opt-66b-submod-0-latency-25.cdgp
1704042957340088152,1704042960167860793,200,http://172.169.8.253:31112/function/opt-66b-submod-0-latency-25.cdgp
1704042957340155793,1704042960162930679,200,http://172.169.8.253:31112/function/opt-66b-submod-0-latency-25.cdgp
1704042957340180776,1704042966707723346,500,http://172.169.8.253:31112/function/opt-66b-submod-0-latency-25.cdgp
1704042957340246782,1704042959567493122,200,http://172.169.8.253:31112/function/opt-66b-submod-0-latency-25.cdgp
1704042957340308417,1704042961029643125,200,http://172.169.8.253:31112/function/opt-66b-submod-0-latency-25.cdgp
1704042957340337201,1704042966403974675,500,http://172.169.8.253:31112/function/opt-66b-submod-0-latency-25.cdgp
1704042957340401473,1704042966754849399,500,http://172.169.8.253:31112/function/opt-66b-submod-0-latency-25.cdgp
1704042957614007121,1704042966867816839,500,http://172.169.8.253:31112/function/opt-66b-submod-0-latency-25.cdgp
1704042957614087782,1704042960613190220,200,http://172.169.8.253:31112/function/opt-66b-submod-0-latency-25.cdgp
1704042957614174738,1704042966903863630,500,http://172.169.8.253:31112/function/opt-66b-submod-0-latency-25.cdgp
1704042957614240598,1704042961202875489,200,http://172.169.8.253:31112/function/opt-66b-submod-0-latency-25.cdgp
1704042957614304209,1704042966972034239,500,http://172.169.8.253:31112/function/opt-66b-submod-0-latency-25.cdgp
1704042957614356021,1704042966655764546,500,http://172.169.8.253:31112/function/opt-66b-submod-0-latency-25.cdgp
1704042957614425394,1704042967010066362,500,http://172.169.8.253:31112/function/opt-66b-submod-0-latency-25.cdgp
1704042957614492935,1704042961206242019,200,http://172.169.8.253:31112/function/opt-66b-submod-0-latency-25.cdgp
1704042957614578998,1704042966943911727,500,http://172.169.8.253:31112/function/opt-66b-submod-0-latency-25.cdgp
1704042957614670359,1704042961133933910,200,http://172.169.8.253:31112/function/opt-66b-submod-0-latency-25.cdgp
1704042957614767732,1704042961364200599,200,http://172.169.8.253:31112/function/opt-66b-submod-0-latency-25.cdgp
1704042957614825673,1704042961119883230,200,http://172.169.8.253:31112/function/opt-66b-submod-0-latency-25.cdgp
1704042957614906557,1704042960179789463,200,http://172.169.8.253:31112/function/opt-66b-submod-0-latency-25.cdgp
1704042957614983971,1704042959373889188,200,http://172.169.8.253:31112/function/opt-66b-submod-0-latency-25.cdgp
1704042957615009913,1704042961085727064,200,http://172.169.8.253:31112/function/opt-66b-submod-0-latency-25.cdgp
1704042957627689411,1704042962862869004,200,http://172.169.8.253:31112/function/opt-66b-submod-0-latency-25.cdgp
1704042957627778239,1704042964534202436,200,http://172.169.8.253:31112/function/opt-66b-submod-0-latency-25.cdgp
1704042957627889507,1704042967495559040,500,http://172.169.8.253:31112/function/opt-66b-submod-0-latency-25.cdgp
1704042957627993386,1704042964587115790,200,http://172.169.8.253:31112/function/opt-66b-submod-0-latency-25.cdgp
1704042957629119842,1704042962625839427,200,http://172.169.8.253:31112/function/opt-66b-submod-0-latency-25.cdgp
1704042957629215330,1704042961763129571,200,http://172.169.8.253:31112/function/opt-66b-submod-0-latency-25.cdgp
1704042957629287107,1704042967048269562,500,http://172.169.8.253:31112/function/opt-66b-submod-0-latency-25.cdgp
1704042957629380037,1704042960579592762,200,http://172.169.8.253:31112/function/opt-66b-submod-0-latency-25.cdgp
1704042957648834286,1704042967577343769,500,http://172.169.8.253:31112/function/opt-66b-submod-0-latency-25.cdgp
1704042957648928102,1704042959720479283,200,http://172.169.8.253:31112/function/opt-66b-submod-0-latency-25.cdgp
1704042957649081504,1704042962917976144,200,http://172.169.8.253:31112/function/opt-66b-submod-0-latency-25.cdgp
1704042957649145158,1704042960621087717,200,http://172.169.8.253:31112/function/opt-66b-submod-0-latency-25.cdgp
1704042957649172164,1704042962659822992,200,http://172.169.8.253:31112/function/opt-66b-submod-0-latency-25.cdgp
1704042957649275262,1704042961081774130,200,http://172.169.8.253:31112/function/opt-66b-submod-0-latency-25.cdgp
1704042957649335534,1704042967322905661,500,http://172.169.8.253:31112/function/opt-66b-submod-0-latency-25.cdgp
1704042957649426767,1704042963443475074,200,http://172.169.8.253:31112/function/opt-66b-submod-0-latency-25.cdgp
1704042957649504756,1704042966946933647,500,http://172.169.8.253:31112/function/opt-66b-submod-0-latency-25.cdgp
1704042957650617884,1704042960176624092,200,http://172.169.8.253:31112/function/opt-66b-submod-0-latency-25.cdgp
1704042957650652951,1704042967224733744,500,http://172.169.8.253:31112/function/opt-66b-submod-0-latency-25.cdgp
1704042957650744234,1704042967462277009,500,http://172.169.8.253:31112/function/opt-66b-submod-0-latency-25.cdgp
1704042957650808465,1704042966945394256,500,http://172.169.8.253:31112/function/opt-66b-submod-0-latency-25.cdgp
1704042957650846927,1704042962930748408,200,http://172.169.8.253:31112/function/opt-66b-submod-0-latency-25.cdgp
1704042957650927875,1704042959625489289,200,http://172.169.8.253:31112/function/opt-66b-submod-0-latency-25.cdgp
1704042957650975053,1704042967059274516,500,http://172.169.8.253:31112/function/opt-66b-submod-0-latency-25.cdgp
1704042957651071888,1704042967213714853,500,http://172.169.8.253:31112/function/opt-66b-submod-0-latency-25.cdgp
1704042957651130169,1704042967494923533,500,http://172.169.8.253:31112/function/opt-66b-submod-0-latency-25.cdgp
1704042957651189657,1704042967501655058,500,http://172.169.8.253:31112/function/opt-66b-submod-0-latency-25.cdgp
1704042957651217545,1704042962837137830,200,http://172.169.8.253:31112/function/opt-66b-submod-0-latency-25.cdgp
1704042957651265540,1704042967219358692,500,http://172.169.8.253:31112/function/opt-66b-submod-0-latency-25.cdgp
1704042957651316123,1704042964586004299,200,http://172.169.8.253:31112/function/opt-66b-submod-0-latency-25.cdgp
1704042957651339146,1704042967326144883,500,http://172.169.8.253:31112/function/opt-66b-submod-0-latency-25.cdgp
1704042957651438785,1704042967328586008,500,http://172.169.8.253:31112/function/opt-66b-submod-0-latency-25.cdgp
1704042957651476141,1704042962575564356,200,http://172.169.8.253:31112/function/opt-66b-submod-0-latency-25.cdgp
1704042957651541344,1704042967139257878,500,http://172.169.8.253:31112/function/opt-66b-submod-0-latency-25.cdgp
1704042957651612764,1704042960175566286,200,http://172.169.8.253:31112/function/opt-66b-submod-0-latency-25.cdgp
1704042957651693772,1704042967518431627,500,http://172.169.8.253:31112/function/opt-66b-submod-0-latency-25.cdgp
1704042957651741632,1704042967327925485,500,http://172.169.8.253:31112/function/opt-66b-submod-0-latency-25.cdgp
1704042957651778210,1704042967469880384,500,http://172.169.8.253:31112/function/opt-66b-submod-0-latency-25.cdgp
1704042957651891399,1704042963057119819,200,http://172.169.8.253:31112/function/opt-66b-submod-0-latency-25.cdgp
1704042957651956747,1704042967217836876,500,http://172.169.8.253:31112/function/opt-66b-submod-0-latency-25.cdgp
1704042957651987534,1704042959568037619,200,http://172.169.8.253:31112/function/opt-66b-submod-0-latency-25.cdgp
1704042957652063468,1704042959903073771,200,http://172.169.8.253:31112/function/opt-66b-submod-0-latency-25.cdgp
1704042957652139935,1704042960838435180,200,http://172.169.8.253:31112/function/opt-66b-submod-0-latency-25.cdgp
1704042957652208567,1704042967216136506,500,http://172.169.8.253:31112/function/opt-66b-submod-0-latency-25.cdgp
1704042957652281442,1704042960338600450,200,http://172.169.8.253:31112/function/opt-66b-submod-0-latency-25.cdgp
1704042957652350294,1704042960174288691,200,http://172.169.8.253:31112/function/opt-66b-submod-0-latency-25.cdgp
1704042957652440529,1704042967492410454,500,http://172.169.8.253:31112/function/opt-66b-submod-0-latency-25.cdgp
1704042957652512228,1704042962830056338,200,http://172.169.8.253:31112/function/opt-66b-submod-0-latency-25.cdgp
1704042957652580261,1704042967055257277,500,http://172.169.8.253:31112/function/opt-66b-submod-0-latency-25.cdgp
1704042958276495587,1704042962615893765,200,http://172.169.8.253:31112/function/opt-66b-submod-0-latency-25.cdgp
1704042958276649935,1704042960747459028,200,http://172.169.8.253:31112/function/opt-66b-submod-0-latency-25.cdgp
1704042958276760701,1704042967924062465,500,http://172.169.8.253:31112/function/opt-66b-submod-0-latency-25.cdgp
1704042958276831260,1704042967624504393,500,http://172.169.8.253:31112/function/opt-66b-submod-0-latency-25.cdgp
1704042958276868669,1704042967707913117,500,http://172.169.8.253:31112/function/opt-66b-submod-0-latency-25.cdgp
1704042958276954258,1704042962836563066,200,http://172.169.8.253:31112/function/opt-66b-submod-0-latency-25.cdgp
1704042958277022214,1704042960779935732,200,http://172.169.8.253:31112/function/opt-66b-submod-0-latency-25.cdgp
1704042958277112951,1704042963530481854,200,http://172.169.8.253:31112/function/opt-66b-submod-0-latency-25.cdgp
1704042958277173169,1704042967468297382,500,http://172.169.8.253:31112/function/opt-66b-submod-0-latency-25.cdgp
1704042958277298452,1704042967842379196,500,http://172.169.8.253:31112/function/opt-66b-submod-0-latency-25.cdgp
1704042958277373371,1704042967466985633,500,http://172.169.8.253:31112/function/opt-66b-submod-0-latency-25.cdgp
1704042958277408353,1704042963016567173,200,http://172.169.8.253:31112/function/opt-66b-submod-0-latency-25.cdgp
1704042958277532112,1704042967470030010,500,http://172.169.8.253:31112/function/opt-66b-submod-0-latency-25.cdgp
1704042958277551931,1704042960575949428,200,http://172.169.8.253:31112/function/opt-66b-submod-0-latency-25.cdgp
1704042958277579106,1704042963016509595,200,http://172.169.8.253:31112/function/opt-66b-submod-0-latency-25.cdgp
1704042958277676652,1704042967592101082,500,http://172.169.8.253:31112/function/opt-66b-submod-0-latency-25.cdgp
1704042958277736336,1704042962917846320,200,http://172.169.8.253:31112/function/opt-66b-submod-0-latency-25.cdgp
1704042958277811627,1704042967595574601,500,http://172.169.8.253:31112/function/opt-66b-submod-0-latency-25.cdgp
1704042958277887548,1704042964220395210,200,http://172.169.8.253:31112/function/opt-66b-submod-0-latency-25.cdgp
1704042958277980747,1704042964093975238,200,http://172.169.8.253:31112/function/opt-66b-submod-0-latency-25.cdgp
1704042958278008111,1704042962375141431,200,http://172.169.8.253:31112/function/opt-66b-submod-0-latency-25.cdgp
1704042958278062537,1704042967844751183,500,http://172.169.8.253:31112/function/opt-66b-submod-0-latency-25.cdgp
1704042958278132049,1704042961681866743,200,http://172.169.8.253:31112/function/opt-66b-submod-0-latency-25.cdgp
1704042958278203080,1704042967465160266,500,http://172.169.8.253:31112/function/opt-66b-submod-0-latency-25.cdgp
1704042958278283915,1704042964553050306,200,http://172.169.8.253:31112/function/opt-66b-submod-0-latency-25.cdgp
1704042958297664314,1704042961059195980,200,http://172.169.8.253:31112/function/opt-66b-submod-0-latency-25.cdgp
1704042958297748066,1704042962830661608,200,http://172.169.8.253:31112/function/opt-66b-submod-0-latency-25.cdgp
1704042958297865437,1704042967593865101,500,http://172.169.8.253:31112/function/opt-66b-submod-0-latency-25.cdgp
1704042958297928685,1704042967670578840,500,http://172.169.8.253:31112/function/opt-66b-submod-0-latency-25.cdgp
1704042958476782276,1704042962866880769,200,http://172.169.8.253:31112/function/opt-66b-submod-0-latency-25.cdgp
1704042958476875444,1704042961806616585,200,http://172.169.8.253:31112/function/opt-66b-submod-0-latency-25.cdgp
1704042958476956892,1704042967852776378,500,http://172.169.8.253:31112/function/opt-66b-submod-0-latency-25.cdgp
1704042958477042061,1704042960838416323,200,http://172.169.8.253:31112/function/opt-66b-submod-0-latency-25.cdgp
1704042958479813373,1704042964602818017,200,http://172.169.8.253:31112/function/opt-66b-submod-0-latency-25.cdgp
1704042958480994053,1704042967694864147,500,http://172.169.8.253:31112/function/opt-66b-submod-0-latency-25.cdgp
1704042958481091636,1704042962866882153,200,http://172.169.8.253:31112/function/opt-66b-submod-0-latency-25.cdgp
1704042958481175667,1704042959943988853,200,http://172.169.8.253:31112/function/opt-66b-submod-0-latency-25.cdgp
1704042958481248178,1704042968034212098,500,http://172.169.8.253:31112/function/opt-66b-submod-0-latency-25.cdgp
1704042958481308612,1704042968197373231,500,http://172.169.8.253:31112/function/opt-66b-submod-0-latency-25.cdgp
1704042958481382838,1704042967853832375,500,http://172.169.8.253:31112/function/opt-66b-submod-0-latency-25.cdgp
1704042958481466475,1704042964882100130,200,http://172.169.8.253:31112/function/opt-66b-submod-0-latency-25.cdgp
1704042958481552369,1704042968288722572,500,http://172.169.8.253:31112/function/opt-66b-submod-0-latency-25.cdgp
1704042958481677823,1704042968044784895,500,http://172.169.8.253:31112/function/opt-66b-submod-0-latency-25.cdgp
1704042958481768293,1704042967962755320,500,http://172.169.8.253:31112/function/opt-66b-submod-0-latency-25.cdgp
1704042958484036763,1704042964528818924,200,http://172.169.8.253:31112/function/opt-66b-submod-0-latency-25.cdgp
1704042958484134824,1704042968045802283,500,http://172.169.8.253:31112/function/opt-66b-submod-0-latency-25.cdgp
1704042958484210819,1704042967960668419,500,http://172.169.8.253:31112/function/opt-66b-submod-0-latency-25.cdgp
1704042958484342235,1704042967705305857,500,http://172.169.8.253:31112/function/opt-66b-submod-0-latency-25.cdgp
1704042958484426670,1704042961075889758,200,http://172.169.8.253:31112/function/opt-66b-submod-0-latency-25.cdgp
1704042958484500797,1704042967702950412,500,http://172.169.8.253:31112/function/opt-66b-submod-0-latency-25.cdgp
1704042958491450238,1704042961866781698,200,http://172.169.8.253:31112/function/opt-66b-submod-0-latency-25.cdgp
1704042958491541579,1704042968084315801,500,http://172.169.8.253:31112/function/opt-66b-submod-0-latency-25.cdgp
1704042958491617486,1704042961762281754,200,http://172.169.8.253:31112/function/opt-66b-submod-0-latency-25.cdgp
1704042958491671591,1704042964585569559,200,http://172.169.8.253:31112/function/opt-66b-submod-0-latency-25.cdgp
1704042958491745527,1704042968207548885,500,http://172.169.8.253:31112/function/opt-66b-submod-0-latency-25.cdgp
1704042958491813264,1704042967808415418,500,http://172.169.8.253:31112/function/opt-66b-submod-0-latency-25.cdgp
1704042958491853290,1704042962293482629,200,http://172.169.8.253:31112/function/opt-66b-submod-0-latency-25.cdgp
1704042958491933284,1704042968013359123,500,http://172.169.8.253:31112/function/opt-66b-submod-0-latency-25.cdgp
1704042958491992414,1704042960370380502,200,http://172.169.8.253:31112/function/opt-66b-submod-0-latency-25.cdgp
1704042958492078043,1704042965268447629,200,http://172.169.8.253:31112/function/opt-66b-submod-0-latency-25.cdgp
1704042958492164339,1704042962979655509,200,http://172.169.8.253:31112/function/opt-66b-submod-0-latency-25.cdgp
1704042958492246076,1704042968038495125,500,http://172.169.8.253:31112/function/opt-66b-submod-0-latency-25.cdgp
1704042958492324822,1704042968035929377,500,http://172.169.8.253:31112/function/opt-66b-submod-0-latency-25.cdgp
1704042958492380574,1704042968205503712,500,http://172.169.8.253:31112/function/opt-66b-submod-0-latency-25.cdgp
1704042958492442603,1704042968045736664,500,http://172.169.8.253:31112/function/opt-66b-submod-0-latency-25.cdgp
1704042958492539240,1704042968200861645,500,http://172.169.8.253:31112/function/opt-66b-submod-0-latency-25.cdgp
1704042958492634211,1704042968319245409,500,http://172.169.8.253:31112/function/opt-66b-submod-0-latency-25.cdgp
1704042958492723386,1704042961961460625,200,http://172.169.8.253:31112/function/opt-66b-submod-0-latency-25.cdgp
1704042958492795478,1704042963355406959,200,http://172.169.8.253:31112/function/opt-66b-submod-0-latency-25.cdgp
1704042958492825237,1704042964587690989,200,http://172.169.8.253:31112/function/opt-66b-submod-0-latency-25.cdgp
1704042958492888030,1704042962866798039,200,http://172.169.8.253:31112/function/opt-66b-submod-0-latency-25.cdgp
1704042958492967639,1704042968082285072,500,http://172.169.8.253:31112/function/opt-66b-submod-0-latency-25.cdgp
1704042958794818982,1704042968131825319,500,http://172.169.8.253:31112/function/opt-66b-submod-0-latency-25.cdgp
1704042958794919014,1704042964830269988,200,http://172.169.8.253:31112/function/opt-66b-submod-0-latency-25.cdgp
1704042958795007909,1704042968075822764,500,http://172.169.8.253:31112/function/opt-66b-submod-0-latency-25.cdgp
1704042958798184190,1704042964026252666,200,http://172.169.8.253:31112/function/opt-66b-submod-0-latency-25.cdgp
1704042958798261858,1704042961376364953,200,http://172.169.8.253:31112/function/opt-66b-submod-0-latency-25.cdgp
1704042958798413832,1704042963129146545,200,http://172.169.8.253:31112/function/opt-66b-submod-0-latency-25.cdgp
1704042958798478150,1704042963486731319,200,http://172.169.8.253:31112/function/opt-66b-submod-0-latency-25.cdgp
1704042958798526165,1704042968204581451,500,http://172.169.8.253:31112/function/opt-66b-submod-0-latency-25.cdgp
1704042958798625159,1704042961864427560,200,http://172.169.8.253:31112/function/opt-66b-submod-0-latency-25.cdgp
1704042958814436093,1704042963268440972,200,http://172.169.8.253:31112/function/opt-66b-submod-0-latency-25.cdgp
1704042958814529825,1704042961080710521,200,http://172.169.8.253:31112/function/opt-66b-submod-0-latency-25.cdgp
1704042958814631686,1704042968206528807,500,http://172.169.8.253:31112/function/opt-66b-submod-0-latency-25.cdgp
1704042958814685141,1704042968236915075,500,http://172.169.8.253:31112/function/opt-66b-submod-0-latency-25.cdgp
1704042958814813590,1704042968211195273,500,http://172.169.8.253:31112/function/opt-66b-submod-0-latency-25.cdgp
1704042958814917580,1704042968389006723,500,http://172.169.8.253:31112/function/opt-66b-submod-0-latency-25.cdgp
1704042958815000364,1704042964925109341,200,http://172.169.8.253:31112/function/opt-66b-submod-0-latency-25.cdgp
1704042958815088504,1704042961088471668,200,http://172.169.8.253:31112/function/opt-66b-submod-0-latency-25.cdgp
1704042958815634356,1704042968399124438,500,http://172.169.8.253:31112/function/opt-66b-submod-0-latency-25.cdgp
1704042958815737538,1704042963217941729,200,http://172.169.8.253:31112/function/opt-66b-submod-0-latency-25.cdgp
1704042958815816146,1704042968578497112,500,http://172.169.8.253:31112/function/opt-66b-submod-0-latency-25.cdgp
1704042958815885857,1704042968213566800,500,http://172.169.8.253:31112/function/opt-66b-submod-0-latency-25.cdgp
1704042958815963588,1704042968195909108,500,http://172.169.8.253:31112/function/opt-66b-submod-0-latency-25.cdgp
1704042958816032751,1704042968399966640,500,http://172.169.8.253:31112/function/opt-66b-submod-0-latency-25.cdgp
1704042958816115691,1704042961912052492,200,http://172.169.8.253:31112/function/opt-66b-submod-0-latency-25.cdgp
1704042958816193540,1704042963125950394,200,http://172.169.8.253:31112/function/opt-66b-submod-0-latency-25.cdgp
1704042958816264522,1704042968582310390,500,http://172.169.8.253:31112/function/opt-66b-submod-0-latency-25.cdgp
1704042958816323188,1704042964920290153,200,http://172.169.8.253:31112/function/opt-66b-submod-0-latency-25.cdgp
1704042958816380117,1704042963013760292,200,http://172.169.8.253:31112/function/opt-66b-submod-0-latency-25.cdgp
1704042958816436396,1704042964528226554,200,http://172.169.8.253:31112/function/opt-66b-submod-0-latency-25.cdgp
1704042958879257715,1704042968506473291,500,http://172.169.8.253:31112/function/opt-66b-submod-0-latency-25.cdgp
1704042958879367584,1704042963292523483,200,http://172.169.8.253:31112/function/opt-66b-submod-0-latency-25.cdgp
1704042958879494371,1704042965282555434,200,http://172.169.8.253:31112/function/opt-66b-submod-0-latency-25.cdgp
1704042958879562423,1704042964483799872,200,http://172.169.8.253:31112/function/opt-66b-submod-0-latency-25.cdgp
1704042958879618749,1704042962098599151,200,http://172.169.8.253:31112/function/opt-66b-submod-0-latency-25.cdgp
1704042958879698631,1704042963128887333,200,http://172.169.8.253:31112/function/opt-66b-submod-0-latency-25.cdgp
1704042958879730398,1704042968370274418,500,http://172.169.8.253:31112/function/opt-66b-submod-0-latency-25.cdgp
1704042958879809202,1704042963443511047,200,http://172.169.8.253:31112/function/opt-66b-submod-0-latency-25.cdgp
1704042958879890980,1704042965109775847,200,http://172.169.8.253:31112/function/opt-66b-submod-0-latency-25.cdgp
1704042958879920999,1704042968415492620,500,http://172.169.8.253:31112/function/opt-66b-submod-0-latency-25.cdgp
1704042958880004744,1704042964213926944,200,http://172.169.8.253:31112/function/opt-66b-submod-0-latency-25.cdgp
1704042958880073598,1704042961351929937,200,http://172.169.8.253:31112/function/opt-66b-submod-0-latency-25.cdgp
1704042958880119722,1704042963357100322,200,http://172.169.8.253:31112/function/opt-66b-submod-0-latency-25.cdgp
1704042958880191286,1704042968584303657,500,http://172.169.8.253:31112/function/opt-66b-submod-0-latency-25.cdgp
1704042958880246585,1704042963129527842,200,http://172.169.8.253:31112/function/opt-66b-submod-0-latency-25.cdgp
1704042958880267818,1704042968374164339,500,http://172.169.8.253:31112/function/opt-66b-submod-0-latency-25.cdgp
1704042958880357272,1704042963292806263,200,http://172.169.8.253:31112/function/opt-66b-submod-0-latency-25.cdgp
1704042958880423765,1704042964498486124,200,http://172.169.8.253:31112/function/opt-66b-submod-0-latency-25.cdgp
1704042958880509309,1704042964954541002,200,http://172.169.8.253:31112/function/opt-66b-submod-0-latency-25.cdgp
1704042958880596320,1704042961468839938,200,http://172.169.8.253:31112/function/opt-66b-submod-0-latency-25.cdgp
1704042958880697972,1704042964499392224,200,http://172.169.8.253:31112/function/opt-66b-submod-0-latency-25.cdgp
1704042959731363636,1704042968769436490,500,http://172.169.8.253:31112/function/opt-66b-submod-0-latency-25.cdgp
1704042959731479846,1704042968675892834,500,http://172.169.8.253:31112/function/opt-66b-submod-0-latency-25.cdgp
1704042959731579881,1704042968785618424,500,http://172.169.8.253:31112/function/opt-66b-submod-0-latency-25.cdgp
1704042959731700510,1704042969051943268,500,http://172.169.8.253:31112/function/opt-66b-submod-0-latency-25.cdgp
1704042959731763531,1704042969488025240,500,http://172.169.8.253:31112/function/opt-66b-submod-0-latency-25.cdgp
1704042959733551660,1704042961692999420,200,http://172.169.8.253:31112/function/opt-66b-submod-0-latency-25.cdgp
1704042959733585901,1704042965054836203,200,http://172.169.8.253:31112/function/opt-66b-submod-0-latency-25.cdgp
1704042959733663037,1704042969734989188,500,http://172.169.8.253:31112/function/opt-66b-submod-0-latency-25.cdgp
1704042959733903561,1704042969734997514,500,http://172.169.8.253:31112/function/opt-66b-submod-0-latency-25.cdgp
1704042959735236011,1704042961429707460,200,http://172.169.8.253:31112/function/opt-66b-submod-0-latency-25.cdgp
1704042959744103821,1704042969200966829,500,http://172.169.8.253:31112/function/opt-66b-submod-0-latency-25.cdgp
1704042959745387978,1704042969310042272,500,http://172.169.8.253:31112/function/opt-66b-submod-0-latency-25.cdgp
1704042959745488923,1704042969519235443,500,http://172.169.8.253:31112/function/opt-66b-submod-0-latency-25.cdgp
1704042959745561115,1704042969169996346,500,http://172.169.8.253:31112/function/opt-66b-submod-0-latency-25.cdgp
1704042959745634185,1704042965362505531,200,http://172.169.8.253:31112/function/opt-66b-submod-0-latency-25.cdgp
1704042959745689314,1704042969238304620,500,http://172.169.8.253:31112/function/opt-66b-submod-0-latency-25.cdgp
1704042959745790454,1704042969408859739,500,http://172.169.8.253:31112/function/opt-66b-submod-0-latency-25.cdgp
1704042959745864959,1704042963221276765,200,http://172.169.8.253:31112/function/opt-66b-submod-0-latency-25.cdgp
1704042959745986066,1704042969027289958,500,http://172.169.8.253:31112/function/opt-66b-submod-0-latency-25.cdgp
1704042959746041702,1704042963372417295,200,http://172.169.8.253:31112/function/opt-66b-submod-0-latency-25.cdgp
1704042959746115990,1704042969194974693,500,http://172.169.8.253:31112/function/opt-66b-submod-0-latency-25.cdgp
1704042959746193589,1704042963373198576,200,http://172.169.8.253:31112/function/opt-66b-submod-0-latency-25.cdgp
1704042959746275949,1704042969262553439,500,http://172.169.8.253:31112/function/opt-66b-submod-0-latency-25.cdgp
1704042959746365983,1704042969311696518,500,http://172.169.8.253:31112/function/opt-66b-submod-0-latency-25.cdgp
1704042959746427830,1704042969029194731,500,http://172.169.8.253:31112/function/opt-66b-submod-0-latency-25.cdgp
1704042959746524782,1704042969243064182,500,http://172.169.8.253:31112/function/opt-66b-submod-0-latency-25.cdgp
1704042959746584436,1704042969509630198,500,http://172.169.8.253:31112/function/opt-66b-submod-0-latency-25.cdgp
1704042959746667588,1704042969337985545,500,http://172.169.8.253:31112/function/opt-66b-submod-0-latency-25.cdgp
1704042959746745961,1704042969521759987,500,http://172.169.8.253:31112/function/opt-66b-submod-0-latency-25.cdgp
1704042959816595235,1704042969333412573,500,http://172.169.8.253:31112/function/opt-66b-submod-0-latency-25.cdgp
1704042959816693169,1704042961557394928,200,http://172.169.8.253:31112/function/opt-66b-submod-0-latency-25.cdgp
1704042959816846313,1704042969484391599,500,http://172.169.8.253:31112/function/opt-66b-submod-0-latency-25.cdgp
1704042959816913313,1704042969598465959,500,http://172.169.8.253:31112/function/opt-66b-submod-0-latency-25.cdgp
1704042959816943562,1704042961834184156,200,http://172.169.8.253:31112/function/opt-66b-submod-0-latency-25.cdgp
1704042959817045389,1704042969180890767,500,http://172.169.8.253:31112/function/opt-66b-submod-0-latency-25.cdgp
1704042959817097769,1704042963292882873,200,http://172.169.8.253:31112/function/opt-66b-submod-0-latency-25.cdgp
1704042959817166126,1704042965005472366,200,http://172.169.8.253:31112/function/opt-66b-submod-0-latency-25.cdgp
1704042959817207487,1704042964014890571,200,http://172.169.8.253:31112/function/opt-66b-submod-0-latency-25.cdgp
1704042959817297932,1704042969134596450,500,http://172.169.8.253:31112/function/opt-66b-submod-0-latency-25.cdgp
1704042959847358974,1704042964761316289,200,http://172.169.8.253:31112/function/opt-66b-submod-0-latency-25.cdgp
1704042959847409409,1704042969290665618,500,http://172.169.8.253:31112/function/opt-66b-submod-0-latency-25.cdgp
1704042959994989669,1704042964815666821,200,http://172.169.8.253:31112/function/opt-66b-submod-0-latency-25.cdgp
1704042959995083497,1704042969294621168,500,http://172.169.8.253:31112/function/opt-66b-submod-0-latency-25.cdgp
1704042960201367007,1704042969336165661,500,http://172.169.8.253:31112/function/opt-66b-submod-0-latency-25.cdgp
1704042960201442014,1704042963171982631,200,http://172.169.8.253:31112/function/opt-66b-submod-0-latency-25.cdgp
1704042960201537427,1704042969431776653,500,http://172.169.8.253:31112/function/opt-66b-submod-0-latency-25.cdgp
1704042960201606473,1704042964279939564,200,http://172.169.8.253:31112/function/opt-66b-submod-0-latency-25.cdgp
1704042960201652219,1704042964219245586,200,http://172.169.8.253:31112/function/opt-66b-submod-0-latency-25.cdgp
1704042960201729664,1704042964878646775,200,http://172.169.8.253:31112/function/opt-66b-submod-0-latency-25.cdgp
1704042960201783520,1704042963292780703,200,http://172.169.8.253:31112/function/opt-66b-submod-0-latency-25.cdgp
1704042960201849384,1704042965127908545,200,http://172.169.8.253:31112/function/opt-66b-submod-0-latency-25.cdgp
1704042960201893900,1704042969426028801,500,http://172.169.8.253:31112/function/opt-66b-submod-0-latency-25.cdgp
1704042960201975606,1704042969423781603,500,http://172.169.8.253:31112/function/opt-66b-submod-0-latency-25.cdgp
1704042960202009347,1704042961746579725,200,http://172.169.8.253:31112/function/opt-66b-submod-0-latency-25.cdgp
1704042960202066878,1704042969648489074,500,http://172.169.8.253:31112/function/opt-66b-submod-0-latency-25.cdgp
1704042960202601798,1704042969421153493,500,http://172.169.8.253:31112/function/opt-66b-submod-0-latency-25.cdgp
1704042960202671463,1704042969650694340,500,http://172.169.8.253:31112/function/opt-66b-submod-0-latency-25.cdgp
1704042960202759931,1704042969687866095,500,http://172.169.8.253:31112/function/opt-66b-submod-0-latency-25.cdgp
1704042960202841832,1704042969853355002,500,http://172.169.8.253:31112/function/opt-66b-submod-0-latency-25.cdgp
1704042960202936459,1704042964237241806,200,http://172.169.8.253:31112/function/opt-66b-submod-0-latency-25.cdgp
1704042960203023456,1704042969418398587,500,http://172.169.8.253:31112/function/opt-66b-submod-0-latency-25.cdgp
1704042960203101066,1704042964605454030,200,http://172.169.8.253:31112/function/opt-66b-submod-0-latency-25.cdgp
1704042960203169242,1704042969643460436,500,http://172.169.8.253:31112/function/opt-66b-submod-0-latency-25.cdgp
1704042960203241337,1704042969837087924,500,http://172.169.8.253:31112/function/opt-66b-submod-0-latency-25.cdgp
1704042960203381296,1704042964855648509,200,http://172.169.8.253:31112/function/opt-66b-submod-0-latency-25.cdgp
1704042960203464993,1704042969654805852,500,http://172.169.8.253:31112/function/opt-66b-submod-0-latency-25.cdgp
1704042960203532643,1704042965628961852,200,http://172.169.8.253:31112/function/opt-66b-submod-0-latency-25.cdgp
1704042960203613509,1704042969644795395,500,http://172.169.8.253:31112/function/opt-66b-submod-0-latency-25.cdgp
1704042960203693402,1704042962699137324,200,http://172.169.8.253:31112/function/opt-66b-submod-0-latency-25.cdgp
1704042960203788894,1704042969653266263,500,http://172.169.8.253:31112/function/opt-66b-submod-0-latency-25.cdgp
1704042960203866611,1704042969671601096,500,http://172.169.8.253:31112/function/opt-66b-submod-0-latency-25.cdgp
1704042960203922782,1704042964675934430,200,http://172.169.8.253:31112/function/opt-66b-submod-0-latency-25.cdgp
1704042960204030878,1704042965286090209,200,http://172.169.8.253:31112/function/opt-66b-submod-0-latency-25.cdgp
1704042960205066318,1704042969773625126,500,http://172.169.8.253:31112/function/opt-66b-submod-0-latency-25.cdgp
1704042960205150622,1704042965175065980,200,http://172.169.8.253:31112/function/opt-66b-submod-0-latency-25.cdgp
1704042960213497490,1704042964609770926,200,http://172.169.8.253:31112/function/opt-66b-submod-0-latency-25.cdgp
1704042960213600174,1704042965131492266,200,http://172.169.8.253:31112/function/opt-66b-submod-0-latency-25.cdgp
1704042960213694490,1704042969697328972,500,http://172.169.8.253:31112/function/opt-66b-submod-0-latency-25.cdgp
1704042960213808438,1704042964586188860,200,http://172.169.8.253:31112/function/opt-66b-submod-0-latency-25.cdgp
1704042960965778526,1704042969913763000,500,http://172.169.8.253:31112/function/opt-66b-submod-0-latency-25.cdgp
1704042960965908933,1704042970007443704,500,http://172.169.8.253:31112/function/opt-66b-submod-0-latency-25.cdgp
1704042960966005692,1704042969924541826,500,http://172.169.8.253:31112/function/opt-66b-submod-0-latency-25.cdgp
1704042960966107476,1704042970074033550,500,http://172.169.8.253:31112/function/opt-66b-submod-0-latency-25.cdgp
1704042960966240787,1704042970005450292,500,http://172.169.8.253:31112/function/opt-66b-submod-0-latency-25.cdgp
1704042960966288808,1704042965297942078,200,http://172.169.8.253:31112/function/opt-66b-submod-0-latency-25.cdgp
1704042960966361223,1704042970084914063,500,http://172.169.8.253:31112/function/opt-66b-submod-0-latency-25.cdgp
1704042962393332243,1704042963526812822,200,http://172.169.8.253:31112/function/opt-66b-submod-0-latency-25.cdgp
1704042962393422731,1704042965219143137,200,http://172.169.8.253:31112/function/opt-66b-submod-0-latency-25.cdgp
1704042962393551294,1704042964189524282,200,http://172.169.8.253:31112/function/opt-66b-submod-0-latency-25.cdgp
1704042962393617345,1704042971344017767,500,http://172.169.8.253:31112/function/opt-66b-submod-0-latency-25.cdgp
1704042962393645590,1704042971428546462,500,http://172.169.8.253:31112/function/opt-66b-submod-0-latency-25.cdgp
1704042962393728763,1704042970779675462,200,http://172.169.8.253:31112/function/opt-66b-submod-0-latency-25.cdgp
1704042962393806248,1704042971430778271,500,http://172.169.8.253:31112/function/opt-66b-submod-0-latency-25.cdgp
1704042962781503913,1704042965434779632,200,http://172.169.8.253:31112/function/opt-66b-submod-0-latency-25.cdgp
1704042962781669073,1704042971773288463,500,http://172.169.8.253:31112/function/opt-66b-submod-0-latency-25.cdgp
1704042962781776666,1704042971765380869,200,http://172.169.8.253:31112/function/opt-66b-submod-0-latency-25.cdgp
1704042962781943249,1704042965495032591,200,http://172.169.8.253:31112/function/opt-66b-submod-0-latency-25.cdgp
1704042962782040043,1704042964784770254,200,http://172.169.8.253:31112/function/opt-66b-submod-0-latency-25.cdgp
1704042962782110002,1704042971292902961,200,http://172.169.8.253:31112/function/opt-66b-submod-0-latency-25.cdgp
1704042962782194257,1704042971667834627,200,http://172.169.8.253:31112/function/opt-66b-submod-0-latency-25.cdgp
1704042962782255325,1704042971464354568,200,http://172.169.8.253:31112/function/opt-66b-submod-0-latency-25.cdgp
1704042962782280502,1704042971824985545,500,http://172.169.8.253:31112/function/opt-66b-submod-0-latency-25.cdgp
1704042962782370913,1704042964606824557,200,http://172.169.8.253:31112/function/opt-66b-submod-0-latency-25.cdgp
1704042962782438064,1704042965603649612,200,http://172.169.8.253:31112/function/opt-66b-submod-0-latency-25.cdgp
1704042962782463505,1704042972228566172,500,http://172.169.8.253:31112/function/opt-66b-submod-0-latency-25.cdgp
1704042962782543683,1704042964764352188,200,http://172.169.8.253:31112/function/opt-66b-submod-0-latency-25.cdgp
1704042962782601995,1704042964984768717,200,http://172.169.8.253:31112/function/opt-66b-submod-0-latency-25.cdgp
1704042962782692213,1704042971534177981,200,http://172.169.8.253:31112/function/opt-66b-submod-0-latency-25.cdgp
1704042962782763312,1704042971820679075,200,http://172.169.8.253:31112/function/opt-66b-submod-0-latency-25.cdgp
1704042962782794291,1704042964966202746,200,http://172.169.8.253:31112/function/opt-66b-submod-0-latency-25.cdgp
1704042962782916452,1704042964589251513,200,http://172.169.8.253:31112/function/opt-66b-submod-0-latency-25.cdgp
1704042962782981853,1704042971987387754,500,http://172.169.8.253:31112/function/opt-66b-submod-0-latency-25.cdgp
1704042962783047026,1704042971016677997,200,http://172.169.8.253:31112/function/opt-66b-submod-0-latency-25.cdgp
1704042962783081055,1704042964674541176,200,http://172.169.8.253:31112/function/opt-66b-submod-0-latency-25.cdgp
1704042962783139145,1704042971866324984,200,http://172.169.8.253:31112/function/opt-66b-submod-0-latency-25.cdgp
1704042962897629874,1704042965620663702,200,http://172.169.8.253:31112/function/opt-66b-submod-0-latency-25.cdgp
1704042962897720081,1704042971853349573,200,http://172.169.8.253:31112/function/opt-66b-submod-0-latency-25.cdgp
1704042962897802132,1704042970782028912,200,http://172.169.8.253:31112/function/opt-66b-submod-0-latency-25.cdgp
1704042962897865083,1704042965975765449,200,http://172.169.8.253:31112/function/opt-66b-submod-0-latency-25.cdgp
1704042962911601189,1704042965532286935,200,http://172.169.8.253:31112/function/opt-66b-submod-0-latency-25.cdgp
1704042962911684509,1704042965766824448,200,http://172.169.8.253:31112/function/opt-66b-submod-0-latency-25.cdgp
1704042962911789753,1704042964758534853,200,http://172.169.8.253:31112/function/opt-66b-submod-0-latency-25.cdgp
1704042962918201794,1704042965119782624,200,http://172.169.8.253:31112/function/opt-66b-submod-0-latency-25.cdgp
1704042962918300508,1704042972427811059,500,http://172.169.8.253:31112/function/opt-66b-submod-0-latency-25.cdgp
1704042962918387627,1704042972225275126,200,http://172.169.8.253:31112/function/opt-66b-submod-0-latency-25.cdgp
1704042962918468994,1704042965568381715,200,http://172.169.8.253:31112/function/opt-66b-submod-0-latency-25.cdgp
1704042962918558575,1704042972231504799,500,http://172.169.8.253:31112/function/opt-66b-submod-0-latency-25.cdgp
1704042962918614240,1704042965585764672,200,http://172.169.8.253:31112/function/opt-66b-submod-0-latency-25.cdgp
1704042962918676718,1704042965575063016,200,http://172.169.8.253:31112/function/opt-66b-submod-0-latency-25.cdgp
1704042962918729164,1704042971294922346,200,http://172.169.8.253:31112/function/opt-66b-submod-0-latency-25.cdgp
1704042962939191658,1704042972167868666,500,http://172.169.8.253:31112/function/opt-66b-submod-0-latency-25.cdgp
1704042962939270880,1704042965016686389,200,http://172.169.8.253:31112/function/opt-66b-submod-0-latency-25.cdgp
1704042962940032384,1704042965704860663,200,http://172.169.8.253:31112/function/opt-66b-submod-0-latency-25.cdgp
1704042962940113601,1704042971540167929,200,http://172.169.8.253:31112/function/opt-66b-submod-0-latency-25.cdgp
1704042962940208430,1704042971537042274,200,http://172.169.8.253:31112/function/opt-66b-submod-0-latency-25.cdgp
1704042962940296628,1704042965712570416,200,http://172.169.8.253:31112/function/opt-66b-submod-0-latency-25.cdgp
1704042962940358948,1704042971818597056,200,http://172.169.8.253:31112/function/opt-66b-submod-0-latency-25.cdgp
1704042962940797592,1704042964926816900,200,http://172.169.8.253:31112/function/opt-66b-submod-0-latency-25.cdgp
1704042962940822950,1704042972234426661,500,http://172.169.8.253:31112/function/opt-66b-submod-0-latency-25.cdgp
1704042962940908161,1704042965058963559,200,http://172.169.8.253:31112/function/opt-66b-submod-0-latency-25.cdgp
1704042962940984622,1704042965925929953,200,http://172.169.8.253:31112/function/opt-66b-submod-0-latency-25.cdgp
1704042963250647211,1704042971943853401,200,http://172.169.8.253:31112/function/opt-66b-submod-0-latency-25.cdgp
1704042963250812063,1704042971817355574,200,http://172.169.8.253:31112/function/opt-66b-submod-0-latency-25.cdgp
1704042963250898324,1704042972363672425,500,http://172.169.8.253:31112/function/opt-66b-submod-0-latency-25.cdgp
1704042963250983833,1704042965893514404,200,http://172.169.8.253:31112/function/opt-66b-submod-0-latency-25.cdgp
1704042963251075072,1704042965465932211,200,http://172.169.8.253:31112/function/opt-66b-submod-0-latency-25.cdgp
1704042963251135948,1704042972469663416,500,http://172.169.8.253:31112/function/opt-66b-submod-0-latency-25.cdgp
1704042963251153466,1704042965923130049,200,http://172.169.8.253:31112/function/opt-66b-submod-0-latency-25.cdgp
1704042963251221646,1704042965865297257,200,http://172.169.8.253:31112/function/opt-66b-submod-0-latency-25.cdgp
1704042963251300790,1704042965757789167,200,http://172.169.8.253:31112/function/opt-66b-submod-0-latency-25.cdgp
1704042963251381326,1704042965862081329,200,http://172.169.8.253:31112/function/opt-66b-submod-0-latency-25.cdgp
1704042963251455892,1704042965839846815,200,http://172.169.8.253:31112/function/opt-66b-submod-0-latency-25.cdgp
1704042963251536191,1704042965398775637,200,http://172.169.8.253:31112/function/opt-66b-submod-0-latency-25.cdgp
1704042963251632129,1704042972432736011,500,http://172.169.8.253:31112/function/opt-66b-submod-0-latency-25.cdgp
1704042963251706178,1704042972431740168,500,http://172.169.8.253:31112/function/opt-66b-submod-0-latency-25.cdgp
1704042963251784103,1704042965921545621,200,http://172.169.8.253:31112/function/opt-66b-submod-0-latency-25.cdgp
1704042963251847424,1704042971060533066,200,http://172.169.8.253:31112/function/opt-66b-submod-0-latency-25.cdgp
1704042963254762876,1704042965762113835,200,http://172.169.8.253:31112/function/opt-66b-submod-0-latency-25.cdgp
1704042963254851593,1704042965818352856,200,http://172.169.8.253:31112/function/opt-66b-submod-0-latency-25.cdgp
1704042963254962086,1704042971296240775,200,http://172.169.8.253:31112/function/opt-66b-submod-0-latency-25.cdgp
1704042963258434074,1704042972238434516,200,http://172.169.8.253:31112/function/opt-66b-submod-0-latency-25.cdgp
1704042963935085065,1704042971670851973,200,http://172.169.8.253:31112/function/opt-66b-submod-0-latency-25.cdgp
1704042963935175943,1704042971785076365,200,http://172.169.8.253:31112/function/opt-66b-submod-0-latency-25.cdgp
1704042963935269957,1704042966028954603,200,http://172.169.8.253:31112/function/opt-66b-submod-0-latency-25.cdgp
1704042963935351611,1704042971900132708,200,http://172.169.8.253:31112/function/opt-66b-submod-0-latency-25.cdgp
1704042963935422159,1704042972198351560,200,http://172.169.8.253:31112/function/opt-66b-submod-0-latency-25.cdgp
1704042963935481947,1704042966009073830,200,http://172.169.8.253:31112/function/opt-66b-submod-0-latency-25.cdgp
1704042963935549574,1704042972657704529,200,http://172.169.8.253:31112/function/opt-66b-submod-0-latency-25.cdgp
1704042963935608912,1704042965731446448,200,http://172.169.8.253:31112/function/opt-66b-submod-0-latency-25.cdgp
1704042963935638033,1704042972692717745,200,http://172.169.8.253:31112/function/opt-66b-submod-0-latency-25.cdgp
1704042963935693758,1704042971665939985,200,http://172.169.8.253:31112/function/opt-66b-submod-0-latency-25.cdgp
1704042963935784462,1704042966013896012,200,http://172.169.8.253:31112/function/opt-66b-submod-0-latency-25.cdgp
1704042963962331620,1704042972115379643,200,http://172.169.8.253:31112/function/opt-66b-submod-0-latency-25.cdgp
1704042963962448185,1704042972258686115,200,http://172.169.8.253:31112/function/opt-66b-submod-0-latency-25.cdgp
1704042963962513847,1704042971577068135,200,http://172.169.8.253:31112/function/opt-66b-submod-0-latency-25.cdgp
1704042963962597377,1704042965968990733,200,http://172.169.8.253:31112/function/opt-66b-submod-0-latency-25.cdgp
1704042963962698337,1704042972522992043,200,http://172.169.8.253:31112/function/opt-66b-submod-0-latency-25.cdgp
1704042963962762040,1704042971926318964,200,http://172.169.8.253:31112/function/opt-66b-submod-0-latency-25.cdgp
1704042963962826474,1704042971819072925,200,http://172.169.8.253:31112/function/opt-66b-submod-0-latency-25.cdgp
1704042963962889564,1704042972438083188,200,http://172.169.8.253:31112/function/opt-66b-submod-0-latency-25.cdgp
1704042963962913856,1704042972121188399,200,http://172.169.8.253:31112/function/opt-66b-submod-0-latency-25.cdgp
1704042963962993486,1704042972695587134,200,http://172.169.8.253:31112/function/opt-66b-submod-0-latency-25.cdgp
1704042963963066986,1704042972677856792,200,http://172.169.8.253:31112/function/opt-66b-submod-0-latency-25.cdgp
1704042963963131790,1704042965833302565,200,http://172.169.8.253:31112/function/opt-66b-submod-0-latency-25.cdgp
1704042963963203613,1704042972344446924,200,http://172.169.8.253:31112/function/opt-66b-submod-0-latency-25.cdgp
1704042964355691504,1704042966114310015,200,http://172.169.8.253:31112/function/opt-66b-submod-0-latency-25.cdgp
1704042964355811603,1704042972823862711,200,http://172.169.8.253:31112/function/opt-66b-submod-0-latency-25.cdgp
1704042964355897243,1704042972670931517,200,http://172.169.8.253:31112/function/opt-66b-submod-0-latency-25.cdgp
1704042964355969664,1704042972667153383,200,http://172.169.8.253:31112/function/opt-66b-submod-0-latency-25.cdgp
1704042964356039615,1704042966199582105,200,http://172.169.8.253:31112/function/opt-66b-submod-0-latency-25.cdgp
1704042964356074648,1704042965772102581,200,http://172.169.8.253:31112/function/opt-66b-submod-0-latency-25.cdgp
1704042964356151681,1704042971939103438,200,http://172.169.8.253:31112/function/opt-66b-submod-0-latency-25.cdgp
1704042964356218587,1704042972386668119,200,http://172.169.8.253:31112/function/opt-66b-submod-0-latency-25.cdgp
1704042964356274662,1704042972711344147,200,http://172.169.8.253:31112/function/opt-66b-submod-0-latency-25.cdgp
1704042964356389438,1704042972669103062,200,http://172.169.8.253:31112/function/opt-66b-submod-0-latency-25.cdgp
1704042964356493184,1704042972356740298,200,http://172.169.8.253:31112/function/opt-66b-submod-0-latency-25.cdgp
1704042964356559325,1704042972570612716,200,http://172.169.8.253:31112/function/opt-66b-submod-0-latency-25.cdgp
1704042964356635582,1704042966094769916,200,http://172.169.8.253:31112/function/opt-66b-submod-0-latency-25.cdgp
1704042964356693782,1704042966048914897,200,http://172.169.8.253:31112/function/opt-66b-submod-0-latency-25.cdgp
1704042964356769144,1704042972628007690,200,http://172.169.8.253:31112/function/opt-66b-submod-0-latency-25.cdgp
